1101111001001100
0000000000100100
0000000100100000
0001001100001010
0001001101110110
1111010000000100
1111000101010110
1110011101110110
1110110010001010
1110010010000000
1110110001000010
1110101111111011
1111011101100110
1111010000000100
0000000110110010
1111111101001100
0001000110100000
0001001101010010
0010000011011100
0010000011011100
0001100010001010
0001101001011110
0001001101010010
0001100011010010
0010000100000000
0010011100010000
0001110100110000
0001001100101110
0000110101000010
0000011000010000
0000010111101100
0000110111110110
1101110011100010
1111100110101100
1111101001011110
0000110101101000
0000111010010010
1111001110100100
1111000010011110
1110110101011110
1110111111101100
1110001110011110
1110100001000010
1110110011001010
1111001101001010
1111001000111110
1111101000000110
1111100001001000
0000001100010100
0000001010011100
0001000011000110
0001001010000100
0010011100010000
0010010100010110
0001110000100110
0001101010000110
0001110101101110
0001110101101110
0001110010111100
0001111001111000
0001010010011010
0001011000011110
0001000111110000
0001011000000000
1101111000000010
1111100000110110
1111100001010110
0000101011001110
0000100111011000
1110100111110110
1110100010000100
1110101100001100
1110101000110100
1110101010010010
1110100110011010
1111000000111110
1111000000100000
1111000110010010
1111000110110000
1111011111111000
1111100000110110
0000001011010110
0000001101110000
0001010011010100
0001011001001000
0010010011100100
0010011100010000
0001100101101010
0001100110001010
0001101001100010
0001110101001000
0001110110000110
0010000010101010
0001001000101100
0001001111111100
0001010000111010
1101111000011000
1111100111111000
1111100110011110
0000101100010010
0000100110101010
1110110010011110
1110101010100000
1110100011000001
1110011111101110
1110101110010000
1110101010000010
1111001011010010
1111000011110010
1111000100010000
1110111111100110
1111001010010110
1111001000000000
0000000110010100
0000000011111110
0001001000110110
0001000111011100
0010011100010000
0010011010110110
0001110101110110
0001110101011000
0001110000101011
0001110011000010
0010011001011100
0010011100010000
0001010110011100
0001011011100110
0001101001001100
1101101110000110
1111100001111000
1111100100101110
0000100001111000
0000100000111100
1110011101101000
1110011011110001
1110101111000100
1110101111000100
1110100000000001
1110100010010110
1110110111000100
1111000000000000
1110110111100010
1111000000011110
1111001100101100
1111011011110000
1111101011110000
1111111101101010
0000111111100010
0001010010110110
0010000101101010
0010011100010000
0001100011110001
0001100100101101
0001011111100010
0001111101101010
0001011111111111
0001111010110110
0001011011010100
0001010100010000
0000111010010110
1101101111101010
0000000000010010
0000000110001110
0000111000000100
0000111111000110
1110111100100100
1110100101110100
1110101011010000
1111000000011000
1110011110010000
1110110011011000
1110111110110000
1111011001110100
1110111010011010
1111100000110110
1111000111011010
1111100111010110
1111100010011110
0000110101010110
0000110111100000
0010001111010000
0010001000001110
0010011011001010
0010011100010000
0001110011101000
0001111100110110
0001111001100110
0010001011011110
0001000110001000
0001010010000100
0000110001100100
0001011010001100
1101101000001000
0000111000011110
0001000110011110
0000000100110100
0000001111010100
1110101111111011
1111010010111010
1111011110010100
1110110100010010
1110001100111010
1110010111011010
1110010111011010
1110101011100010
1110100000001011
1110111011010010
1111000111100010
1111111101110100
0000110110101110
0001011001101110
0001110010001110
0010000001001000
0010011100010000
0001110010001110
0001110111100000
0001001101011110
0000101101111110
0000110011001110
0000110100111110
0000100110111100
1111101111110100
0000011010101100
0000100100010100
1110000101100010
0000010101000111
0000001100101010
0001100001001000
0001010000001111
1111000000101010
1111010001100100
1111011010000000
1111011010000000
1110000101100010
1110101111110001
1111000000101010
0000000100001110
0000011101100100
0000010101000111
0000101110011100
0001111010011110
0010011100010000
0001100001001000
0001101001100100
0000111111010110
0001000111110010
0001011000101100
0001100001001000
0010001011010110
0010010011110100
0001101001100100
0000110110111010
0000101110011100
1111111011110010
0000110110111010
0001010000001111
1110111100000100
0000011011001011
0000100001111110
0001011000010100
0001011000010100
1111001001101010
1111001001101010
1110100111101100
1111010111010001
1111100100110101
1111010111010001
1111101011101001
0000000110110010
0000010100010111
0000101000101111
0000101000101111
0001000011111100
0001110011100000
0010000111111000
0001101100101100
0001011111000110
0001010001100010
0001100101111010
0001111010010010
0010011100010000
0010001110101010
0001100101111010
0001100101111010
0000111101001010
0001000011111100
0000101111100100
0000111101001010
1101101010001000
1111101001101100
1111101001101100
0000110110001101
0000111001011010
1111010110100010
1110111001110110
1111000110100110
1111010000001010
1110110000010010
1110111001110110
1110111101000010
1111001001110011
1111100000001001
1111110000000101
1111110110011100
0000001100110000
0000011100101100
0000111100100110
0001101100011010
0010011100010000
0010000101111100
0010001001001000
0001110110000000
0001101100011010
0001011111101010
0010000101111100
0001111111100100
0001101100011010
0001100010110110
0001011100011110
0001011111101010
1101110000011100
1101110101010100
1111001000010110
1111011000111100
1110110111110000
1110100001010010
1110001111101100
1110001110101110
1110000011111111
1110001100110000
1110101010000100
0001010111111000
0010001110100110
0010000100110100
0001100010101000
0001000101010110
0000111000101000
0000101101111010
0000011100010100
1111111100000110
1111110100010010
1111000011011110
1110101010000100
1110001111101100
1110000010000010
1101110101010100
1101111000010000
1101100011110000
1101100011110000
1101100011110000
1101100011110000
1101100011110000
1101100011110000
1101101101111000
1101101101101010
1110000100100100
1110001010101110
1110001011001010
1110010011010100
1110001110010000
1110010101111110
1110001110111010
1110010010000000
1110011000011000
1111101001011100
0001011011000100
0010001001000110
0001111100000110
0001010010000010
0001001010010100
0000111000000100
0000110010010100
1111110101111111
1110110100001000
1110001010101110
1110000011111010
1110000000001010
1101111011010100
1101110110010000
1101110011110100
1101100011110000
1101100011110000
1101100011110000
1101100011110000
1101100011110000
1101100011110000
1101101101001000
1101101101001000
1110011011011110
1110001110011100
1111111001110000
0000110101001000
0001011100001100
0010011001001000
0010001000011100
0001110101001100
0001100000111000
1111010110010100
1111101100001100
0000000100100000
0000001001011000
0000001110111010
1111111110010000
1111111011110100
1111101011110110
1111110010111000
1110100100110000
1101111100110000
1110010100001101
1110100101111000
1110110011111100
1110001000001100
1101101010000000
1101100011110000
1101100011110000
1101100011110000
1101100011110000
1101100011110000
1101100011110000
1101100011110000
1111010111110100
1111110010100110
0001000010111110
0001011001010010
1111010011010110
1101101100101100
1101101100101100
1101110001001010
1110000111011110
0010011100010000
0010011100010000
0000110001000110
1110101111101010
1110000011000000
1101111110100010
1101100011110000
1101110001001010
1110000111011110
0000011111010000
0000011111010000
1111000101111110
1101111110100010
1101111010000100
1101111110100010
1101111110100010
1101111010000100
1101100011110000
1101100011110000
1101100011110000
1101100011110000
1101100011110000
1101100011110000
0000111100101100
0001000000110100
0000111111100000
0001000111000100
0001001110110000
0001001110110100
0001010010100100
0001010000000000
0001000110000110
0001000000100010
0001001011100110
0001001101001110
0001010001001000
0001010011001110
0001011010110110
0001100000100010
0001100111110100
0001110110010000
0010001000010110
0010000101111000
1101111110110110
0000001100111000
1110010101110000
1110101110110110
1111010011001100
0000001011001000
0000111110011100
1111011000111100
1111100111011010
0000100001100000
0000100000111010
1111100000111001
1111001101111010
1111000101100110
1111111011100100
0000010010000110
1111111011100100
0000000011110110
1111101111101100
0000001000100110
0000011100110000
1111111101111100
1111101110100000
1111110000010010
1111110110110100
0001011000000100
0000101000101000
1111111001001100
0000101101111110
0001010000010110
0001011010011100
0001110001100100
0010011100010000
0010010111100000
0010011100010000
0001111110100110
0001111110100110
0001110111100000
0001001101011000
1111111000000000
1110010100101010
1111000101100100
1110111011010000
1111000111110000
1110101100100100
1110111100111000
1111001110010010
1111100100100100
1111001100101010
1111001001111101
1111011010110010
1111011111001000
1111101010100010
1111100010111100
1111011011110110
1111100000110000
1111011010001110
0000100011100110
0000010101011110
0000011110101110
0000111111010100
0000110011010110
0000111011100000
0001100100110100
0010001101100100
0010011100010000
0010001001110010
0010001110001000
0010000001000100
0001110101101010
0001100100110100
1111101101110010
1110111001011000
1111101111011000
1111101110010010
1110110100011110
1111000011001100
1110110011111010
1111000101011000
1111010010011110
0000000110110100
0000000001111010
1111110111100010
1111111010010010
0000100100010010
0000010001001100
0000000000010010
1111011101011000
1111110110011110
0001011000000100
0000111111100010
0000100100110100
0000110011100010
0001011001001010
0001100000110100
0010000011101110
0010011001100010
0010011100010000
0010011100010000
0010000000111110
0001110111101110
0010000100110100
0001111101001010
0001000001001100
1110001110111010
1101100011110000
0010011100010000
1101100011110000
0000011111010000
0000000000000000
1110000011000000
0001001110001000
1101100011110000
1111011101001010
1111111000001000
0000000001001000
0000001010001000
0000000011011000
0000010000111000
0000101001100110
0001011000110100
0001011011000100
0001000100100100
0001010010000100
0001000110110100
0001000000000100
0000110111000110
0001011000110100
0010010101100000
0010011100010000
0001010010000100
0000110000010110
0000000011011000
0000110000010110
0000001110101000
0000000011011000
0000001010001000
1111110001011000
0000000011011000
0000010000111000
0000001100011000
0000000111111000
1111100110001010
1111011010111010
1110110110111100