1110100001110100
0000011000101010
0000011001011010
0000010100100100
0000010101010100
1110110000110000
1110110000000000
1110111011001110
1110110110000000
1110110000110000
1110101100010010
1111001100000010
1111000111100100
1111001110101010
1111001000010100
1111011000000000
1111010101011000
0000000011110000
0000000011011000
0000110111010100
0000111001001100
0001100000000100
0001100101010100
0001011110111100
0001100001100100
0001100010010100
0001100111001010
0010011000001000
0010011100010000
0001110101110000
0001110101000000
0010000101011100
1110100011111010
0000001000010110
0000000010100010
0000100011111000
0000010011100100
1110011001110010
1110000110100100
1110100100010010
1110100001110000
1110111011011110
1110011101000010
1110011101110000
1110111010000010
1111001111110010
1111001111000100
1111011111000000
1111010010010100
1111100000011110
0000001110000111
0000011100010010
0001010100000110
0001011100110100
0001001011000010
0001001001111110
0001011110111110
0001100000000100
0001101010001110
0010000010100000
0010011011001010
0010011100010000
0010001001000010
0010001101000010
1110101010000010
1111111001111000
0000011001100110
0000110110010000
0000000011110100
1110110000111010
1101110111101000
1110100101110110
1110101111011010
1110001101011010
1110001101000000
1110101100101110
1110111000100100
1110101101011110
1110111010110110
1111000110101100
1111001111011110
1111100010001100
1111110001011110
0000100011100010
0000111100110000
0001100011101110
0001011101111110
0001010001011000
0001011001011010
0001100000010010
0001011101001110
0001111011011001
0010011100010000
0010011011111000
0010001011011100
0010011000011100
1110101011100010
1111100100001000
0000111001110101
0000111100110100
1110110100110110
1110010110110110
1101111101000110
1110011110111000
1110011101100110
1110010010101000
1110000001101110
1110100101101000
1110101111010110
1110100101001110
1110011010101011
1110101100011000
1110111010110000
1110111110100010
1111100111111100
0000001001101110
0001000101101100
0001010111000000
0001011100000011
0001000100000000
0001001101101100
0001001110001000
0001010110001010
0010000010100000
0010010111001100
0010011100010000
0010001111100110
0010011001101110
1110101010110000
1111101101100110
0001011000011000
0001000101101110
1111011000010110
1110010011011100
1110011110010100
1110011110010100
1110110000111110
1110010010011010
1110000110011110
1110010001111000
1110101000001010
1110100000111010
1110111111011110
1110110100000100
1111001000110100
1111000010100110
1111011111000110
0000010110000001
0001000000000000
0001100101010100
0001100000101010
0001000010000100
0001001111000010
0001001000010010
0001010110010010
0010000010010110
0010001011101010
0010011100010000
0001110111111110
0001111101101100
1110110111111010
1111111000100000
0001011110111100
0000111011101100
0000000010010010
1110101100001010
1110001101100000
1110100111100110
1111000110010000
1110010011011000
1101111101001100
1110100011000010
1110101100001010
1110001100110110
1110001110001010
1110101001100100
1111000000011011
1111001010110110
1111101110101110
0000011111101010
0001011100111110
0001011001101110
0001000101011110
0001010000100011
0001011011101010
0001011011101010
0001101000000100
0010011100010000
0001111100111100
0010000000001100
0000111010011000
0001010110011100
1111011100010010
0001000100110000
1111101111111100
1111011111110110
1111111100011100
1111010110111100
1111011000101110
1111001111110010
1111010000101100
1111000101000100
1110000010000110
1110001000010110
1110100100111100
1110101001011010
1111000101000100
1111111100011100
1111111011100010
1111111011100010
0000110010111010
0010000011010000
0010001101111110
0001010101101110
0001000011110110
0001100011000110
0001111101000000
0010011100010000
0001110100111110
0000011001111010
0000111000010000
0000101001000100
1111110101010010
0000111010111100
1110100010010000
0000101110111000
0000111110100000
1111101000100100
1111011000111100
1111001001010100
1111001001010100
1111001001010100
1110001010110100
1110110001111000
1110101010000100
1110111001101100
1111001001010100
1111010001001000
1110111001101100
1111010001001000
1111011000111100
0000011111010000
0000011111010000
0000101110111000
0001001110001000
0001001110001000
0001010101111100
0001111101000000
0001110101001100
0001110101001100
0001110101001100
0010000100110100
0010011100010000
0001110101001100
0010001100101000
0001101101011000
1110111101000010
0001000010111110
0001000010111110
0000110100000101
0000110100000101
1111100010010000
1111100010010000
1111001011111011
1111010011010110
1110101110001010
1111001011111011
0000000000000000
1111111000100100
1110110101100110
1111100010010000
1111100010010000
1111111000100100
0000011101110000
0000110100000101
0000101100101010
0001110111000100
0001010001110110
0001101111100101
0001101000001010
0010000101111100
0001111110100000
0010010100110100
0010011100010000
0001110111000100
0001111110100000
0001101000001010
0001111110100000
1110100100101100
1111011001011100
0000111010110110
0000110010101110
1110110000111000
1110011000100000
1110101000110000
1110101000110000
1110110000111000
1110011100100100
1110001000010010
1111000101001010
1110111101000010
1110011000100000
1110111101000010
1110110000111000
1111000101001010
1111011101100000
1111101001101100
1111111101111110
0001001111001000
0001000111000010
0001011111011000
0000011010011000
0001000111000010
0001011011010100
0001000111000010
0001101011100100
0010010000000100
0010011100010000
0010010100001000
0010000011111010
1101100011110000
1101100011110000
1101100011110000
1101110101011110
1101111000001000
1110011010101000
1110001101010110
1110001111001000
1110001000111100
1101111000001000
1110010001110010
0010010000110000
0010001110111110
0001110011100001
0001100101011000
0010000001101100
0001100110010000
0001000100100110
0000010011111010
1111110010010010
1111011101000010
1110110001101010
1110000001110110
1101110011101100
1101110010110100
1101110101011110
1101100011110000
1101100011110000
1101100011110000
1101100011110000
1101100011110000
1101100011110000
1101100011110000
1101100011110000
1101100011110000
1101100011110000
1101101101100000
1101101110100010
1111001110010110
1111100110011000
1111111100110010
1111111101101000
1111010001010000
1110100101100000
0000101100111010
0001111111011100
0001100110100010
0001001110100000
0000110100001010
0000010010100100
1111001111100110
1110100010011000
1110010010101000
1110010001110010
1110000001011010
1101111001010100
1101110110000000
1101110011000110
1101110001110110
1101100011110000
1101100011110000
1101100011110000
1101100011110000
1101100011110000
1101100011110000
1101100011110000
1101100011110000
1101100011110000
1101100011110000
1101100110111000
1101110000010000
1110111100010010
0000110111001100
0001000111111000
0001101010110000
0001011010000110
0001000110110100
1111010001001000
1111111001001110
1111111000111110
1111110010001100
1111010101010011
1110111100000010
1110011010011100
1110010110010000
1110001001100000
1101111111001000
1110000000010111
1110011001011000
1110000101000100
1110000110101000
1101111110010100
1101100011110000
1101100011110000
1101100011110000
1101100011110000
1101100011110000
1101100011110000
1101100011110000
1101100011110000
1101100011110000
1101100011110000
1101101100101100
0010011100010000
0010011100010000
0010011100010000
1111001010011100
1110010000011011
1111111011100010
0010011100010000
0010011100010000
1110000111011110
1101111010000100
1101100011110000
1101100011110000
1101101000001110
1101110001001010
1101101000001110
1101110101100110
1101111010000100
1110011001010100
1110000011000000
1101111010000100
1101101100101100
1110110100000110
1101100011110000
1101100011110000
1101100011110000
1101100011110000
1101100011110000
1101100011110000
1101100011110000
0000001100111100
0000010000001110
0000010000000010
0000001110110000
0000001100001001
0000001000010100
0000000011110100
1111111110011110
1111110110010110
1111111001011111
0010010000110010
0010010010000110
0010001111010110
0010010011111010
0010010111100000
0010011000100100
0010010100010010
0010010111111000
0010011100010000
0010000101100010
1110100110011010
0001000111101100
1110011000001110
1111011100000010
0000110100011000
0000011011000100
0001000001101000
0001110011111000
1110011111110000
1111011010100100
1111101000010000
1111101010000010
1111111110001110
0000010100001100
0000101010110010
0001010110001010
0001110101000010
0001110111011010
0010001001110110
0001111100110000
0010011010011110
0010001101011010
0001110010000100
0001010110001010
0001101001110000
0010001100001110
0001111001001100
0001100111011000
0010010010001010
0010011100010000
0010000010000110
0010000010101110
0001111010011000
0001011100000110
0001100011110100
0001011110011110
0001001011011100
0001011111000100
0000110001010100
1111111110001110
1110000100111110
1110111000001000
1110110101111110
1111000000010100
1111000100001000
1111010000101000
1111011100000100
0000000111000011
0000011001100110
0000100111110000
0001010010110000
0001010100011000
0001110111110001
0010001000101010
0010000011001110
0001010110000010
0001011000101111
0001100100001100
0001110000101011
0001010011110110
0001101101111110
0001111100101100
0010011100010000
0010010101001100
0010001001110000
0001100011100111
0001100001011100
0001011100100100
0001011001010010
0001010101011110
0000111110100110
0000000111101000
1110011010101100
1110011011010100
1110110100100100
1111001011010010
1110111011100000
1111000011101111
1111001011111011
1111101110101000
1111101110000000
0000001100111100
0000111001110000
0000100110110100
0001011000101100
0001111100101100
0010011011000000
0001111000001111
0001110100011101
0001100101010100
0001110101000110
0001110001010100
0010000100111010
0001101100010001
0010011011000000
0010000001110000
0010011100010000
0001101001110000
0001011001111110
0000110100101110
0000110001100100
0000101111101010
0000110101010110
0000011010110110
1111011000010010
1101100011110000
1101100011110000
0010011100010000
1101100011110000
1101100011110000
1101100011110000
0000011111010000
1101100011110000
1111010111010010
1111100100011100
1111110100001100
0000100110000100
0000010110010100
1111110100001100
1111110001100100
0000010110010100
0001011101001110
0010011100010000
0001001000001110
0000101101111110
0001111010001000
0001001101011110
0000000110100100
0000000011111100
0000001011110100
0000110101110110
0000111000011110
1111111110101100
0000011000111100
0000001110011100
0000110011001110
0000110000100110
0000010110010100
1111111110101100
1111111110101100
0000000001010100
1111010111010010
1111001111011010
1111011111001100
1110011010111010