1110100111001110
1111001000111110
1111100011001011
0000011001110000
0000010011111110
1111011110101110
1111000010010100
1111000011101000
1110110001111000
1110110110110000
1110011001011110
1111010100000100
1111100001011000
0000101010001010
0001011110100100
0001110010100010
0001011011011100
0001011010001000
0001100111110111
0010000110111100
0010011010000010
0001111010111110
0001001101010000
0001000011111010
0001010101101010
0001100011000000
0010011000101100
0010011100010000
0010000010100000
0001101100101111
0000110000110100
1111011111100110
1110101101010000
1111010000110110
1111010010010000
0000100000011000
0000111001010100
0000110010011000
0000000000000000
1111111000100110
1111101101111110
1111101110011100
1111100010111000
0000010010111110
0000101101110000
0010000011010010
0010001011001010
0010010000001110
0000111101011110
0000111100000110
0001010100100110
0010000111000000
0010011100010000
0010000100101100
0001000101110100
0000111111110010
0001010000111010
0001010000111010
0010001101011110
0010000000000100
0001011110110010
0001001100110000
0000100100100010
1111011110101110
1110101010010110
1111001111110100
1111000101000110
0000000110110100
0000101110101110
0000010001100010
1111101111111100
1111101010100110
1111110100110100
0000000011111010
0001000110100110
0010000110010110
0010011100010000
0001111010001100
0001010000010100
0001011000000110
0000011001010100
0000000000111110
1111100110001100
0000110110100001
0001110101110010
0001110101110010
0000110010101000
0000011110001100
0000101011010100
0001001010011110
0010010101111100
0010011000110110
0001111000001110
0001010110001010
0000111011011000
1111101000001010
1110101000100110
1110110101011000
1110101000100110
1110101101011110
1110011100011010
1101110010011000
1110011010100100
1110100001010010
1110010011111001
0000101000100000
0010000000110110
0010001000001010
0001001010000000
0000101110100110
0001100110000010
0001100011100110
0001010100011000
0001100000100100
0001001110010010
0010011100010000
0010010101100100
0000110001101010
1110111010010000
1110101111010011
1111000000010110
1111001011111011
0001011000000010
0001101010111010
0001010000101101
0000100010011010
0000010010100110
1111001110010110
1110011110110110
1110110100110010
1110111000011100
1111000000010110
1110111101010010
1101110100110100
1110111001101010
1110101110101100
1110110111110100
0000100110101100
0001110010001110
0001111000111010
0001011011101100
0001001011110110
0010000101101110
0010001000110000
0001011111010110
0001100011100110
0001111000111010
0010011100010000
0001110101010000
1111110101010110
1110101100010000
1110101111010011
1110010011111001
1111011100111110
0001011100010010
0001100000100100
0000001110111100
1111111001000000
1111001011111011
1110011001111110
1110101001100000
0000000000010110
1111111011011000
1111100110000011
1111011100000100
1110010111101110
1111101000111000
1111110010110110
1111000011001000
0000100001110100
0010000100110000
0010010110100100
0001110001100010
0001100001111000
0010010010010010
0010010101001000
0001100010100110
0001111100111100
0001100110111000
0010011100010000
0001111001011000
1111011100110000
1110101101000100
1110110001010110
1110111001001010
1111001010010001
0000000001110010
1111111001010000
1111000100100100
1110110011011110
1110000011110010
1101111000011010
0000000101101100
0001111001001100
0001011110011000
0000100101101010
0000000000100010
1111000011101010
1111110110001100
1111011101011100
1111010100001010
0001001000101110
0001101000101100
0010010110000100
0010010101000010
0010001001101100
0010011011001110
0010010000111010
0001011110011000
0010010101000010
0001110101000100
0010011100010000
0001110001111110
0000010000000000
1111001111000000
0000100100101000
0000011110011100
1111110000000000
1111111000010000
1111000111110010
1110110000000100
1111100010100110
1110101110000000
1111101001110101
1111101010101100
0000000000000000
0000110001101110
0001001110001000
0000111000110100
0000000000000000
0000001110001110
1111010101011000
1111011100100000
1111000111001100
1110111000111110
1111010101011000
1111111000111010
0000010101010100
0000111000110100
0001000111000010
0000001110001110
0000110001101110
0000110001101110
0010000110111100
0010011100010000
0010010101001010
0001011100010110
0000101010101000
0001000111000010
0001000111000010
0000111000110100
0010000110111100
0010000110111100
0001011100010110
0000100011100000
0000101010101000
1110110011111000
1111001011111011
1111011011111100
0000100100000100
0000010100000010
1110111011111010
1110010011110100
1110100011110110
1110000011110101
1110001011110100
1110001011110100
1111010011111101
1111011011111100
0000101100000011
0001100100001010
0001111100001011
0001010100001000
0001001100001000
0000101100000011
0001110100001100
0001100100001010
0001101100001100
0000101100000011
0001000100000110
1110111011111010
0000110100000101
0010010100010000
0010011100010000
0001111100001011
0001110100001100
0000111100000110
0000000100000000
1111010101101110
1111000011010110
1111010010000010
0000001001001100
0000010000100010
1111011101000100
1110101101010010
1111101111011110
1111100000110000
0000110001101000
0001111110110110
0010000110001100
0001011101110000
0000100010111100
0001000111101100
0000110001101000
0000110101010100
0000111100101010
0000001001001100
0000101010010010
0001010010101110
0001000111101100
1111101011110011
1111110011001000
0000010000100010
0001000100000000
0010011000100100
0010011100010000
0001110011110100
0001010110011010
0001010110011010
0000010000100010
1101100011110000
1101100011110000
1101100011110000
1101100011110000
1101100011110000
1101100011110000
1101100011110000
1101100011110000
1101101010111110
1101101101000010
1110011000111000
0000111100110110
0010000001111100
0001101100010001
0001011101010110
0000101000001110
1111010111010001
1110110000000100
1110101001011000
1110100001101000
1110010111110110
1110010001101010
1101100011110000
1101100011110000
1101100011110000
1101100011110000
1101100011110000
1101100011110000
1101100011110000
1101100011110000
1101100011110000
1101100011110000
1101100011110000
1101100011110000
1101100011110000
1101100011110000
1101100011110000
1101100011110000
1101100011110000
1101100011110000
1101100011110000
1101101000001100
1101101000101010
1110010010011010
0001011111100100
0001111101011010
0001101011110010
0001010100110000
0000100011000110
1110101100100100
1110100111110010
1110100001111000
1110001101100000
1101110111110010
1101110011100110
1101100011110000
1101100011110000
1101100011110000
1101100011110000
1101100011110000
1101100011110000
1101100011110000
1101100011110000
1101100011110000
1101100011110000
1101100011110000
1101100011110000
1101100011110000
1101100011110000
1101100011110000
1101100011110000
1101100011110000
1101100011110000
1101100011110000
1101100101110100
1101101101001000
1110010010000110
1111001110110010
1111010011011111
1110110111100110
1110111000011000
1110111000101000
1110101101000100
1110011100000000
1110010010011000
1110001001000000
1101111100111110
1101110010111000
1101100011110000
1101100011110000
1101100011110000
1101100011110000
1101100011110000
1101100011110000
1101100011110000
1101100011110000
1101100011110000
1101100011110000
1101100011110000
1101100011110000
1101100011110000
1101100011110000
1101100011110000
1101100011110000
1101100011110000
1101100011110000
1101100011110000
1110000011000000
0010011100010000
0010011100010000
0010011100010000
1101101100101100
1110011001010100
1101111010000100
0010000101111100
0000100011101110
1101100011110000
1101100011110000
1101111010000100
1101111010000100
1110011101110010
1101100011110000
1101100011110000
1101100011110000
1101100011110000
1101100011110000
1101100011110000
1101100011110000
1101100011110000
1101100011110000
1101100011110000
1101100011110000
0001100011011010
0001101000001000
0001101001111010
0001101101000110
0001110101010100
0001111011111010
0010001001011110
0010010110000110
0010000001011010
0001010111111000
0000110110101000
0000110000100000
0000110001101010
0000101111111100
0000101000100101
0000100001010100
0000010010011010
1111111010111011
1111100000010100
1110101011001000
0001100100000000
0001001111000010
1110100111111001
1110100011110100
0001100110111000
0010011001101110
0010001100011010
0010011100010000
1111100101111110
0000101011011010
0000110100000101
0000011010000010
0000010001011000
0000101011011010
0001101000001010
0010001010111000
0010010011100100
0010011100010000
0010011100010000
0010010011100100
0001111001100010
0001101000001010
0001110000110101
0001011111100000
0001010110110100
0001010110110100
0001001110001000
0000001000101100
0000101011011010
0000111100110000
0000101011011010
0000011010000010
0000101011011010
0000100010101110
0000010001011000
0000010001011000
1111000011010000
1111010100100110
1111110111010100
1111011101010010
1111101111101110
0000101010010100
0000110000110100
0000000011010000
1111011100001100
0000011010000010
0000110100000101
0010000101011110
0010001011111110
0010010101110000
0010011100010000
0001101011011100
0001010111111000
0001100100111010
0001100100111010
0000101101100100
0001001010111000
0001011011001010
0001001010111000
1111101100011110
0000010110110010
0000110000110100
0001000100011000
0000100111000100
0000101010010100
0000111010100110
0000010110110010
0000010000010010
1111101111101110
1111111001100000
1111101001001110
1110101000001000
1111101100111000
0000111001011010
0001000010111110
0000011001100000
0000000000000000
1111111100110100
0000010110010100
0001001100100010
0001101001001110
0001101111100101
0010011100010000
0001111001001100
0001011100011110
0010001001001000
0010001100010100
0000100011000100
0001011001010010
0001011100011110
0000101001011110
1111111001101000
0000000110011000
0000100011000100
0001100010110110
0000110011000010
0001001100100010
0001011001010010
0000011111110111
0000111001011010
0000110110001101
0000110011000010
0000011001100000
1111101100111000
0010011100010000
1101100011110000
1101100011110000
0010011100010000
1101100011110000
1101100011110000
1101100011110000
1101111101110010
1101100011110000
0001010110001110
0001001011011100
0000001010110010
0000111011010010
0000111011010010
0001110110100010
0010011100010000
0001110110100010
0010001100000110
0010001100000110
0001011011100110
0001000110000010
0000110101111000
0000000101011000
1110110100100100
0000010101100100
0001010000110100
0000000101011000
0000111011010010
0000111011010010
0000111011010010
0000010101100100
0000110000100000
0000101011000110
0000110000100000
0000110101111000
0000010000001010
0000100101101110
0000011010111100
0000010101100100
0000010000001010
1111011111101100