1110011011111000
1111101011011010
1111100111001110
0000000110000110
0000100110011000
0000110110101110
0001110100100000
0001110001001110
0001110000110000
0001101001101110
0010011100010000
0010001110001110
0001100010101110
0001000111000110
0000110011011110
0000001110000010
0000001111011100
0000100010101000
0000100010001010
0000100000010010
0000110110101110
0001100001010100
0001000110101000
0000100111110000
0000001101100100
0000010000110110
1111010111010100
1111010011000110
1111101110101100
1111101001000100
0000000000011110
0000001111011100
1110011111101000
1111101010000110
1111110110010000
0000010011011110
0000111001011100
0001000101001000
0001111111100010
0001111101000110
0001111100001000
0001111100001000
0010011100010000
0001111011001010
0001111010101010
0001000100101000
0001000111000100
0000100000001000
0000010100011100
0000100110011110
0000010011111110
0000101100010010
0001011000100101
0001100000111000
0001000010101100
0001000000110000
0000000110010100
1111110101010010
1111111111000010
1111011100111110
1111101101000010
1111110110010000
1111110110110000
0000110000101100
1110011001011100
1111011011010000
1111110100011001
0000001001001100
0000111011000010
0000111011000010
0001101100010110
0001100001001110
0001111001011010
0010000111111100
0010001111101100
0010011100010000
0010010011100010
0001001111110100
0000110010110010
0000111111110110
0000100000011010
0000011011100100
0000101000101000
0000100111101010
0000111111110110
0001011001000000
0001011001100000
0000111011000010
0000101100000010
0000010110110000
0000011100000100
0000011110111101
0000000111110000
1111111100101000
0000010000111100
0000100111101010
1110100001101110
1111011101100110
1111110011001000
1111111100000100
0000100011011100
0001000111001010
0001011011001000
0010000111110010
0010000000111100
0001111010001000
0010001111101010
0010011000000100
0010011100010000
0010010010110010
0001110000101010
0001001100111100
0001000110001000
0000111011101000
0001000111101100
0001011000100000
0001110110011100
0001111011001010
0001010111011100
0001000010111110
0000100101000010
0000100010011010
0000011110101110
0000011000011100
0000010001000100
1111110101001110
0000001010110010
0000011010000000
1110101000011000
1111011010101000
0000000100111010
1111111111011000
0000010101011100
0001100000001100
0010000011001000
0010011100010000
0001010011010110
0001000111101100
0001000101010000
0001100011010000
0001100111100011
0001111100011000
0010001001010000
0010010110001000
0010000101100110
0001010101001010
0001101111100010
0001111000101101
0001110111100000
0010001001111000
0010001010011110
0001010011010110
0000111100101010
0000111001000000
0000100100001010
0000001110101110
0000001010011010
0000011001001000
0000011101011010
0000010100110110
1110011101100110
1111010010001000
0000000101111110
0000001010101000
0001011001000110
0001111011101010
0001011110011010
0001001111110010
0000110001001100
0000000001010110
0000000100101010
0000010100101000
0000001001111110
0000100101001110
0000110100100010
0001100001000100
0010000110111110
0010000100010100
0010000011101010
0001111101101010
0001110101000010
0010011010010000
0010011100010000
0010001011101000
0001011101000110
0000111001110101
0000011001111100
0000001011010100
0000001100101000
1111111010000010
0000101011001110
0000111011110110
1110101101010010
1111101000000110
1111110001101010
0000011101000010
0000110111100000
0000101111011100
0000010100111110
0000011010110110
1111010000100100
1110100111011011
1110010011100010
1110110000111110
1111000000011011
1111001111000110
1111100010111110
1111101010010100
0000100000101110
0000110111100000
0001011110100000
0001110010010110
0001100110100100
0001101011101110
0010001100110100
0010011100010000
0001100011100111
0000011110100000
1111111010100000
1111111010100000
1111110101010110
1111110111100010
0000000111101110
0000000100000010
1110000000110101
1111110101000110
1111110101000110
0000000011100111
0000011001011100
0001001100010100
0001101001011000
0001110000101010
0010010100111110
0001111111001011
0010001101101110
0010011100010000
0001101001011000
0001100010001000
0000101111010000
0000111101110001
0000100000101110
0000101111010000
0000101111010000
0000100111111110
0000101111010000
0001010011100100
0001011010110110
0000011001011100
0000111101110001
0000100111111110
1111110101000110
1111101101110110
1111011111010010
1111100110100100
0000001010111010
0000011001011100
1110110000100000
1111110111110010
1111111101010000
0000010011001100
0000101110100110
0000111111000100
0001110101111000
0001111011010110
0001100101011100
0001100101011100
0010011100010000
0010010001010010
0001011010011110
0000111111000100
0000110100000101
0000010011001100
0000011000101010
0000101001001000
0000101110100110
0000100011101000
0000100011101000
0001011111111100
0001001111100000
0000101110100110
0000010011001100
0000011110001010
1111110111110010
1111101100110100
1111110111110010
0000000010110000
0000010011001100
0000010011001100
1110011111101101
1111010111010110
1111111101111000
1111110101010100
0000000010001000
0001011100000010
0001110001011100
0010000010100100
0000101100111100
0000010011010000
0000100100011000
0000111110000100
0000111001110010
0001001111001100
0001111010000000
0010010111111110
0010011100010000
0001010011011110
0001100100100110
0001100100100110
0001111010000000
0010000110110110
0010010011101100
0000111110000100
0000101000101010
0000100100011000
0000100000000110
0000001010101100
1111111101111000
0000010111100010
0000110001001110
0000011011110100
1101100011110000
1101100011110000
1101100011110000
1101100011110000
1101100011110000
1101100011110000
1101100011110000
1101100011110000
1101111010001100
1101110111101100
1110101010011011
0001111100101001
0010000001101010
0010010000101000
0010000001101010
0001011000000110
0000100011110000
0000001001001010
1111111010001101
1111110011100010
0000011010100110
1111001111110010
1110011011011101
1110000100001010
1101110011100010
1101110001111000
1101100011110000
1101100011110000
1101100011110000
1101100011110000
1101100011110000
1101100011110000
1101100011110000
1101100011110000
1101100011110000
1101100011110000
1101100011110000
1101100011110000
1101100011110000
1101100011110000
1101100011110000
1101101100100100
1101101001110110
1110101111101110
0001111111001000
0001100011110110
0001100100110111
0001101100011000
0010000100000100
0001001100101010
0000000000010100
1111000101100100
1110100110001000
1110110010000010
1110000011110110
1101110110011000
1101110001011110
1101101101011110
1101101011001000
1101100011110000
1101100011110000
1101100011110000
1101100011110000
1101100011110000
1101100011110000
1101100011110000
1101100011110000
1101100011110000
1101100011110000
1101100011110000
1101100011110000
1101100011110000
1101100011110000
1101100011110000
1101111001101000
1101111000100100
1110010001100100
1110110001100000
1110101000110110
1110101001111000
1110101000100000
1110111111011010
1110111100010010
1110101101000000
1110101011101000
1110100111000111
1110101101010110
1110100110010100
1110110101100000
1110110110100100
1101111111010110
1101110010010100
1101100011110000
1101100011110000
1101100011110000
1101100011110000
1101100011110000
1101100011110000
1101100011110000
1101100011110000
1101100011110000
1101100011110000
1101100011110000
1101100011110000
1101100011110000
1101100011110000
1101100011110000
1110011001010100
0001010000010110
0010011100010000
0010011100010000
1101100011110000
1101100011110000
1101100011110000
1101100011110000
1110010100110110
1110000111011110
1110101111101010
1101110001001010
1110101011001101
1111000101111110
1101111110100010
1110010100110110
1110100110101110
1110000111011110
1101100011110000
1101100011110000
1101100011110000
1101100011110000
1101100011110000
1101100011110000
1101100011110000
0010011100010000
0010011100010000
0010011100010000
0010011100010000
0010011100010000
0010011100010000
0010011100010000
0010011100010000
0010011100010000
0010011100010000
1101110011001100
1101110010110000
1101110001110110
1101110010101110
1101101111110110
1101101011101000
1101101001100110
1101100101011110
1101100011110000
1110010000111010
1110100010010000
0000001001001100
1111000110110000
0001000010000100
0010011000110000
0001111001011100
0001110010011110
0010011100010000
1111011101101100
0000001011011100
0001010000000010
0001010111101010
0001110110001000
0010010100101000
0010010100101000
0010001101000000
0010011100010000
0010001101000000
0001111101110000
0010001101000000
0001110110001000
0001101110100010
0001111101110000
0001110110001000
0001111101110000
0010001101000000
0010000101011000
0010000101011000
0010010100101000
0001111101110000
0001101110100010
0001011111010010
0001011111010010
0000110001100010
0000110001100010
0000100010010100
0000111001001010
0000100010010100
0000000011110100
1111100101010100
1110010101011110
1111101010101100
0000111000110100
0001011000110010
0010010001100110
0010001110000010
0010011100010000
0001101010100010
0001001010100100
0000111111111001
0001100110111110
0010001010100000
0000111000110100
0001000011011110
0000111111111001
0000101010101000
0001011000110010
0001010101001110
0001001110001000
0001100110111110
0001111000110000
0001111100010010
0001101010100010
0000100011100000
1111111100011100
1111101010101100
1111011100100000
1111001010101110
1111001010101110
1111100011100110
1111100000000010
1110010101011110
1111110110010000
0000001001110000
0000111101110110
0001110001111100
0010011001000000
0010011100010000
0010011001000000
0001110001111100
0001000100011000
0000101101100100
0001100001101010
0001101110101100
0001010001011000
0000011101010100
0000001101000010
0000100000100100
0000111101110110
0000101101100100
1111110110010000
0000001001110000
0000101010010100
0000110000110100
0000000011010000
1110111110111010
1111001111001100
0000000011010000
1111101001001110
1111101111101110
1111010010011100
1110101110101000
1111001111001100
1110011011000110
0010001100100110
1101100011110000
1101100011110000
0010011100010000
1101100011110000
1101100011110000
1101100011110000
1101111101110010
1101100011110000
1111100001010110
1111101101000010
0000010000000100
0000010101111010
1111100100010000
1111101101000010
1111111011101000
0000010101111010
0001000100101000
0001000100101000
0001010000010100
0010011100010000
0010011100010000
0000100001100110
1111101111111100
0000011000110100
0000001101001010
1111111110100010
1111110101110010
0000011011110000
0000010000000100
1111110101110010
0000101010010110
0000100001100110
1110110010100110
1111111011101000
1111101010000110
1111101010000110
1111010101101010
1110111110010010
1110111000011100
1101101001100110