1110000000101011
1111101000011110
1111111011101110
0000000011001110
0001011010111110
0001100011100010
0000111000101110
0000011101111110
0000100110100010
0000010111100010
0000010000000100
0000111001110010
0000110001001110
0001000110101000
0001101111010100
0001111000111100
0010001110010110
0010011100010000
0010000000011100
0001101100000110
0001110001011100
0010000100101110
0010001011001000
0001111101001110
0001100001011000
0001000010010110
0001001100000000
0000110101100000
0000101001110000
0000111001110010
0000111011111100
0000101000101010
1110011100001010
1111101110011100
1111110110110000
0000101101010100
0001001101101010
0001111101110000
0001101101000110
0000011101100110
0000010011011010
0000100111110000
0000100000011000
0000110100101100
0001000001101010
0001010001011000
0001111110101010
0010001110011000
0010001110011000
0010010000001110
0001101100001100
0001110001101110
0010000010011000
0010000110000100
0010011100010000
0010010111101000
0001011000101111
0001010001011000
0001011010100110
0001010100001000
0001011011100010
0001001001000010
0001100101101100
0001010101000100
1110100110110011
1111101011101001
1111111010001000
0000011010101110
0001010110100000
0001101100010000
0000111111110110
0001001000000000
0000110111101101
0000111011010110
0000110010010001
0000101101110000
0001001010101110
0001011100110101
0001111111010000
0010000001111110
0010010101000000
0001110011100000
0001110001101100
0001110010100110
0001111010110000
0010011100010000
0010011100010000
0001110110001110
0001101001100010
0001011001001101
0001001100100010
0000111110000100
0001000101010010
0001010100101100
0001001010101110
0001010011110010
1110100111011000
1111100001101100
1111111101101010
0000010010101010
0001001110100000
0001010101100000
0001010011111110
0001001101110000
0000111011000110
0000100010111110
0000101101000110
0000111110001100
0001000011101000
0001110001100000
0001110011000100
0010011100010000
0010001010011000
0001101010100000
0001010100101110
0001011111101000
0001111101001010
0001111101111100
0010000100111100
0001110011110100
0001001110100000
0000111110111110
0001000011101000
0000101111011010
0000110100111000
0000111011110110
0000111100101000
0000111100101000
1110011110111011
1111010100010000
0000001100000110
0000010110111010
0001000111010000
0001011000101111
0001101110011010
0001001010100110
0000100110110000
0000100111100110
0000101010111010
0000110101101111
0001010011110000
0001110100010000
0010011100010000
0010011001110000
0001111010000110
0001101011000110
0001100110000110
0001100100011001
0001111110010000
0010010001011010
0010001110000110
0001100011100110
0001000110011010
0000111001000110
0000110100111010
0000100111100110
0000110111011010
0000110110100110
0000111100011010
0000111001000110
1110010100011100
1110111100010010
1111110000100000
1111100100001000
0000111001000110
0001101010101100
0001101101010110
0000110110011100
0000100100110000
0000011111011100
0000100000010100
0000111110011010
0001000111010000
0001110000111000
0010011100010000
0010010100010010
0001101000111010
0001100001110100
0001010111001100
0001011100100000
0010000100010110
0010001011011100
0001111110001010
0001010110010100
0000110001001000
0000101111011000
0000110101100100
0000011100110010
0000111001000110
0000111011110000
0000110111010110
0000111001111111
1101100100111100
1110001100101001
1111001000101110
1111010101111100
0000101011010010
0001110101110010
0001110010001100
0000011100110101
1111100101100100
1111100101100100
1111101001001010
1111110011111110
0001000000111010
0010010000001110
0010011100010000
0001100010100100
0000110010011110
0000011100110101
0000100000011100
0000110001010010
0001101101011000
0010001001000010
0001011101110000
0000010101101000
0000010000110100
0000000010011010
0000000011100110
1111110011111110
0000000010011010
0000000101111111
0000001100000010
0000000100110100
1101101010011010
1111100010000111
0000010000101000
0000001001111110
0001000101110100
0001010011001000
0001001100011110
0000010000101000
0000110001111000
0000100100100100
0000010111010010
0000111000100010
0000110001111000
0001001100011110
0001101101101110
0001111011000000
0010001000010100
0010011100010000
0010001110111100
0001100000011010
0010001000010100
0010001000010100
0001110100010110
0010000001101010
0001111011000000
0000100100100100
0001010011001000
0001001100011110
0000100100100100
0001000101110100
0000111000100010
0000010000101000
1110010100010000
0000000000000000
0000010101100100
0000000101011000
0001100110011000
0001100110011000
0000110101111000
0001000110000010
0000100000010100
0000110101111000
0000110101111000
0001000110000010
0001010000110100
0000110000100000
0001110110100010
0001110001001010
0010010001011110
0010011100010000
0001110001001010
0001110110100010
0001111011111100
0010000001010100
0010010001011110
0010000001010100
0001011011100110
0001011011100110
0000110000100000
0001001011011100
0001000000101010
0000111011010010
0001000000101010
0000110000100000
1110100000100000
1111000011010000
1111111101000111
1111111010001110
0000110100000101
0010000010001110
0010000010001110
0000101011011010
0000111001111000
0000110110111110
0000101011011010
0001000101011100
0001010001000001
0001110011110000
0010011100010000
0010010110011110
0001110110101000
0001101011000100
0001101011000100
0001101101111110
0010010011100100
0010011100010000
0001111001100010
0001100101010010
0001001011001110
0001000010100100
0000101011011010
0000101000100000
0001001000010110
0001000010100100
0001000101011100
0001001011001110
1101100011110000
1101100011110000
1101100011110000
1101100011110000
1101100011110000
1101100011110000
1101101010111010
1101101100001000
1101110001001100
1101101010010100
1101110000010100
0000100011100100
0001011010100010
0010010100001100
0010001010111100
0001010110010110
0001000101010100
0000111101110110
0000010001111100
0000000000000000
1110110110110100
1110010011100101
1101110011111000
1101101011001110
1101101001001000
1101100111101000
1101101100011010
1101101000110110
1101101001011100
1101101000100010
1101111011010110
1101111110000010
1101101110001110
1101100011110000
1101100011110000
1101100011110000
1101100011110000
1101100011110000
1101100011110000
1101100111010110
1101100111110010
1101101100100000
1101100111111110
1101110000010010
0000100010000110
0001100001100110
0001111111111100
0010010000001110
0010001111110010
0010001101001110
0001111111010000
0001001100010000
0001000011001100
1111101000100100
1110010110000110
1101110001010010
1101101000101110
1101100110111010
1101100110010110
1101100111000110
1101100110101010
1101100110100110
1101100110100010
1101110010100010
1101111100100100
1110000001110010
1101100011110000
1101100011110000
1101100011110000
1101100011110000
1101100011110000
1101100011110000
1101110010101010
1101111100110000
1110010101001110
1110010001000100
1111001100011100
1111010100010000
1111010111011000
1111000001100000
1111010010101100
1111010101110100
1111010100010000
1111010101000010
1111001011101010
1111000010010010
1111001100110000
1110110011110000
1110011000111000
1110010110110010
1101101111001100
1101101010000000
1110000011000000
1101110100011010
1101110100011010
1101110100011010
1110010100001101
0000010000101010
0010000111111100
1101100011110000
1101100011110000
1101100011110000
1101100011110000
1101100011110000
1101100011110000
1111100101001110
1110011101110010
1111000101111110
1111100101001110
0010011100010000
0010011100010000
0010011100010000
1111100101001110
1101101100101100
1101100011110000
1101100011110000
1101110101100110
1110101111101010
0010011100010000
0010011100010000
0010011100010000
0010011100010000
1111000101111110
1110011101110010
1101101000001110
1101100011110000
1101100011110000
1101100011110000
1111011100010010
0010011100010000
0010011100010000
0001110100000100
0010011100010000
0010011100010000
0010011100010000
0010011100010000
0010011100010000
0010011100010000
0010011100010000
0010011100010000
0010011100010000
0010011100010000
1111100011100010
1111011011110000
1111011011110000
1111011101101100
1111011110000100
1111100000010110
1111100011001011
1111100100001110
1111010010000100
1110101000001110
1110010011101010
1110100101111100
1101110010111110
1111010100100010
0001000011011100
0001101010001010
0001111100010101
0010011100010000
1111101110000000
0000101001000010
0000011110111101
0000101110110100
0001111000001111
0000100001110110
0001001101000010
0010010111111100
0010011100010000
0010001001100010
0010000011110010
0000111000111000
0001010001011000
0001001101000010
0000100000011010
0001000010111110
0000110110000000
0010001100011010
0001000111010010
0001000101110110
0001001101000010
0001000010111110
0000110100100011
0001000000000110
0000100001110110
0000111011110000
0000111110101010
0001001000101110
0000011010101010
0000101110110100
1111110010010100
1110011110110010
0000000010110000
0000010100010010
0001101100000000
0000101111101100
0001010000100110
0000100101110110
0000110101001100
0001010111001010
0001100010001000
0001111010010000
0001111011010110
0001110100110001
0001101101000110
0000101110100110
0001000011011100
0010010110110010
0010011100010000
0001110100110001
0001100111101000
0001101111010010
0001110011101011
0001010110000100
0001000011011100
0001001111100000
0001001000111010
0001011010011110
0001101110001100
0001110010100110
0001000110101110
0001000011011100
0000001101101110
1110111010011000
1111100010001010
0000001101001010
0000010101000100
0000011100000101
0000101010001000
0000010101111100
0000100100111000
0001010110000010
0010001010101100
0010001001110100
0001100111100110
0010010101001110
0001011010011010
0000111001000100
0000101000011000
0001000011100110
0000110111010100
0001011101000100
0010010100010110
0010001110001110
0001010110111010
0000000000000000
0000101110100010
0000101111011010
0001000100011110
0001010100010010
0010000010110010
0010011100010000
0001010011011010
0000100000011110
0000001110111100
1111010100001000
1101100100011000
0010011100010000
1101100011110000
1101100011110000
1101100011110000
1101100011110000
1101100011110000
1101100011110000
0010011100010000
1101111100111110
1110100011110100
1110101101100000
1111000100110100
1111011010001010
0000100000000010
0000100001111110
0000000000111110
1111111001001110
0000001110100100
0000001110100100
1111111001001110
1111101001101100
0000101011101100
0000101101101000
0000111011001100
0000101001101110
0001000100111010
0000010010011100
0000110001100000
0000111101001010
0001101001110010
0001100010000010
0000111111000110
0000010100010111
0000110011011100
0001101011101110
0010001000110110
0010011100010000
0001100010000010
0001010100011100
0001010000100011