1110101000011100
1111100100111000
0000010011100100
0001001101111110
0001001000011110
0000000000010110
1111101011110000
1111010011101100
1111100010001000
1111011010100100
1111011001001100
1111110100101010
0000000011000110
0000011001000011
0000111100000110
0001110101000110
0010011100010000
0010010000100100
0001101001011100
0001101000110000
0001110011101110
0001111000100010
0001110100011010
0001001001110110
0000110111010010
0000111011011010
0001010101100000
0001101110001110
0001101001011100
0001011100010111
0000110010011110
0000110101001110
1110110001000000
1111110010010100
0000101011111000
0001100001001111
0001010011111010
1111111010000010
1111100110011000
1110111111110000
1111000110110010
1111000100101010
1111001001100100
1111001001100100
1111011101010000
0000000001000100
0000101010100000
0001101110100110
0010010101001110
0010000111001100
0001011100010110
0001101001101100
0010010011110100
0010011100010000
0001110100111011
0001011100010110
0001000101001010
0001001010110010
0001011010010000
0001110000101110
0001100101011110
0001011010010000
0000100110111110
0000010100000000
1110111111001110
1111110101010110
0000101001111010
0001100000000010
0001000101011000
1111111101101110
1111110000000000
1111001101101100
1111010011110011
1111000000110000
1111001011011010
1111001101101100
1111011000011000
1111111001111010
0000011001111010
0001010101011000
0010011100010000
0010001110100010
0001011100001101
0001001000011010
0001101101110000
0001111010101110
0001011001001100
0000011010101100
0000001001001010
0000010011110100
0000110000110010
0000101100111110
0000110010010100
0000011100111110
0000000011110100
1111001001111000
1111000111000100
1111110001000100
0001001010101100
0001101010001100
0001100111110000
0000001011101110
1111101101110110
1111000101011110
1110110110001000
1110101111101010
1110110010000100
1110101110000010
1110111101011000
1111100110100100
0000001101010100
0001100100100010
0010011100010000
0010001100000110
0001101110001110
0001101100100101
0010000111010000
0010010110100110
0001011010110110
0001000000001100
0000110000000010
0000011001011100
0001000100001110
0001011111101100
0001011110111000
0000100001100000
0000000101010000
0000011001011100
1111010010111100
1111111000000000
0001001110110000
0001111001101110
0001100100101010
0000010000011100
1111011101000010
1110100100100110
1101101010100000
1101110010111010
1110010100100110
1110111110101110
1111001100001100
1111100010000111
0000010000011100
0001001110110000
0001111011011001
0001111111101000
0001100010111110
0001110010001000
0010011100010000
0010001111101000
0001111101111100
0000111000110110
0000111000110110
0001000001010010
0001111010100100
0010001001101110
0010000110010110
0000110000011100
0000001000000000
0000001010100010
1111100011000010
0000001110111100
0000111101011100
0010001000111100
0001110011000000
0000100110101000
1111001101000110
1110011111011100
1101101110010010
1110000011010111
1110001101111000
1110101001111110
1111001010011110
1111011111100010
1111110110010110
0000100010010000
0010010001101110
0010011100010000
0010010000110110
0010000001000010
0010011100010000
0010010111111000
0001110011000000
0000111111001100
0000010101000100
0000100110101000
0001001101010000
0001011010011010
0000111111001100
0000001111110100
1111100011111011
1111100001010010
1110110110110000
1111001011101010
1110111110111110
0000010111111100
0000011001011010
0000000101111110
1111010011001010
1110101011100010
1110101101110000
1110100001110100
1110100011010010
1110110101010000
1110111011001110
1111010001101011
1111101111100100
0000111010010011
0001110110111000
0001111001001000
0001100110011100
0001100100111100
0010011100010000
0010010110010010
0000110001010110
0000010011011100
0000000000000000
1111111100010000
0000001011111110
0000111010010011
0000111110000100
1111111101000001
1111101000110100
1111100000100110
1110100011100010
1111100011010100
0000101111110110
0001011100011110
0001001111101110
0000011100101100
1111111100110100
1111011100111100
1111101001101100
1111011100111100
1111101001101100
1111111100110100
0000001111111011
0000101111110110
0001001001010110
0010001001001000
0010011100010000
0010001111100000
0001101001001110
0001100010110110
0001111100011000
0010000010110000
0001111100011000
0001010110000110
0001001111101110
0001001111101110
0001101111100101
0010001111100000
0010001111100000
0001110110000000
0001100010110110
0001001111101110
1110110011100010
1111101111011000
0000101011001110
0001001100011110
0001001100011110
0000011101111001
0000000011010100
1111110110000010
1111110110000010
1111101111011000
1111111100101100
0000010000101000
0000100100100100
0000111000100010
0001010011001000
0010000001101010
0010011100010000
0010011100010000
0001111011000000
0001101101101110
0010000001101010
0010000001101010
0001101101101110
0001001100011110
0000110001111000
0000101011001110
0001000101110100
0001011001110000
0001100000011010
0001011001110000
0001001100011110
0001000101110100
1110110001111000
1111111011111000
0000111101101100
0001101111000010
0001011010011110
0000000000000000
1111000110011100
1110101001101010
1110101001101010
1110101101110000
1110101001101010
1111011011000000
1111010110111000
1111100011001110
0000001100010110
0001011110100100
0010000111101100
0010000011100110
0000111001100100
0001000001110010
0010001111111010
0010011100010000
0001101010111010
0001010110010110
0001000001110010
0001000101111010
0001011110100100
0001101111000010
0010000111101100
0001001110001000
0000011100110010
0000000000000000
1101100011110000
1101100011110000
1101100011110000
1101100011110000
1101100011110000
1101101000111010
1101101000001100
1101101001001000
1101101010000100
1101111111110110
0001000011100010
0010010011010110
0010010000110010
0010000010010010
0001110111101110
0001011000110110
0000111010011010
1111111000111000
1111011110111000
1111011110101010
1111010100010110
1110010000001110
1110000101000000
1101111100100100
1101101100111000
1101101011101110
1101100111111110
1101101001100110
1101100011110000
1101100011110000
1101100011110000
1101100011110000
1101100011110000
1101100011110000
1101100011110000
1101100011110000
1101100011110000
1101100011110000
1101100110011110
1101100110010100
1101100110101010
1101100110101110
1110001101010100
0010001010000010
0001001111001110
0001000110000100
0000100001101000
1111110101100100
1111011100101000
1111000101111010
1110100001010110
1110011110111110
1110011100001111
1110010110101110
1110000110010100
1101110111000110
1101110110111100
1101101011001110
1101100111110110
1101100110110010
1101100110100010
1101100011110000
1101100011110000
1101100011110000
1101100011110000
1101100011110000
1101100011110000
1101100011110000
1101100011110000
1101100011110000
1101100011110000
1101101010000010
1101101010000000
1101111011101100
1110001100011000
1110010100001101
1111001111000010
1110100010101101
1110101111101000
1110100100000010
1110010101010010
1110010111111111
1110100001110110
1110001101111100
1110000110001000
1110000001000010
1110010110001000
1111010100010000
1110111101110110
1111001011111011
1110110011111100
1110010011101010
1101101110001010
1101110100111100
1101100011110000
1101100011110000
1101100011110000
1101100011110000
1101100011110000
1101100011110000
1101100011110000
1101100011110000
1101100011110000
1101100011110000
1110100110101110
1101101100101100
1101101000001110
0010011100010000
0010011100010000
0010011100010000
1111000001100000
1110011001010100
1111000001100000
1110111000100100
1101110101100110
1110100110101110
1110100110101110
1101101000001110
1101110101100110
1110000111011110
1110101111101010
1110000011000000
1110101111101010
0000001101011010
1111101110001010
1101111110100010
1111010111110100
1101100011110000
1101100011110000
1101100011110000
1101100011110000
1101100011110000
0001110100100100
0001110011010110
0001110001111000
0001110011110010
0001110000000110
0001101011000010
0001100111000100
0001100001101110
0001011110100010
0001001111111100
1111111010100010
1111111100110000
0000000011000100
0000000011100001
0000000010100110
0000001010001110
0000001101011000
0000001011110110
0000000101010100
0000001111000110
0001101010010000
1111101001111100
0010011100010000
0001100011010100
0000111000101000
0001110100100000
0001001100100110
0010011100010000
1111010000110100
1111111110111100
0000100100101100
0000001001011100
1111100111111000
1111011011010100
1111101110001100
0000111001101011
0010000011000110
0001111100110010
0010011100010000
0010011100010000
0001110100011010
0010000111010010
0010001001011000
0001110000001101
0001010111000010
0001011011001110
0001011011001110
0000100110110100
1111111110111100
1111011011010100
1111100001100110
1111011101011010
0000011010001110
0000010011111100
0000101111001100
0000111011110010
0000001101101000
1111010000110100
1111010101000000
1110110101100010
1111111001110000
0000100111100110
0001000010101010
0000100101100000
0000001100100000
0000000100001010
0000100101100000
0001010011010110
0010011100010000
0010000011010000
0010010110000000
0010010110000000
0010000101010110
0001100110000110
0010001001100000
0010000001001010
0001110100101010
0001101000001010
0001100100000000
0000101111111010
1111110011100000
1111101111010110
1111101001000110
1111101101010000
0000101101110110
0000101001101010
0001011001100110
0001100100000000
1111110111101010
1111100010110111
1111010000000110
1110111101010110
1111111000011000
0001000100110000
0001010010101000
0000100011011010
1111111101111010
0000000000101100
0000010110111010
0001101010010000
0010001111110000
0001111010111010
0010011100010000
0010011001011110
0001100100101100
0001111000001000
0010000011010000
0001100111011110
0001001111111000
0000111011000010
0000110001010100
1111111011001000
1111100000110000
1111001001001000
1110110101101100
1111000000110100
1111111001110000
1111111100100010
0000101111111010
0000111011000010
1111100111101101
1111010100010000
1111000111110000
1110111011010000
0010011100010000
1101100011110000
1101100011110000
0010011100010000
1101100011110000
1101100011110000
1101100011110000
1110010111110110
1101100011110000
1111011101111100
1111110000101110
0001000101010100
0001000010111110
0000010001101000
1111001011001000
0000101011011110
0001001110101110
0001001010000000
0001000101010100
0010011100010000
0001000111101010
0000001000001110
0001011000000111
0001011010011110
0000100100011010
1111110111110010
1111111110110100
0000001010100011
0000000101111000
0000010110010100
1111100010101000
1111000001110001
1111100100111111
0000000101111000
0000011011000001
0000100100011010
0000010001101000
1111101110011000
1111000001110001
1111001011001000
1110000111000000