0000001100110000
0001101011111101
0010011001100100
0001110011111111
0000000110000010
1111001100011000
1111001001101100
1110011000000100
1110010001010110
1110001110101010
1110010010101100
1111011001110010
1111010011000100
0000011110001100
0010011100010000
0010001101100000
0000111110011000
0000001011011010
1111100101110110
0000101100111100
0001001111110100
0001000011101110
0001010101001010
0000101110010010
1111001001101100
1111110111010010
0001011010100010
0001111001011000
0010001110110110
0010010110111000
0001101010101000
0001101011111101
1111101010001010
0001001010100000
0010000001011000
0001010000000101
1111100101101100
1111000001110110
1110101100100100
1110100110111110
1110000111100111
1110000010000000
1110011001100000
1110100010011110
1110111010000000
1111100110110100
0000101111100110
0010001001001110
0001110011111100
0000101111100110
0000010001011000
0000100010001010
0000011101101100
0001100000111000
0010000110111110
0001000010101010
0000001100111000
0000001000011010
0001010000000101
0010011100010000
0010010001000100
0001001000010000
0001010000000101
0001000111001000
1111101101011100
0001011000000000
0010001001000110
0001000010011100
1111011101111000
1111001000010100
1110101000000000
1110000111101010
1101111100111010
1101110000111010
1101111010100000
1110000010111000
1110011001101000
1111010000101110
0000001100100100
0000111101101010
0001010101100101
0001000000000100
0000100101101110
0000100100100010
0000110100000101
0000000100001100
0001000111010000
0000110010111000
0000010001011000
1111101011000100
0001110100110000
0010010011111000
0010011100010000
0001000111010000
0000100101101110
1111101011000100
0000000011111010
0001110100001110
0010010110101100
0000110111000100
1111110110100100
1111010001110110
1110110111001010
1110110000100000
1110010011100101
1101101100101010
1110100010000010
1110001111001000
1110101100000010
1111001010000100
0000000110001000
0001101100011011
0010011100010000
0010000011110010
0000100110011000
0000101001101110
0001001001111110
0000111001010010
0001110010000000
0010001001010110
0001010001110000
0000110101111100
0000111100101000
0001111010111000
0001111001110010
0001011011110000
0000100000110100
0001000110101000
1111101101100000
0001100001101010
0001100111110100
0000110001010110
1111100100010000
1111001001100010
1111000111011110
1110000101101100
1110000101101100
1101110100001100
1110011001001110
1110100011011111
1110110100111110
1111001111101101
0000110101011110
0010001101110110
0010011100010000
0001111010010100
0001000000110000
0001100010101100
0010000010100100
0001101110000000
0000011101110100
0001010011010000
0001010001001110
0000101101001110
0000101011001100
0000001101011000
0001001111001010
0001000101111010
0000011111110111
1111101101100000
1111100101111001
0001100001010100
0001011011110000
0001001001111110
1111011001101000
1110010110111010
1101101000001100
1110000100000000
1101111010000000
1101111100001110
1110010110111010
1110001110000000
1110000111010110
1110100101011000
0000100001111010
0010001110111010
0010011100010000
0010010000000010
0000111010011000
0000110011101110
0001001100001100
0001000111101110
0000010011011110
0000100110011000
0001000101100000
0001000001000100
0000101110001010
1111010010111110
0000001101111010
0000011100010110
0000000101000000
1111001011001100
1111101111000110
0001110010010000
0001101010000010
0001000111001110
1111010010011010
1110100010010000
1110101010011100
1110100101010100
1101101001111010
1110010101111110
1110101000011010
1110110100101100
1111001010001110
1111100011110100
0000100111011100
0010000001101000
0010011100010000
0001111000011000
0001000010000110
0001100011111010
0010010010000000
0010000101101110
0001011001101010
0000010111000100
0001000000000010
0000110001101100
0000110100110010
1111111111100000
1111111010011000
0000010110000001
0000101010100010
0000011110001101
0001000100011000
0010001000101110
0001111110111100
0001010111111000
1111101100011110
1111100010101100
1111101100011110
1111001111001100
1110110001111000
1110001010110100
1110101000001000
1111001111001100
0000001001110000
0000011101010100
0001110101001100
0001100001101010
1111101100011110
0000011101010100
0000001001110000
0001101011011100
0001111110111100
0001101011011100
0010011100010000
0001110101001100
0000001001110000
1111001111001100
0001000100011000
0001100001101010
0010001000101110
0010010010100000
0001010111111000
0010001000101110
0000000000000000
0001101000001010
0010011100010000
0001011011001010
0000100111000100
1111011000111100
1111001011111011
1110111110111010
1110110001111000
1110110001111000
1111001011111011
1111110010111110
1111100101111110
0000001101000010
0010011100010000
0010001111001110
0001000001000110
0000011010000010
1111001011111011
1111011000111100
0001011011001010
0001011011001010
0000100111000100
0001000001000110
0000000000000000
0000110100000101
0001011011001010
0010001111001110
0010011100010000
0010001111001110
0001110101001100
0010000010001110
1111100110011100
0001011000000100
0001000111000010
0000111011101001
1111100000110000
1110101101101000
1110011100100100
1110000101110110
1101101111001000
1101111010011110
1110101101101000
1110111110101010
1110111110101010
1111001010000010
0000100100111100
0010000101100010
0010011100010000
0010011100010000
0001011000000100
0001010010011000
0000110000010010
0000011001100100
1111110001110010
0001011101110000
0001111010001010
0001101110110010
0001011000000100
1111100000110000
0000010011111000
0000011111010000
0000100100111100
1111101100001000
1101100110001000
1101100110101010
1101100110001000
1101100110010000
1101100110000000
1101100110010000
1101100111011010
1101100111111010
1101101000111010
1101110010100110
1101110101101110
0000111101011100
0010011010010000
0010010000011100
0001111011101100
0001100010101010
0001000001001110
0000000001111100
1111010100001100
1111001001001110
1110111110101010
1110100111111010
1110000100101100
1101110010100110
1101101011111100
1101100111000010
1101100011110000
1101100011110000
1101100011110000
1101100011110000
1101100011110000
1101100011110000
1101100011110000
1110000000010010
1110011111101101
1111000111001010
1111011110101100
0000000101110000
0000110100101000
0001111101100010
0010000011110110
0010011100010000
0001111000101000
1111000110110000
0000111011010110
0010010001100000
0010001001110100
0001110001101000
0001011010100100
0000110001110110
1111111001110110
1111011100110110
1111010100001110
1111000011001000
1110101000110100
1110001001101100
1101111000001000
1101110010001010
1101101110111000
1101100011110000
1101100011110000
1101100011110000
1101100011110000
1101100011110000
1101100011110000
1101100011110000
0001010100011000
0001111111000100
0010011100010000
0010011100010000
0010011100010000
0010011100010000
0010011100010000
0010011100010000
0010011100010000
0010011000100110
0001001011100000
1110011110100111
1110010000100010
1110010101110000
1110000110001000
1101111100001110
1101111010001000
1101111111111000
1101110110000010
1101111010100000
1101111100010010
1101111101101000
1110000001111100
1110101111110010
1111010011101110
1111000100101000
1101100011110000
1101100011110000
1101100011110000
1101100011110000
1101100011110000
1101100011110000
1101100011110000
0010001110110110
0001010000010110
1111111011100010
1110011101110010
1110100010010000
1110000111011110
1110000111011110
1101111010000100
1110001011111100
0010011100010000
0010011100010000
0010011100010000
1111100000110000
1101110101100110
1101111010000100
1101110101100110
1110000011000000
1110001011111100
1110011001010100
1110011101110010
1110001011111100
1111001010011100
1111001010011100
1110010000011011
1110000011000000
1111010011010110
1101100011110000
1101100011110000
1101100011110000
1101100011110000
1101100011110000
1101100011110000
1101100011110000
1110111100110000
1110111100110000
1111000001001100
1111001000001110
1111001011001100
1111001001111010
1111001010000000
1111000010110100
1110111010011100
1110101000101000
1111100100000101
1111100100000101
1111011101101100
1111010001101100
1111011000101100
1111100101111010
1111101011011010
1111111110001101
0000001100101010
0000000110110010
1111100100111010
1111010011111000
1110110110101000
1111010110100110
0001011000101010
0010010101111010
0010001001000010
1111010011101110
1110101001100000
1110101011010100
1111001010101110
1111011111100010
1111101001001110
0000001101011011
0000010000001010
0000010100010111
0000001010011010
0000000001101010
0000101000101000
0000111100010000
0001001001001110
0001110100101100
0010010000011110
0010011100010000
0010010101000000
0010000011100000
0001111000010100
0010000001000100
0001100101010100
0001011001110100
0001011000111001
0001101011010110
0010000100000110
0010010111001000
0010001000000010
0010010100000110
0010000000001010
0010000010010010
0001101001100010
0000110000011101
1110010101001010
1110011011001001
1110110011110100
1111001110100000
1111001111101101
1111010011000110
1111111001111100
0000000000111001
0000001000000100
0000001011000100
0000010011001110
0000010110001110
0000110001100000
0001010110111100
0001010110100010
0001101000101001
0001110110000000
0001111100100110
0001110010011100
0001110100001110
0001111000011001
0001110001000010
0001110000000010
0001101010101010
0001110000101000
0010000111010110
0010011100010000
0010011000011110
0010000001110000
0010000011001010
0010000001111110
0001010110110000
1101101010100010
1110010100011110
1110110011010010
1110110011110000
1111000001000110
1111001100000000
0000000101101100
0000011000001000
0000001011000010
0000010101011110
0001000001110100
0000110010010100
0000100001010110
0001010001000110
0001101000001000
0010000101001110
0010001100100000
0001101111111000
0001111011100010
0010000011010010
0010000010000100
0010000100000000
0010000010000100
0001110001100110
0010000000001000
0001111110101100
0010010000110110
0010011100010000
0001111111111000
0001110110101100
0001101111001010
0001010010110010
1101101110001000
1101100011110000
0010011100010000
1101100011110000
1101100011110000
1101100011110000
1110000011000000
0010011100010000
1101100011110000
0000001010000001
0000000100010100
1111010110011100
1111110011000110
0000000111001010
1111101010100000
0000011110000110
0000111010110010
0000111010110010
0001001011111110
0010010011101010
0010011100010000
0001111001110110
0001100010111010
0010000101010100
0001011101001100
0001110110111110
0001110001010000
0010010110100010
0010000101010100
0001010100100100
0001101110011000
0001000011011000
0000101001100100
0000100011110110
0000111010110010
0000011110000110
0000011110000110
0000101001100100
0000000100010100
0000101001100100
1111110101111111