1111101011010000
0001000011010010
0000111101011000
0001101101010000
0001011001001100
1111110011011111
1111100011100000
1111101011010000
1111010111101000
1111101010010110
1111001111011010
1111100011000010
1111110010100010
0000000000101100
0000001001010110
0000011001010100
0000100100010010
0000111000010101
0001100000000010
0001110101111100
0010010100000010
0010011100010000
0001111110100110
0010000110110100
0010001001000110
0010001110000110
0001100001011001
0001010110011100
0001001001001110
0001000111011010
0001001000010100
0001000100001100
1111011010111010
0000101110011010
0000101010010110
0001100011111010
0001010110100010
0000000001011010
1111110000000000
1111101110011000
1111011000000100
1111011010000110
1111000011011010
1111011001010010
1111100111000100
1111111100100100
1111111110100110
0000010000110100
0000001111100110
0000011110001100
0000111111011100
0001001100000000
0010000100010110
0010001100110110
0001111111011110
0010000101001010
0010001010000000
0010001100011100
0010011100010000
0010011100010000
0001101110011100
0001101011101000
0001011100101000
0001010101010100
1111001100111010
0000100010110010
0000011111110110
0001011001101010
0001001011110100
1111111101111010
1111101010101000
1111100011100000
1111001101101111
1111000111000010
1110110101110110
1111001110100100
1111011001011110
1111101101001010
1111100001000000
1111110001110000
0000000011010110
0000010000010110
0000101100000000
0000110110000010
0001101001111110
0001101111110110
0010001011111010
0010010000000110
0001111100011010
0001111110100000
0010011100010000
0010011011011010
0001110100000010
0001101110100110
0001100110001110
0001011111100000
1111010011111010
0000100000100010
0001000001010100
0001011111010100
0000111011010100
1111111100100010
1111100010001110
1111100010101100
1111000000100010
1110110101111010
1110111001001010
1110111010100010
1111001101111010
1111001111110000
1111011011110000
1111101011000000
1111110000000101
0000000100011000
0000011100110101
0000101101011110
0001010011010100
0001110110011010
0010011011010100
0010011100010000
0010000011010100
0001111101010100
0010010011000010
0010010110101110
0010010010000110
0001111010100100
0001101010011010
0001101001011110
1111010010110100
0000010100101110
0001011011011010
0001100111101000
0000000100110010
1111100000001001
1110111001110110
1110100110101110
1110010101001100
1110010011000100
1110010101101110
1110100100000100
1110100101101010
1110110101000100
1111000110100110
1111001011111011
1111010111100110
1111100111100100
1111111011001110
0000001011101100
0000111001011010
0001101000101100
0010000111000000
0010011100010000
0010010000000010
0010000101111100
0010001101011000
0010011010001000
0010011010001000
0010000101011010
0001011110000100
0001011011111100
1111010000110010
0000010001011100
0001111011101010
0001110011001110
1111011010010110
1110010110111010
1110000000111111
1101111111110110
1110000000111111
1101111010110010
1110001101111010
1110000010101010
1110100010001000
1110101101011000
1110100000011100
1110101110100001
1110110110011000
1110111111111100
1111011110110110
0000000101101000
0000101010101101
0001011100110000
0010001000100110
0010011100010000
0001110001100010
0001101100011110
0010000110111010
0010001110110000
0001110110000010
0001100111111110
0001000111111100
0001000101001000
0000001111110010
0001011100010110
0010000101011000
0001111010010100
0000000100110000
1111000100110100
1110111000111110
1110110101110100
1110011100100100
1101111101110010
1101110111011110
1110001010011010
1110010101011110
1110100000100000
1110100011101010
1110100111101000
1110011100100100
1110100111101000
1111000111111111
1111100100011000
0000111111001000
0001111100101100
0010010010110010
0010011100010000
0010010011100100
0001110000110101
0010000011110010
0010000110111100
0001111110010000
0001011110101100
0000010000100100
0000100011100000
1111011000111100
0000110110101100
0000011111010000
0001001110001000
0000010111011100
1111011000111100
1111000001100000
1111000001100000
1111011000111100
1111001001010100
1111011000111100
1111011000111100
1111110000011000
1111111000001100
0000000111110100
0000011111010000
0000101110111000
0001100101100100
0001010101111100
0010011100010000
0010000100110100
0001111101000000
0001111101000000
0010010100011100
0001010101111100
0000010111011100
0000101110111000
0000100111000100
0000011111010000
0000000111110100
0000101110111000
0000011111010000
1111010000110000
0000101111010000
0000100111111110
0001100010001000
0001000101000010
1110111010111110
1111001001100000
1111011000000010
1111010000110000
1111011000000010
1111000010001111
1111001001100000
1111011111010010
1111100110100100
0000001010111010
0000000011100111
0000001010111010
0000110110100000
0001010011100100
0001110111111010
0010010100111110
0001111111001011
0010000110011100
0010001101101110
0010011100010000
0001100010001000
0001010011100100
0000101111010000
0000101111010000
0000110110100000
0000100000101110
0000110110100000
1111001010101010
0000000011110100
0001100011000110
0001011111010010
1111010110000110
1110100100100010
1110010001011110
1110010001011110
1110000110000100
1101111010101000
1110000110000100
1110011001000110
1110011001000110
1110101100001010
1111001010101010
1111001010101010
1110110111100110
1111010010010010
1111010110000110
1111110100100100
0000111001001010
0001010111101010
0001101110100010
0010011100010000
0010010000110100
0001101010101110
0010010100101000
0010010000110100
0001110010010110
0001011011011110
0001010000000010
0001010000000010
1101101000011110
1101100111001010
1101101000011110
1110000001100010
1110010111011010
1110010111111111
1110010100100100
1110001011111010
1110001001011100
1110010100001101
1110111010110100
0001100110100010
0010001010001010
0001100101000001
0001000010100010
0000100111001110
0000011011001010
0000011110010110
0000010110000100
0000011010000000
1111111000000110
1110100101101110
1110000100111100
1101111000111000
1101110000110000
1101101010111010
1101101000010010
1101100111111010
1101101001000010
1101100110111110
1101100111101110
1101100011110000
1101100011110000
1101101000101110
1101101000001010
1101101000101110
1101110011011100
1101111101110110
1101111111100000
1101111101010100
1101111010101100
1110000000011100
1110000011001110
1110011011100111
0000100101000110
0010001101111010
0010001100000000
0001111000110110
0001100010011100
0001001010100100
0000100100010100
0000000000111001
1111101111000000
1110110110000100
1110001010000100
1101111101110110
1101111001011100
1101111001010010
1101110011110000
1101101111111010
1101101100010110
1101101010100010
1101101000100100
1101101000000110
1101100011110000
1101100011110000
1101110000110010
1101111101110010
1101111110110100
1101110101011100
1101110000110000
1110000011000000
1110001011110111
1110001101111100
1110010000000000
1110001100011000
1110011000010110
1110111000110100
1111000110000001
1111000111011000
1111010100010000
1111011011111000
1111001011001110
1110111000110100
1110100110110000
1110011010100110
1110001100000001
1110011010011100
1110110111100110
1111111101011000
0000110001011110
0000110010000000
0000111111100010
1111111010010000
1110110110100100
1110000111001010
1101110010010100
1101100011110000
1101100011110000
1110110100000110
1101111010000100
1110000011000000
1111110010100110
0000101000001100
1110101111101010
1110010000011011
1101111110100010
1110010000011011
1111000101111110
0010011100010000
0010011100010000
1110111000100100
1101100011110000
1101100011110000
1101101100101100
1101100011110000
1101100011110000
1101100011110000
1111011100010010
0000000100011110
1111000101111110
1110010000011011
1110010100110110
1110011001010100
1110111000100100
1110111101000010
1111010011010110
1111100101001110
1110111101000010
1101101100101100
1101100011110000
1101100011110000
0000011100011010
0000011111101100
0000100010000100
0000100111000010
0000101000111100
0000101101110010
0000110010000111
0000110110101000
0000111010110100
0000001011000101
0001101010100010
0001110001011100
0001110110110110
0001111001111100
0010000000010010
0010000110001110
0010000110111010
0010010100010110
0010011100010000
0010011100010000
1110010001100110
0000001001001100
1110011100101100
1111000101101101
0000011001011100
0001010110110010
0001111000111100
1111000100000110
0001010011011000
0001011000010000
0000011010101110
0000001000111010
0000000111010010
0000000101101010
0000011101111110
0000101001010010
0000110100101000
0000111111111110
0001100000010110
0001011101000110
0000110110010000
0001011101000110
0000110001011000
0000100100011100
0000101100100001
0001100011100110
0001111111000110
0001100101001011
0010000010010110
0010000011111110
0001100011100110
0001101110111010
0010000010010110
0010010000111010
0010011100010000
0010010101110010
0001100011100110
0001010001110010
0001010000001010
0000011001000110
0001010001011111
0001011101011100
0000010100001100
0000000110101101
1111111111010001
1111110100110010
0000110110100100
0000111100100100
0001000101100010
0001000111000010
0001100001111100
0001010001011111
0001000111000010
0001000111000010
0001000101100010
0000010010101100
0000001111101100
0000111000000100
0001001011100000
0001101100011010
0000111000000100
0001001010000000
0001001011100000
0001010101111110
0001010000000000
0001110110111000
0010001110110010
0010011100010000
0001111000011000
0001110000111000
0001000111000010
1111101000110100
0001101001010100
0001110110111000
0001101000001010
0000010100010111
0000100000110110
0000000110110010
0000101100001010
0001101010011100
0001101110111110
0010001111110010
0010010000111100
0010011100010000
0010010110100110
0001010010101010
0001011101111110
0001010110000100
0001010111001100
0001110001001110
0001111011011001
0001110010010110
0010010010000100
0010001111110010
0001110110111000
0001101010011100
0001100100110010
0001011100110101
0001100000010000
0001111110110100
0010000100011110
0001101011100100
0000111110010010
1111110000001010
1101111110100100
1101100011110000
1101100011110000
0010011100010000
0001011101110000
0010011100010000
1111000001100000
1110110111000110
1101100011110000
1111000101110111
1111001010011010
1111010001010000
1111111110111000
1111101100101000
1111000001010010
1111010001010000
1111001000001001
0000000111111101
0001111100010100
0001011110101010
0000100111111010
0000111110101110
0000110101100110
0000010101101010
1111111110111000
0000101010001100
0000011110110010
0000100101101000
0001000111110110
0010001100010010
0010011100010000
0001000111110110
0000110101100110
0000110101100110
0000110101100110
0001000001000000
0001000011010010
0000100001000100
1111110011011111
0000000101101100
1111101110111010