1111100011000010
0001000010000110
0000111000110100
0001100000001001
0001110000000000
0010000000011000
0001100111110100
0000101011001010
0000001111110110
0000011001101100
0000000101011110
0000010000011000
0000011100011010
0000100010011010
0000101011001010
0000111101001100
0001001101000010
0001011010001010
0001110110000000
0010010110010000
0010011010000100
0010011100010000
0010001001101100
0010001111001000
0010010000001110
0010001111001000
0001110011010010
0001100111010000
0001011001100110
0001001101100110
0001001010110110
0001000011001100
1111001001010010
0000000011111110
0000101000010001
0000111001100010
0001111111110110
0010000001010000
0000111111000110
0000100110111000
0000011101100100
0000010010011010
0000010100010000
0000001011111000
0000010110100110
0000100010101100
0000101001001110
0000110110010000
0001000011110000
0001100001000101
0010000000110010
0010011100010000
0010011001000000
0001111001110010
0001111110111010
0010000101011100
0010010010111100
0010010011011010
0001111011001100
0001100100011000
0001011001101010
0001001011001110
0001000100101100
0001000110100100
1111000101010100
1111111000110100
0000100001111100
0000110010110000
0001100001110100
0001010010111110
0001100000110100
0000100100011010
0000011001100000
0000011011000000
0000001001001010
0000001001001010
0000100000011100
0000100110011000
0000110000010010
0001000010001000
0001001100100000
0001100001110100
0010001110011000
0010001000111100
0010010100010100
0001111010100100
0001111011000100
0010010001110110
0010001001111100
0010011100010000
0010000000000010
0001110000101010
0001010000111110
0001000111000100
0001001001000100
0001000100100110
1111000100100100
1111110110110010
0000011100101100
0000110001101100
0001011100101110
0001001101111000
0001010111100110
0000011001101000
0000000110101010
0000001110110110
1111111100011010
0000000000000000
0000011010101000
0000011000100110
0000010111100100
0000110000101010
0000110101110010
0000111101011110
0001101100100101
0010000111010000
0010011100010000
0001110010010000
0001101010100100
0001111010011100
0010010011000010
0010010101100110
0001110111111000
0001011111110100
0001011010001010
0001000010000110
0000110011110000
0000101111001000
1111001101110110
0000000110010110
0000110000100100
0001000110110000
0010000000110100
0001101101010010
0001000100000110
0000011001010110
0000010111001110
0000001011000101
1111101110100110
1111111010001101
0000010100000011
0000001000011100
0000010101101010
0000100111100110
0000101101011010
0000111110010010
0001100001001000
0001111000110111
0010011001000110
0010010011110100
0001111001111100
0001111001111100
0010000101100100
0010011100010000
0010001100111100
0001110110010000
0001010101000000
0001000011000010
0000111101110000
0000111001100010
1111010011101110
0000100101001110
0001000101110110
0001100100010010
0001100101010101
0001101111101100
0000101100110110
0000101000100000
0000000010011100
1111110111000010
1111110110100000
1111101111111110
1111111011111100
1111111101000001
0000000100101000
0000001011101100
0000100011000100
0000100100001010
0001000010000010
0001101011010110
0001111101110100
0010011100010000
0010010001011000
0010000010001010
0010000110100000
0010010101001100
0010011011101110
0010001010110110
0001101100011011
0001001111101000
0000111110110010
0000111011100000
1111011110011110
0001110101101110
0001110011100110
0010010110100010
0010000101011010
0000111101010110
0000100111111110
1111101100000010
1111001111011110
1111000111101000
1110101010011000
1111010000111010
1111010100011110
1111010110101000
1111011101000010
1111001111011110
1111000100110010
1111000010101010
1111100001010100
1111111011101110
0000101010000101
0001100101010100
0010011100010000
0010001001000000
0001011100000010
0001100111011110
0001101000111000
0001100101010100
0001010111110000
0000100010010000
1111111001100110
1111100111000010
1111101101110110
0001001100010100
0001001100010100
0001011010110110
0001100010001000
0001000101000010
0001000101000010
0000000011100111
1111011111010010
1111100110100100
1110110011101100
1110110011101100
1111000010001111
1111101101110110
1111110101000110
1111110101000110
1111110101000110
1111111100011001
1111111100011001
0000100111111110
0010000110011100
0010011100010000
0001110000101010
0001000101000010
0001111111001011
0001100010001000
0001110000101010
0001101001011000
0000100111111110
0000101111010000
0000100000101110
0000010010001010
1111111010001110
0001010110110100
0001010001000001
0001101000001010
0001011100100110
0001111001100010
0001110011110000
0001000101011100
0000111001111000
0000101110010010
0000010111001010
0000101000100000
0000100010101110
0001001011001110
0000111001111000
0001011100100110
0001001011001110
0001011100100110
0001111001100010
0010011100010000
0010011100010000
0010011100010000
0001111111010100
0010000101000110
0001110011110000
0001111111010100
0001111001100010
0001101101111110
0001010110110100
0001011100100110
0001000101011100
0001001011001110
1110111000101010
1111101111000010
0000010100010111
0000100101011000
0001010001100010
0001000011111100
0001010100111010
0000001010001011
1111110101110101
0000000110110010
1111101111000010
1111111001001110
0000010100010111
0000010100010111
0000010000111110
0000101111100100
0000101111100100
0000110010111100
0001110110111000
0010001011010010
0010011100010000
0001110000000110
0001100101111010
0001111010010010
0010010010000100
0010010010000100
0001110110111000
0001010100111010
0001010001100010
0001000000100010
0000101000101111
0000100001111110
1101100011110000
1101100011110000
1101100011110000
1101100111111010
1101100111010000
1101101010011100
1101110111100000
1101110100000000
1101110110100100
1101111010110110
1101111000101000
0001000010001110
0001110000010010
0010011000100110
0001000100111100
0000001011100100
0000000000100100
0000000101001100
0000001111110110
1111100111000100
1111011101010110
1111000000001100
1101111101011010
1101100111011010
1101101000110110
1101101010111010
1101100011110000
1101100011110000
1101100011110000
1101100011110000
1101100011110000
1101100011110000
1101100011110000
1101100011110000
1101100011110000
1101100011110000
1101100110111010
1101100110001010
1101110101011010
1110110101110100
1110001110100100
1110000010110110
1110000101100110
1110000111010000
1111110110010100
0010000011111100
0010001010010110
0001001101001110
0000011110010100
0000000011010110
1111101010000000
1111110001001110
1111001101011100
1110101001001110
1110001011110000
1101101111010010
1101100111011000
1101100111100110
1101101000100110
1101100011110000
1101100011110000
1101100011110000
1101100011110000
1101100011110000
1101100011110000
1101100011110000
1101100011110000
1101100011110000
1101100011110000
1101101111110100
1101101111001100
1101110100011010
0000010101111000
0001001010011110
0000110000011100
0000010100010100
1111111011110100
1110100111101111
1110110100100110
1110110101000000
1111000011000100
1110111101100110
1111000010010010
1110011111001000
1110011100110010
1110010101110000
1110000011010111
1101110000010000
1110001100111000
1110001101011010
1110000100000010
1110001011010100
1101100011110000
1101100011110000
1101100011110000
1101100011110000
1101100011110000
1101100011110000
1101100011110000
1101100011110000
1101100011110000
1101100011110000
1110110100000110
1110101111101010
0010011100010000
0010011100010000
1111100000110000
1111100101001110
1111100101001110
0001001011111010
0010011100010000
0001010100110011
1101100011110000
1101100011110000
1101101000001110
1101110001001010
1101101000001110
1101100011110000
1111010011010110
0001100110101100
0010000001011110
0000001000111100
1110011101110010
1101110001001010
1110000011000000
1101100011110000
1101100011110000
1101100011110000
1101100011110000
1101100011110000
1101100011110000
1101100011110000
0010000101101010
0010000110011100
0010000111110010
0010001010010100
0010001101111110
0010010010100100
0010011000010010
0010011100010000
0010011100010000
0010010010100000
0001011011001000
0001011011100000
0001010111001000
0001011101010110
0001011101001000
0001011111111110
0001100010101010
0001100100110000
0001101001100100
0010000001110110
1110100100010110
1111111000101010
1110000101001100
1110101001110000
1111110001101100
0000100001010000
0001100010110100
0010011100010000
1110001001100010
1111011000110000
1111011100011000
1111111010111011
0000001110100010
0000011010110111
0000100010001010
0000101001011100
0000110101110010
0001010111111100
0001011111111100
0001110010000110
0010011100010000
0010010101101110
0010001011100010
0001101010110110
0001011110011110
0001100111001100
0001101111001100
0001110110011110
0001101000101001
0001101011100100
0001011101000010
0000111111111110
0001000011100110
0000101101000100
0000111111001110
0000101101110010
0000101100010110
0000010000000000
0000010011101000
1111110010001100
1111011111000000
1111110101000000
0000010110000000
0000011010101000
0000001001110110
0000010110100100
0000011011001011
0000010000001110
0000010110100100
0001000000110100
0001011110010110
0010010111101000
0010000011011000
0010011100010000
0010010001010000
0010000010110010
0010000001101000
0001111000011000
0001111100011010
0010011001111100
0010001001101110
0010000010001110
0010000010110010
0001111001100010
0001011100000000
0001010101101010
0001011110111010
0001100010011000
0001000100010010
0000111100110000
0001000011101110
0000011100111100
1111000000101000
1111111011000010
0000110011101100
0000111011010010
0000001110010100
1111110110011000
1111101100011100
0000000100111110
0000101001110000
0001011001101010
0010010110011010
0001111110011110
0001111111000001
0010011100010000
0001100011100110
0001010111111010
0001100101010101
0001101000110110
0001001100001110
0001000111100100
0000101101110110
0001001001010100
0001001111001010
0000111001100010
0000100010001010
0000011000010000
0000011101100000
0000101100000110
0000000111010100
0000000010000010
1111011101110110
1111010010001010
0000010101000110
1101100011110000
1101100011110000
0010011100010000
1101100011110000
1101100011110000
1101100011110000
0000001010011010
1101100011110000
1110111011010000
0000010010110000
0000000110010000
1111110110101000
1111100111000000
1111110011100000
0000010010110000
0000100010011000
1111100000110000
1111111001110000
0000101011110000
0010011100010000
0001101101011000
0001100111001000
0001010100011000
0000010010110000
0000001001011000
1111111100111000
0000011111010000
1111110000011000
0000001111101000
0000001100100000
1111111001110000
1111100111000000
1111101010001000
1111001010111000
1111100000110000
1111100111000000
1111000111110000
1111010111011000
1111011010100000
1101110110100000