1101110110000100
1111011000000010
1111110010111000
0000001000110110
0000110111100010
0001101110001010
0010000101000100
0010000110100110
0010000101011000
0010011001100000
0010010000101010
0001100000110000
0000111101111011
0000110110101000
0000101111010100
0000101010011001
0000111001111110
0000110011010010
0000011001000010
0000111110111000
0001011000110100
0001101001111010
0001110100100100
0001111101001000
0010000101101010
0010011001110100
0010011100010000
0010001000101110
0001110001100010
0001011010010110
0000110000100010
0000011110110011
1101111100100100
1111011001011010
1111101010011010
0000001110100100
0000101000011110
0001010000111110
0001111000010110
0001101001010000
0001101101100100
0010000011011100
0010001000010010
0001010011101010
0000110101001010
0000101101100110
0000101100010000
0000100110010100
0000110111010100
0000110110100000
0000011100111000
0000111010110110
0001011010011010
0001110111000000
0001111110000010
0001111001011100
0001111100001000
0010010000111010
0010011010011000
0010011100010000
0010010100001010
0001110000010000
0000101011001100
0000011000010010
1110001100001000
1111010100001000
1111100000010110
0000000010100000
0000011101011010
0001000010000010
0001110011010111
0001101011011010
0001010111111101
0001110000111000
0001111101110110
0001100111001010
0000111111110010
0000110001100110
0000110000110110
0000101000011000
0000110001000110
0000110101110100
0000011110001010
0001000011000010
0001011111001100
0001111010000110
0001111010010110
0001110011101000
0001111011100110
0010010101110010
0010011100010000
0010011000110000
0010010100100010
0001111010100110
0001001001110000
0000101000011000
1110000001100010
1111001111001010
1111100011010000
1111101101001100
0000010110010010
0000111111001010
0001010111111000
0001011110100110
0001000011010100
0001001000111000
0001101000010010
0001110000100110
0001011110110100
0001000000000110
0000110100010100
0000101000000100
0000110010111100
0000110010111100
0000110000011000
0001010010000110
0001101011111101
0001110011001000
0001101011000100
0001100101010010
0001101101110100
0010000101001010
0010010101110010
0010011100010000
0010010001110110
0001111001110110
0001011101001100
0000111010010011
1110001010110010
1111001001000110
1111011010010110
1111100101000110
0000010110101010
0000110110101010
0001001001111100
0000111000001010
0000011010001010
0000011100001010
0000101111101010
0001010110011100
0001110001111110
0001101101001110
0001010001001011
0000110101111001
0000110010001010
0000110010101010
0000111110001100
0001011010001100
0001110011001110
0001111010111110
0001101111111110
0001101011001110
0001101110111110
0010000100101110
0010010010110000
0010011100010000
0010010111100000
0001110110111110
0001101000001110
0000111011101100
1110001011100100
1111011010101000
1111011110101100
0000010000010100
0001000010110100
0001001101001100
0000110100011000
0000010011001100
0000001000100000
0000001100010000
0000010111110100
0000100110100010
0001000101111110
0001101011011111
0010000000010000
0001110011000000
0001000110010000
0001000010110100
0001000001111100
0001100000110100
0001110100001001
0010000111011110
0010000101011110
0001111110010000
0001111001010110
0010000110111010
0010010111111010
0010011100010000
0010011010110100
0001110111010011
0001101110011000
0001001010000000
1110001010010000
1111011101010110
1111101011001000
0001000111001000
0001100110010110
0001001001100100
0000010110111010
1111110011101000
1111110001001110
1111101100010110
1111111100111110
0000011000111100
0000011111011010
0001001011100110
0001110101010110
0010001100110110
0001110110111110
0001001011100110
0000111101000000
0001010000000100
0001100110010110
0010011000001100
0010011100010000
0010001010110100
0001110110111110
0001100010101100
0001110000000011
0010001101010000
0010011010101000
0010001101101010
0001101000011000
0000111101000000
1110100101010010
1111100110110100
0000000101000010
1111111010111110
0000111100011110
0001101110111000
0010010010001010
0010001101001000
0001110011111100
0010011100010000
0010011100010000
0001000110100100
0000110010011010
0000110010011010
0000101000010100
0000101000010100
0000100011010010
0000100011010010
0000101000010100
0000101101011000
0000111100011110
0001000001100010
0001001011100110
0001011010101110
0001010101101100
0001011111110010
0001101110111000
0000110111011100
0001000110100100
0000110111011100
0000100011010010
0000011110010000
1110001011100011
1111100000110000
0000000010110110
0000011001100100
0001000001010110
0010000101100010
0010000101100010
0010011100010000
0010010000111000
0010011100010000
0001101110110010
0001101110110010
0001011000000100
0001010010011000
0001000001010110
0001000111000010
0001000001010110
0000111011101001
0000111011101001
0001001100101110
0001101110110010
0001110100011101
0001111111110110
0010010000111000
0010001011001110
0010011100010000
0010001011001110
0010001011001110
0001110100011101
0001101001000111
0001000001010110
0000011111010000
1110001101110010
1110111010011010
1111001100110010
1111010111010010
0000011000111100
0001000000010110
0000111101101110
0000011011100100
1111110110110100
0000010110010100
0000001011110100
0000111011000110
0001110010001110
0001111010001000
0001110100110110
0000110101110110
0000110000100110
0000101011010110
0000111000011110
0001010010101110
0001101111100101
0001111111011000
0001110010001110
0001101111100101
0001110100110110
0001111100110000
0010010001110000
0010011100010000
0010011001101000
0001111010001000
0001100101000110
0000110101110110
1101101010010000
1101101010010000
1101101011101100
1101101011111010
1101101110010110
1101101101101110
1101101101101110
1101101010111000
1101101001000010
1101101010011110
1111000011011100
0000100101010110
0001010110001110
0010000101000010
0010010011100000
0010001100100100
0001001111010010
0000101101100000
0000011010100100
0000011111011110
0000000101000000
1110111110100100
1110001011000010
1101110011101000
1101101101111100
1101101101111100
1101100011110000
1101100011110000
1101100011110000
1101100011110000
1101100011110000
1101100011110000
1101100011110000
1101100100110100
1101100100101100
1101100100110100
1101100100110110
1101100100111110
1101100101000010
1101100100110110
1101100101000010
1101100100110100
1101100100110100
1110010110100010
1111011000001010
0000010000111000
0001000000100110
0001100010000110
0010000100110100
0010001001001110
0001011000001110
0000011101101100
1111100101010000
1110110110000110
1101111000100110
1101101010000000
1101100111111000
1101100110011110
1101100101100100
1101100011110000
1101100011110000
1101100011110000
1101100011110000
1101100011110000
1101100011110000
1101100011110000
1110010011101010
1110011110000100
1110010011001000
1110010111010100
1110000101100110
1110010000000000
1110010000100010
1110001010110100
1110111110111000
1110001000001100
1110011001011000
1110101000100000
1111000001110001
1111010011111110
1111011111101100
1111011111111110
1111100100101010
1111010101010011
1111100001000000
1110111100100010
1110100011100010
1110100101111000
1110100011010010
1110101000100000
1110100000001011
1101110101111110
1101100011110000
1101100011110000
1101100011110000
1101100011110000
1101100011110000
1101100011110000
1101100011110000
1101100011110000
1101100011110000
1101100011110000
1101100011110000
1101100011110000
1101100011110000
1101100011110000
1101100011110000
1101100011110000
0010011100010000
0010011100010000
0010011100010000
1110110100000110
1110010000011011
1101100011110000
1101100011110000
1101110001001010
1101111010000100
1110111101000010
1101101100101100
0001010100110011
0000101000001100
0000100011101110
1111100101001110
1111010111110100
1110100110101110
1101100011110000
1101100011110000
1101100011110000
1101100011110000
1101100011110000
1101100011110000
1101100011110000
0010011100010000
0010011100010000
0010011100010000
0010011100010000
0010011100010000
0010011100010000
0010011100010000
0010011100010000
0010011100010000
0010011100010000
0010011100010000
0010011100010000
0010011100010000
0010011100010000
0010011100010000
0010011100010000
0010011100010000
0010011100010000
0010011100010000
0010000010111100
1111101011001010
0001000010001100
1110100101011000
1111000100110000
1111010000000010
1111011110110010
1111100110100110
0010011100010000
1110110100001110
1111110011110111
0000011100111111
0001110011000110
0001110011000110
0001101011100110
0010011100010000
0001111010100100
0001111100011100
0001100000011000
0010001111001010
0001111110010100
0001110001001110
0001100101111110
0001100000011000
0001100010010000
0001100000011000
0001011000111000
0001001111100010
0001000000100100
0001011110100000
0001101101011110
0000111010111100
0001011010110000
0000110001100110
0000110011011110
0001010011010010
0000101111101110
0000110001100110
0000010101100010
1111111001011100
1111001100100010
1111101010011010
0000010010010010
0000100010111010
0000111011110110
0000111101100000
0001111110010110
0010011100010000
0001010100110010
0001101111011000
0000100001010000
0001011101000110
0000111111001010
0001011011011100
0001010100110010
0001000111011110
0000100010111010
0000011000111100
0000110000001110
0000011010100110
0000001001111110
0000000110101010
0000001101010100
0000101001100100
0000011101111001
0000101100111000
0000010111010010
0000000101000000
1111111110010110
1111111001010110
0000100100100100
1111011011011100
1110001001111110
1111010001000010
0000010110100110
0001010110101110
0010000111011110
0010011100010000
0010011001100010
0001101011011110
0001000110011100
0001001011111000
0001000001111100
0001101101010010
0010000101101010
0010000101101010
0010001010001100
0001101010100100
0001001001001010
0000100000100000
1111110001100100
0000010000010000
0000011001010010
0000011000011000
0000101001100010
0001000011110000
0001011010010100
0001010111100110
0000101101001010
0000000000111001
0000010001001010
0000011001010010
0000011011000110
1111110100010000
1111010110011110
1101100100000010
1101100011110000
0010011100010000
1101100011110000
1101100011110000
1101100011110000
1101100011110000
1111001011111011
1101100011110000
1111011011010000
0000110000010000
0001101110010010
0001100010110100
0000110000010000
0001010010101110
0001010111010100
0001111110011000
0001111100000110
0000111001011100
0001110010111000
0010010111101010
0001101001101100
0010011100010000
0010011100010000
0001101110010010
0001000100111100
0001100010110100
0001110101001100
0000110010100100
0001001110001000
0001010101000010
0001010101000010
0000111001011100
0000100000001010
1111101001000010
0000110111001010
0000111110000010
0001101001101100
0001001110001000
0000110010100100
1110111111101010