1111101011110000
0000111000011000
0001100001101100
0001111011010110
0001110001101110
0001101000000110
0000001110101010
0000001001000010
0000010001110110
1111110010001010
1111110001010110
0000001010101000
0000001010101000
0000100101100000
0001000011001100
0001100000000100
0001111011110000
0010001011110100
0010011100010000
0010010000101000
0010001111000000
0010000110100110
0010000001110010
0010000010001100
0010001111110100
0010001000100110
0001110010100010
0001100111010100
0001101110001000
0001111000100011
0001111010100100
0010001011110100
1111001101000100
0000001001000100
0000101011011100
0000111011101100
0010000010111100
0001111101111100
0000111111001000
0000100100111000
0000101110010000
0000001010010100
0000000100000100
0000010010110000
0000100000110100
0000101101111100
0001000001000000
0001001111101100
0001110111011000
0010001100111100
0010011100010000
0010001000100100
0010000101110000
0010010001010100
0001111100000100
0010000011010000
0010000110101100
0010000110000100
0001111100011000
0001101010111000
0001111110100100
0001111000010100
0001111000010100
0010001100111100
1111001101111010
0000001010100010
0000110011010110
0001000011101100
0010001111011000
0010001010000010
0000110110001100
0000100100111010
0000110100010010
0000000101100000
0000000100010000
0000011000101010
0000010001110000
0000100101110110
0001000001110100
0001000100000000
0001101101001000
0010000010100000
0010011100010000
0010010000010100
0010010111100010
0010011000110010
0010001110001000
0010000101101000
0001111110000110
0010001001101110
0001111011100110
0001110101000000
0001111100110110
0001100111100000
0001110111100000
0010001010111110
1111010010110010
0000001110001100
0001000100110110
0001010010010110
0010011100010000
0010010000110010
0000100011110010
0000100100011100
0000101000110110
1111111110010100
1111110110111000
0000001110011111
0000001101110110
0000001111111000
0000110011111110
0000101111010000
0001000100100000
0010000100111110
0010000100111110
0010010111001100
0010001101011010
0010001110110000
0010010001110010
0010001110110000
0001111011001100
0001101000101000
0001110010000100
0001011110100000
0001011100110100
0001100110111100
0001010100101110
0001101001111110
1111001110000011
0000000011001010
0001001000001010
0001011001010111
0010001000001100
0001101101011100
0000010011000000
0000000011001010
1111110100000010
1111101000011010
1111100101111110
1111100011110110
1111110100011001
1111101110011010
1111110111100100
0000011100100000
0000011110111101
0000111011110011
0001110100011101
0001111110000000
0010011100010000
0010000111110110
0010000111110110
0001111111110000
0001111000101101
0001110101001100
0001010101100000
0001010011110000
0001001000001010
0000111101111011
0000111101001110
0001011010000110
1111010011001110
0000010110100000
0001110110110110
0001101100000110
0001011111010110
0000011111101010
0000000001110010
1110111000111100
1110111110100000
1110110010100100
1110101011011010
1111000110011110
1111000100100000
1111010010000010
1111100101001001
1111110010010010
1111111101000001
0000010101010100
0000110001100100
0001100100001000
0010010010101100
0010011100010000
0010001010010110
0001111000000010
0010000010011000
0010000110010110
0010000101111110
0001101111010010
0001100000001000
0001010110001100
0001100110111010
0010001000010110
1111110100111011
0001000100011100
0001101001000111
0001010001111000
0000111011001010
1111011110001010
1110010111011010
1110000111111011
1110001111001000
1110010100010100
1101101011100000
1110011010000000
1110110011010010
1110011010000000
1101111111001000
1110001000011100
1110011010100000
1110010110111001
1111010001010000
0000100110011110
0010000101000000
0010011100010000
0010000100100000
0001111010101100
0001110011011100
0001111001101010
0001100110100010
0000100001010100
0000001111010000
0000001101101100
1111111111110000
0001001001100110
1111101101110110
0000111101110001
0001000101000010
0001011010110110
0000111101110001
1111010000110000
1111100110100100
1111011111010010
1110111010111110
1110100101001010
1111000010001111
1111011111010010
1111100110100100
1111101101110110
1111100110100100
0000110110100000
0000110110100000
0001000101000010
0001100010001000
0001101001011000
0001010011100100
0000111101110001
0001110000101010
0001111111001011
0010011100010000
0010010100111110
0001100010001000
0000111101110001
0001000101000010
0000101111010000
0001011010110110
0001101001011000
0000000011110100
0001010000000010
0001110110001000
0010010100101000
0001101110100010
0000101001111010
0000011010101100
0000010011000100
1111110100100100
1111011101101100
1111101100111100
1111110100100100
1111111100001100
0000101001111010
0000110001100010
0001010000000010
0001100110111010
0001111101110000
0010011100010000
0010011100010000
0010010100101000
0010001101000000
0001101110100010
0001010111101010
0001010000000010
0000101001111010
0000000011110100
0000010011000100
0001100110111010
0001101110100010
0001111101110000
0001111101110000
1111000011101000
0000000111000110
0001000011011110
0001001110001000
0001110001101000
0001010001101100
0000000011100100
1111100000000010
1111010001110110
1111010101011000
1111010001110110
1111010001110110
1111101110010000
1111101010101100
1111100111001010
0000000111000110
0000010001110000
0000011000110110
0001011111111000
0010000011011010
0010011100010000
0001111111110110
0001101110000110
0001110001101000
0001111000110000
0001110101001100
0001000011011110
0000101010101000
0000101010101000
0000110101010010
0000111100011000
0001001010100100
1101100011110000
1101100011110000
1101100011110000
1101100011110000
1101101000000000
1101101000111010
1101100111000100
1101100111010000
1101100101100000
1101100111100100
1110010000010100
0000101100101000
0001100101110100
0010000101011010
0010010001000010
0010010001011100
0001100100111110
0001000001100100
1111111110011010
1111010110111100
1111000010011010
1110010110001000
1110000001111010
1101110101001000
1101101111111000
1101101010110100
1101100111001010
1101100110110100
1101100011110000
1101100011110000
1101100011110000
1101100011110000
1101100011110000
1101100011110000
1101100011110000
1101100011110000
1101100011110000
1101100101101010
1101100101111110
1101101000011100
1101111010100100
1110000010010100
1110101001111110
1110100000001100
1111010101111100
0001001110110010
0010001101111010
0010000111001100
0010000100011010
0001000111101110
0000010000101000
1111011001001110
1110110000011010
1110010011101111
1101111000110000
1101110011100000
1101110000010000
1101101110011010
1101101100001010
1101101001010110
1101100110100110
1101100011110000
1101100011110000
1101100011110000
1101100011110000
1101100011110000
1101100011110000
1101100011110000
1101100011110000
1101100011110000
1101111000011100
1101101000111100
1101111010001000
0000011110001100
0001011110010000
0001101011010010
0000100000010010
1110000001011100
1110011001010110
1110100000110010
1110001101000110
1110001010001100
1110001100110110
1110001010011100
1110010101010000
1110001001101110
1101110111011110
1110001000110010
1101110011100010
1110110010000010
1110101110011010
1111001001011111
1111000000000111
1110110010100100
1101100011110000
1101100011110000
1101100011110000
1101100011110000
1101100011110000
1101100011110000
1101100011110000
1101100011110000
1101100011110000
1110011001010100
1110111000100100
0010011100010000
0010011100010000
0010011100010000
0010011100010000
0010011100010000
0010011100010000
1111011100010010
1101100011110000
1101100011110000
1101101000001110
1101110001001010
1101101000001110
1110000011000000
1110001011111100
0000011010110010
0000000000000000
1111110010100110
1111100000110000
1111000101111110
1110011101110010
1111111011100010
1111100101001110
1101100011110000
1101100011110000
1101100011110000
1101100011110000
1101100011110000
0001001110000000
0001001111111010
0001010110001010
0001011110100000
0001100110111100
0001110011000010
0001111110011110
0010001001011110
0010001111010100
0001100100110111
0000111011011110
0000111001010010
0000111010110000
0000111000110000
0000111000110100
0000111100000110
0000111110101110
0001000011011110
0001001010111100
0001101000100110
1110011110000110
0001010110011010
1110011001000000
1110100011010010
1111000011001110
1111011111111010
1111110000001100
0010011100010000
1110101110110000
1111000100101000
1111010110100110
1111011010100000
1111110010101110
0000001000100110
0000001011101110
0000101110111000
0000101110000110
0000111000010000
0000111101101110
0001011001110110
0001110001010010
0010010010000110
0010011100010000
0010001000101110
0010000011010000
0001110100011010
0001101111101110
0001110110110000
0001101011000010
0010000001101100
0001100101100100
0001000100110000
0001000111111000
0001000011111110
0000100111000100
0000011001110010
0000001000100110
0000010011100010
1111100110001110
1110100111101111
1110001100000001
1110001101110010
1110011001100110
1110101010001100
1111000011101000
1111001000011000
1111101110010000
1111101111011100
1111111011110110
0000011100011010
0000101000010000
0001000101010000
0001010001000110
0001010101110100
0010001011000110
0010000001101000
0010011100010000
0001110111100100
0001011011110000
0010000010001110
0001111000110000
0010011000101100
0001100010110110
0001101011101110
0001100010010000
0001011001111110
0001010001000110
0001010011011100
0001010001000110
0001001010100100
0000100100101100
1111110101010110
1111000010010100
1111011000011100
1111010111000111
1111001101000010
1111000000010010
1111000000111110
1111110001010000
1111110101010010
0000000011010110
0000101000111001
0000010101011110
0001001011110010
0001110011010110
0001100001111010
0001000100011010
0001101110101010
0010011100010000
0001101001111110
0001100010100110
0001101101010100
0001100101010000
0010000000110000
0001101001111110
0001011101111000
0001001110011110
0001001010011100
0001001011110010
0001010011001010
0001000101000100
0001001001110010
0000100010001100
1111110101111100
1110011111011001
1101100011110000
1101100011110000
0010011100010000
1101100011110000
1101100011110000
1110100010010000
1111101011001010
1101100011110000
0000011110010000
0000000111100100
0001000001100010
0000110100111100
0000001010000110
0000000101000010
0001000100000010
0001001001000110
0010001000000110
0010010010001010
0010011100010000
0010010010001010
0010001101001000
0001011111110010
0000100101110100
0000110010011010
0001010000101010
0000101111111000
0000011001001100
0000101000010100
0001011101010000
0001011000001110
0000000101000010
0000011011101110
0000110010011010
0001000110100100
0000000111100100
1111101110010110
0000000111100100
0000001111001000
1111110101111010
1110111110011110