1110000011001000
1110011010010110
1111110000010100
0000000010000100
1110111011000110
1110100101010000
1110110101101000
1110110111000000
1111000111011000
1110110111000000
1110101010101111
1111010110011000
1111000110000001
1110101100000100
1111011011110110
1111011001000110
1110110101101000
1110111100011100
1111010011101010
1111101010110110
1111110100011010
0000110011001100
0001110000100110
0010011100010000
0010000101000100
0001111111100110
0010010100000100
0010010110110010
0001001011110000
0000111110000101
0001010010100100
0001010001001011
1101110001011110
1110101011011010
1111100110110110
1111111101101110
1110111100001010
1101111101101010
1110010001011110
1110100101010100
1110111101101100
1110010100100010
1110100101010100
1110111101101100
1110111010101000
1110000110110100
1110011111001100
1110111001001000
1110101011011010
1110110100100010
1111010111100110
1111011100001100
0000001110011110
0000111101110000
0001101101000000
0010001011011110
0010011010101110
0010010111101100
0010011100010000
0001110001100100
0001100011110110
0000010100100110
0000110011000100
0001001000011010
1101101111011100
1110101011010100
1110101111101100
1111000111000100
1110101000011000
1110010011111100
1110011110001010
1110100100000000
1110110100000100
1110101100110000
1110100110111101
1110101011010100
1110101111101100
1110011100101100
1110111000011100
1110100100000000
1110011001110010
1111000010101010
1111000101100110
1111010010101110
0000001110100110
0000110001101010
0010000111110100
0010001010101110
0010010000100100
0010010100111100
0010011100010000
0010001100001100
0001011110111010
0001001010011110
0001000011001100
0000111101010110
1101100110110110
1110110101110000
1110100111110100
1110111111000010
1110001101100010
1110010000101000
1110011101000000
1110100111110100
1110101100011110
1110101110000000
1110001111000100
1110010010001010
1110011110100010
1110011001111010
1110001011111110
1101111111100110
1110000101110010
1110100110010010
1110101110000000
1111100101101100
1111110110101110
0000111101111000
0001110000111100
0010011100010000
0010000001111100
0010000101000010
0010000101000010
0010010111100110
0001001110111010
0000110100100110
0001001000101110
0001000111001010
1110010101010010
1111100111111000
1111100000010000
1111100101010100
1111001011111011
1111000001110001
1110101001101000
1111001010101010
1110110101000100
1110110101000100
1111000000011110
1111000110110110
1110111010001000
1110110111100110
1111010100110100
1111000110110110
1110101001101000
1110110010100000
1111001111101110
1111101111100000
0000000101000101
0001100100010110
0001101001011100
0010011100010000
0010011001101110
0010010100101000
0010000101011000
0001101001011100
0001010111101010
0000111111100010
0000011111110000
0001000100100110
1101101100011100
1111100000110000
1111011001110100
0000100110001100
0000001101111000
1111010100100110
1110110001111000
1110101010111100
1110111110000010
1110111111110000
1110111111110000
1110100101101110
1110100101101110
1110111010100100
1110110011101000
1110100100000000
1110001011101101
1110011110110010
1111001000011100
1111011111000000
1111101001011100
0000101001101010
0000101101001000
0000011111010000
0001000000010000
0010000101101100
0010011100010000
0001010110110100
1111111100100010
0000011010000010
0000011111010000
0000001101111000
1101111110100110
1111000011100110
1111000101100011
1111100010010010
1111010010111100
1111000011100110
1110111101110110
1110011101010000
1110111101110110
1110101100100110
1110101000110010
1111000001101100
1111000001101100
1110011111001100
1111100000011000
1111011010101000
1111011010101000
1111100010010010
1111001101001100
1111001001011000
0000000100110010
0000100001100100
0000010110000100
0000111100011010
0001001101101010
0001101100010100
0010011100010000
0010011100010000
0000111000100100
0000111110010100
0001001101101010
0001000101111110
1110001011101010
1110011000111100
1111100010000111
1111111100101100
1111000111011110
1111000000110110
1110111010001100
1111010100110010
1111010100110010
1110111010001100
1110011111100110
1111000111011110
1110111010001100
1110100110010000
1111000000110110
1111010100110010
1110110011100010
1111000000110110
1111011011011100
1111101000101110
0000000011010100
0000011101111001
0010000001101010
0010010101100110
0001001100011110
0001111011000000
0010011100010000
0010001000010100
0000101011001110
0001100000011010
0001011001110000
0000111111001010
1111000111001100
1111100011100110
0000101010101000
0000111000110100
1111111011010000
0000000000000000
0000000100110000
0000000000000000
0000001110001110
0000001001011110
0000000000000000
0000010111101100
0000010010111100
1111110110100010
0000010111101100
0000001001011110
1111101101000100
1111100011100110
0000010010111100
0000100101111000
0000111000110100
0001011110101100
0001011110101100
0010011100010000
0010001110000010
0001111011000101
0010010111100000
0010011100010000
0001000111000010
0001011110101100
0001011110101100
0001010000100000
1110011100100100
1111111001111010
1111100001100100
0000011010011000
1111111001111010
1111011101100000
1111010001010100
1111011101100000
1111001101010010
1111010101011000
1111110001110010
1111011101100000
1111010101011000
1111010101011000
1111001001001110
1110111000111110
1101100111110100
1110011000100000
1110100000101000
1111110101110110
0000001010001010
0001110111101110
0010010100001000
0001111111110110
0010011000001100
0010011100010000
0010011100010000
0001110011101010
0001100111100000
0000111110111010
0000110010101110
0001001011000110
0010011100010000
0010011100010000
0010011100010000
0010011100010000
0010011100010000
0010011100010000
0010011100010000
0010010010111000
0010011100010000
0001011010101000
0000101000101000
0000100101100000
0010000110011000
0010000110011000
0000111110100000
0000110010000000
0001001011000000
0001010111100000
0001100100000000
0010000000001000
0001001011000000
1111010111011000
1111010100010000
1110110101000000
1110110101000000
1110011000111000
1110011111001000
1110101110110000
1101100011110000
1101100011110000
1101100011110000
1101100011110000
1101100011110000
0010000000100100
0010011100010000
0010011100010000
0010011100010000
0010011100010000
0010011100010000
0010011100010000
0010001001001000
0010011100010000
0001100111111010
0001101101111110
0000111110001010
0001101111111110
0001010101010001
0010001000001000
0010010101001110
0010000011100110
0001001010101110
0000000110110010
1111100110000110
1111010000011100
1110010100100100
1110010000000010
1110010000000010
1110001101000000
1110000101011110
1110000110111110
1110000111011110
1101100011110000
1101100011110000
1101100011110000
1101100011110000
1101100011110000
0001100001011000
0000011110101110
0000010000001000
0000100100011100
0000100110000000
1111111111011110
1111110100000001
1111011011100010
1111101011001010
1111100111000000
1111011001000110
1111101111101100
1111101000011000
1111011000110000
1111110001110000
1111111101001110
1111111000000000
1111100101100010
1111010101111011
1110111111010000
1110101000100110
1110011001110000
1110010100100010
1110001110010010
1110011011010100
1110001001100110
1101110011101110
1101111110001000
1101100011110000
1101100011110000
1101100011110000
1101100011110000
1101100011110000
0010011100010000
0010011100010000
1110000111011110
1110000011000000
1101111010000100
1101110101100110
1101101100101100
1101100011110000
1101100011110000
1101100011110000
1101100011110000
1101100011110000
1101110001001010
1101101100101100
1101101100101100
1101101100101100
1101111110100010
1111000001100000
0000010110010100
0000011111010000
1111001110111010
1110111000100100
1101111110100010
1101110101100110
1110000111011110
1110000011000000
1101101000001110
1101110001001010
1101100011110000
1101100011110000
1101100011110000
1101100011110000
1101100011110000
0001010001001110
0001001111000100
0001001111000100
0001010111101110
0001010000110100
0001001100101110
0001000000010110
0000110100111000
0001000011001000
0001001101110100
0010011100010000
0010011100010000
0010011100010000
0010011100010000
0010011100010000
0010011100010000
0010011100010000
0010011100010000
0010011100010000
0010011100010000
1110001101011010
1110010111001110
0001111001000010
0001000010001100
0010000011100110
0001010000110010
0001110001111110
1101100011110000
1101110110101100
1110001100101010
1101111110110110
1110010101010100
1110001101101110
1110011011101100
1110011111010000
1111000101011110
1111000001111100
1110100101000110
1110100111111010
1110111001101000
1111010111101111
1111011010111010
1111010010000100
1111101101001010
0000001001011110
0000101101100110
0000110101111001
0000111001110100
0001001111001110
0001101000101110
0001011100010110
0000111111110100
0001010100000000
0001111011001010
0010011011100010
0010011100010000
0010001101011000
0010001110011100
0001110001110000
0001001001100100
1110010101000110
1111110011110100
1111011101001110
1110110000101100
1111000000101010
1110101010111001
1110111110011110
1111100010011100
0000001001100110
0000000110001100
0000011000110010
0000110011010110
0001101001111010
0001110001101100
0000111111101111
0001001011010100
0001110001111010
0010010101000100
0010011100010000
0001111001111000
0010001011000100
0010000010101100
0001110001000110
0001000011010110
0000001100001100
0000110111111100
0001111110111000
0001110111010010
0001101010111010
0010001000101010
0001111011000101
0001001100111100
1110010100010100
0000011110000011
0000000111100110
1110111110000100
1111011000011110
1110111110101100
1110111101010000
1111000100100010
1111011010001100
1111100001101000
0000110010110000
0010000000011010
0010001110111110
0010001101100010
0001111111010100
0001011001100000
0001101110101110
0010011100010000
0010010111100000
0001001110100110
0001000010011100
0000100101010100
0000001001101010
1111101001101100
1110101001110100
1110110100100100
1110110010101010
1110100011110100
1110111100110010
1111101110011100
0000100001100010
0000000001100110
0010011100010000
1101100011110000
0010011100010000
1101100011110000
0000000000000000
1101100011110000
1101100011110000
0010011100010000
1101100011110000
1110101010011011
1111011000100110
1111110001000100
1111100110001100
1111100011011110
1111000010110110
1111011000100110
1111101110010110
1111110110100000
1111111110101010
1111111110101010
1111101000111011
0000111010011100
0010011100010000
0000101010001000
0000111010011100
0000101010001000
0000111101001010
0001000010100100
1111110011110010
1111110011110010
1111111110101010
0000000001010110
1111001000010011
1111010101111000
0000011100100010
0000101111100100
1111010101111000
1111100110001100
1111100110001100
0000101100110110
1110111010101110