1110100110110110
1111010001001000
1111000101001100
0000000010110000
0000100101101100
0000100011110110
0000001110101110
1111110110110100
1111010001001000
1111001010101100
1110111111101010
1111100101010110
1111111010100000
0000000110011100
0000011010101010
0000100100110000
0001011011111001
0001111110110110
0010011100010000
0010001100101000
0001110001000100
0001110010111000
0001111001010100
0001101001101100
0001011011111001
0000110100011000
0000011100100000
0000010000100010
0001000001010000
0001000001010000
0000110101010100
0000010110000100
1110111000100010
1111100010111010
1111111001100110
0000011001001000
0000101011111000
0001001011011010
0000101100110110
0000010010010000
0000001011010110
1111111010100100
1111111011100100
0000011010000111
0000101010111000
0001000000100100
0001010010010100
0001110111110001
0010011001010010
0010011100010000
0010000001101000
0010000010101000
0001111011101101
0001111100101110
0010001001100010
0010000100100110
0001010100010010
0000110111101100
0000100011000000
0000110011110000
0001100101000001
0001011101001001
0001000100100000
0000110100110000
1111000000100000
1111101001111100
1111111011000010
0000000100111110
0000111001001100
0001010011010100
0001000010001100
0000110001000110
0000011111111110
0000010000101010
0000011000110010
0000110001000110
0001000011000110
0001010110000000
0001111110100010
0010001000011100
0010001101110110
0001101111001110
0001101111001110
0010000011111100
0010000111100010
0010000011000010
0010011100010000
0001101110010100
0001000010001100
0000011111000100
0000010110000100
0001001000100000
0001001000100000
0001000100000000
0000110110100000
0000101111010010
1110111110101110
1111100101100000
0000000100010110
0000010101110000
0001001111100000
0001101111111100
0001100110011100
0001101111001010
0000111101010100
0000110000101010
0000110110111110
0000111110000101
0001101001101000
0010001000011110
0010011100010000
0010011010101010
0001100010100000
0001011101110000
0001101111001010
0001111100100110
0010001110000000
0010010100010110
0001110011001000
0001011100001010
0000111000100100
0000010010100110
0000101100101011
0001000111100110
0001000100011100
0000110010010000
0000110010010000
0000101111000100
1110110101100100
1111100001001110
0000000100010010
0000010011000110
0000110010010000
0001011001001101
0001011001001101
0001101111110110
0000110110111100
0000011011101010
0001000001000100
0001011001001101
0001110100100000
0010011100010000
0010010010001000
0001111001111110
0001011011100100
0001001111111000
0001001111111000
0001101101100000
0010001000110010
0010010101010000
0001101000110011
0001010001011100
0000111010000100
0000010111000000
0000001001110000
0000001111001100
0000110010010000
0000110010010000
0000100101110010
0000100101110010
1110111001011100
1111110000000000
1111111000101010
0000010111110100
0001000001010110
0001001101011110
0001010110001000
0001010010101010
0000100111011000
0000011111100110
0000110100011000
0001011111101010
0001110000000110
0010000100111000
0001111101111100
0001101000010100
0001000101101100
0001000111011010
0000110111110110
0001000100110100
0001011001100110
0001111000110000
0010011100010000
0010001010000100
0000111101111010
0000011100111111
0000001011101100
0000001000001110
1111011100111100
1111110101001100
0000010111110100
0000000010001010
1111011101101000
0000111000011010
1111111011011110
0000000001111100
0001001110011100
0001000001011110
0001110101010110
0001100001111010
0000011101001100
1111110110010010
0000010100000110
0000011011111000
0000111000011010
0001100001111010
0010000111100000
0001011111010100
0000111101100110
0001011011011010
0001100100100000
0001011000110100
0001101100010001
0010000100111010
0010011100010000
0010011010111110
0001111101001000
0001100011001100
0001101010111110
0001001111110000
0000101110000001
0001000100000100
0001001110011100
0000110100100000
1110010101011110
1111000111001100
1111001110010010
0000010101010100
0000101010101000
0000011100011010
0000000000000000
1111110001110010
1110111000111110
1111100011100110
1110011100100100
1111001110010010
0000000000000000
0000010101010100
0000000111000110
0000010101010100
0001010101001110
0001111000110000
0010011100010000
0001111111110110
0001011100010110
0001110001101000
0001111111110110
0001011100010110
0001011100010110
0000111000110100
0000100011100000
0000011100011010
0000110001101110
0001001110001000
0000101010101000
1111110001110010
1110111011010000
1111100000110000
1111000111110000
0000000000000000
0000111110100000
0000111110100000
0000000000000000
1111111001110000
1111100000110000
1111000001100000
1111001110000000
1111101101010000
0000000000000000
0000001100100000
0000101011110000
0001001011000000
0001011101110000
0010001001100000
0010011100010000
0010000011010000
0001100100000000
0001110110110000
0001110110110000
0001010111100000
0001001011000000
0000000000000000
0000000110010000
0000000110010000
0000111110100000
0000011111010000
0000011111010000
0000011111010000
1110110000111110
1111100100011100
0000000101100000
0000010100001101
0000101101111110
0001000000010110
0001010010101110
0001110000001000
0001001011011000
0000000101100000
0000111100101010
0001110000001000
0001101100011110
0010001001111000
0010001101100010
0010001101100010
0001011101110000
0001000111101100
0001010010101110
0001011101110000
0001101000110010
0001111110110110
0010011100010000
0010000010100000
0001000000010110
0000111001000000
0000101010010010
0000101010010010
1111101111011110
0000100010111100
0000111001000000
0000101010010010
1101100011110000
1101100011110000
1101100011110000
1101100011110000
1101100011110000
1101100011110000
1101100011110000
1101110111101000
1101110011000110
1101111011001110
1110100001001010
0000010110100110
0001010010001100
0001010110101110
0001110100100000
0010001011000110
0010001011000110
0010000110100100
0010001100000000
0010000001001010
0001010010001100
1111010101100100
1110001010100110
1110000001100100
1101111101111100
1101111000100010
1101111101111100
1101111010010110
1101111001011100
1101111010010110
1101110110101110
1110000100010000
1101110011000110
1101100011110000
1101100011110000
1101100011110000
1101100011110000
1101100011110000
1101100011110000
1101100011110000
1101101001110100
1101101001101010
1101110101001100
1110100110010100
0000110101101100
0000000100100100
0000010011010110
0001010001010000
0001010101101000
0010000100011110
0001101100010001
0001011001110110
0000011110110000
1111010100111000
1110110100101010
0000110011101110
0001101101100010
0000001100000010
0000101011110110
0000110001000010
0000110010100101
1111110010011100
1111100110011110
1111101111000010
1111001010011110
1110111001000010
1101100011110000
1101100011110000
1101100011110000
1101100011110000
1101100011110000
1101100011110000
1101100011110000
1101110001010000
1101101000111100
1101110000010000
1110100110111101
0000000000101000
1111101111110000
1111010001110000
1111100000110000
1111011000000000
1110111101110000
1110110101000000
1111001000110010
1111000101101010
1110110001010110
0000011110101110
0010011100010000
0010011100010000
0010011100010000
0010011100010000
0010011100010000
0010011100010000
0010011100010000
0010011100010000
0010011100010000
0010011100010000
0010011100010000
1101100011110000
1101100011110000
1101100011110000
1101100011110000
1101100011110000
1101100011110000
1101100011110000
1111011100010010
1110001011111100
0010011100010000
0010011100010000
0010011100010000
0000011111010000
1101110001001010
1101101100101100
1101110101100110
1101110001001010
1101101000001110
1101111110100010
0000001101011010
0010011100010000
0010011100010000
0010011100010000
1110010100110110
1101110001001010
1101111010000100
1101110101100110
1101110101100110
1110001011111100
1110000111011110
1101111010000100
1101111010000100
1101101100101100
0010011100010000
0010011100010000
0010011100010000
0010011100010000
0010011100010000
0010011100010000
0010011100010000
0010011100010000
0010011100010000
0010011100010000
0000010000110110
0000010000110110
0000001010111100
0000000011111110
1111110111111010
1111110001101000
1111101000001000
1111011010110110
1110111101010010
1110101110110110
1101111000100110
1110111111101010
1110011100100110
1111101111011110
0001010010000110
1111111111111100
0000001001010110
0010011100010000
1110011101111000
1111011000000010
0000011001011100
1111111000101110
1111101101110110
1111101101110110
0000001110100010
0000110110100000
0010010100111110
0010011100010000
0010010001010110
0010011100010000
0010010001010110
0001100010001000
0000111010001000
0001100010001000
0001001111111100
0001010111001110
0001000101000010
1111100110100100
0000010010001010
0000111101110001
0001001111111100
0001010011100100
0000111010001000
0000100000101110
0001010111001110
0001101101000000
0001100010001000
0001000001011010
0000111101110001
1111110101000110
1111001010101010
1111110000110000
0001010111101010
1111110100100100
1111110100100100
0000000011110100
0000001111010000
0000001111010000
0010011000011100
0010011100010000
0000101101101110
0001100110111010
0000101001111010
1111111100001100
0001001100001110
0001010111101010
0000010110111000
0000010110111000
0000010011000100
0000000111101000
0000100110001000
0000100010010100
0000110101010110
0000110101010110
0000100010010100
0000011010101100
0001000100100110
0001001000011010
0001001000011010
0000111001001010
0001000100100110
0000111001001010
1110111010010000
1111100110111000
0001001000100010
0000001000011000
1111110010000100
0000000101100110
0001000000001100
0000101100101010
0010010001000110
0010011100010000
0010000011001000
0001111101100100
0001111010110010
0000101111011100
0001000101110000
0001001110001000
0001010000111010
0001000010111110
0000011001001000
0000000000000000
0000010000110000
0001010011101110
0010001011100000
0001101111100101
0001101100110100
0001001011010110
0001011001010010
0010000101111100
0001101010000010
0001100111010000
0001011001010010
1111111101001110
0010011100010000
1101100011110000
1101100011110000
0010011100010000
1101100011110000
1101100011110000
1101100011110000
1110001000001111
1101100011110000
1110000010000110
1110000011111010
1110101001011010
1110101011001101
1110101011001101
1111000010011010
1111000010011010
1111010000101100
1111010000101100
1111000100001101
1111001110111010
0000000110010000
1111111111000111
0000001001110100
0000010000111110
0000011101011110
0000001011100110
0000100100100110
0000110110011110
0001001101101100
0001011000011010
0001011101110000
0001111010010100
0010011000101100
0010011100010000
0010000110110100
0001111100000110
0001101000011110
0010010101000110
0010000101000010
0001001101101100
1111111101010100