1111010011010101
0001000001010010
0001010001000110
0000001101000011
1111110101010100
1111001111010110
1111001010100110
1110110101010000
1110100110001110
1110011001100100
1110010000000100
1110010100000000
1110110000100000
1111010011010101
1111010010100000
1111101110001100
0000010001110100
0000111101010100
0000101110010010
0001101111001010
0001110111110110
0010000101010100
0010011100010000
0010000100100010
0001111110111110
0001111110111110
0001100100000101
0001101011001100
0000101001100010
0000111111101100
0001010101110110
0001101001101000
1111010110101110
0001100000010011
0001101010001000
0000011101111110
0000110000001001
1111101001111000
1111110010101110
1111001010011100
1111100000100100
1111001001111101
1111000100100010
1110111011001110
1111001000011110
1111001010111100
1111011001001100
1111101000011010
1111100000100100
1111111101000100
0000010111100110
0001000110110000
0001100001110010
0010011100010000
0010010101011000
0001010101000000
0001100000010011
0001110010100000
0001111111110000
0010000001101110
0010000001101110
0001100101101110
0001111111110000
0001110011111110
1111110110000110
0001011111001110
0001100100001100
0000110110000000
0000111011011000
1111111101100010
0000001001000100
1111100010010100
1111110100000010
1111001011101010
1111011011101110
1110111110000010
1111001100011110
1111001100111000
1111111101100010
1111101111100000
0000000000011010
1111111010001110
0000111000000100
0000110111101010
0001101100000000
0001110011011100
0001100111011110
0001110111001001
0001010111110100
0001101010110010
0001100011010110
0010000011100000
0001111010011100
0010011100010000
0010001010100010
0001111011101100
1111101111101010
0001010110100000
0001011000101110
0000110110101110
0000111000000100
1111101111101010
1111110100000110
1111100110011010
1111101100001000
1111001001010010
1111010010100010
1110111011001010
1111000111000100
1111100101100010
1111110101110110
1111100000101010
1111110110101110
0000000001010100
0000011011011000
0000100110011010
0001001010100110
0001110011001100
0010011100010000
0010001001010010
0001011111010110
0001010010000110
0001111001011000
0001101111001110
0010001101010000
0010000110101000
0010001010001010
0010000101110000
1111101010011010
0001001100110000
0001001011011000
0000111111011010
0000111001111010
1111100011111110
1111011100101000
1111011111011000
1111010111000111
1111010100110100
1111001100000101
1111001101000000
1111000110100100
1111011100101000
1111010110001100
1111110001110000
1111101001111100
1111111101010000
1111110110110100
0000111101001000
0001000000010110
0010010101110100
0010010000110000
0001111110011000
0001111010010000
0001110011110100
0001110001000100
0010011100010000
0010010111001100
0010000100110100
0010000010100000
0010010010001000
1111111100110000
0001100000011100
0001011110100110
0001011100010010
0001010111101000
0000000101100100
0000000000000000
1111100111111000
1111011111000110
1111101011001000
1111100010110010
1111001001110000
1110111111100100
1111010001101000
1111001100100010
1111100011010000
1111011110101000
0000001001110000
0000000100001100
0000111101101010
0000111111000100
0010001110010110
0010001100100000
0010001101011010
0010001001101110
0010001001010000
0010000101100010
0010011100010000
0010011001011110
0010000010010010
0010000010010010
0010001011100100
0000001100111100
0010010001000000
0010010001000000
0010000100000110
0010000000101110
1111101001100010
1111010111100010
1111101100010110
1111101010101010
1111000111001110
1111000111001110
1110110000001100
1110110001111000
1111011000000110
1111011010111010
1110101011101100
1110011110110001
1110111111011000
1111010101110110
1111110111000000
0001000100100100
0010000010011010
0010011100010000
0010001101000100
0010000100000110
0010000110010110
0010011000111000
0001111100001110
0001110111001001
0001010111101100
0001000100000000
0001100111111110
0000001110001110
0000001110001110
0000000111000110
1111111000111010
1111110001110010
0000100011100000
0000100011100000
0000110001101110
0000010101010100
1111110001110010
0000101010101000
0000111111111001
0001100011011100
0010000110111100
0010000110111100
0001100011011100
0001110001101000
0001101010100010
0001110001101000
0010001110000010
0010000110111100
0001111000110000
0001111000110000
0001101010100010
0001100011011100
0010010101001010
0010011100010000
0010001110000010
0001110001101000
0001011100010110
0001101010100010
0010010101001010
0001010101001110
0001000111000010
0000010101010100
0000110001101110
0000001110001110
1111110001110010
1111011100100000
1111100011100110
1111100011100110
1110111000111110
1111010101011000
1111011100100000
1111101010101100
1111110001110010
1111100011100110
0000000111000110
0000110001101110
0001000111000010
0000101010101000
0000101010101000
0000111000110100
0010000110111100
0010011100010000
0001101010100010
0010001110000010
0001011100010110
0000111111111001
0000111000110100
0000101010101000
0000000111000110
1111110001110010
1111111000111010
1111101110000010
0001011100101010
0001100010001100
0000101010111000
0000111000101100
1111110110010100
0000000100001010
1111010010011000
1111101011010000
1111001100110110
1111010010011000
1111000001110010
1111000100100010
1110111100010000
1111110011100100
1111110000110010
1111110110010100
1111111011110110
0001000001000000
0001001001010010
0001111101110110
0010011100010000
0010001000111010
0001101010011110
0001010100010101
0001110010110010
0001100111101101
0010011100010000
0010011001100000
0010001110011100
0010010001001100
0010000011011000
1101100011110000
1101100011110000
1101100011110000
1101100011110000
1101100011110000
1101100011110000
1101100011110000
1101100011110000
1101100011110000
1101100101010010
1101100111101100
0001011101011101
0001001110011100
0000101110001011
0000010010011100
0000000100010000
1111110000101010
1111100000010100
1111010001101011
1111001011100100
1111010110000010
1111000111000000
1110011010001100
1101110101011010
1101101000001110
1101101011101100
1101100111000100
1101100011110000
1101100011110000
1101100011110000
1101100011110000
1101100011110000
1101100011110000
1101100011110000
1101100011110000
1101100011110000
1101100011110000
1101100011110000
1101100011110000
1101100011110000
1101100011110000
1101100011110000
1101100110011110
1101100110110100
0001101011000110
0001111001101110
0010010000001110
0001010110101110
0000111101010110
0000110000001001
0000101110011000
0000001111111000
1111110100011100
1111101010110100
1111000011000100
1110011001010110
1101111001111010
1101101111100100
1101101110000110
1101101001000010
1101100011110000
1101100011110000
1101100011110000
1101100011110000
1101100011110000
1101100011110000
1101100011110000
1101100011110000
1101100011110000
1101100011110000
1101100011110000
1101100011110000
1101100011110000
1101100011110000
1101100011110000
1101101011100100
1101110001110100
1110000001000010
1110010001000100
1110101100000000
1110101010011100
1111000101000000
1111000001100000
1111001001010100
1111000110101010
1111000010000101
1110011100001111
1101101111110000
1101111000111110
1110111110010000
1111100101110100
1110101101100100
1101111010100010
1101100011110000
1101100011110000
1101100011110000
1101100011110000
1101100011110000
1101100011110000
1101100011110000
1101100011110000
1101100011110000
1101100011110000
1101100011110000
1101100011110000
1101100011110000
1101100011110000
1101100011110000
1110100010010000
0010011100010000
0010011100010000
0001110100000100
1110100010010000
1110101011001101
1110011001010100
1110010100110110
1110000011000000
1110000011000000
1110010100110110
0000011010110010
0000001101011010
1111001110111010
1111001010011100
1110100010010000
1110101111101010
1111100101001110
1101100011110000
1101100011110000
1101100011110000
1101100011110000
1101100011110000
1101100011110000
1111101000111110
1111101101110000
1111110010110100
1111111000010110
1111111011000000
1111111111111011
0000001000010010
0000010000111010
0000010110111010
0000010010010110
0001001000010000
0001001100110000
0001001111111100
0001011010111010
0001100010001100
0001101111100010
0001110111010010
0001111101011100
0010000111101010
0010011001101000
1101111100110000
1111111010100000
1101100110110110
0000001101111000
0010000110000110
0001010110101000
0001111001000010
0010011100010000
0000101001101010
0000101110111000
0001000001000110
0001011000100010
0001101101011000
0001000110010100
0010001111001110
0010011100010000
0001100000010110
0001011101110000
0001010101111100
0001110010100110
0001101101011000
0001110101001100
0001101000001010
0001111101000000
0001100101100100
0001001011100010
0001011011001010
0001101111111110
0001011000100010
0000111001010010
0001001110001000
0001100101100100
0001010011010110
0001001110001000
0000100100011110
0000110001011110
0000101001101010
0000011111010000
0000101100010010
1111100011010110
0000010010100100
0000001110001110
0001001111110000
0001001001001110
0000101000011011
0010000110011010
0010011100010000
0001001011011010
0001110100111010
0001001101100110
0001110010101110
0001010100001000
0001011100111000
0001111001010010
0001111111110110
0001001101100110
0001011111000100
0001000111000010
0000100100000100
0000101110111110
0001011111000100
0001011010101100
0000110011010110
0001001001001110
1111111010100010
0000100100000100
0001010100001000
0001011010101100
0000100001111000
0001001101100110
0001010110010100
1111100110111000
0000101000101111
0000111101001010
0000111111011010
0001011010100110
0001110011100000
0001111110110100
0010001110101010
0010001100011010
0001101000001010
0001111110110100
0010000001000100
0001011010100110
0001110001001110
0010011100010000
0010011010000000
0010001110101010
0010010000111100
0010010000111100
0010001110101010
0001000001101010
0001100001011000
0001010110000100
0001111010010010
0001010011110010
0001001111010000
0001111100100100
0001101100101100
0000111101001010
0000010100010111
0000010100010111
0000000100100010
1111101001010110
1101100101001000
0010011100010000
1101100011110000
1101100011110000
1101100011110000
1101100011110000
1111000001100000
1101100011110000
1101100011110000
1111100100001010
1111011010011100
1111100110100100
0000000011100111
0000011011110110
1111110111100010
0000100101100100
0000101010011001
0000011001011100
0001011010110110
0010000110011100
0001110111111010
0010011100010000
0010010111011010
0001111111001011
0001110000101010
0001110000101010
0000110001101010
0000110100000101
0001000010101000
0001001001111000
0000111000111100
0000110001101010
0001001001111000
0000111101110001
0000011110010010
0001000111011110
0001000000001100
0000000110000100
1111101101110110
1111111001111100
1111000010001111