1110101001111000
0000000001111100
0001010011000000
0001001011111110
1111001111010010
1110100100011100
1110010101101000
1110010101101000
1110010000001010
1110010111001101
1110111001011110
1111000110101110
1111010111000111
1111101100111010
0000010100101010
0001001010011100
0001011101001000
0001011010110010
0001000011011010
0001011010110010
0010000010100010
0010010101010000
0010010011101100
0001110000100110
0001100000010000
0001100001110100
0001101100101110
0010001101011100
0010001000000000
0010011100010000
0010000100111000
0001000000010010
1110100010001000
1111111110010100
0001010001000000
0001001011100110
1111000000101000
1110100010110010
1110001110011110
1110010100100100
1110010010100010
1110011001010100
1110111011111000
1110111010100010
1111010110010100
1111011001000010
1111111110010100
0000111101010110
0001100100101010
0001101000101110
0001100001010010
0001000110001010
0001111100011000
0010001101010110
0010000111111010
0001111010010110
0001011011110110
0001010110011100
0001110101101000
0010001000100110
0010010101011110
0010011100010000
0010000101001100
0001001110111110
1110011111100110
1111111100001100
0001010000011000
0001000101111100
1110110111111110
1110011001010110
1110000101001010
1110001011011010
1110000101001010
1110001011011010
1110101100001000
1110110010011010
1110111100110110
1111010111111110
1111101100001010
0000100101010000
0001001111101100
0001101100111100
0001110011001100
0000111111000000
0001101110010100
0010000010100000
0010001000000100
0001110101111110
0001011101101000
0001011100111010
0001110001110010
0010000101010010
0010010001001000
0010011100010000
0001111100111100
0001000001110010
1110100001001010
0000000010011000
0001011100001000
0001000111001110
1111000101101000
1110010000111110
1110001110111100
1110000110001100
1110001111101001
1110010011000000
1110011111001010
1110101100101010
1111001001000000
1111000111101011
1111011011001110
0000010101010000
0001001101010010
0010001000101100
0010010001011100
0001110011000110
0001110000010111
0010000101010100
0010010010001000
0010001000101100
0001100110010000
0001100000001100
0001111101111000
0010011000111000
0010011100010000
0010011001100100
0010000001111100
0000111101110000
1110101101100100
0000011110000000
0001001010110110
0000100001011110
1110111011011000
1110010100000011
1110001011000101
1110000111101000
1110010110000110
1110010110000110
1110101010001000
1110110111111010
1111000100010111
1111001000011110
1111100010101100
0000001100110000
0001000111011010
0010001100011000
0010010100101010
0010001000111100
0001111111111101
0010010111011010
0010011010111000
0010000110111000
0001100000111011
0001100000111011
0001111010011100
0010001110011100
0010011100010000
0010001111001010
0001011010101110
0000011101010100
1110110101111100
0000001000001000
0001001111110000
0001001010111000
1111101110000110
1110101011011000
1101111111011010
1110011110010110
1110001011101000
1110010100100100
1110100110011111
1111000110001110
1110111111101110
1111001100101110
1111100101001010
1111110011110010
0000111111011110
0010010001101010
0010011100010000
0010000100101010
0001111100011111
0010001110011010
0010010001101010
0010000011000010
0001010010001100
0000111011011010
0001001100100000
0001110110000000
0001111000011100
0001101110101100
0000100010001100
1111100001000100
1111000001001110
0000000110101100
0001101100001100
0001101101111110
0000100100111100
1110111111011100
1110100000010010
1110110100110010
1101110001000110
1110000100101100
1110000011110101
1110010011110100
1110011001001010
1110011101101000
1110101001001100
1111010011000010
1111110111100010
0001011111101110
0001111011010100
0010000000101010
0001110111110000
0010011100010000
0010001101001000
0001110101111110
0001000101000000
0000101011001100
0000111000100010
0001101001100000
0001010101111010
0000111011001110
1111101110101000
1110110111011100
1111011011111100
1111011011111100
0001010100001000
0000011000000010
1111110011111110
1110011111110111
1110011111110111
1110000111110100
1110010011110100
1110000111110100
1110010011110100
1110101011111000
1111011011111100
0000000000000000
1111110011111110
0000100100000100
0001001000001000
0001001000001000
0001101100001100
0001111000001100
0010011100010000
0001100000001001
0010000100001110
0001111000001100
0010010000001110
0001111000001100
0010000100001110
0001101100001100
0001100000001001
0010000100001110
0001010100001000
0000111100000110
1110101011001101
1111010111110100
0000110001000110
0000111010000010
1111000101111110
1110101011001101
1110011001010100
1110011001010100
1110011001010100
1110100010010000
1110111101000010
1111001110111010
1111101001101100
0000000100011110
0000011111010000
0000111010000010
0001100110101100
0001011101110000
0001010100110011
0001100110101100
0001111000100010
0010010011010100
0010001010011010
0001111000100010
0001101111100101
0001101111100101
0001111000100010
0001111000100010
0010011100010000
0010001010011010
0001100110101100
0001000010111110
1111001000010100
0000110100000101
0001101001111110
0001001101001110
1111001111100000
1111000001001010
1110111001111110
1110100000110100
1111000001001010
1110101011100110
1111001111100000
1111100101000100
1111100101000100
1111101000101010
1111101111110110
0000101001010100
0000110000100000
0010001101111000
0010011100010000
0010000110101100
0001101101100100
0001101101100100
0010011000101010
0001111111011111
0001011000000000
0001011011100110
0001111000010110
0010011000101010
0010011000101010
0001111000010110
0001011000000000
0000101100111010
1101100011110000
1101100011110000
1101100011110000
1101100111100100
1101100111111110
1101100110110100
1110000100010000
1101111101111100
1110011000010110
1110010000101100
1110001111001011
0001011000100100
0010011000110100
0010010011011100
0010010011000100
0010000010101000
0010000011111110
0001010101000110
0000110100111110
0000010000011100
1111100101100110
1111000011100101
1110110011111000
1110011101001000
1110001000010010
1101110111101000
1101101111000010
1101101010010000
1101100011110000
1101100011110000
1101100011110000
1101100011110000
1101100011110000
1101100011110000
1101100011110000
1101100011110000
1101100110001110
1101100110011110
1101101010010010
1110001000011110
1110001111000001
1110010011001000
1110000011011000
1101111100111110
0000111000001010
0010001110101000
0001111010110110
0001111100010010
0001100001101010
0001011011110110
0001010010001100
0000011101100100
1111010110101000
1110100101010000
1110010011111100
1110010110000110
1110001011001000
1101111011110010
1101110000100000
1101101010001010
1101100111011100
1101100011110000
1101100011110000
1101100011110000
1101100011110000
1101100011110000
1101100011110000
1101100011110000
1101100011110000
1101101011000110
1101101000111100
1101110110100000
0000011001100000
0001100111101000
0000001000010100
1111000000011100
1110100101011000
1110011001110000
1110101111001100
1110100000000001
1110100011001000
1110011110001110
1110100101011000
1110110101000000
1110100010010000
1110011001010000
1110001001010000
1110000110001000
1110001101011010
1110110010111010
1110111110111000
1110101111010000
1110001001010000
1101110000010000
1101100011110000
1101100011110000
1101100011110000
1101100011110000
1101100011110000
1101100011110000
1101100011110000
1101100011110000
1110101011001101
1111001110111010
0010011100010000
0010011100010000
0010011100010000
1110111000100100
0000111010000010
0010011100010000
0010011100010000
0000000000000000
1101100011110000
1101100011110000
1101100011110000
1101100011110000
1110111000100100
1111100000110000
1111001110111010
1111100101001110
1110001011111100
1110100110101110
1110011101110010
0000010001110110
0001100110101100
1111101110001010
1110100010010000
1101100011110000
1101100011110000
1101100011110000
1101100011110000
1101100011110000
1111010011111000
1111010100101000
1111011001011000
1111011011001010
1111011011010000
1111011011011000
1111011010010000
1111011000100010
1111010110011110
1111010101111011
0001011011100110
0001011010001000
0001011011010100
0001011011110000
0001011000100000
0001011011110110
0001011010111110
0001011111111111
0001100100101100
0001100010111000
0000011001000000
1111100110010000
1101110111001010
1111000100010000
0001001000111000
0001111100100100
0010010011010000
0010011100010000
1110100011010010
0000000000000000
1111101111100100
1111110100110010
0000010001001100
0000011101001001
0000010100001100
0000011001011010
0000101000011000
0000010111001100
0001111111110110
0001110001101000
0001010110101110
0001101110101010
0001010110101110
0001111001001000
0001110011001000
0001111110010110
0010000111010100
0010011001010000
0010011100010000
0010000011100110
0010000010000110
0001101101111010
0010000000100110
0001100011011100
0001011000001110
0010000001010110
0001111011010110
0001100110011100
0001000110010010
1111110001000100
1111101010111100
1111101100011000
1111010010111100
1111110010111010
1111111101000111
1111101111010010
1111011011101010
0000001100010110
0000111101110001
0000111010111000
0001111101000000
0010001100010000
0001011011100100
0001011110011110
0001111000101000
0001111101000000
0001101010000110
0010001000101000
0010011100010000
0001110111111010
0010000101000000
0010010010000100
0001100000101010
0001001110100000
0001100111001100
0001010011100100
0001101011100100
0001101010110110
0001011101000010
0001010010001000
0001000111111100
0000010101000100
0000000010101010
1111111110101100
1111110011011010
1111011000111100
1111001010011000
1111110010110000
1111111100101100
0000000111111100
0001000010001110
0001000100110110
0010001001101110
0010011100010000
0001001100110100
0001001100001000
0010000011110000
0001110111001100
0001000000111000
0001010001011100
0001000110110110
0000110100111110
0001011100101011
0001010110101110
0000110110111100
0000011001001010
0001010010000110
0001000001100010
0000110100111110
0001000000001110
0001010000001000
0001000010001110
0001000101100010
1111101100001000
1110010011010100
1101100011110000
1101100011110000
0010011100010000
1101100011110000
1101100011110000
1111000001100000
0000000101001110
1101100011110000
0000001100001110
0000001001100000
0000001100001110
1111100011011110
1111101000111011
1110100111101100
1111011000100110
0000000110110010
0000101100110110
0001110110001110
0010001001001110
0010011100010000
0000111010011100
0001001010101110
0010011001100010
0001011000010100
0000110101000000
0000110010010001
0000110010010001
0000111010011100
0000100001111110
1111001000010011
1111011110000010
1111010011001010
1111110110100000
0000100001111110
0001100000011101
0001101110000100
0001011000010100
0001011000010100
1111110001000100
1110100010010000