1110011101000000
1111100101011010
1111101010010100
0000100001001000
0001110001010100
0010010101101110
0010011100010000
0001111011001000
0010001100010100
0001111110110100
0001000001011100
0000011101011100
0000011000100010
0000010011001110
0000000001101000
0000011000111100
0000101000100000
0001100000100010
0010000110111110
0001111110110100
0001011010110100
0001010011110110
0001011010110100
0001100101110110
0001011010011010
0001000011111010
0000010101010001
0000000011010010
0000101110001110
0000101001010100
0000000100100000
1111010010001100
1110010110111110
1111011101100010
1111011111100010
0000100010000100
0001100011011010
0010011100010000
0010010111110100
0010001110111100
0010011100010000
0001111000110010
0000110011011010
0000011000011010
0000001011000101
0000000110010000
0000000010101000
0000001111100010
0000101011010110
0001100000111110
0010000100111000
0001101101011110
0000111011011110
0000111010101010
0000111001011110
0000111110010100
0000011010000000
1111111111011010
0000000011011100
1111101101010000
1111111000001000
0000001000010010
1111111000111101
1110111110011110
1110010111001110
1111011110011100
1111100011101010
0000100100100010
0001101001111010
0010010000101100
0010011100010000
0010010001110100
0010010101001010
0001110011111110
0000101010001000
0000101001011010
0000011011111110
0000010111111000
0000010100001000
0000100110011010
0001011110010110
0001111101101010
0010000010111010
0001010110100000
0000110011000110
0000111010001100
0001000110110110
0001000100101000
0000101101100000
0000001010110100
0000001011001100
1111101011100000
0000000001011111
0000010110110000
0000000100110110
1111011001100110
1110011010101110
1111100001111000
1111100010111100
0000100010000000
0001101101110000
0010001001111100
0010001110111000
0001111101111100
0010011100010000
0010010111010100
0000111001100110
0000111001100110
0000101100111010
0000111011011000
0001010101000110
0001110111010000
0001111000101010
0001011101100010
0000101100100100
0000010100111110
0000100001010010
0000110000000110
0000110001001010
0000110100101010
0000100111010010
1111111100010100
1111111111011110
1111111000110010
0000010100101000
0000011001001100
1111111101010110
1111011111000100
1110110000011110
1111100010100110
1111110011010100
0000110110001010
0001111001111010
0010000001010110
0001011101011100
0001011101011100
0010000011001100
0010011100010000
0010001001000100
0001010110101000
0001110111011100
0001111110100100
0001100111111110
0001000001111010
0000010111110100
0000001000111110
0000000011101110
1111110101001010
0000000110001100
0000001100000100
0000100101110000
0000100111111010
0000101101001100
0000011100110010
1111111010110000
1111101011100110
1111101010010110
1111110101110010
0000010001010100
0000001011011100
1110111010111100
1111110101100110
0000001011011010
0001010111100000
0010000001000110
0010000000011010
0001000101011010
0001010101110110
0001111110011010
0010011010100100
0010011100010000
0001110011000000
0010010111100100
0010001110001010
0000111110101100
0000101111111100
0000001101000011
0000000000010110
1111101111111010
1111100100001010
1111101000100010
1111110101111100
0000011001001010
0000100010100010
0000101100100110
0000100110100100
1111110101010010
1111101010111001
1111101011111000
0000001100110000
0000100111100100
0000011001110100
1110110001001010
1111111111110010
0000000101111111
0001010000000101
0001101011110011
0001100000001110
0000111100101000
0000111011011010
0001001100011000
0010000110010100
0010011100010000
0010000100010000
0010001101110000
0010001111110110
0000110100110010
0000000100010110
1111011101011100
1111011000111000
1110110101101110
1110100101100100
1110110001100100
1111000111111010
1111001010110100
1111010000001100
1111110011011000
1111110011011000
1111110010001000
1111100001001010
1111110101000010
0000010111011000
0000001100001110
1111010110000000
1110000100010100
1111100101111110
1111110010111110
0000100111000100
0001110101001100
0010011100010000
0010001111001110
0010001000101110
0010010101110000
0010001111001110
0001010100101000
0000110100000101
0000100000100100
0000100111000100
0000010011100010
0000100111000100
0000111010100110
0001101000001010
0010011100010000
0010011100010000
0001101110101100
0001010100101000
0001100001101010
0001101110101100
0001101000001010
0001001110001000
1111111001100000
1111111001100000
0000010011100010
0000010011100010
1111011000111100
1110110001111000
1110010000011011
1111100011010100
1111100011010100
1111111100110100
0001101111100101
0010011100010000
0010001111100000
0010000010110000
0010001001001000
0010000010110000
0000101001011110
0000000011001100
1111110110011100
1111111100110100
1111010110100010
0000000011001100
0000001001100100
0001010110000110
0010011100010000
0010011100010000
0001001001010110
0001000010111110
0001011100011110
0001101001001110
0001101001001110
0001001001010110
1111110000000101
1111101001101100
0000110110001101
0000101111110110
1111110000000101
1110100011100010
1110011100111000
1111100011011100
1111101010001010
0000101010000000
0001110111010010
0001111010101010
0010001011011100
0010000100101110
0010011100010000
0010001000000110
0010000001011000
0001011111110010
0001100110100000
0001110111010010
0010000100101110
0010001000000110
0000110111011100
0000011100100100
0000011001001100
0000001000011010
0000010101110110
0000011111111100
0000110100000101
0000110100000101
0000011111111100
0000010101110110
0000010010011110
0000010101110110
1111111010111110
1111100000000100
1111100110110100
1110111011001000
1101100011110000
1101100011110000
1101100011110000
1101100011110000
1101100011110000
1101100011110000
1101100011110000
1101100011110000
1101100101110010
1101100101110010
1110100001110000
0001001000001110
0001100010010100
0001101111011011
0001101100110010
0001100110000100
0000110101110100
0000101101011000
0000111101110001
0000011110110110
1111111110011000
1111010101010011
1110001111010101
1101110110001100
1101110001010110
1101110001001100
1101101011111000
1101100011110000
1101100011110000
1101100011110000
1101100011110000
1101100011110000
1101100011110000
1101100011110000
1101100011110000
1101100011110000
1101100011110000
1101100011110000
1101100011110000
1101100011110000
1101100011110000
1101100101010100
1101100101011100
1110100001110000
0001011000111110
0001011000011110
0001101111111100
0001110011110101
0010001111001100
0001100111001000
0001100000111011
0001100001100000
0000100001101100
0000000010000000
1110111100100000
1110000010000000
1101110111010100
1101110011100010
1101101111100100
1101101010100100
1101100011110000
1101100011110000
1101100011110000
1101100011110000
1101100011110000
1101100011110000
1101100011110000
1101100011110000
1101100011110000
1101100011110000
1101100011110000
1101100011110000
1101100011110000
1101100011110000
1101110000010000
1101101010000000
1101111111010110
1110011110110100
1110011101101100
1110011100100100
1110011101101100
1110011110110100
1110100011101010
1110100010110100
1110101001111010
1101111000011110
1101111000011110
1101110010010100
1101111011001100
1110000111101100
1110001000101110
1110010111010100
1110010110110010
1101100011110000
1101100011110000
1101100011110000
1101100011110000
1101100011110000
1101100011110000
1101100011110000
1101100011110000
1101100011110000
1101100011110000
1101100011110000
1101100011110000
1101100011110000
1101100011110000
1110001011111100
0010011100010000
0010011100010000
0010011100010000
1110111101000010
1101101000001110
1101100011110000
1101101000001110
1110001011111100
1110101011001101
1101110001001010
1101101100101100
1101100011110000
0000011111010000
0000000000000000
1110101111101010
1101110101100110
1110010100110110
1110101011001101
1101100011110000
1101100011110000
1101100011110000
1101100011110000
1101100011110000
1101100011110000
0010011100010000
0010011100010000
0010011100010000
0010011100010000
0010011100010000
0010011100010000
0010011100010000
0010011100010000
0010011100010000
0010011100010000
0000001110110000
0000010110000110
0000010100110000
0000010010010000
0000001100001001
0000000011011010
1111110111101010
1111101101010110
1111001110011000
1110000011111010
0000100011011010
0000110001101000
1110110001011110
0000001101101010
0001010111010000
0001011010000010
0010000000100000
0010011100010000
0000001101000010
0000101101100100
0010001000101110
0010011100010000
0010001000101110
0010000010001110
0001110101001100
0001101000001010
0010001111001110
0010011100010000
0010010101110000
0001011011001010
0001101000001010
0001000111101000
0001000111101000
0001011011001010
0001001110001000
0000110100000101
0000000000000000
0000100111000100
0000100000100100
0000101101100100
0000001101000010
0000010011100010
0000010011100010
0000001101000010
0000010011100010
0000000000000000
0000011010000010
0000000000000000
0000000000000000
1111110010111110
0000011001110100
0000100111011010
0010000110100000
0010011100010000
0010010110110100
0010001001001110
0001100000011101
0001011000010100
0001111011101010
0010011100010000
0010010001011000
0001001010101110
0001001010101110
0001010000001010
0001110110001110
0001001101011100
0000011001110100
0000000001010110
1111100011011110
1111111011111100
0000001001100000
1111100011011110
1111011000100110
1111001101101111
1111011011010100
1110110101010010
1111011000100110
1111110001000100
1111011000100110
1111000000001010
1111000000001010
1110101111110110
0000001101000010
0000110110101100
0001110101001100
0010000111011010
0001111111100110
0001111010011010
0001001110001000
0001001011100010
0001011101110000
0010011100010000
0010001010000010
0001100010111110
0001100101100100
0001010101111100
0001010000101101
0000111011111010
0000000000000000
1111010110010110
1111010011101110
1111101101110010
1111101101110010
1111100000110000
1111010001001000
1111011000111100
1111011000111100
1111010110010110
1111001001010100
1111011000111100
1111010011101110
1110111100010010
1110111110111010
1110110001111000
0000111110001110
1101100011110000
1101100011110000
0010011100010000
1101100011110000
1101100011110000
1101100011110000
1101111101110010
1101100011110000
1110100000101010
0000001101010000
0000101101000010
0001011111010110
0000101101000010
0001110100100010
0010000001110010
0001101100100101
0001010111011010
0000110100111110
0000111010010000
0000100111101110
0010010110111110
0010011100010000
0000011111110010
0000001111111000
0000010010100010
0001010111011010
0001000010001110
0001001010001010
0000111111100100
0000110100111110
0000011111110010
1111110101011010
0000000111111100
1111101010110100
0000000000000000
0000101111101010
0000111111100100
0000110111101000
1111100101100010
1111000011000110