1110010000001110
1111110101101110
0001000101010110
0001011001010000
0000001000111110
1111100011110100
1111001011010000
1110111101010100
1111010000100100
1111001001010000
1111110000011010
0000000000010110
0000010001100110
0000011110110110
0001000100000000
0001111011110000
0010010011101000
0001111111000100
0001110100011100
0001110001110010
0010000101000010
0010010111100110
0010011100010000
0001101111110010
0001010011010010
0001001000000000
0000110101011010
0000101110001000
0000010110001110
0000001000010010
0000001010111100
0000010100010000
1110011010001000
0000000110010110
0001010110000010
0001100010101110
0000100011111010
1111110001001110
1111010111010110
1111011011000100
1111011100101000
1111100101000110
1111111100010100
0000001010000001
0000100000001100
0000101000101010
0001000001011110
0010000100100000
0010010111100000
0010010001001010
0010000010111010
0001111110101100
0010000001110110
0010011100010000
0010011011101110
0010001010010100
0001111101101000
0001100111011110
0001100110111100
0001011100111010
0001010110100100
0000100101011110
1111110111100100
0000000011001010
1110011001010010
0000000001101000
0001010000000010
0001010111000010
0000011001011010
1111101011011110
1111011000000000
1111100101100000
1111010000111110
1111100000000110
1111100111101010
1111111110011000
0000010100100010
0000100110111100
0000101111000010
0001101011000100
0010010011000100
0010011100010000
0001111101011100
0001111011010010
0010000100011110
0010011000011110
0010011011101110
0010000011011000
0010000001001110
0001101011000100
0001100111110100
0001010111100110
0001011101100010
0001010010101110
0000010011011110
1111010101110110
1110100010101010
0000000111011000
0001001011101010
0001001001101100
0000100110010100
1111110000010010
1111001110111000
1111010001010100
1111011010101010
1111011110000110
1111101110010100
1111111100000100
0000001100110010
0000010111100110
0000100001111010
0001010101000000
0001111101110010
0010011100010000
0010011000110100
0010000110101000
0001111110010010
0010001110000000
0010010010111010
0010001100100010
0001111111010000
0001101000101001
0001100101101110
0001011010011010
0001011001111010
0001010110111110
0001001100001010
0000010101101000
1110100010110010
1111110010111010
0000101001111100
0000101100000011
0000001100000010
1111000000101100
1111000011011000
1111000010110110
1111001000101110
1111000101100000
1111010010111000
1111011000110000
1111101101100100
1111111000010000
0000001100100100
0000100110101110
0001010010100010
0010000111011010
0010011100010000
0010001101110100
0001101101010000
0001111111011010
0010000100110000
0001110011001000
0001011111010110
0001001101001100
0001001001011100
0000111100101000
0001000001011100
0000111111010100
0000101100100110
1111111000110010
1110110010000010
0000011010110110
0001100100101100
0001101101100010
1111111101001010
1111000000100100
1110101110111000
1110110000001000
1110110000001000
1110101100010110
1110110011111100
1110111011100000
1111100011010010
1111100011111011
1111100110011100
0000010000101110
0000011001100100
0001110000000011
0010011100010000
0010010110100100
0001100001100010
0001011111101010
0001101011000000
0001011011110110
0001000011111000
0000100100111100
0000010010101000
0000100111011110
0000111000011111
0001000001010110
0000010101110010
1111001011010010
1110111000011000
0000010101111110
0001111110001000
0001110101001100
1111011110101000
1111001000101010
1110010100100100
1110011011111011
1110001010000000
1110100110011111
1110011100101110
1110110010101100
1111000001010110
1111000000100010
1110100111010010
1110101001110000
1111110010001010
0000011010110110
0001110001111100
0010011100010000
0001100101101110
0001000101001100
0000111101110110
0000111000001010
0000110110100001
0000001101000010
0000001100001110
0000111100001110
0001011001100001
0001010001011000
1111111110011000
1111001000101010
1110110001111000
1111011000111100
0000100111000100
0001100001101010
0000001001110000
1111101100011110
1111000101011010
1111000101011010
1110110001111000
1111100010101100
1111100010101100
1111110110010000
0000010011100010
0000010011100010
0000011101010100
0010011100010000
0010011100010000
0001010111111000
0001101011011100
0001100001101010
0001100001101010
0001110101001100
0001100001101010
0001111110111100
0000000000000000
0000110000110100
1111101100011110
0000011101010100
1111110110010000
0000111010100110
0000110000110100
0000110000110100
1110111000111110
0000001110001110
0000111111111001
0001010101001110
0000010101010100
0000010101010100
1111111000111010
1111101010101100
1111111000111010
0000000000000000
0000001110001110
0000100011100000
0000101010101000
0001000111000010
0001101010100010
0001111000110000
0001111111110110
0010001110000010
0001111000110000
0010000110111100
0010010101001010
0010010101001010
0010011100010000
0010010101001010
0001110001101000
0001101010100010
0001001110001000
0000111000110100
0000110001101110
0000110001101110
0000111111111001
0000110001101110
1110011110010110
0000000011111010
0001100101100100
0001100101100100
1111110000011000
1110100010010000
1110101010000100
1110111101100110
1110011110010110
1110101010000100
1110101010000100
1110010110100010
1111010101000010
1111011000111100
1111001101001110
0000010011100010
0000000000000000
0001111001000110
0010011100010000
0010000000111010
0001001110001000
0001001010001110
0010001000101110
0001101001011110
0001011101110000
0000110110101100
0000101110111000
0000100011001010
0000110010110010
0001001010001110
0000011011010110
1111001101001110
1101100011110000
1101100011110000
1101100011110000
1101101000101110
1101101000011110
1101101001111100
1101101110011010
1101101001101100
1101101011111100
1101101101011010
1110100000111110
0000110110101010
0010001101001000
0010001001101010
0001011111010010
0001000010000010
0000011001111010
1111110110001110
1111110000010000
1111101011110100
1111000110101000
1110101000011010
1110000100001110
1101111000100100
1101101111111010
1101101010001100
1101101011011100
1101100011110000
1101100011110000
1101100011110000
1101100011110000
1101100011110000
1101100011110000
1101100011110000
1101100011110000
1101100011110000
1101100111011110
1101100111101110
1101110000111100
1111001000000100
1111100101011100
1111100001111110
1110010101010000
1110010100000110
0000010110010010
0010000111111110
0010010001100110
0010001010110000
0001101111001110
0001011000010110
0000100010000000
1111100101010010
1110111000101000
1110010110101110
1110001000000101
1101111000010010
1101110001101100
1101101101111010
1101101001010010
1101101000100010
1101100011110000
1101100011110000
1101100011110000
1101100011110000
1101100011110000
1101100011110000
1101100011110000
1101100011110000
1101100011110000
1101101101010110
1101101100000100
1110000000111010
0001110101101100
0010010100111100
0001101100110110
0001100000010110
0000000001100100
1110011110101110
1110100101011000
1110101001010010
1110101101001100
1110101111100010
1110101000000110
1111000110100100
1110110011000010
1110010100100100
1110001101001010
1110100001011110
1111000000111110
1111000100101000
1110110010011000
1110001001010000
1101111011101100
1101100011110000
1101100011110000
1101100011110000
1101100011110000
1101100011110000
1101100011110000
1101100011110000
1101100011110000
1101100011110000
1111010111110100
1110110100000110
0010011100010000
0010011100010000
0010011100010000
0001001011111010
0010001010011010
0010001110110110
0010010011010100
1110000011000000
1101101000001110
1101110101100110
1110000011000000
1101111010000100
1101111010000100
1110111000100100
1111100000110000
1110110100000110
1110010000011011
1101111110100010
1110010000011011
1110111101000010
0000010001110110
0000010001110110
1101100011110000
1101100011110000
1101100011110000
1101100011110000
1101100011110000
1101100011110000
0001000001010010
0000111011101110
0000111011100110
0000111110001110
0001000010010110
0001000010011100
0001000111010000
0001001000010110
0001001001000010
0000101010101000
1111101010101000
1111101101101100
1111111010000001
1111111101100110
0000000010001100
0000001011010100
0000010100000011
0000011010001100
0000100111010100
0000101101011110
0000001000010110
1111110011001000
1110010100011100
1111000010111100
0000001010011010
0001010100010100
0001110010010000
0010011100010000
1101111010101110
1110001111010010
1110100111011100
1110111001100110
1111000100011110
1111011101110110
1110111000011000
0000000011111100
0000011110100010
1111111001000100
0000101001011010
0000111001001000
0000111001101110
0000011111101110
0001001111100000
0010000111101100
0001111110101000
0001110110001010
0010010001011000
0010011100010000
0010001000111010
0001110000001000
0001100111000100
0001101101000110
0001011010111110
0001100011011100
0001010011101110
0001011001001010
0001000010001100
0001000011011010
0000110101100000
1111110100110100
1101111100110110
1101111101111100
1110011101100100
1110101100110110
1110101000011110
1110110000101010
1111001111001100
0000011011100010
0000011010011100
0000010110000110
0000100011001100
0001010001000000
0001001001111010
0000001010000110
0000101000000110
0001101100010000
0010011100010000
0010001000101000
0001100011100010
0010010101101110
0010000011101110
0001110000000011
0001101100110100
0001100110010000
0001011000000100
0001100001111010
0001100000010000
0001011110101000
0001001011000000
0000101011111010
0000111111100010
0000100011101110
1111001010000111
1111111001001100
1111101101100100
0000000000101100
1111100100101110
1111111110101000
0000100100110110
0001010101010001
0010000000010010
0001011000101100
0001010110101010
0010011001100010
0010000000111110
0000110000011100
0000111010101100
0001010101010001
0010011100010000
0010001011111000
0001111011100000
0001111110111010
0001100111000010
0001100100111110
0000110111111100
0000111001010100
0001011000000010
0001100111000010
0001001110011110
0001110110000010
0001100010111100
0001001001000000
0000100100001010
1111011111010000
1111110000000000
1101100011110000
1101100011110000
0010011100010000
1110000011000000
1101100011110000
1101100011110000
0000001010011010
1101100011110000
1111001000000000
0000110010000111
1111110001010000
1111010000110110
1111000010000110
0000001011110010
0000010001101100
0000010100101000
0000100000011100
0001110010111110
0010000100101010
0010001010100100
0001101010001000
0001001111100110
0001011000011011
0000100110010100
0010001010100100
0001100100001111
0001100100001111
0001111110110010
0010011100010000
0000110101000100
0000011010100010
0000100000011100
0000010100101000
0001010101100000
0001001111100110
0001011000011011
0001100100001111
0000110101000100
0000100011011000
1111011001101100