1111010101101100
0001111001011110
0010001001011010
0001001101000100
0000110001000000
1111101101100100
1111100110111000
1111010010010110
1111000000110000
1110101110010100
1110110000110100
1110110001010000
1110101000111000
1110110100001100
1111000001001010
1110110010111100
1111000001100110
1111001010011000
1111100011000110
1111100111101110
0000000001010000
1111111101100000
0000011110001010
0000110110111000
0001111001011110
0010001100110000
0001111000001110
0001111110111100
0001111110100000
0010011100010000
0010001110110110
0010000010010010
1111101100001100
0001101000011010
0001101100011000
0001000011010100
0001001000101110
1111100111001010
1111110001111110
1111001000001100
1111011001001000
1110100011110110
1110101011110000
1110110010111110
1111001011000100
1110110000110010
1111011011101000
1111000101101101
1110111000101110
1110101010101100
1111011000011010
1111010100000100
1111110100001000
1111110110101000
0000101011111100
0000110011011110
0010001011101100
0010011000010010
0010000000100010
0010010110001000
0001111110011000
0010011100010000
0010000001111110
0010001111101010
0000000010101110
0001110111111010
0001110111001000
0001101011001000
0001100110111000
0000010001000010
0000001011001110
1111011010111000
1111011000111100
1110110011110100
1110101010111010
1110110110111010
1110110101110000
1111000000100100
1111000100011100
1110110011110100
1110110110001000
1110110111101100
1110111001101000
1111100010001110
1111111000010000
0000010010111100
0000110001111010
0001010111011010
0010001111100000
0010011100010000
0010010010001100
0010001010011110
0010010011110000
0010001111000110
0010011000000000
0010011001100010
0000000111000011
0001101010101100
0001101010101100
0010001110001010
0001010000011100
0000011101111000
1111001011010010
1110110000000100
1110011111100011
1110001011001000
1101111111011100
1101101111111010
1101101100000000
1101110111101100
1110000000111010
1101101110011100
1101111011000110
1101111101100000
1110100101011000
1110110001100000
1111001110001101
1111001010010010
1111111100010110
0000100110101000
0001100100011000
0001110111010011
0001110101110110
0001111010101110
0010000110011000
0010011100010000
0010010110011010
0010000011111100
0000010001010000
0001001010011110
0010011100010000
0010001110000100
1111011011011000
1110111000011000
1110011011000100
1110100110011010
1101111111101010
1101111011011000
1101101011010100
1110000100110110
1101111110101100
1110000001100010
1101111110101100
1101101110001010
1101111111001010
1110000111001110
1101110100110010
1110010100111010
1110110010001110
1111000011010000
1111101110010010
0000011100100110
0001101001101010
0010010010010100
0010000001110010
0001101101011100
0001100010000110
0001111001010000
0001101110011010
0001011011111110
0000100101100110
0001110001010110
0010011100010000
0001101000111000
0000100101000100
1111110011010010
1111000100001010
1111001000111010
1110011011111011
1110010111001000
1101111001011110
1110010001110110
1110010011011011
1110010101000000
1110000111110010
1101111100001000
1110011111000101
1110100101011100
1110110010001000
1110101011010000
1111001101101100
1111001000011000
0000000000000000
0000101000010000
0001101000111000
0010001001101110
0001100100000101
0001101100000100
0001100110110000
0001110001010110
0001101100000100
0001001111011100
0000110010111000
0001010101100101
0001100011011000
0001110111101110
0000111011111000
1111001000010100
1110101000100110
1110010000101010
1110111111010110
1110001110110110
1110001100011111
1110010110101000
1110011101001110
1110101011000000
1110100010100110
1110110011111110
1110001110110110
1110001111011100
1111010110000110
1111011101010010
1111110010001110
0000101001010100
0001010001011010
0001011100001100
0001100010001100
0010010000111000
0010001101010010
0010011100010000
0010010011111000
0001000100110110
0001000110000010
0000110111101100
1110001011101010
0000011101111001
0001100000011010
0001011001110000
0000010000101000
1111111100101100
1111001110001000
1111000111011110
1110000101000000
1110001011101010
1110011111100110
1110010010010010
1110011000111100
1111010100110010
1111011011011100
1111011011011100
1111010100110010
1111101000101110
1111111100101100
1110111010001100
0000001001111110
0000011101111001
0000100100100100
0001101101101110
0010010101100110
0010011100010000
0010001110111100
0010001110111100
0010001000010100
0010010101100110
0001110100010110
0010001110111100
1111101000001010
0001101100100101
0001111100011110
0001001100110100
0000101101000010
1111001000011000
1111111000000100
0000000010101010
1111111000000100
1111111000000100
1111011000010010
1111100010111000
1111011000010010
1111011101100100
1111100010111000
1111000011000110
1111110010110000
1111111000000100
1110111000100000
1111111101010110
0000001101010000
0000001101010000
1111101000001010
0000110111101000
0010000001110010
0010011100010000
0010001100011000
0001101100100101
0010010001101010
0010010110111110
0010000111000100
0001100111010010
0000001010001011
0001000000100010
0001111010010010
0001101100101100
1111100100110101
1111000110010000
1110110001111000
1111000010110110
1110100100010010
1110000101101110
1110101011000110
1110110001111000
1110100100010010
1110101110011110
1110100000111010
1110110101010010
1110101011000110
1110001111111010
1110001001001000
1110101110011110
1110111100000100
1111101011101001
0000011110100100
0000111001110000
0001110110111000
0010011100010000
0010001110101010
0010000001000100
0001110110111000
0001110011100000
0001100010100000
0001001010101110
1101100011110000
1101100011110000
1101100011110000
1101100011110000
1101100011110000
1101100011110000
1101100011110000
1101100011110000
1101101001111110
1101101000111110
1110101110000010
0001000000111110
0010001111101000
0010001010011100
0010000110101000
0001110011001110
0001110111000000
0010001111000010
0001100001011001
0000001000111010
1111001100011100
1111000000000010
1110010011110010
1101111111011000
1101110000100100
1101101011111110
1101101010111110
1101100011110000
1101100011110000
1101100011110000
1101100011110000
1101100011110000
1101100011110000
1101100011110000
1101100011110000
1101100011110000
1101100011110000
1101100011110000
1101100011110000
1101100011110000
1101100011110000
1101101011101110
1101101010100110
1111000010110100
0000110100100110
0001010000011000
0001110011001000
0010001010101100
0001100011000100
0001100000110100
0001010110000110
0000101111101110
1111100001110110
1110110100000000
1110101111111000
1110010110000110
1110001101100000
1110000101101010
1110000000100010
1101111001111100
1101100011110000
1101100011110000
1101100011110000
1101100011110000
1101100011110000
1101100011110000
1101100011110000
1101100011110000
1101100011110000
1101100011110000
1101100011110000
1101100011110000
1101100011110000
1101100011110000
1101110010010100
1101100111111010
1110010101110000
1110001110101000
1101111011010100
1110000100001001
1110000111010000
1110001001010000
1110001101001010
1101110110100000
1110000000101011
1101110001010010
1101111011111110
1110001101111100
1110101001000000
1111001011011000
1111111010010000
1111010110010100
1111010101010011
1101100011110000
1101100011110000
1101100011110000
1101100011110000
1101100011110000
1101100011110000
1101100011110000
1101100011110000
1101100011110000
1101100011110000
1101100011110000
1101100011110000
1101100011110000
1101100011110000
1110000111011110
0010011100010000
0010011100010000
0010011100010000
1111100101001110
1101111010000100
1110001011111100
1110001011111100
1110011101110010
1110010000011011
1110101011001101
1110001011111100
1101111010000100
1110100010010000
1111100101001110
1111011100010010
1110011101110010
1110101111101010
1110100110101110
1101100011110000
1101100011110000
1101100011110000
1101100011110000
1101100011110000
1101100011110000
0000010000111100
0000010000100100
0000010010000000
0000010010100110
0000010010010010
0000010001001000
0000010000110100
0000010001100110
0000010100110000
1111011100111110
0010010011001000
0010010010001100
0010010001011100
0010011001001000
0010011100010000
0010011100010000
0010011100010000
0010011100010000
0010011100010000
0010011100010000
1110010001100110
0000111010110100
1111000101111100
0001000011011010
0000111100001100
0000010110110100
0000111000110100
0010011100010000
0000010001111100
0001001010010010
0001000000000010
0000000111101100
1111101110000100
1111101110000100
1111011110101100
1111110011001100
0000001100110100
0000010111000100
0000101011100010
0001001111011010
0001111101100000
0010000111110000
0010011100010000
0010010010000000
0010000111110000
0001011110110010
0001001010010010
0001001111011010
0000011100001100
0001001010010010
0001010100100010
0001011110110010
0000110000101010
0000000010100100
0000011100001100
0000110000101010
0000111010111010
1111111000010100
1111011001100100
1111011110101100
0000001000000100
0001100010010000
0000010001101110
0000000100110110
1111101011000100
1111010001010010
1111010111101111
1111011010111100
1111111110011000
0000000100110110
0000001110011111
0001011000100101
0010011100010000
0010001111011000
0010001111011000
0010011001000010
0010000101101100
0001111111010000
0010000010011110
0000111000011000
0000100001110100
0001001011101110
0001010101011000
0001110101100110
0000010100111100
1111100001011010
0000011011011000
0000011011011000
0001110010011000
0001101000101110
0000011000001001
1111010001010010
0000001000100110
0001100001111000
0001000110011010
0000000101001010
1111101101001000
1111010101000100
1111011111011000
1111100110010000
1111100010110100
1111110000100010
0000100100000100
0001010000101100
0010011100010000
0010000111101010
0001111101010110
0010010101011000
0010010001111100
0010001110100000
0010000100001110
0000110101001110
1111110111011010
0001000010111110
0001010111100100
0001100001111000
1111111010110110
1111101001101100
1111011000100000
0000011001110000
0001000010111110
0000111111100010
0000001000100110
1111100010110100
0001101010101010
1101100011110000
1101100011110000
0010011100010000
1101100011110000
1101100011110000
1110100010010000
1101111101110010
1101100011110000
1111011111000110
1111111001110110
0000011100110010
0001001100000100
0000111101101100
1111111001110110
0000101001001000
0001001110001000
0001011110100100
0001101000110110
0001111011010110
0001100010101100
0010001011110100
0001110011001000
0001001100000100
0001101010111010
0001010000001100
0001000111111110
0000010010100000
0001011100100001
0010011100010000
0010011000001000
0010000111101100
0001100100110000
0001010100010010
0000111111101110
0000011100110010
0000000110001010
0000001110011010
0000000110001010
0000001000001110
1111101101100000