1110100100101100
1111011101000110
1111111010110110
0001000111010100
0010001000001110
0001110111110110
0000110110111010
0000100101111100
0000100001101100
0000101000111110
0001100011001110
0010000000010110
0010011100010000
0001111100101100
0001000111010100
0001001100110000
0001010010001110
0001100011110100
0001101001010010
0001011111100100
0001010000011001
0001010010001110
0001001001101110
0001001101011000
0001000001001110
0000010011001000
0000111010100100
0000111001010110
0000111110001100
0001000111111010
0000111110001100
0000000101110000
1110011110010010
1111011000010000
1111110010001100
0001010111010000
0010001100110010
0010011100010000
0001101100001110
0001001011101000
0000101101110100
0001100111010000
0010001010000010
0010000000101010
0001100110101100
0000111010100010
0000101010100000
0000110001101100
0000101001111110
0001011101010011
0010010000000110
0010011100010000
0001111000011000
0001011100001101
0001001011101000
0001000101100100
0001010000000100
0001101000111010
0001111101010110
0001101011001000
0001101001011110
0001110001001100
0001100100100000
0000011101110100
1110001100000100
1111011011101110
1111111100111110
0001010010101010
0001111111100010
0010011100010000
0001100110110100
0001100000010010
0001101011010110
0001101111111001
0001010000101010
0000101110111000
0000101010010110
0000001110101000
0000000100100010
0000001101000110
0000010101001010
0000101000010100
0001010000001010
0001101001010110
0010001001100110
0010010110001100
0001101101011000
0001111011100000
0010000100100100
0010000011000100
0010001111101010
0010000110000100
0001101010110110
0001111010111110
0001100011010010
0001001010000110
1110010100011110
1111011011001000
1111111110111000
0001010001100110
0001111010101110
0010001101000100
0001110011100100
0001100000010110
0001010111110110
0000010011000000
1111111110011100
1111100100000101
1111100011101000
1111010101010100
1111010100110110
1111010101110001
1111010110101010
1111101110010110
0000000001001000
0000011011000100
0001000110011010
0001101110101010
0010000101111010
0001101101110000
0001100111000100
0010000111010000
0010011100010000
0010001101111100
0001100011000010
0001111111101000
0001111100011111
0001000010110110
1110010110100110
1111100011001000
0000010100100000
0001101110110110
0010001111111010
0010000110100010
0010010010111000
0010000011100100
0001000100011000
1111111111110000
1111011000110000
1110111011001000
1110111000101010
1110111000101010
1110111000001010
1110111110000110
1111000011100010
1111001011111011
1111001111011001
1111110010111010
0000011010111010
0001100011111110
0010000010100110
0001111011101010
0001011111000010
0010010010111000
0010011100010000
0010001010011110
0001010111101000
0001101101110110
0001100001000000
0000011101111000
1110011100010010
1111110111110010
0000110010111000
0010000010100100
0010010000011100
0010000101101000
0010011100010000
0001110000100100
0000010010000000
1111110110010000
1111010111011011
1110111001000100
1110111110001110
1110101110010010
1110101000101000
1110101001101010
1110111000100100
1111000100011000
1111000010110110
1111100000101010
0000010101100110
0001011101000010
0001110101001100
0001101000110110
0001001100000100
0001110100001001
0010000111101100
0001111100111010
0001000011110110
0001000100011000
0000110001110110
1111110011101010
1110111101000010
1111111110101100
0000111011000110
0001100101110000
0010000101111100
0001111000001010
0010011100010000
0010000101111100
0000100000110100
1111010100101010
1110101011010100
1110010110111110
1110011001100110
1110011100001111
1101101100010010
1110011000010011
1110010110111110
1110001011110100
1110011000111100
1110100011011100
0000000000101010
0001000010010100
0001010011011000
0000110000100110
0000011101100010
0000110101001100
0001100101110000
0001011111001100
0001010100000001
0001010110000000
0000101101010100
0000001011110100
1110110001111000
1111111000001100
0000101110111000
0001101101011000
0010001100101000
0010000100110100
0000101110111000
0000101110111000
0000110110101100
0001000110010100
0001101101011000
0010010100011100
0010011100010000
0010010100011100
0001101101011000
0001101101011000
0001101101011000
0001110101001100
0010000100110100
0010011100010000
0010011100010000
0010010100011100
0010011100010000
0010011100010000
0010001100101000
0001000110010100
0001010101111100
0001100101100100
0001110101001100
0001110101001100
0001101101011000
0001001110001000
1110100010010000
1111100111101101
0000001010011010
0001100100101100
0010000111011010
0001110010100110
0000101101001000
0000100110001100
0000100110001100
0000100110001100
0001010110110100
0010010101010100
0010011100010000
0010000111011010
0001011101110000
0001010110110100
0001010110110100
0001010110110100
0001001111111000
0001010110110100
0001011101110000
0001011101110000
0001010110110100
0001011101110000
0000111011000010
1111100111101101
0000100110001100
0000110100000101
0000101101001000
0000110100000101
0000010001011000
0000000011011110
1110100100010010
1111101111000010
0000100101011000
0001011011101110
0001111101101100
0010010101011110
0010011100010000
0001111010010010
0001100101111010
0000010100010111
1111110010011011
1111011110000010
1111010011110110
1111001101000100
1111010000011100
1111001101000100
1111001101000100
1111100100110101
1111110010011011
0000010100010111
0000111101001010
0001100101111010
0010000001000100
0010010010000100
0010000100011110
0010010010000100
0010001110101010
0010011000110110
0001100010100000
0010000111111000
0001111010010010
0000111001110000
1101100011110000
1101100011110000
1101100011110000
1101100011110000
1101100011110000
1101100011110000
1101100011110000
1101100101001010
1101100101111000
1101110001001000
1110110101101100
1111101111110110
0000010011101010
0001011110011000
0001101101111000
0010001110100010
0010010010010100
0001101010111000
0000111010111010
0000011101011100
1111111100101100
1110100001100010
1101110100001000
1101101101010110
1101101000110010
1101100111101000
1101100101111100
1101100011110000
1101100011110000
1101100011110000
1101100011110000
1101100011110000
1101100011110000
1101100011110000
1101100011110000
1101100011110000
1101100011110000
1101100011110000
1101100011110000
1101100011110000
1101100101010000
1101100111000010
1101110001110000
1110011100011001
1111100111110100
0000100000011110
0001100011101110
0010001000000010
0001110001001010
0001110011001000
0000111111101110
1111111101100110
1111011010001110
1110110110001100
1110000111000110
1101101011100100
1101101000010010
1101100111001000
1101100110000010
1101100101001000
1101100011110000
1101100011110000
1101100011110000
1101100011110000
1101100011110000
1101100011110000
1101100011110000
1101100011110000
1101100011110000
1101100011110000
1101100011110000
1101100011110000
1101100011110000
1101110000010000
1101101110101100
1111010000000100
1110011101100100
1110010110100010
1110100001110110
1110011011100111
1110011011001110
1110011101101110
1110100111110010
1110011000111000
1110010110011100
1110010010111110
1110000100011000
1110000111001010
1101111010001000
1110010000000000
1110011111001000
1110001100011000
1101110000010000
1101100011110000
1101100011110000
1101100011110000
1101100011110000
1101100011110000
1101100011110000
1101100011110000
1101100011110000
1101100011110000
1101100011110000
1101100011110000
1101100011110000
1101100011110000
1110100010010000
0010011100010000
0010011100010000
0010011100010000
0000110101100100
1110101011001101
1110111101000010
1110111101000010
1110110100000110
0010011100010000
0010011100010000
0000000000000000
1110100010010000
1111100101001110
0000101000001100
1111100101001110
1110011001010100
1110101011001101
1110011101110010
1110000011000000
1101100011110000
1101100011110000
1101100011110000
1101100011110000
1101100011110000
1101100011110000
0010011100010000
0010011100010000
0010011100010000
0010011100010000
0010011100010000
0010011100010000
0010011100010000
0010011100010000
0010011100010000
0010011100010000
1101101010111100
1101100110101000
1101101000011010
1101101100111000
1101110010110100
1110010000001100
1110101000111000
1111011110111000
0000101101110110
0010000000011010
0000010100110110
0000000000000000
1110100111011100
1111000000001000
1111011111011000
1111111001010100
0000000011011000
0001110101001100
1111001011010110
0000010010001000
0000111011100100
0000001100111100
0000001001100000
0000110010111100
0010001001010000
0001110110010010
0001101000011110
0010010011101000
0010011100010000
0001111001101110
0010001100101110
0001000010011110
0010000111100010
0010001001010000
0001101011111010
0001100101000000
0001010011110000
0000011111111100
0000010010001000
1111110001010100
1111011001001010
1111011100100110
1111001110110010
1111100110111110
1111100110111110
1111010101101100
1111110110100000
0000000111110001
1111111011101100
1111010010010000
0000011111111100
0001010011110000
0001110100100010
0000101010010100
0000100001101010
0001010010000000
0001111001101110
0010000100000110
0001110001000110
0010011000110100
0010011100010000
0010000010010110
0010000100000110
0001010000010010
0001100110101110
0001111000000000
0001010111001100
0010000010010110
0001111110111010
0000110100101010
0000010000011010
1111100011100000
1111010011111110
1111011001001010
1111001001101001
1110111111010000
1111100101010000
1111000010101110
1111111001111110
0000001011001110
0000000110000010
1111010101101100
0000001001110110
0001011000100101
0010011100010000
0010000010011010
0000111111111110
0001101011000010
0010010110000110
0010001101100000
0001100110001000
0010000110000110
0010001001110010
0010000111010110
0010010011101000
0001001100010010
0001101110101110
0001101011000010
0001011011000010
0001011000100101
0001001100010010
0000110001001110
0000100011101100
0000000011101100
0000000111011000
0000000010011110
1111110110001010
1111101000101000
1111110110001010
1111111100010100
1111111110110010
1111111101100010
0000000100111010
1111100010011110
1111010010000100
1101100011110000
1101100011110000
0010011100010000
1110000011000000
1101100011110000
1101100011110000
1110100111011110
1101100011110000
1110110111111000
0000010010000010
0000111001000110
0000111100000110
0000110000000100
0000111111000110
0000011011000001
1111110111000000
0000001111000001
1111110000111111
0000010010000010
0000100111000100
0000011011000001
0010011100010000
0001100110001010
1111110000111111
0000101101000100
0000101010000100
0001011010001010
0000011000000010
1111111010000001
0000001100000010
1111111010000001
0000011000000010
0000010101000010
0000001111000001
1111110111000000
1111011110111100
1111111101000001
1111101010111110
1111011000111100
1110011100110110