1111000110010010
0000000001100110
0001011000011110
0001100000011010
1111101000101100
1110110100110010
1110101111100000
1110101011110010
1110011101011110
1110100110100000
1110111010101000
1110110101110110
1111011000110100
1111110100010110
1111111100010010
0000011110001100
0001001011110000
0001100011000010
0010011100010000
0010010110111110
0001111101100010
0001110000110100
0001110011011110
0001100100000101
0001001101111000
0000111101011100
0000110001110010
0000101010111010
0001000111100000
0001000010001110
0001001011001110
0001100111110100
1111001101010100
0000001010011100
0010000101110010
0010001011000000
0000001010111110
1111101111010010
1111110101100100
1111100011010000
1111001110111000
1111001011110001
1111110110100110
1111101010100100
1111111010010000
0000101110000000
0000111100101000
0001011101000010
0010001111001100
0010010001110100
0010001101000110
0010001101101000
0010011100010000
0001101111010100
0001010100001000
0000100110101010
0000011011101100
0000010100010111
0000011010101010
0000100100100110
0000101010110110
0000111011000100
0001001101111000
0001100001101110
1111001000100000
0000100001010100
0010011100010000
0010011010100010
1111111110000000
0000011101111000
0000011100110000
0000000001011100
1111100110101010
1111101011001110
0000010011000100
0000101001110110
0000101110011010
0001011111010110
0010010000010010
0010011010100010
0001001100100100
0001001100100100
0001011011010110
0001110101100010
0001101001100110
0010000000111100
0000111100000100
0000011110011100
1111110101011110
0000011101111000
0000011001111010
0000000100110110
0000110100101010
0000110100000101
0000111100101000
0001101100011011
1111010010110000
0000100011010000
0010011010100110
0010011100010000
0000010011101110
0000101000010000
0000101010011110
0000010000111100
0000001000000100
0000001101100101
0000111000111010
0001111101001010
0010001000010010
0001100101010100
0001001111000110
0000101110010101
0000000100101110
0000011111111010
0000110011111010
0001010000001110
0001001110000000
0001011011111000
0000100111001000
0000001011011000
1111011110111110
1111110100101000
1111110100000100
1111111011010010
0000011100000010
0000100011110100
0001000100000000
0001001110100010
1111010100101110
0000011000101110
0010001111010100
0010011100010000
0000101001100110
1111111010111100
0000010101111010
0000010000111000
0000001111001100
0000110011001010
0001010111101100
0001100111111110
0000101101100010
0000001001100100
1111101100010110
1111011000101010
1111010101110110
1111011101001010
0000000001101100
0000110010000010
0001000001110000
0000111101010000
1111110000110100
1111001101111110
1110110011000000
1110101111101000
1110101101111100
1110110101010000
1111010110011010
1111010111100010
0000001000011100
0000101111001110
1111010100110100
0000110110100001
0001111010001010
0010011100010000
0001011110010100
0000001011111100
1110111000011010
0000100010000110
0001010001110011
0001011100101000
0000001110001110
1111011001011000
1111001110100100
1111000101011110
1110111111110010
1110100010010000
1110011111011010
1110110101000000
1110101101101000
1110110101100100
1111011001011000
1111011111101000
1110100110001110
1110101010001110
1110011100100100
1110001000101101
1101111000110010
1110000011100100
1110100101101010
1110100110110011
1111001111001000
1111111000000011
1111100011011110
0001110010111100
0001011010111010
0001110110101100
0001010001111000
1111100011011110
0000100001110100
0000100110010100
0010001101001110
0010011100010000
0000110001100110
1111111110100001
1110111011101000
1110110111111000
1110010100100100
1110111100011010
1111010101111100
1110110111111000
1110110000011000
1110111110101010
1111010010001100
1111110001101110
1111011101011100
1110110100111000
1110110100111000
1110101011111000
1110100100010110
1110101111101000
1110110100001000
1111000000111010
1111111111010001
0000111001000110
1111001001010100
0000010111011100
0001001110001000
0001001110001000
1111011000111100
1110101010000100
1110100010010000
1110001010110100
1110000011000000
1110011010011100
1110011010011100
1110100010010000
1110110001111000
1111001001010100
1111100000110000
0000000111110100
0000100111000100
0001011101110000
0010010100011100
0010010100011100
0001011101110000
0001101101011000
0010001100101000
0010011100010000
0010001100101000
0001010101111100
0001001110001000
0001000110010100
0001011101110000
0001010101111100
0001100101100100
0010010100011100
1111011011011100
0000011101111001
0001010011001000
0001100000011010
0000010000101000
1111101000101110
1111011011011100
1111101000101110
1111010100110010
1110110011100010
1110111010001100
1111010100110010
1111101000101110
0000000011010100
0000010000101000
0000011101111001
0001010011001000
0001100000011010
0010010101100110
0010011100010000
0010001000010100
0010000001101010
0001111011000000
0001111011000000
0001101101101110
0001001100011110
0000111111001010
0001001100011110
0001010011001000
0001010011001000
0001011001110000
0001100000011010
1111011110100010
0000101100101010
0010001001101010
0010011100010000
0001001010011010
1111111100010010
0000001011001010
0000011010000010
0000101000111100
0001011001010010
0001001010011010
0000111111010000
0000100001011110
0000010010100110
1111011110100010
1111011010110100
1111010111000100
1111100010010000
1111110001001000
0000101000111100
0000011010000010
0000011010000010
0000000011101110
1111010011010110
1110110001111000
1110110001111000
1111001000001100
1110111001010100
1110100011000001
1110011011100100
1111101001101100
0000011010000010
1101100011110000
1101100011110000
1101100011110000
1101100011110000
1101100011110000
1101101000110100
1101101010011100
1110010110001110
1110011110111110
1110100111100000
1111000000110110
1111111010010000
0001010001110011
0010010001111000
0010010000010010
0010000000011000
0001110010000100
0001011011010000
0001000101011000
0000010001010010
1111101000010000
1110100001000100
1110000010101000
1101101110100110
1101101001100000
1101101000001000
1101101001100000
1101100011110000
1101100011110000
1101100011110000
1101100011110000
1101100011110000
1101100011110000
1101100011110000
1101100011110000
1101100011110000
1101100011110000
1101100011110000
1101101011100110
1101101100001100
1110001100110100
1110100100100010
1111001011001110
0000000100110000
0000100010010000
0001110100110100
0010010011101010
0010000101011010
0001100010011100
0001001111011110
0000110001100000
0000010100010100
1111101100101110
1111001010111100
1110010110010100
1101111110111000
1101110110100100
1101110000101010
1101101101100010
1101101101011000
1101100011110000
1101100011110000
1101100011110000
1101100011110000
1101100011110000
1101100011110000
1101100011110000
1101100011110000
1101100011110000
1101100011110000
1101100011110000
1101101110001010
1101101110101100
1101110111000000
1110101001000000
1111100101011100
1111001101011110
1110110001001010
1110010001100100
1110000010101000
1101111011101100
1101110011011000
1101111000100100
1101111110001000
1101111110001000
1101111111100000
1110000001111100
1110000101100000
1101111010001000
1110100001101110
1110001100111000
1110001011010100
1110000000111010
1101100011110000
1101100011110000
1101100011110000
1101100011110000
1101100011110000
1101100011110000
1101100011110000
1101100011110000
1101100011110000
1101100011110000
1101100011110000
1101110101100110
0000100011101110
0010011100010000
0010011100010000
1111110010100110
1110011101110010
1110011101110010
1110101111101010
1110100010010000
1110000111011110
1101110001001010
1101110101100110
1110100110101110
1111010011010110
1110110100000110
1101111010000100
1110101011001101
1110000111011110
1110000011000000
1110000011000000
1101111010000100
1110111101000010
1101100011110000
1101100011110000
1101100011110000
1101100011110000
1101100011110000
1101100011110000
1111100100001100
1111100101000110
1111100111011110
1111100111001100
1111101011001010
1111110001110110
1111111111011100
0000001111111010
0000100101110010
0000101101110100
0000111010010110
0000110101011100
0000110100000010
0000101101001110
0000100101011100
0000010110101100
0000000001100010
1111100100101010
1110110001011010
1110100000010010
1110100110011010
0000001001001100
0000001010011000
0000000110111110
0000001110111110
0000110101001110
0001011110010010
1110110100011110
0000110001100000
0001000011100000
0000110010110100
1111110011110010
1111011010000100
1111011000110010
1111101111111100
1111110111101010
0000111001001110
0001011111110100
0001010001101001
0001000111011000
0010000001010000
0010001100110100
0010000110011000
0010010111000110
0010011100010000
0001100111100010
0001100110010000
0001110100011000
0001111001100010
0000100000110010
0000100010000110
0000010101001110
1111110011110010
1111001000000100
1111100001110011
1111001110100000
1111001010101000
1111000010111010
1110110000111010
1110001010010110
0000010000011000
0000110010010000
0000011000000010
1111100000010100
1111001101110000
1111010100010010
1111011111001110
0000000000000000
0000100001111000
0001100001001111
0000101110111110
0001000001100100
0001101101010010
0001100111110100
0001101100001100
0010011100010000
0010010101101100
0001001100100000
0001000011110000
0001011010101100
0001011100111000
0000111011000000
0000010001011110
0000001010111100
0000000001000110
1110111101010110
1111010001000010
1110111110011100
1110110111111000
1110111110011100
1111001110110110
1101110100001000
0000011100000100
0001001000000010
0000101110110010
1111100110110000
1111010100111110
1111010110110110
1111110001000010
0000001111111010
0001000001100000
0010000001001000
0001010110000100
0001110010001010
0001111100011100
0001100111110110
0001100101111110
0010011001011100
0010011100010000
0001001001111010
0000111001111111
0001100001010100
0001100101000100
0000111110101100
1111110111100110
0000000011110000
1111101111001010
1110111011101100
1111001110011010
1111000011001100
1111000011001100
1110100001100000
1110101100101110
1110000100100000
1110011011110010
1101100011110000
1101100011110000
0010011100010000
0000111110100000
1111100000110000
1110000011000000
1110110111000110
1101100011110000
1111000000000000
1111100011101110
0000011100010010
0001100110101100
0000101011001010
0010010000010110
0010011100010000
0000100010001110
0000100010001110
0000001010011010
0000100101001100
0001100110101100
0000001010011010
0000010000011000
0001000010111110
0000101011001010
0000000100011110
0000000111011100
1111111011100010
1111101111101000
1111111000100100
1111101100101010
1111100011101110
1111010111110100
0000000100011110
0000010000011000
1111100110101100
1111111011100010
1111101001101100
1111111110100001
1111100011101110
1110100010010000