1111110000010010
0000000100001000
1111111001011000
0000000000011010
1111000010110100
1110000100011010
1110000101101010
1110001100101100
1110000010110000
1101101001100010
1101110000100100
1110001011011100
1110001010100110
1110010010000010
1110011001111010
1110110110011100
1111111011011100
0001001111011000
0001101100010100
0001000010001000
0000110001100110
0001001011101010
0001011000000010
0010011100010000
0010010111101100
0001110000011100
0001011110101010
0001011101011010
0001110100111110
0001100000010011
0000101111001000
1111110011100110
1111101110011000
1111111011010100
0000000110101010
0000001001011010
1111001001001100
1101111011101000
1110000011111000
1101111111001010
1101111110011000
1101100100100010
1101101011100110
1101101101001010
1110011000101000
1110010110101010
1110011001110010
1110101001000100
1111101111100100
0000111010110000
0001011110110010
0001011001101100
0000110011010100
0001001011001100
0001100101011100
0010000111000110
0010011100010000
0010000000110110
0001111001011010
0001101010100010
0001111011110000
0001100110100110
0000101111000000
1111100011011010
1111110011000100
1111111000011110
0000010100101010
0000001000010100
1111000011001010
1110100001100100
1110000000010111
1110001010000000
1110001000110111
1101101101110010
1101110110010010
1110001001001110
1110101000100000
1110110001011010
1111000010000000
1111000101111000
0000000111001010
0001001000000010
0001111110001000
0001111010101010
0001000100001100
0001011001000010
0001100001100010
0010001111001000
0010011100010000
0001110111100100
0001101100101111
0001101000011111
0001110100011101
0001100001001010
0000100000101000
1111110001001000
0000000111110001
0000011010010001
0001001001011010
0000100100011000
1111001101110000
1110001010011100
1110000010011110
1110001110101010
1110000011010010
1101101110010000
1101110010000100
1101111010000010
1110001100100100
1110011011101100
1110111001111110
1111010000101100
1111111011001010
0001000110011100
0010000111001110
0001111111101001
0001000100010110
0001011100010100
0001101111101010
0010001011011100
0010011100010000
0010000000000100
0001110110011010
0001101010001100
0001110101111110
0001100100101101
0000011011100100
1111111001111010
0000101001010110
0001100101010100
0010010110100100
0001000111101010
1110111010111000
1101110100001010
1101110010010010
1110010000100101
1101110111111100
1101101011111110
1110000111110001
1110011100100100
1110100000010110
1110101000100100
1110010101101000
1110010001110110
1111010000111110
0000100100010100
0010001001111100
0010000001000110
0000101001111110
0000111011000010
0001001010110100
0001101101100010
0010000100111010
0010000110001010
0010000001000110
0010011100010000
0010011000011110
0001101100111001
0000110000010010
1111111000000110
0000001010000110
0000111010000110
0001011110000100
0000111110011100
1110111101001100
1110001110010010
1101110111111100
1110000110000110
1110000101000010
1101111011110000
1110011010010010
1110001111011000
1101111001100100
1110001010011110
1110001110110110
1110011011111100
1111001000000110
0000001101011000
0001010111000000
0001011111101110
0000110100000101
0001000000000110
0001001100000110
0010000011001010
0010001001101110
0001110100011100
0001100000110100
0010000000111110
0010011100010000
0001101011001010
0000100100110100
0000000010011110
0000000100010100
0000000110110010
0000100010100110
0000110011111000
1110100000111010
1110001110011000
1101101110111000
1110000000110010
1101110001111110
1101110110010010
1101111000110000
1101111101101100
1110100011011000
1110010111000000
1110010000001110
1110000111100100
1111000101111100
0000100001111110
0010001011100100
0010011100010000
0001011011011010
0001000010101100
0001010101001110
0010010000100010
0010001010111110
0001010111000110
0001011010001010
0001100100101010
0001101111001010
0001011100101000
0000010011110000
1111100110101100
1111110111110010
0000011000101010
0000011000101010
0000001000001110
1110110110000000
1111000000111100
1111010110111000
1111010110111000
1110110000100000
1110110110000000
1110100101100010
1111000110011100
1111000110011100
1111000110011100
1111011100011000
1111111101010000
0000101110100110
0001110000010111
0010001011110100
0010000110010100
0001011111111100
0001101010111010
0010000000110110
0010011100010000
0010011100010000
0001111011010110
0010000000110110
0010001011110100
0010011100010000
0010011100010000
0010000110010100
0001110000010111
0001001000111010
0001011101110000
0000101101001000
0000100110001100
1111111100100010
1111101110101000
1111100111101101
1111111100100010
1111110101100110
1110111110000010
1111000100111110
1111100111101101
1111000100111110
1111011001110100
0000000011011110
0000100110001100
0001010110110100
0010000111011010
0010000000011110
0001100100101100
0000110100000101
0001011101110000
0001011101110000
0010001110011000
0010011100010000
0001111001100010
0010000111011010
0010001110011000
0010001110011000
0010000111011010
0001011101110000
1111110101100110
0000010101110000
0000110101011010
0001011100111110
0000100001101000
1111001110100100
1111001110100100
1110111110101110
1110011111000110
1110011011001001
1110011011001001
1111010110011110
1111011010011010
1111000110101010
1111011010011010
1111011110011000
1111010110011110
1111110110001000
0000100001101000
0010011000010010
0010010100010110
0000111101010100
0000101101100000
0000110001011100
0010010000011000
0010011100010000
0001111000101010
0001110000110000
0010011000010010
0010010100010110
0001111000101010
0000111001010110
0000000001111110
1101100011110000
1101100011110000
1101100011110000
1101100011110000
1101100011110000
1101100011110000
1101100011110000
1101100011110000
1101110001101010
1101110011010100
1101110110000110
0001000101100000
0001111001110010
0001111000000101
0001101101000000
0001110011101010
0010010000000010
0010001110111010
0001101110000110
0001000001000100
0000011001000010
1111101011111110
1110001100010110
1101111011101010
1101110010110000
1101101110010100
1101110001000110
1101100011110000
1101100011110000
1101100011110000
1101100011110000
1101100011110000
1101100011110000
1101100011110000
1101100011110000
1101100011110000
1101100011110000
1101100011110000
1101100011110000
1101100011110000
1101100011110000
1101101110000000
1101101110000000
1110000011100100
0000101010101000
0000101100110000
0001101111001100
0010001010110000
0000110011110100
0000011110111000
1111110111100100
1111011111001110
1111001010111010
1111000010110100
1110101101001110
1101111010100110
1101110010111010
1101110000010110
1101101100010010
1101101110000000
1101100011110000
1101100011110000
1101100011110000
1101100011110000
1101100011110000
1101100011110000
1101100011110000
1101100011110000
1101100011110000
1101100011110000
1101100011110000
1101100011110000
1101100011110000
1101100011110000
1101101111010000
1101111010101010
1101101100000100
1110110001111000
1111000011100101
1111001101011110
1111010011011111
1110110110010010
1110101100001000
1110001100001000
1110000010000010
1110010000011100
1110010110001110
1110001011011010
1110000101100110
1110001000001100
1110001000001100
1101101100000100
1101110101111110
1101100011110000
1101100011110000
1101100011110000
1101100011110000
1101100011110000
1101100011110000
1101100011110000
1101100011110000
1101100011110000
1101100011110000
1101100011110000
1101100011110000
1101100011110000
1101100011110000
1110011001010100
1110000011000000
0010011100010000
0010011100010000
1101100011110000
1101101000001110
1101101100101100
1101110101100110
1101111010000100
1101110101100110
1110000111011110
1101110001001010
1101100011110000
1111110010100110
1111000101111110
1101110001001010
1101110101100110
1101100011110000
1110010100110110
1101100011110000
1101100011110000
1101100011110000
1101100011110000
1101100011110000
1101100011110000
1110000010010110
1110000010111000
1101111101111110
1110000100010100
1110000100011010
1110000110011110
1101111110001100
1101111011010110
1101111000101010
1110000001100010
0001110010101010
0001111001110110
0001111001101100
0001111010001000
0001111001111010
0001111110000000
0001111110000110
0010000000100100
0001111110101110
0001110011010111
0000101101110110
0001001101001110
1101101101001010
0001010101110000
0000010001110110
0000001000001110
0000100111001100
0000100111000100
0000010001101010
0000011111010000
0000110010010001
0001101011010110
0001000101010010
0010000001000100
0010011100010000
0010000001000100
0001011101110000
0001100011001100
0010000110100000
0000010100010111
0001110011100000
0001000010100100
0000101100110110
0001101110000100
0001111011101010
0000101010001000
0001100101111010
0001101110000100
0001101110000100
0001010000001010
0001011101110000
0000101100110110
0001001000000000
0001011101110000
0001011011000010
0000110111101101
0000000100000100
0000011001110100
0000101010001000
1111100110001100
1111111000110110
0000101001100100
1111100001111010
0000110111111010
0001100000000010
0001100010111010
0001110100001000
0000100011110110
0001010100100100
0001010100100100
0001000110010000
0001111001110110
0010011100010000
0001011010010100
0001001110110110
0001101000101001
0001000000100000
0000100000111110
0000111010110010
0000011110000110
0000111010110010
0000010010101000
0001101000101001
0001101110011000
0001000110010000
0000001100111010
1111101101011000
0010001101111010
1111111011101100
0000000111001010
0000001111110010
1111110101111111
0000110101010010
0000100001011010
0001010010001100
0010010101000010
0010011100010000
0010010101000010
0010010110110110
0010000010111110
0001011011001110
0001101001101100
0010000010111110
0001110110010100
0010000100110010
0010010011001110
0001111101100010
0001100100001111
0001110000111010
0001011110110110
0001101111000110
0001011101000010
0001110100100000
0001100111110111
0001100110000100
0001001110100100
0001010101110100
0000101111111000
0001011001011010
0001001110100100
0000111010101110
0001011101000010
0000110011011110
0000101000101010
1101101000111000
0010011100010000
1101100011110000
1101100011110000
1101100011110000
1101100011110000
1101100011110000
1101100011110000
1101100011110000
0000111010011010
0001010011101010
0000001110001110
0000110000111100
0000111010011010
0001110000000011
0001101100111001
0001001101010110
0001011101001000
0010010101111100
0010010101111100
0010011100010000
0010001100011110
0001111001100010
0001101001110000
0001011001111110
0000101101110010
0001000111000010
0000101101110010
0001000111000010
0000010111101100
0001001010001100
0000101010101000
0000000111111010
0000110000111100
0000101101110010
0000011110000000
0000010100100010
1111111110011010
0000011110000000
1111110001110010
1110101001001100