1110100011001000
1111100000010100
1111110000001010
0001100100000101
0010011000101010
0010010111111100
0010010110100000
0010011100010000
0010010100010110
0000111101111011
1111111010111110
1111111000000110
1111011000011010
1111011010100100
1111101000010000
0000010000100100
0001110001110010
0001111100100100
0001011111110010
0000100100101110
0000011010101010
0000110000111110
0000101010011110
1111010011010110
1110101001100110
1111100001110000
0000010101100110
1111110100011110
1110111111111010
1111010011010110
1111010100000100
1111001111110000
1110100110000110
1111011110110110
1111110010101010
0001001100111100
0010001001000110
0010001010011110
0010001110100100
0010011001100000
0010010111011110
0001101101000011
0000101010000100
0000011000010010
1111111110010010
1111110110000110
0000100011001110
0000101101011110
0010010110110010
0010011100010000
0001100000110000
0001000110000110
0000100000011110
0000101101011110
0000100001110110
1111010011111010
1110110101001000
1111100101101100
1111111001100000
1111010101010000
1110110100011100
1111100010010000
1111100101000000
1111101001110010
1110011111001100
1111100010010010
1111110100001100
0001001011000110
0001110101010010
0010001100010010
0001101000011111
0010000001011010
0010011100010000
0001110110100010
0000101101101100
0000110100000101
0000001101000110
0000010010110110
0001001110111100
0001101111100010
0010001111011110
0001111111011111
0000111011110000
0000101110010101
0000100101011000
0000100111010100
0000001001010010
1111011101001010
1111001011010010
1111111011001110
0000001001111010
1111101011001110
1110011010000100
1111011011111010
1111010001101011
1111001110011110
1110011010100000
1111100100111100
1111110100001110
0001010001001010
0010000000010000
0010010101010000
0001100010111110
0001111001111000
0010011100010000
0010011100010000
0001100000011100
0001011001011100
0000111100001010
0001010001001010
0010000101010110
0010001111100010
0001101000101100
0000111100110010
0000011101100110
0000010000111000
0000010011011010
0000011100111110
1111111110011010
1111010100011010
1111100011101100
0000001001001110
0000011011000100
0000000110101100
1110110001011010
1111001100110000
1111011111001110
1111011010001000
1110100000101110
1111101000100110
1111110001100100
0001011101011000
0010001011100100
0010000111000100
0001010011110000
0001011111111100
0001101011011110
0010011100010000
0010001000010110
0001111010111000
0001101101011010
0010001010111100
0010000011001110
0001011000111000
0000100001000010
0000011000000100
1111111111101100
1111111111101100
0000000100001010
0000001110011100
1111101010100000
1111010000001100
1111101001111000
0000100101100010
0000111010000100
0000011100100100
1110111101100110
1111101000100110
1111111100011111
1111110101011010
1110101011111111
1111101011111000
1111110100001100
0001001000100010
0001101011101100
0001011001001010
0000110111010010
0000110100101110
0001001111100100
0010010000000110
0010011100010000
0010000010000100
0010001001101110
0001111101100100
0001001110111100
0000010010001110
1111101011001110
1111010101100000
1111000111011100
1111000101100011
1111001101110110
1111100100110110
1111101011111000
1111000100111000
1111000111011100
1111111011001110
0000011100011100
0000001100011110
1110100000011110
1110101001011010
1111101000000010
1111101011001110
1111011111001010
0000010111011110
0000100101001010
0001010010101000
0001110011001000
0001110110000000
0001011000011010
0000110010001010
0001000011011110
0001111100011111
0010011100010000
0010011011100010
0010001101000110
0001111011110010
0001000010000010
1111111011010100
1110100101011100
1110100000011000
1110011001111000
1110000111110110
1110001111000100
1110011011010100
1110111110101100
1110101010011110
1110100110111000
1111010111111100
1111110110010000
1111100110011000
1110110011111000
1111000011110000
1111101111000010
0000000010100010
1110110001111000
1111101100011110
0000010011100010
0001000100011000
0001111110111100
0010001000101110
0010010010100000
0010011100010000
0010010010100000
0001010111111000
0000011101010100
1111101100011110
1111011000111100
1111000101011010
1111011000111100
1111101100011110
0001100001101010
0001010111111000
0000111010100110
0000011101010100
0000011101010100
0001001110001000
0000110000110100
1110111011101000
1110011110010110
1111110110010000
0000011101010100
1111011000111100
1111001111001100
1110110001111000
1111000101011010
1110000001000100
1111000110011100
1111101111100100
0000011000101010
0001011010011110
0001110011001000
0010010100000010
0010011100010000
0010000011100110
0001101010111010
0001010010010000
0000010000011100
1111110111110010
1111101111100100
1111101111100100
0000010000011100
0000111001100100
0001010010010000
0001100010101100
0001101010111010
0000111001100100
0000101001001000
0000111001100100
1111100111010110
1111101111100100
1111000110011100
1111101111100100
0000001000001110
1110111110001110
1111010110111000
1111110111110010
1111100111010110
1111101111100100
1110101010010100
1111101101100010
1111110111100110
0001011100011010
0001111010101010
0001011111110010
0001000001100010
0000110111011100
0001000100111000
0010011100010000
0010011100010000
0001011111110010
0010010010001010
0010011100010000
0010001011011100
0000100110101010
0000010010011110
0000000001101100
1111001011111011
1111001000100100
1111110111100110
0000011001001100
0000001011110000
1111000001110110
1111110100010000
0000111010110100
0001010010010100
0000110000101110
1111001000100100
1111101101100010
0000001111001000
0000010101110110
1101100011110000
1101100011110000
1101100011110000
1101100011110000
1101100011110000
1101100011110000
1101100011110000
1101101000001110
1101100110101100
1101100111101110
1110110100110010
1111110111111010
0000111001111110
0001101010100000
0010010010110010
0010010010100110
0010000110000100
0001011110110110
0000011110001100
0000000100001000
1111011111010000
1110100110100100
1110000001000010
1101111000111110
1101110111000000
1101110100010000
1101101111101100
1101101010110000
1101100110111000
1101100110011010
1101100011110000
1101100011110000
1101100011110000
1101100011110000
1101100011110000
1101100011110000
1101100011110000
1101100011110000
1101100011110000
1101100011110000
1101100101101100
1101100101011000
1101100110100100
1110100101010100
1111011101101000
0000010101011110
0001011011111100
0010010011111110
0010010110110010
0001111110111110
0001010010110010
0000101100000011
1111110111001000
1111000111101000
1110001011000010
1101110011101110
1101110011001010
1101101110101110
1101101111011010
1101101100100000
1101101000111100
1101101000010110
1101100110010100
1101100011110000
1101100011110000
1101100011110000
1101100011110000
1101100011110000
1101100011110000
1101100011110000
1101100011110000
1101100011110000
1101100011110000
1101110010011000
1101110011111000
1110000100000010
1110011001111010
1110010110101000
1110010101110000
1110011010101011
1110101000100000
1110011111001000
1110011000000110
1110010011011011
1110010101110000
1110010011000000
1101111111111000
1101110001110100
1101110111000000
1110000011100001
1101111111010110
1110000111101100
1110010011101010
1110010010101000
1110100000101100
1110000111101100
1101100011110000
1101100011110000
1101100011110000
1101100011110000
1101100011110000
1101100011110000
1101100011110000
1101100011110000
1101100011110000
1101100011110000
1110101011001101
1101101100101100
0010011100010000
0010011100010000
0010011100010000
1110011101110010
1110100110101110
1101110001001010
1101101100101100
1101101100101100
1110001011111100
1111000101111110
0000100011101110
0000100011101110
1111101001101100
1110010100110110
1101100011110000
1101101100101100
1101101000001110
1101101000001110
1101110101100110
1110000011000000
1111010111110100
1101100011110000
1101100011110000
1101100011110000
0010011100010000
0010011100010000
0010011100010000
0010011100010000
0010011100010000
0010011100010000
0010011100010000
0010011100010000
0010011100010000
0010011100010000
1111000000100100
1110111110100010
1110111111111000
1110110111101100
1110101101011000
1110100100110100
1110100010001010
1110011000011000
1101111111110010
1101100011110000
0000100101100000
1111101101101000
1110110010101100
1111010001111100
1111011100011100
1111110000001010
0000001110100010
0010010011001000
0000101000100000
0001011100100110
0010010000101100
0010011100010000
0010011100010000
0001101000001010
0001000101011100
0001010110110100
0001110011110000
0001111001100010
0001101000001010
0001010001000001
0000011100111100
0000101000100000
0000010111001010
0000011100111100
1111100011000100
1111100011000100
1111100011000100
1111101000110110
0000010001011000
0000000101110010
1111110100011100
0000001011100100
0000011100111100
1111110100011100
1111100011000100
1111110100011100
1111101110101000
1111101000110110
1111100011000100
1110110100110010
0000100100110000
0001001011110100
0010010000110000
0010001100001010
0010011100010000
0001010111010100
0000111110000010
0001001001100010
0010000000101100
0010000010111110
0001010111010100
0001011001101000
0000011101111000
0000111110000010
0000100010011110
0000101001011000
0000000110111010
1111101111111010
1111111011011010
1111111011011010
0000100010011110
0000011001010010
0000110010100100
0000101101111110
0000010000000110
0000100111000100
0000001001001100
0000000100100110
0000000000000000
1111100110101110
1111101011010100
1110110001111000
0000001000010110
0001001011001010
0010001101111100
0010010010101110
0010011100010000
0001000001100110
0000110000111010
0000111111001110
0001110001010100
0001100111110010
0001100011000000
0001100111110010
0000010110101010
0001001101100010
0000101110100010
0000001101001000
0000010001111010
1111001010010100
1111100100100100
0000000001001100
0000000101111110
0000100111011000
0001000001100110
0001000001100110
1111111110110100
0000010110101010
0000000011100110
1111101110000110
1111110111101010
1111101110000110
1111110010111000
1111001010010100
1111010101000110
1101100011110000
1101100011110000
0010011100010000
1110000011000000
1101100011110000
1101100011110000
1101111101110010
1101100011110000
1110101100000010
1111110010000000
1111110100010110
0000100010111110
0000000010010110
0010011100010000
0010011001111010
0000110101101000
0000101001111110
0000000010010110
0000001001010110
0000010101000000
0000011100000000
0000010010101010
0000000010010110
0010000010100110
0001110100100110
1111101111101100
1111111001000000
0000001011101010
0000100101010100
1111111001000000
1111101101010110
0000010111010100
1111110100010110
1111111001000000
1111101011000000
1111100110010110
1111100100000000
1111101000101100
1110011011101110
1110000100011010