1110011110001110
1111011010000100
0001000001110010
0001000010011110
1111110101001110
1111010110100110
1101111101100000
1110110001101100
1111000001000000
1111000001000000
1110101001010110
1111100100100000
1111110000010110
0000001111101010
0000000001000010
0000100011001010
0001101000000100
0001011111101100
0001000011110110
0000110101111100
0001000001110010
0001100001110010
0010010101010010
0010011100010000
0001110101010010
0001001110010100
0001011110010100
0001101100111100
0001101111101110
0001110111011000
0001101000110000
0001010011111000
1110011111101110
1111101011011110
0001001110100110
0001001101111110
1111111100100010
1111011101100110
1110011110011110
1111000011101111
1111001000110000
1111001101001100
1110110001011010
1111101101011000
1111111000110001
0000001110001110
0000000100000110
0000001110110110
0001010110110100
0001100111110110
0001111010001010
0001001100101110
0000111011101001
0001101110110010
0010011100010000
0010010101010100
0001100000010010
0001101100111001
0001111010110010
0010001011110110
0010000011000000
0001001111001110
0001011010100110
0001011000000100
1110100100011100
1111011010110100
0001001001010000
0001001111100100
0000001010010100
1111110010110110
1110100101000000
1111001110001110
1111000011111010
1111010110001110
1111000101000100
1111101100100010
0000001001001010
0000010001001010
0000010110111010
0000010000000010
0001011011000000
0001101100001100
0001111000001100
0001110000110000
0001011110011100
0010001000110010
0010001100110010
0010011100010000
0010000101010110
0010000111101010
0010010010100010
0010001010100000
0010001011000110
0001110100110000
0001101011000010
0001011101010010
1110100000011110
1111010011010010
0000110001001000
0000111000111000
1111111110010110
1111101110010110
1101111111010110
1110110010101110
1110110001000010
1111000011010010
1111001100000110
1111010100011000
0000000000000000
1111110100111110
0000000111001100
0000011100101110
0000110010110010
0001101000010101
0001011001011100
0001101010000000
0001101110111110
0001110001001100
0010010111110110
0010001101111010
0010011100010000
0010000111010010
0010000000000110
0010010111010010
0010001111000000
0010010101000100
0001101000010101
0001010101100101
1110100001011010
1111010111101100
0000010111111110
0000100100101000
1111111000111000
1111110011000110
1110001100010101
1110110100011000
1110111111011100
1111001110001101
1111001000111100
1111010111101100
1111101100110000
1111110111010100
0000001101011011
0000000111101010
0000100010100010
0001100000001100
0001101100110100
0001100011010110
0001011111001000
0001101111111110
0010000101000100
0010010011110100
0010001011111010
0010001000001110
0010001101100000
0010001100011100
0010011100010000
0001111100000110
0001110110110110
0001101011110010
1110100010011000
1111100011010100
0000001111011000
0000100010100000
1111110001110010
1111101111011110
1110001111001110
1110111001100100
1111001101110110
1110111111111100
1111000011011010
1111011000111000
1111010001010100
1111101101001010
1111111101011010
0000000110000110
0000101011001100
0001000111000010
0001110000001100
0001010110000110
0001101000101001
0001110001111100
0001110100010000
0010001110111010
0001111111110110
0010001110010110
0010001000100010
0010010000000100
0010011100010000
0010010100001000
0001110110100100
0001010111010000
1110110100010010
0000010100101110
1111111110011010
1111111110011010
1111011100001000
1111010111010110
1110010011100110
1110011011100100
1110011001111110
1110111101000010
1111000101000000
1110111001110110
1111000010101000
1111001000001100
1111001100111110
1111100000001001
1111101000111000
0000011100101100
0001000011110000
0001100101010000
0001011000100000
0001001000100010
0001100010110110
0001110010000000
0001111011100011
0001100011101010
0001011111101010
0001110011100110
0001111100011000
0010011100010000
0001110010110010
0000101011000100
1110110000010010
1111111100110100
0001001001010110
0001001111101110
0000001111111011
1111110000000101
1110110110101010
1111011100111100
1111010110100010
1110110000010010
1111110110011100
0000001111111011
0000010110010100
0000010110010100
0000001111111011
0001100010110110
0001110110000000
0001001111101110
0000100011000100
0001100010110110
0001111100011000
0001111100011000
0010000010110000
0001101111100101
0010010101111000
0010001111100000
0001111100011000
0001100010110110
0010001111100000
0010011100010000
0001110110000000
0001100010110110
1110110110010100
1111011001101100
0001001001101100
0001001111100110
0000001000110110
1111101011011000
1111000010000110
1111011001101100
1111010011110011
1111011001101100
1110110110010100
1111101011011000
0000001110110000
0000100110010100
0000100110010100
0000000010111100
0001110010111110
0001111000110111
0001000011110100
0000111101111010
0000111101111010
0010000100101010
0001110010111110
0010011100010000
0010000100101010
0000111101111010
0001101101000110
0001011011011010
0001110010111110
0001111000110111
0001101101000110
0001100001010010
1110100010010000
1111110101100110
0001010111110100
0001010111110100
0000000111011100
1111101100101010
1110110100000110
1111010100110110
1111001011111011
1111011010110100
1110110001001000
1111111110100001
0000010000011000
0000010110010100
0000001010011010
0000011100010010
0001101100101000
0001101001101010
0001111011100000
0001001110111000
0001010001110110
0010000100011100
0010011001010010
0010011100010000
0001111000100010
0001110101100100
0010010000010110
0001111110100000
0001110010100110
0001111011100000
0001100011101100
0001101100101000
1101100011110000
1101100011110000
1101100011110000
1101100011110000
1101100011110000
1101100011110000
1101100011110000
1101101001101000
1101101000110110
1101101110110000
1110011000110000
0000111101100111
0010001000101000
0010000110101010
0001100110000100
0000111101010000
0000101101111100
0000100100001000
1111111011010010
1111101110101110
1111010111100101
1110100011010110
1110000100010110
1101101111100010
1101101110010110
1101101100011000
1101100011110000
1101100011110000
1101100011110000
1101100011110000
1101100011110000
1101100011110000
1101100011110000
1101100011110000
1101100011110000
1101100011110000
1101100011110000
1101100011110000
1101100011110000
1101100011110000
1101101000010010
1101101000011000
1110101111111100
1110110001000000
1111111001111100
0000100100011000
0000110111111010
0000101010000010
0001001101111100
0001111000011000
0010010001000110
0010001001001100
0001000111100000
1111010101110001
1110010000101100
1101110011010110
1101101100010100
1101101101010010
1101101011000100
1101100011110000
1101100011110000
1101100011110000
1101100011110000
1101100011110000
1101100011110000
1101100011110000
1101100011110000
1101100011110000
1101100011110000
1101100011110000
1101100011110000
1101100011110000
1101100011110000
1101110001101110
1101100101001110
1110110101011010
0001101101110010
1111011100011110
1111010001100010
1110110111110010
1110110001110110
1111000001000010
1111000100011110
1110110011001000
1111010101100000
1111010011010010
1111000001011010
1110100001010010
1110001000010110
1110001010111110
1110001110000110
1101111011110110
1101100011110000
1101100011110000
1101100011110000
1101100011110000
1101100011110000
1101100011110000
1101100011110000
1101100011110000
1101100011110000
1101100011110000
1101100011110000
1101100011110000
1101100011110000
1101100011110000
1110000011000000
0010011100010000
0010011100010000
0010011100010000
0010011100010000
1111011100010010
1101110101100110
1101111010000100
1101111010000100
1101110101100110
1101110101100110
1101101000001110
0000011111010000
0010001010011010
0010011100010000
0000011111010000
1111010111110100
1110000111011110
1110010100110110
1101100011110000
1101100011110000
1101100011110000
1101100011110000
1101100011110000
1101100011110000
1101100011110000
0000001011001000
0000000101100100
0000000001100100
0000000100011000
0000000000110110
1111111111101010
0000000100111010
0000001101001000
0000010010111000
0000010000111110
0001101000101100
0001100001110100
0001100010011010
0001100100110010
0001101001011100
0001100110101000
0001100111000100
0001101100100101
0001110100100010
0010000001100000
1110011110000110
1111011011010000
1110101100110010
1111001101101100
1111111110101010
0000100101011100
0000100101010110
0010011100010000
1110010100001000
1110111110011110
1111001000100100
1111100000110000
1111101100110110
0000010011001010
0000011111010000
0000011101001110
0000101011010110
0000100101010100
0000010101001010
0001100001110010
0001011111110010
0001100001110010
0001011001101110
0001100001110010
0001000101100100
0001110001111010
0010001000000110
0010011100010000
0010011100010000
0010010010001010
0001101011111000
0001001001100110
0001010111101100
0001011101110000
0001001111101000
0001010101101100
0000111011011110
0000100001010010
1111111111000000
1111010000101000
1101111110110110
1110111111011010
1111010010001010
1111010000000110
1111011100100110
1111010000000110
1111010000000110
1111011110101010
0000011011000110
0000010100110110
0000100001010110
0001110000100000
0001010111100000
0001000010101010
0001011111110101
0001101000001010
0001110110110000
0001011011101010
0001111010111010
0010001011100110
0010001101101010
0010010001110110
0010000001001010
0001110010100110
0001111101000000
0010011100010000
0001010111100000
0001011111110101
0001001111001010
0001011101110000
0001000110110110
1111011100100110
1111011100010010
0000001000111100
1111100101001110
1110111110100010
1111010000011000
1111100000110000
1111011101110010
1111111011100010
0000101110001000
0000011010110010
0000110010100101
0001110010100110
0001101100101000
0000111011100010
0001100110101100
0001101000001010
0001000101111100
0001010000010110
0001010100110011
0001100010001110
0010011100010000
0001101011001010
0001111011100000
0001110101100100
0001100101001011
0001000010111110
0000110101100100
0000111011100010
0001001000111010
0001000010111110
0000010100110110
1111010111110100
0010000001001000
1101100011110000
1101100011110000
0010011100010000
1110000011000000
1101100011110000
1101100011110000
1110010111110110
1101100011110000
0000010010110110
0000101101110100
0000010000001010
1111110111111010
1111100010011000
0000100011000010
0000111000100100
0000101000011010
0001001110001000
0001010110001110
0010011001100100
0010000100000000
0001010000110100
0001100110011000
0001101001000100
0001110110100010
0001111001001110
0001111011111100
0001110011110101
0001111001001110
0010011001100100
0010011100010000
0001001011011100
0000101000011010
0000101000011010
0000001000000110
0000010000001010
0000001101011110
1111111101010100
0000100000010100
0000100101101110
1110111111010110