1110110001000010
0000010011100100
0001010010110110
0001010010010110
1111100101101100
1111010110101110
1110111111100010
1111000111010000
1111000010011010
1111000111101110
1111001111011110
1111110000010100
0000001010011000
0000101110100110
0001111011011001
0010001010011000
0001111001011110
0001100101001011
0010000000010000
0010001010011000
0001011110011100
0001001001001100
0001001010101000
0001101100111001
0010001010011000
0010011100010000
0001110101001000
0001100111001000
0000111111100000
1111100111100110
1110110000000100
1101101111010110
1110100110100100
0000001110011100
0001010011001100
0001010000110010
1111010111001000
1111010011110011
1110111111000110
1111000001111110
1111000101110100
1110111101001100
1111000110010101
1111100011001011
0000000110010000
0000101000011000
0001110001111100
0001111100000001
0001111111011010
0001100111011000
0001111110111100
0010001110110010
0001100001100110
0001000010110100
0000111100000110
0001100101111100
0010010000001110
0010011100010000
0001110100110100
0001101011101100
0000111111011110
1111101110101100
1110010001111010
1101101100111000
1110110111110110
0000010110111110
0001100000000100
0001011010100010
1111110010001110
1111100100111000
1111010110001100
1111000111111100
1111001010101100
1111000011110100
1111010110001100
1111101111000000
0000000011001110
0000110011000000
0001101011100010
0010011001100000
0010001111011000
0001100110111100
0010001111011000
0010001000111100
0001101100011110
0001001000001010
0001001010111010
0001100101100100
0010011001111100
0010011100010000
0010000010000100
0010000101010010
0001001100010010
0000000000111001
1111000001000010
1101111000111000
1110100010110111
1111111101110100
0001001010000110
0000111111110100
1111100010011010
1111010100001110
1110110000100010
1110110010000000
1110100001110110
1110101011001010
1110111001010110
1111011100000100
1111100111010100
0000010100110010
0001101011110110
0010001100001000
0010000110101110
0001011011101100
0010000011010100
0001111100111100
0001010111010010
0000111100111000
0000110100100011
0001011001110000
0010010010011110
0010011100010000
0001111101011100
0001111100111100
0001001010000110
1111101000110010
1110110101111010
1101100111101010
1110110111001110
0000011001101100
0001000101000010
0000101100011010
0000001100010100
1111010110110100
1111001000010110
1111000010011110
1110101100100010
1110110110001010
1111000100000100
1111101010000100
1111111011001100
0000100110100010
0001101110110010
0010011001000010
0010010110111010
0001101110110010
0010010001100100
0010010111111110
0001101100101000
0001010000110100
0001001000110010
0001011000010001
0010010011101100
0010011100010000
0010001101110100
0010010010101000
0001100000010011
0000001101011000
1111001101001010
1101111111100100
1110111001111110
0000011010100110
0000111011101000
0001001010111010
0000010000110100
1111010010011100
1110111011001100
1110011010001100
1110011111101101
1110011101010000
1110110001011010
1111000110001110
1111001001111000
0000000011111110
0001011000011000
0010001010100000
0010001001111010
0001101010000110
0010010110110000
0010011100010000
0001101011111100
0000111100110110
0000101100010110
0000101111011010
0001101100100100
0010000000001000
0010000110110110
0001110010101010
0001010111110000
0000111100010000
1111100110000000
1110100011010110
1111001111001100
0000010100000000
0001000011000100
0001010110000010
1111111001010110
1111100101101010
1110110010011010
1110100111111001
1101110110000000
1101110101010100
1110011001001000
1110110011000110
1111001001100100
1111100110011000
0000111111100100
0010010100100010
0010001010000000
0001010110000010
0010010100100010
0010011100010000
0001011001100001
0000011011110000
0000000001110000
0000000010011110
0000110000110100
0001000011110010
0001110001011010
0001011000110110
0000101011001100
0000010111100010
1111111010000010
1111010111101000
1111010000011100
0000011011001011
0000001101100101
0000101000101111
1111110010011011
1111011110000010
1110110101010010
1111001001101010
1111001001101010
1111101011101001
1111110010011011
1111110010011011
0000011011001011
0000101000101111
0010000111111000
0010011100010000
0001010001100010
0001111010010010
0010000001000100
0001100101111010
0001111010010010
0001101100101100
0001011111000110
0001111010010010
0001111010010010
0010010101011110
0001111010010010
0001011111000110
0001001010101110
1111101011101001
1111100100110101
1110010011010100
1111101100110100
0000111111000100
0001101010111010
0001100101011100
0000010011001100
0000001000001110
0000000010110000
0000000010110000
0000000010110000
0000000010110000
0000000010110000
0000011110001010
0000111001100100
0001011010011110
0010000000110110
0010000000110110
0010010001010010
0010000110010100
0010010110110010
0010010001010010
0001110101111000
0001110101111000
0001101010111010
0010000000110110
0010010110110010
0010011100010000
0010000110010100
0001111011010110
0001000100100010
0000101001001000
1111010001011010
1110100000000100
1110111010001100
0000010111010010
0001010011001000
0001000101110100
0000001101010100
1111100101011010
1111000111011110
1110100010111010
1110110000001110
1110100110010000
1110110110111000
1111010001011110
1111000111011110
1111111001010110
0001100000011010
0010011100010000
0010010010010010
0001100111000100
0001110111101100
0001110001000010
0001101010011000
0000100100100100
0000101011001110
0000011101111001
0001110111101100
0010000100111110
0001110001000010
0001101101101110
0001010011001000
0000101110100010
1111000100001010
1110010101101000
1101100011110000
1101100011110000
1101100011110000
1101100011110000
1101100011110000
1101100011110000
1101100011110000
1101100101111110
1101100110001110
1101101011001100
1110011110110010
0001001000000110
0010010100011100
0010010110101100
0010011011100000
0010010001001000
0001101011000000
0001000100101000
0000000111110110
1111100001000000
1110111100100000
1110010111101110
1101111110001000
1101110001101000
1101101100001010
1101101000011100
1101100110011110
1101100011110000
1101100011110000
1101100011110000
1101100011110000
1101100011110000
1101100011110000
1101100011110000
1101100011110000
1101100011110000
1101100011110000
1101100011110000
1101100011110000
1101100011110000
1101100101101010
1101100101110000
1101101001011110
1111001100001100
0000101100011110
0001111000010100
0010001111000000
0010001101001100
0010001101001110
0010000110001010
0001111001011100
0000101101001010
1111101000111011
1110101100010000
1110001010011010
1101110001001000
1101101100010000
1101101000111000
1101100111001100
1101100110011100
1101100011110000
1101100011110000
1101100011110000
1101100011110000
1101100011110000
1101100011110000
1101100011110000
1101100011110000
1101100011110000
1101100011110000
1101100011110000
1101100011110000
1101100011110000
1101101101001010
1101101010000000
1101100111111010
1110111110111000
1110111101001100
1111000110111110
1111010110100110
1111000111110000
1111001101001110
1111010110001100
1111001000001001
1110111100110100
1110100011101001
1110010100010111
1110011100010110
1110011000111000
1110101011000110
1110010011101010
1110001001010000
1101111001101000
1101100011110000
1101100011110000
1101100011110000
1101100011110000
1101100011110000
1101100011110000
1101100011110000
1101100011110000
1101100011110000
1101100011110000
1101100011110000
1101100011110000
1101100011110000
1110111101000010
1101110001001010
0010011100010000
0010011100010000
0010011100010000
1101111010000100
1101100011110000
1101101100101100
1101100011110000
1101100011110000
1101110001001010
1110011001010100
1111110111000100
1111011100010010
0001111101000000
1111001110111010
1111010111110100
1111001010011100
1101110001001010
1110000111011110
1101100011110000
1101100011110000
1101100011110000
1101100011110000
1101100011110000
1101100011110000
0000000010101110
0000000101010110
0000000110110100
0000000110001000
0000000101010000
0000000110100000
0000001000001110
0000001001111010
0000001011101100
0000001010111100
0000100110101000
0000100101001000
0000100101111010
0000100101001100
0000100110000000
0000100101000100
0000100101101000
0000100111011100
0000101001000000
0000100010011000
0000000110010000
1111111000101010
1111110011000000
1111110010100101
0000100111001010
0001011000101100
0001101111101110
0010011100010000
0000101000011000
0001011001100001
0001010110000010
0000101111011010
0000100001010110
1111111010101111
0000011101110110
0010001110001110
0010010001101110
0010011000110000
0001011101000100
0001110101101000
0001111001001000
0010011100010000
0010000000001010
0000001111110100
1110110100100000
1111010111101000
1111110000001100
0000010110110100
0000011101110110
0001010110000010
0001001011100000
0000010011010100
0000011010010110
0000101111011010
0000100100111000
0000110010111010
0000111001111100
0000001111110100
0000001000110010
1111001001100100
0000011011111010
0000100001011110
0000010011100010
1111111010011010
0000010011100010
0000100100010010
0001100100011100
0010010001000110
0010011100010000
0010010110101010
0010001000101110
0001110010011010
0010000011001000
0010010011111000
0001101111100101
0000001000011000
1111000010101000
1111011000111100
0000001101111100
0000001011001010
0000100001011110
0000111101011000
0000001101111100
1111110100110110
0000010011100010
0000110101000000
0000111010100110
0000110010001110
0000101111011100
0000110101000000
0000010110010100
1110111010010000
1111110111011010
0000101001001110
0000100101110010
1111111100100100
1111001111111100
1111111110010010
0001000100101100
0010011100010000
0010010111000110
0010011010100010
0010001100110010
0001011100101110
0001111101010110
0010000010100000
0001100001111000
0000000001101110
1110101011111000
1111100010110100
1111100100100010
1111110000100010
0000110001110010
0000111111100010
0000100101110010
1111110000100010
1111101101001000
0000001111011110
0000100000101000
0000001101110000
0000000001101110
0000000110111000
1111100100100010
1110110111111000
0001001110000000
1101100011110000
1101100011110000
0010011100010000
1110000011000000
1101100011110000
1101100011110000
1110001000001111
1101100011110000
0000000011101100
1111111100010100
1111101011000110
0001001000100110
0000101111111110
1111010100111100
0000100001001110
0001001101100000
0001110010011010
0001110100111000
0001111100010000
0001011100010010
0001011100010010
0010011100010000
0001001111111110
0001000001001110
0001000001001110
0000110100111010
0001000110001000
0001000001001110
0000101111111110
1111110010011110
1111111100010100
0000001101100010
0000010000000000
0000001000101000
0000000110001010
0000000110001010
0000000110001010
0000001011000100
0000000011101100
1111110111011000