1110010100000110
1111010010010100
0000100111000100
0001100101010100
0001010010110000
0000011100011110
1111110100110000
1111010100111110
1111000011110000
1111011000010010
1111101010001010
1111111111010110
0000011000100000
0001100000101010
0010001011101100
0010011100010000
0001100000101010
0001010000001000
0001100011010100
0001111011001010
0001111011110100
0001101101010000
0001011011011000
0001011010101110
0001110101110110
0010000101000100
0001111011110100
0001101010100110
0001011000101110
0000111001100110
0000101111101010
1111101100001000
1110011001110000
1111100111011000
0000101100001101
0001100100111010
0001010010101100
1111111010111100
1111101110001000
1111010011001000
1111001010010110
1111001101000010
1111100001010010
1111111001100110
0000010100100110
0001001011010000
0010001101011010
0010011100010000
0010000101010100
0001100110111100
0001101111101110
0010000110101010
0010001111011100
0010001011011000
0001110011000110
0001110001000100
0010000011010010
0010001100000100
0010001011011000
0001111111111010
0001011101011101
0001000011001010
0000101010110110
0000001011001000
1110100001111110
1111011101111100
0001001110100000
0001001111111110
0000111010100000
1111110100111011
1111011101001100
1111001101101010
1111001100001010
1111000001000100
1111010101000100
1111010101110010
0000000010001110
0000011111000110
0001110101000000
0010011010110010
0010011100010000
0001010001011110
0001011101010011
0001110011100001
0010000101010010
0001110001010100
0001101000011010
0001100001110000
0001110001010100
0010000111100000
0001101110010110
0001110010110010
0001001111111110
0000111110111100
0000101111011010
0000100000100110
1110110000000000
0000010001110100
0001101010100000
0001111110011010
0000100001100100
1111101111110110
1110111011101000
1110111011101000
1110110001101010
1110011111011100
1111000000100110
1110111111110000
1111111001110010
0000001100000010
0000111100111100
0010010000101010
0010011100010000
0001110000010100
0001011110111010
0010001000010110
0001111100110000
0001111000100110
0001101000000001
0001010100111101
0001011101010000
0001100011111000
0001011101010000
0001100000100100
0001011110000110
0001011000010001
0001000110000010
0000101111101010
1110101101101010
0000101111001110
0001010000001000
0001000101111010
0000101101000000
0000000100110000
1111011011000010
1111010101001100
1111001011101100
1111001101111001
1111010111011000
1111100111011110
0000000110001110
0000011011011100
0001000000000010
0010000010101000
0010010111001000
0010010010110000
0001110011111111
0010000101100100
0010001111000100
0010000100110110
0001100011111010
0001100100101000
0001010011110010
0001011110000010
0001101011001110
0010011100010000
0010010100111100
0001110001110100
0000111000000000
0000111011101001
1110100111001000
0000111010000100
0001110000100001
0001010011110110
1111011011011100
1111011110010100
1111100110111010
1111010111001010
1111000010011001
1111001000000110
1111011000100110
1111010010001000
0000001110010110
0000100011001000
0000011010100010
0010000110000010
0010010111111100
0010011100010000
0001011101111010
0010010001100000
0010010010111100
0001010000010010
0001000101100010
0001001011010000
0001000100110100
0000110111111010
0001010011110110
0001111100101110
0010000101010100
0001111111100110
0001100101110010
0000101101111000
1110101110000100
0000101110111110
0001001000011110
0000101100110100
1111011110001000
1111000011111010
1110111010011100
1111000100101000
1110101110110010
1110111000010000
1111000110110100
1111010101011000
1111011011111100
0000001011010010
0000111111000000
0001101100001100
0010000100111100
0001111111110110
0001101010101110
0010001110011010
0010001001010100
0001100100110111
0001001100001000
0001001010101010
0000101101100010
0000101110111110
0000111111000000
0001011000100000
0001101111110100
0010001010000010
0010011100010000
0010001010000010
1110101010000100
1111100000110000
1111101000100100
0001100101100100
0000111110100000
0001000110010100
1111110000011000
1111101000100100
1111011000111100
1111010001001000
1111110000011000
0000001111101000
0000100111000100
0001000110010100
0001011101110000
0010011100010000
0001011101110000
0001010101111100
0001110101001100
0001011101110000
0001111101000000
0001011101110000
0001101101011000
0001100101100100
0001101101011000
0001011101110000
0001101101011000
0001000110010100
0000111110100000
0000001111101000
0000101110111000
1111110000011000
1110101110001010
1111111000100100
0000001110111000
0001100000101110
0000110100000101
0001001010011010
1111110001001000
1111101001101100
1111100010010000
1111100010010000
0000000000000000
0000001110111000
0000101100101010
0001101000001010
0001111110100000
0010011100010000
0001101000001010
0001101111100101
0001101111100101
0010000101111100
0001111110100000
0010001101011000
0001101111100101
0001101111100101
0001101000001010
0001110111000100
0001101111100101
0001001010011010
0001010001110110
0000111011100010
0000011101110000
0000010110010100
1110010110101000
1111100110100100
0001001000101100
0001000101000010
0000100111111110
1111110001011110
1111011000000010
1110111110100110
1111000101111000
1110001011101110
1111000010001111
1110111110100110
1111101010001100
0000001010111010
0001100010001000
0010001010000110
0010011100010000
0001001111111100
0001001111111100
0001011110011110
0001110111111010
0001001111111100
0001011110011110
0001001100010100
0001100010001000
0001100101110000
0001001111111100
0001011010110110
0000101111010000
0000110110100000
0000100000101110
0000010010001010
1101100011110000
1101100011110000
1101100011110000
1101100011110000
1101100011110000
1101100011110000
1101100011110000
1101100101101110
1101100101101110
1101101110101110
1111001000101000
0001010111011100
0010010111011110
0010001100001010
0001010110011110
0000110101010100
0000110111010010
0000011101011010
0000010000100100
0000010011101000
1111100000001110
1110010000001110
1101101011110010
1101101000100010
1101101000000000
1101100111111000
1101100110101100
1101100111001000
1101100110000010
1101100111111000
1101100111111000
1101100110100100
1101101000100010
1101100011110000
1101100011110000
1101100011110000
1101100011110000
1101100011110000
1101100011110000
1101100011110000
1101100101001110
1101100100111110
1101101011011110
1110110100100000
0000101100011100
0001101111000000
0010000001100100
0010010100000110
1111111101001010
1111011100011010
1111000101010110
1111100111001010
1111001001100000
1110101100001100
1110001001011100
1101100111111010
1101100110010100
1101100101111000
1101100101110110
1101101010010010
1101101100100010
1101101011110000
1110000010000000
1110011000100110
1110011101111010
1111001111101000
1101100011110000
1101100011110000
1101100011110000
1101100011110000
1101100011110000
1101100011110000
1101100011110000
1101110001010010
1101101101001000
1110100110111101
1111001011111011
1110101100101010
1110110011111100
1110110001010110
1110111010001100
1110011110000100
1110010011001000
1110011111001000
1110110111101010
1110101010010010
1110100010010000
1111001011010100
1110100101011000
1110010011101010
1101111011101100
1101110001010010
1110001100011000
1111001111000010
0000001000110110
0000011011100110
0001000001000110
0001001000111010
0001011101001110
1101100011110000
1101100011110000
1101100011110000
1101100011110000
1101100011110000
1101100011110000
1101100011110000
1101101100101100
0001110100000100
0010011100010000
0010011100010000
0010011100010000
1111000001100000
1110000011000000
1110111101000010
1111101110001010
1110011101110010
1110100010010000
1110101111101010
0000001101011010
0000101000001100
0010011100010000
0010011100010000
1110100010010000
1101111010000100
1111110010100110
0000001101011010
0001010100110011
0000110001000110
0010011100010000
0010011100010000
1111000001100000
1111100000110000
0010001000111100
0010001000111100
0010001001010000
0010000101101110
0010000101010110
0010000011101000
0001111111110010
0001111010010010
0001100110101010
0001000111001010
0000001111110110
0000001111110110
0000010010111110
0000010010110110
0000010100111100
0000010110100110
0000010111110010
0000011100001111
0000011100001111
0000010001000110
1111100000110000
1111010011111000
1110111110111010
0000011011001011
0000101101110100
0001100111100010
0001110000000010
0010011100010000
0000001011110110
0001001110001000
0001101111010010
0000111000110100
0000101010101000
0000110100000101
0001000111000010
0001111000110000
0001100011011100
0010010010110010
0010011001111000
0010001011101100
0010001110000010
0010011100010000
0001111101011110
0001101000001010
0001101100111001
0010001011101100
0001100001000100
0001010111100110
0000111101100100
1111110100001010
0000010010111100
1111111000111010
1111101000010100
0000000000000000
0000001011110110
0000100011100000
0000001110001110
0000001001011110
0000101000010000
0000010000100100
0000010010100110
0000011011111010
0000111001101010
0000100111000100
0000001110111000
1111111100010010
0001010000000000
0010010001000110
0001111110100000
0010001001101010
0010001001101010
0010000100000100
0010010001000110
0010011100010000
0010010110101010
0001001110001000
0000111011100010
0010000100000100
0010000000010110
0001001000100010
0000100101001100
1111101111010000
1111100100000110
1111101011100010
1111100100000110
1111001101110010
1110110111011110
1111010111000100
1111101111010000
0000001101000010
1111111010011010
1111011110100010
1111111000101100
0001100001110000
0001110001101100
0000101001111000
0000010100101000
0000101111001110
0001101111000010
0010011000010000
0010000110111110
0010000100010100
0010010010111100
0001111100010101
0010011001100110
0010011100010000
0001111101101010
0001010100011100
0000110001111000
0001000011001010
0000111011001100
0000011101111001
0000011101111001
1111011111011010
1110111100110110
1111010010001000
1110111110001100
1111001000110100
1110110110001100
1110111100110110
1111111010000010
0000010001111100
0000001011010100
1111110011011000
1110110001111100
1101100011110000
1101100011110000
0010011100010000
1110000011000000
1101100011110000
1101100011110000
1110011101000010
0010011100010000
1101110101111100
1110000110011110
1101110111100110
1110001011011100
1110110011001000
1110111011011000
1111111101100010
0000000111011100
0001010001110110
0001010101001010
0001100010011000
0001011101011010
0010000001110010
0001110110001110
0001010001110110
0010000001110010
0001101101111110
0001111110100000
0010000001110010
0010010011111110
0010011100010000
0001011011110010
0001101001000000
0001000010111110
0001010000001100
0001001110100010
0001010000001100
0001001001100100
0001000100101000
0000111100010110
0001000100101000
0000010111111110