1110111000110000
0000000010001110
0000010111011110
0000110010000010
0001001001111010
0001100000111011
0001010101011011
0001010101011011
0000101001001010
0000100000010100
0000100000010100
0000010110100100
0000100010111110
0000100001001100
0000101010111100
0001001101011110
0001010101011011
0001101000111010
0010000000110100
0010011001100110
0010010001101000
0010000011011110
0010000010100100
0010001011011100
0010011100010000
0010001111110110
0001110100011010
0001101001110010
0001001001111010
0000111101100010
0001001110010110
0001001011101100
1110111111100100
0000000111001010
0000011001101100
0000110011110100
0001011110110000
0001101011011010
0001101101111100
0001101110110000
0001000101100000
0000111011011000
0000101101000100
0000101101111010
0000111111100101
0001000100101010
0001001100001110
0001101010100100
0001101000000001
0010011010100100
0010001110110010
0010011001101110
0010001100010000
0010011100010000
0010010010001010
0010010111001100
0010000011110100
0010000010111110
0001101010100100
0001011101111010
0001010001010010
0000111011011000
0001001001101100
0001010100101001
1111000001000100
0000000010111111
0000011001010000
0000110000011000
0001010101001100
0001011111011110
0010000100010010
0010000001101110
0001010000111010
0000111110000100
0000110110010111
0000111111110010
0001001010111010
0001010111110000
0001010101001100
0001110001011100
0001110110100110
0010010001001000
0010001011111110
0010011100010000
0010001110100100
0010010001111110
0010001010010010
0001111011101101
0010001011111110
0001110001011100
0001010000000100
0000110011110100
0000111011100000
0000111000111100
0000110000011000
0000111111110010
1111001101011110
0000000011100001
0000100100011010
0000110100111000
0001011001101100
0001011100000010
0010001110111100
0010000011111110
0001011111111100
0001000001011010
0001001010000000
0001010111010100
0001001101111100
0001100010010010
0001101110110100
0001111100001000
0010010111100100
0010010110110010
0010011100010000
0010010000100000
0010001000101010
0010001110001010
0010010100011010
0010001011000010
0010000110010100
0001011110011000
0001001110101110
0001001001001110
0000110110011100
0000111011001000
0000111000110010
0000111000110010
1110111011111000
1111100111111100
0000010100000000
0000011000111000
0000111000101110
0001011111111000
0001101101110000
0001100110011010
0001011110010000
0001010110111010
0001001010101010
0001001001110110
0001010011101000
0001100011111011
0010000000100000
0010010101101110
0010011100010000
0010010000110100
0010010100111010
0010001001011110
0010001110011000
0010011001110100
0010000101011010
0001111110000100
0001100111001110
0001010110000110
0001001001110110
0001000000000100
0000110110010000
0000110011110100
0000110011110100
0000110111111010
1110100011100000
1111001111110100
1111111001110010
0000010101110010
0000110100000101
0001011010001100
0001110000101110
0001101011010010
0001001011011010
0001000010000100
0000111110001100
0001000010110110
0001001101110000
0001100001111100
0010000110011110
0010011100010000
0010011001111010
0010001001100110
0010001101011110
0010001100101100
0010010001011000
0010001011111100
0001110010010010
0001010111110110
0001001011011010
0000111011110110
0000101011100010
0000100011110000
0000011101100010
0000011100000000
0000100010001110
0000100110000110
1110100000000010
1111010000010000
1111111101101100
0000001001110000
0000111100110000
0001100010110000
0001010000001110
0001000110000000
0000100101100100
0000101100000010
0000010011000000
0000101010001100
0000111001000010
0001011011010110
0001100010110000
0010000111110110
0010011100010000
0010001100100000
0010010010000100
0010001000110010
0001110001100110
0001010111101000
0000111011110011
0000010101110010
0000001100100001
1111110110010000
1111011001100010
1111011001100010
1111100111011100
1111110001101000
1111101011001000
1111110011011111
1110100111101100
1111101011101001
1111110010011011
0000101000101111
0000110110010110
0001010001100010
0001010001100010
0000111101001010
0000100001111110
0000000000000000
0000000000000000
0000010100010111
0000010100010111
0000000110110010
0000101000101111
0000111101001010
0001001010101110
0001011111000110
0010001110101010
0010011100010000
0010010101011110
0001101100101100
0001111010010010
0010001110101010
0010010101011110
0001101100101100
0001011000010100
0001011111000110
0001000011111100
0000101111100100
0001000011111100
0001001010101110
1110110001111000
1111110011111110
0000001100000010
0000101010000100
0001010100001000
0001100000001001
0001001110001000
0001001110001000
0000011110000011
0000011110000011
0000011000000010
0000011110000011
0000100100000100
0000100100000100
0000110000000100
0001001000001000
0001001000001000
0001100110001010
0010010000001110
0010011100010000
0010000100001110
0001110010001100
0001110010001100
0001110010001100
0010001010001110
0001111110001100
0001011010001010
0001011010001010
0001000010000110
0000110110000110
0000111100000110
0001000010000110
1111000100001000
0000000111010100
0000011000110100
0000110011001000
0001010110001010
0001100001110110
0001111100001000
0001111100001000
0001010000010100
0000111110110010
0000101101010010
0000111110110010
0001001101011010
0001001101011010
0001001101011010
0001110000011100
0001100111101100
0010010011100000
0001111100001000
0010010110011010
0010001101101010
0010011100010000
0010000111110100
0001111111000001
0010001010101110
0001111001001110
0001010110001010
0000110011001000
0001000100101000
0000110011001000
0000110110000010
0001000111100100
1101100011110000
1101100011110000
1101100011110000
1101100011110000
1101100011110000
1101100011110000
1101100011110000
1101101010000010
1101101010100110
1101110000000000
1101110010010010
0000101100001100
0001101111110010
0001110000101000
0001100011110001
0001101011001110
0010001011011100
0010001001011100
0001001000011100
0001001110111110
0000111011000010
1111100010000100
1101110010010010
1101101011001010
1101101000100110
1101101011001010
1101110010111000
1101110100110110
1101110000100110
1101101110100110
1101101101101110
1101101010100110
1101101010111000
1101100011110000
1101100011110000
1101100011110000
1101100011110000
1101100011110000
1101100011110000
1101100011110000
1101100110000110
1101100101110110
1101111000111000
1101101100101000
1111110110001100
0000000000000010
0000001111101110
0000010111011110
0000101110101110
0001100101001011
0010011000000110
0010000110111000
0010001100001110
0001001000000100
1110100110100110
1101101101110100
1101100110111110
1101100110010000
1101100110000000
1101111011011100
1101111010100110
1110101000101010
1111001101100101
1111100100000010
1111001110011000
1110110000011010
1101100011110000
1101100011110000
1101100011110000
1101100011110000
1101100011110000
1101100011110000
1101100011110000
1101110001010010
1101101101001000
1110011000111000
1101110001010010
1111000011110110
1111000011000100
1110110111010110
1110100100100110
1110011111001000
1110110000000000
1110100111010001
1110110100011000
1110111101110000
1111000111110000
1111010001001000
1110110011111100
1110010000100010
1101111110110100
1101101100000100
1110010100101100
0001011001000011
0010011100010000
0010011100010000
0010011100010000
0010011100010000
0010011100010000
1101100011110000
1101100011110000
1101100011110000
1101100011110000
1101100011110000
1101100011110000
1101100011110000
1101110101100110
0001010100110011
0010010011010100
0010011100010000
0010011100010000
0010011100010000
1110010000011011
1101111010000100
1101110101100110
1101111010000100
1101110001001010
1101100011110000
1111001110111010
0010011100010000
0010011100010000
0010011100010000
0001111000100010
1101100011110000
0010011100010000
0010011100010000
0010011100010000
0010011100010000
1111010011010110
1110110100000110
1110101011001101
1110100010010000
0010011100010000
0010011100010000
0010011100010000
0010011100010000
0010011100010000
0010011100010000
0010011100010000
0010011100010000
0010011100010000
0010011100010000
0001011110110100
0001011110110100
0001011010010100
0001010101101010
0001010110010100
0001010000000100
0001001110011110
0000111101001010
0000100001011110
1111010001110000
1110010111110110
1110101111001001
1101100101110010
1111000111100110
0000001000010000
1111111101010100
0000001100111100
0010011100010000
0000001000111000
0000111100011000
0001011111111000
0001110101001100
0001001000110100
0001011010100100
0010011100010000
0010001110000010
0001101100010100
0001011100010110
0010000101001010
0010010011011000
0010011100010000
0001100011011100
0001100101001110
0010001000101110
0001011000110010
0001100011011100
0001010011011100
0001010101001110
0001011111111000
0000001000111000
0001011110000110
0001000101010000
0000011111111110
0000101000110110
0000111111111001
0000111111111001
0000011111111110
0000101010101000
0001010111000000
1111101010101100
0000011000101010
0000011100110010
0001000100100010
0001000100100010
0001000101111010
0001111000101000
0010011100010000
0001111111011110
0001100101011100
0001001000101010
0010010001010010
0010000110010100
0001111010000000
0001111010000000
0001101101101010
0001101010111010
0001110100100000
0001111000101000
0001011010011110
0001100010101100
0001110111010000
0001111110000110
0001110100100000
0001110100100000
0001010010010000
0001000001110010
0001000111010010
0001000101111010
0000111101101100
0000111100010100
1111110111110010
1111000110011100
1111000110001011
1110101000110000
0000001000001000
0000010001010000
0000000000000000
0000000111000110
0000010101010100
0000100110100100
0000100101100010
0001101011100100
0001110100101100
0001110010101010
0010011100010000
0001101100100100
0000101111101100
0000110100110000
0001010111010000
0001111001110000
0001110100101100
0001010111010000
0000101110101100
0001000110000000
0000101101101010
0000100000011110
0000010001010000
0000001001001000
0000001111001110
1111111011111100
1111010110011010
1111101011101110
1111001100010000
1101110110000000
1101100100100110
0010011100010000
1101100011110000
1101100011110000
1101100011110000
1101100011110000
1101100011110000
1101100011110000
0010011100010000
1101111011010100
1110001001011100
1110000001100110
1110100101101110
1110101101100100
1111000000011011
1111000001111110
1111100110000110
1111011110010000
1111010110011000
1111011001100010
1111100100100010
1111110001000110
1111110101110010
1111111111001110
1111110111011000
1111100010111100
0000000101100000
0000011011011110
0000001011110010
0000100011010110
0000110100100110
0001001001000010
0001101000011100
0001001101101110
0010000011001000
0001110011011010
0001111100110110
0010000100101100
0010011001000110
0010011100010000
0001111100110110