1111001111000010
0000010011101110
0001101011111100
0001111011000000
0000011100100110
1111000011100000
1111001000110100
1110111111100000
1110111000110110
1110111101101110
1110110111111110
1110110110101000
1111010010100100
1111011001101010
1111110000010000
0000000010000000
0000001001111110
0001001100111010
0001111011111010
0010010011011000
0010011100010000
0010001100010010
0001111110100100
0010001011110110
0010001010000100
0010000011111000
0001111111000000
0001110011000010
0001111000110010
0001110110100100
0010000010100010
0010001111110110
1111000011001000
1111111001000010
0001100101111110
0001100111111110
1111100111000100
1110110000011000
1110011111101000
1110111001111110
1110110000110010
1110111110110000
1110100101001110
1110111001111110
1111010001111010
1111000010010110
1111010100101100
1111101111000010
1111111101011010
0000000110111110
0000111000011110
0001110011001010
0001111111011111
0001101011100100
0001010110000000
0001100010011000
0001100100110010
0001110111001000
0010011100010000
0010001011111000
0010001100101100
0010000100101100
0001110111100010
0010000111000110
1111000001110110
1111110100011001
0001011100000011
0001011101100010
1111011110111110
1110110100100100
1110100001000000
1110101100011100
1110110100001100
1110111101011010
1110100111101000
1110110100100100
1111000011101100
1111001010101100
1111000110010000
1111011110101000
1111101110000110
0000001000010100
0000100111101010
0001101011001100
0001101110111000
0010000110001000
0001110000101110
0001100011011100
0001100100001010
0001111101101000
0010010000000100
0010011100010000
0010010101100110
0010011000111100
0010000010000100
0010000110011110
1110111111001110
1111101101010110
0001010001010000
0001010011000100
1111001110001110
1110101101010100
1110101010000000
1110011010010010
1110100110101110
1110101111111000
1110011101100100
1110110011111000
1111000011101000
1111001100000010
1111000101110100
1111011111011100
1111110001101110
1111110111111100
0000011011110100
0001100011100010
0001100111111100
0001111010111100
0001100100101000
0001101010110110
0001101100101100
0010000001001010
0010010101010100
0010011100010000
0010010100001100
0010011000111110
0010000100000110
0010010000111010
1111000001000010
1111110111101000
0001001110001110
0001010100001010
1111100101011100
1110111011011100
1111000010111000
1110011000100000
1110011000001010
1110110000101010
1110010000010110
1110100101100010
1111001111111000
1111000110001110
1111010011100110
1111110010011100
1111101010101000
0000000010011010
0000110101101100
0001010011000100
0001110111000110
0001100110110000
0001101010000110
0001101110100010
0001100110110000
0001111110001010
0010011100010000
0010011000111010
0010010001110110
0010001111101000
0010010000011000
0010011011111000
1111010001011110
0000011100101000
0001001010110000
0001100001110100
0000100000001110
1111101010100010
1111010011000100
1111000000011000
1110110010000100
1110100110111101
1110110000011110
1110111100110100
1111001011100010
1111000100110000
1111010010010010
1111011110100110
1111101000001010
0000000111111100
0000110000111010
0001011011011100
0001111101010000
0010000100110010
0001110000100001
0001101100100010
0001110001010100
0010001100110000
0010011100010000
0010010011100000
0001111010000100
0010000000000010
0001111000000100
0001111100110110
1111001000101010
0001011100100110
0001010100000000
0001010100000000
0000111001000100
1111100111000100
1111001010011000
1110111101001100
1110110010010100
1110011111011001
1110100001101100
1110111001001100
1110111100101000
1110011010001110
1110111001110000
1110111010010110
1111000010111100
1110111111100000
0000011100011000
0001010001101110
0001010111011100
0001110001010000
0001111111100110
0001101110011000
0001101101110100
0010001000001100
0010011100010000
0001110000000110
0001001001101100
0001110000000110
0001101011011111
0010001111101000
1110110101100110
0000001110111000
0001000010111110
0001010001110110
0000001110111000
1110101110001010
1110111101000010
1110100110101110
1110001000111100
1110111101000010
1110111101000010
1111011010110100
1111110001001000
1111110001001000
1111010011010110
0000010110010100
0000101100101010
0001100000101110
0001101111100101
0010011100010000
0010011100010000
0010000101111100
0001101111100101
0001100000101110
0000110100000101
0000110100000101
0000101100101010
0000111011100010
0001000010111110
0001001010011010
0001100000101110
0001011001010010
1111010000011100
0000011011001011
0001011000010100
0001100101111010
0000101000101111
1111010111010001
1111011110000010
1111010000011100
1110111100000100
1111000010110110
1111000010110110
1111010000011100
1111110010011011
1111111001001110
0000001101100101
0000001101100101
0000100001111110
0001011111000110
0001111010010010
0010000111111000
0010011100010000
0010011100010000
0010010101011110
0010000001000100
0010000001000100
0001110011100000
0001011000010100
0001010001100010
0001101100101100
0001101100101100
0010000001000100
0010000001000100
1111000010110110
1111111100100110
0001001110001000
0001011000010100
0000000000000000
1111001101000100
1111000010110110
1110100100010010
1110100000111010
1110111111011110
1110101011000110
1110001111111010
1111011010101000
1111010111010001
1111001101000100
1111101011101001
1111110010011011
0000011011001011
0000111001110000
0001010001100010
0010000100011110
0010000001000100
0001110110111000
0001011111000110
0001110000000110
0010011000110110
0010010010000100
0010001110101010
0010010101011110
0010011100010000
0010000100011110
0010010101011110
1101100011110000
1101100011110000
1101100011110000
1101100011110000
1101100011110000
1101100011110000
1101100011110000
1101100011110000
1101100111001000
1101101010001110
1110010101111110
0001001011101110
0010010101010000
0010010000110110
0010001000010100
0001110000111111
0001100100010100
0001001011011110
0000110101111110
0000010001001110
1111010001100010
1110100001011000
1101110011000010
1101101010110000
1101101001111110
1101101000111100
1101101001101110
1101101000111100
1101101000111100
1101100111001000
1101100011110000
1101100011110000
1101100011110000
1101100011110000
1101100011110000
1101100011110000
1101100011110000
1101100011110000
1101100011110000
1101100011110000
1101100011110000
1101100111111100
1101101001000000
1110100100100110
0000010100110100
0000111101001100
0001001010011100
0001100001110110
0010001000011110
0010001001010000
0010001001101000
0001010001000100
1111110110111110
1111000001100100
1110000110111100
1101110100100010
1101110000000010
1101101111000100
1101101100000010
1101101100101000
1101101010111110
1101101001001000
1101101000010110
1101100011110000
1101100011110000
1101100011110000
1101100011110000
1101100011110000
1101100011110000
1101100011110000
1101100011110000
1101100011110000
1101100011110000
1101100011110000
1101101011000010
1101110100011010
1111100001010000
1110110000101110
1110100001101010
1110100101101010
1110111100111100
1111010001001000
1111001111111110
1111001000000010
1110111100000110
1110101101011100
1110111101000100
1110100000101100
1110110111000100
1110110111000100
1110110101000000
1110101110110000
1110010111010100
1110001001110000
1101111010101010
1101110001010010
1101100011110000
1101100011110000
1101100011110000
1101100011110000
1101100011110000
1101100011110000
1101100011110000
1101100011110000
1101100011110000
1101100011110000
1101100011110000
1101110101100110
0010011100010000
0010011100010000
0010011100010000
1101111110100010
1101100011110000
1101100011110000
1101100011110000
1101100011110000
1101100011110000
1101111110100010
1101111110100010
1111111011100010
1111011100010010
1111001110111010
1101110001001010
1110000111011110
1101111110100010
1101101100101100
1101100011110000
1101100011110000
1110110100000110
1101100011110000
1101100011110000
1101100011110000
0000001101101110
0000001110110110
0000001110111100
0000001010111010
0000000111101110
0000000110001110
1111111101101010
1111110111000100
1111110001110100
1111111100000110
0001100010111010
0001101000001000
0001110000101000
0001110100110100
0001111001010000
0001111100000100
0010000110100010
0010010011101110
0010011100010000
0010011100010000
1110100110011010
0000110101010100
1110100100111110
1111001000011110
0000000001001110
0000101100000010
0000110110101010
0001100001101010
1110011010111010
1110111011000100
0000010110111110
0000001001001100
0000001101110010
0000100000001010
0001010010101110
0001110010111000
0010001110011110
0010000101010010
0010010011000100
0010001110011110
0010001110011110
0001111100000110
0010001001111000
0010001110011110
0010010011000100
0010010011000100
0001110010111000
0010011100010000
0010010011000100
0010011100010000
0010001001111000
0010000101010010
0010010011000100
0010000101010010
0010001110011110
0001111100000110
0001101001101100
0001001110001000
0000011011100100
1110110110011110
1111101000100000
0000111000101100
0001001100000100
0000111110001110
0000101101101000
0001000110100010
0001101101010000
0010010001001100
0010011100010000
0010011001100000
0010010011111110
0010001000111010
0001111011000100
0001011100101010
0010000011011000
0001110101100010
0010000011011000
0001101101010000
0000110101111100
0001110101100010
0001011111011010
0001011111011010
0001001110110100
0001100111101101
0001011111011010
0001000110100010
0001010001100110
0001001110110100
0001001100000100
0001011111011010
0001010100010101
1111111001000110
0000110001011110
0001010011010110
0000011111010000
0000000010100110
0000000010100110
0000000111110100
1111111010110010
0001000001000110
0001101101011000
0010011001101010
0010011100010000
0001110111110001
0000111011111010
0001011000100010
0001111101000000
0010000100110100
0001010101111100
0000101110111000
0000110001011110
0000111001010010
0000111001010010
0000101110111000
0000000000000000
0000101001101010
0000001010011010
0000001111101000
0000011010000010
0000001010011010
0000000010100110
1111101011001010
1111011000111100
1110101010000100
1111101111011000
1101100011110000
1101100011110000
0010011100010000
1101100011110000
1101100011110000
1101100011110000
1110001000001111
1101100011110000
1111000110100100
1111100110101000
0000000110101100
0001001001011100
0000011001011000
0000100110101110
0000010110101100
0000101001011010
0000101100000011
0001100100001010
0010001001100100
0001101001100000
0010011100010000
0001010100001000
0000111110110010
0001010001011110
0001101100001100
0000101110110000
0000111110110010
0001010100001000
0001010001011110
0001100100001010
0000100100000100
0000011110101110
0000100110101110
0000000100000000
1111101011111110
0000000100000000
1111110001010100
1111110110101010
1111010001010000
1110100110100010