1110011011010100
0001110110101000
0010000011111100
1111001110001110
1110001100010000
1111011111100110
0000000000100110
1111000001100000
1110101101110100
1110000111101000
1110110000101110
1110110000101110
1111010100100110
1111000101100100
1110110111101010
1111000001100000
1111001101000100
1111001111111110
0000100111010110
0001100011100010
0001100000101010
0010011100010000
0010000100100010
0010001010010100
0010000011011000
0010000110110110
0010000001000100
0001001010000100
0001010100011111
0001000100010010
0001100000101010
0001011110111010
1101111101111010
0000101001101110
0000110100100010
1110011101111010
1110010001010010
1110110111101000
1111010001110010
1110011101000010
1110101101101110
1110001111100000
1110010011000111
1110000011110010
1110111001011100
1110110001110000
1110101010100101
1110100011010110
1110100011010110
1110110000011010
1111111111010100
0000011101100010
0001100111100000
0010011100010000
0001110101011110
0001100010111110
0001001010001100
0010000000010010
0001110111010010
0001000001101000
0001000100110010
0000111110011110
0001010010010010
0001100110001000
1110001010111100
0000011001110100
0000011000111100
1110100111011011
1110011110111110
1111001111011110
1111000111000010
1110101000110000
1110011100101110
1110010100010010
1110001010011110
1110010010100000
1110100000010010
1110100110111110
1110110000010100
1110001110000010
1110011001001010
1110110010000110
1111110110001110
0000011000011110
0001100011101110
0001110100100111
0010011100010000
0010010010111010
0010010001100100
0010010101001000
0001101001100000
0001100010011000
0001100010110100
0001101001000100
0001100011010010
0010001110011100
1110010111001000
1111011110010100
1111010000011010
1111100000000000
1110101110101110
1110101111111110
1110100001101010
1110011100001100
1110010111111111
1110010010111010
1110000010111010
1110011010111010
1110100101011100
1110011001010000
1110110110101110
1110101010100000
1110011010111010
1110100100100110
1111001110101110
1111101111001010
0000111000110110
0001101101111100
0010001000000010
0001111100101001
0001101110110000
0010000101000110
0010000010111110
0001011000011011
0001011001101110
0001011100001101
0001101010111110
0010011100010000
1110001100001110
1110111110011100
0000001001100000
1111111110010010
1101110001111000
1110001100001110
1110000001111110
1110001001110010
1110001010110000
1101110101110010
1101111100001000
1110010111111010
1110011000011010
1110010000100110
1110110001110000
1110100101000100
1110101011011010
1110110001110000
1110111111011010
1111001011000110
1111111100110110
0001101001100100
0001101101011100
0001100001110000
0001011100010111
0001011111010100
0001101100011110
0001010100000110
0001001001110110
0000110100111010
0001101000000110
0010011100010000
1110010100111110
1111001100110110
0000101100100001
0000011010010001
1101101101001010
1110011110111100
1110010001101010
1110000100111100
1101110011010000
1101101110010000
1110001111011100
1110010010110000
1110100111001110
1110110001001100
1110111100010000
1110110101000100
1110101010100010
1110011001011010
1111000111111000
1111101110100100
0000011011011000
0001110111110000
0001101101110010
0001110110000110
0001101101010000
0001100100011000
0010000010110100
0001010110100100
0001000011110000
0001010000011110
0001100010001100
0010011100010000
1110011110001010
1111110101011000
0000100101001010
0000011111110110
1101101100110110
1110100010101110
1110001111110000
1110010111010100
1110101010010010
1110010010110010
1110100100111110
1110110000010110
1111001001011000
1110110100001010
1111110010010110
1111001101001100
1111010000001110
1111010101100010
1110101100100100
1111111100111110
0001000110100010
0010011100010000
0010010111101100
0001110101100100
0010000101100000
0010000111000000
0000111001101010
0000011000010010
0000101000001100
0000011001000010
0001000110100010
0001010100001011
0000101111010000
0010000110011100
0010001101101110
0000111101110001
0000000011100111
0001000101000010
0000100000101110
0001001100010100
0000101111010000
0000001010111010
0000010010001010
0000000011100111
0000011001011100
0000000011100111
0000101111010000
0001000101000010
0000010010001010
0000111101110001
0001110111111010
0001111111001011
0001001100010100
0000111101110001
0001101001011000
0001011010110110
0001111111001011
0010011100010000
0010000110011100
0001100010001000
0001100010001000
0001110000101010
0001010011100100
0010001101101110
1111011101010010
0001011111100000
0001101000001010
1111001011111011
1110010111110110
1111001011111011
1111110111010100
1111001011111011
1111010100100110
1110000110011110
1110111010100100
0000001000101100
0000001000101100
1111110111010100
1111010100100110
1111100101111110
1111100101111110
1111100101111110
0000100010101110
0001011111100000
0010001010111000
0010011100010000
0010001010111000
0001110000110101
0001010110110100
0010000010001110
0001111001100010
0000110100000101
0001000101011100
0000011010000010
0000111100110000
0001110000110101
1110000110111010
0000011011010110
0000100011001010
1110110001111000
1110110001111000
1111100100101010
1111101100011110
1110011110010110
1110101010000100
1110001110101110
1110001110101110
1110010010101000
1110111101100110
1110110101110010
1111010101000010
1111010101000010
1110101101111110
1110100110001010
0000001011101110
0000001111101000
0010000100110100
0010011100010000
0001100001101010
0001101101011000
0001100001101010
0010001100101000
0001101101011000
0001010010000010
0000110110101100
0001011101110000
0001001110001000
0010010100011100
1101100011110000
1110000000110010
1101111110000010
1110000010001010
1110100011010110
1110101000111000
1110111010111000
1111110000110010
1110111001011110
1110010000000000
1110001101001110
0001111111001110
0001111011000100
0001011110000010
0001000011110000
0000011101000010
1111101111011010
1111011110110100
1111011101011100
1111100100010110
1111100000001100
1110110011111100
1110001011110111
1110010001011000
1101111011010000
1110000111101100
1101100011110000
1101100011110000
1101100011110000
1101100011110000
1101100011110000
1101100011110000
1101100011110000
1101100011110000
1101111101110000
1101111101110000
0000010100010111
0010011100010000
0010011100010000
0010011100010000
0010010101001010
1111111010111110
1110110000100010
1110010101111110
0000010111111100
0000100010100100
0001001011111010
0001100001110010
0010000010010000
0001011110001110
1111110010101110
1111010010001110
1111001101100000
1111001000001100
1110011101000100
1110001010110000
1110001101101100
1110000111110010
1110001101101100
1101100011110000
1101100011110000
1101100011110000
1101100011110000
1101100011110000
1101100011110000
1101100011110000
1101100011110000
1101101110001010
1101101101001000
1110111110111000
0010011100010000
0010011100010000
0010011100010000
0001001110001000
0000111111100010
1111101110010010
1111100100011000
1110010101100000
1110100001100000
1110111000001000
1111011110000110
1111011000000110
1111011001100010
1111011011001110
1111000100101000
1110111010000010
1110101011101000
1110001001111010
1101101011100100
1101110101111110
1110000000111010
1101110011011000
1101100011110000
1101100011110000
1101100011110000
1101100011110000
1101100011110000
1101100011110000
1101100011110000
1101100011110000
1101101100101100
0010011100010000
0010011100010000
0010011100010000
0001011001010010
0000011111010000
0001010100110011
0000100011101110
0000110101100100
1111001110111010
0000111010000010
1101101000001110
1110000011000000
1101111010000100
1101101000001110
1101111010000100
1101101000001110
1101100011110000
1101100011110000
1110110100000110
1110010100110110
1101110101100110
1101101100101100
1101101100101100
1110010100110110
1101100011110000
1101100011110000
1101100011110000
1101100011110000
1101100011110000
1101100011110000
1101100011110000
0000001111000100
0000001110000100
0000001111100011
0000001110100110
0000001110000110
0000001001110100
0000001100010110
0000001011111010
0000010101010000
0000000111100010
0001101001010110
0001101010101000
0001101011001010
0001101101101000
0001101111101110
0001110010001010
0001110100111010
0010000010000000
0010001010010110
0001111100110010
1110011110000110
0001011010000100
1110001110111000
1110111100111100
0000100110000110
0000100101100000
0000100111111000
1101101000111110
1110010011111001
1110101101000010
1110110101011010
1111000011000110
1111010010111110
1111011001001010
1111100110110110
1111011011110100
1111111001011000
0000001100110100
1111111110010000
0000010101001100
0000010100110000
0000010110100000
0000100001100010
0000111101110001
0001000111000100
0001001111111000
0001010101001100
0001110010010100
0010000001110010
0010010111110110
0010011100010000
0010001000110110
0010001000110110
0010000000111000
0010000000111000
0001100010011100
0001000000111000
0000110111001100
0000001110000111
1111100010111000
1110110001010010
1110100110000000
1110110011010000
1110111100100110
1111010000000100
1111001000010011
1111100101001001
1111110100010100
0000011000100100
0000100110100100
0000101101111110
0000110111010110
0000100110111110
0000011110011010
0000011011101010
0001011010011010
0001111001100100
0001011001101000
0001000001110110
0001011111000100
0010000010111100
0010011100010000
0010011001100010
0001110001110010
0001101000110011
0001100100100010
0001011101100010
0001000110100010
0001000110111010
0000111000011111
0000011000001001
1111100001001110
1110100010111100
1110111011000100
1111000101111110
1111101010001010
1111000100010000
1111110010110010
1111111100100100
1111111000100010
1111110011111100
0000101011000110
0001000011001110
0001001010101100
0001001101100100
0000110111101101
0000010100101100
0001010111010100
0010000000101100
0001101001101100
0001001111010010
0001100111011010
0010010000001100
0010011100010000
0010010000110000
0001010110110000
0001001001100010
0000110111001010
0000110001011010
0001000111001110
0000100100001100
0000101100110100
1111110111111110
1110101000001000
0010011100010000
1101100011110000
0010011100010000
1101100011110000
1101100011110000
1101100011110000
1101100011110000
0001011000100010
1101100011110000
1111101100001010
1111110110000110
0000100101001100
0000011011010010
0000001001111010
0000011000110100
0000101100101010
0000110100000101
0000110001100110
0000110110100100
0000101100101010
0001000010111110
0001100011001110
0001000000011110
0001101010101010
0001111110100000
0010000011011100
0010011100010000
0001010110110100
0001001111011000
0000000010011110
0000000111011100
0000011000110100
0000101100101010
0000011011010010
0000001100011010
0000100111101100
0000011011010010
0000000100111110
0000000100111110
1111010101110110
1110111010100100