1110100000110100
1111010100111010
1111011011011110
0000000010011010
0001100011111110
0010011100010000
0010010001011110
0010010010101010
0010010011010010
0010010100011110
0001010101000000
0000101011101100
1111110001000010
1111110010001110
1111101100110110
1111101011101010
0000001101110010
0000010111010110
0001010010101000
0001100011011000
0001010111011010
0001000000000100
0000100011111010
0000101111010010
0001001111000010
0001100110011000
0001110001110000
0001001011011100
1111101000101010
1111101010011100
0000001100100100
0000001010001011
1110011011111110
1111010011101001
1111010001111111
0000000111011100
0001011101111110
0010011100010000
0010011000011010
0010010001001110
0001111110100000
0010001011001010
0001011101011010
0000100000110010
1111110000110110
1111100000111001
1111100000010100
1111011110101010
1111111110101000
0000100101110000
0001100100100110
0001101111100101
0001101010101010
0001000000001110
0001001011001110
0001011011110010
0001111010101000
0010000100100100
0010001010101000
0001011110100010
1111101001101100
0000001111001010
0000111100010110
0000101010101101
1110001010101010
1111010010111000
1111001000001010
1111111110111000
0001011000000000
0010011100010000
0010011011001000
0001110001011000
0001011010110100
0010010110000010
0010001011010100
0000111000111110
0000010010000100
1111110101110110
1111110001111010
0000000101101010
0000010110100100
0001000100010000
0001110000010000
0001110010100000
0001001001111010
0000110110101110
0000111000111110
0001001110011010
0001110000110100
0001110111000010
0001101010101000
0000111101100000
0000000000100100
0000000101101010
0000110110001010
0000110100011110
1110010111011110
1111011010111010
1111011100000010
0000000010110100
0001100011011110
0010011100010000
0010011011001000
0001011010100000
0001001011111000
0001101010001110
0010000001110110
0010010001000000
0001100100100110
0000100110001110
0000011001010010
0000101110101001
0001011000110100
0001110111001001
0001101110001010
0001000101101100
0000100110001110
0000110101011010
0001011111100100
0001100100100110
0010000100000110
0010001000000010
0001101101100110
0000111010011101
0000000111111000
1110110011000000
1111110000110100
0000000010010000
1110100010010000
1111011101100000
1111101001011100
0000110010110100
0001110101001000
0010000011110010
0001100101010101
0000100010100000
0000000001010110
0000000111010110
0000100010100000
0001011100101010
0010001011111100
0001111110111010
0001011011100100
0001001001101010
0001001011010010
0001011100001000
0001010000101101
0001100011001100
0001011000110110
0001000010100100
0001000000111100
0001101010110010
0010001001110010
0010011100010000
0001111101010010
0001000110111100
0000100011100110
1111111011111100
1111100110001100
1111111100011111
1110111101100000
1111101011010110
0000010010101110
0001101001111000
0010000001001000
0001100111010100
0000100011100000
1111100101100010
1111011001111010
1110111101100000
1111001111100100
1111010100110000
1111110100011001
0001001110001000
0010001000010000
0010011100010000
0010010110011100
0010000111100110
0010011100010000
0010000011101110
0001100000110110
0001000010100000
0000011100011010
0000101000101100
0001001100110110
0001111000110000
0010001000111000
0010001000111000
0001110000010110
0001110010111100
0001110001101000
0001001110001000
1111110010101110
0000011101100010
1110111110100000
1111111101000001
0000011101100010
0000001111110110
1111101001010100
1111101010001010
1110110100001110
1110001001011010
1110011110110100
1110010111111111
1110000110000000
1110111011111100
1111101101100110
0001011100000010
0010011010100010
0010011011011010
0010001100110110
0010011100010000
0010000011011010
0001011010010100
0000111001110010
1111111000101110
0000000110011010
0000010100111110
0000000000011100
0000101101110100
0001100100100110
0010001010010010
0001101110000010
0001100010111000
1110101101110000
1110110110000000
1101111100011010
1111100111010110
0000100000111010
0001001010000000
0001101010111010
0010010100000010
0010011100010000
0001111011010110
0000110001010110
1111011111000110
1111000110011100
1111001110101010
1111001110101010
1111000110011100
1111011111000110
1111101111100100
0000101001001000
0000111001100100
0000010000011100
1111110111110010
1111101111100100
1111100111010110
1111010110111000
1110111110001110
0000101001001000
0000101001001000
1110110110000000
0000000000000000
0000011000101010
0000011000101010
1110111100000100
1111010000011100
1111010000011100
1111010000011100
0000111101001010
0010000111111000
0010011100010000
0010011100010000
0010000001000100
0010000001000100
0001100101111010
0000101000101111
0000001101100101
1111101011101001
1111101011101001
1111110010011011
1111101011101001
0000001101100101
0000011011001011
0000000110110010
0000010100010111
1111100100110101
1110100111101100
1110010011010100
1111100100110101
0000101111100100
0001001010101110
0001000011111100
1110111100000100
1111010000011100
0000000000000000
0000000110110010
1110110100000000
1111110011010110
0000001100101010
0001000111110010
0001011100111010
0010000010111010
0001010100011110
0000101010001110
0000100001110010
0000010000111010
0000011001010110
0000111111010110
0010000111001000
0010000010111010
0010000111001000
0001100101010101
0001100001001000
0001110010000010
0001110110010000
0010000111001000
0001100101010101
0001011100111010
0001010000001111
0001111010011110
0010001011010110
0010011100010000
0010001011010110
0001010000001111
0001001100000000
0000111011001000
0000101110011100
1111010001100100
1101100011110000
1101100011110000
1101100011110000
1101100011110000
1101100011110000
1101100011110000
1101100110011000
1101100110000000
1101100111101100
1101110010010110
1110101110000000
0000011101011110
0001110101010110
0010010010001010
0010000000110000
0001111101000010
0001111111010000
0001101110101000
0001011010001110
0001001001111110
0000010000111100
1110101000111100
1110000110111010
1101110110011100
1101110001011010
1101110101101110
1101101111010110
1101110100110010
1101100011110000
1101100011110000
1101100011110000
1101100011110000
1101100011110000
1101100011110000
1101100011110000
1101100011110000
1101100011110000
1101100011110000
1101100011110000
1101100101000000
1101100101101110
1101101011001010
1101110111011100
1110000111010100
1111101011000100
0001010011111010
0010000111101000
0001111011110010
0001000111101010
0000101111010110
0000011110010100
1111111011000110
1111001010100110
1110101011111010
1101111001010110
1101101101001000
1101101001011100
1101101001000010
1101101001001000
1101101000001100
1101101000100100
1101100011110000
1101100011110000
1101100011110000
1101100011110000
1101100011110000
1101100011110000
1101100011110000
1101100011110000
1101100011110000
1101100011110000
1101100011110000
1101100110111000
1110001100011000
0000000101001100
1111011111001100
1110101101001100
1110011100010110
1110011001001110
1110011100010110
1110100110011010
1110010100101100
1110011100000000
1110100000110110
1110100101000000
1110100101000000
1110110101010100
1110010011100101
1110000100100100
1110101101101100
1110011001111010
1110011111001000
1110010011101010
1101110100011010
1101100011110000
1101100011110000
1101100011110000
1101100011110000
1101100011110000
1101100011110000
1101100011110000
1101100011110000
1101100011110000
1101100011110000
1101100011110000
1110010000011011
0010011100010000
0010011100010000
0010000101111100
0010011100010000
0010011100010000
1110000111011110
1101101100101100
1101111110100010
1110000011000000
1110011101110010
1110011001010100
1110111000100100
1110011101110010
0010010111110010
0010011100010000
1110110100000110
1110011101110010
1110000111011110
1110000111011110
1101110101100110
1111010111110100
1101100011110000
1101100011110000
1101100011110000
1101100011110000
1101100011110000
0010011100010000
0010011100010000
0010011100010000
0010011100010000
0010011100010000
0010011100010000
0010011100010000
0010011100010000
0010011100010000
0010011100010000
0001100010111100
0001100010100110
0001100000001100
0001101001100100
0001110000010110
0001111101101000
0010001010001000
0010000100100110
0001101100101000
0000101010010110
0000101001101010
0000001011000010
1110001100110000
1110101101101110
1111011101101110
0000000100100100
0000100101000010
1111100011010110
0000000001101110
1111001100101100
1111110000011101
0001001011100010
0000011111101110
0001000110111010
0001010111000100
0010011100010000
0001101011110011
0000101010000101
0000010001111000
0000111001000110
0000110101101000
0000000001101110
0000111001000110
0001000100101000
0000101010000101
0000001111100011
0000101011010000
0000110011010100
0001000100101000
0001001111000000
0000010111101000
0000010110100000
0000110111111100
0000101000111100
0000010111101000
0000001000101010
0000100100010100
0000110001000000
1111110111010110
1111010101111011
1111010001111111
1110101110011110
0000000011000010
0001000101011100
0001001011011110
0000101100100001
0000000101010001
0001000101011100
0000100111010000
0001010110000100
0001111011000010
0000110011010110
0000100101000000
0001010110000100
0001010111100100
0001111000000010
0010001000101000
0010011100010000
0010000101100110
0000111100011000
0001001001111110
0001010000000000
0001100110101010
0001011101100110
0001001101110000
0001101110001110
0001100010001000
0001010000110010
0000110111000110
0000001000010100
1111100111000111
1111000100011000
1111000110010110
1111110101100010
0001010010001010
0010010100011110
0010011100010000
0001101011010000
0000101110010100
0000011101100100
0000110001010010
0001101100011011
0001110000000010
0001010101001010
0001000000110110
0001000101000000
0000110011101100
0001100111000100
0001100001000101
0001110010011100
0001100101010010
0000110111010010
0001001101111110
0000101100100000
0001001011000000
0001010011111100
0001001010011000
0001000010101000
0000101011010100
0000110100010010
0000011101100100
1111111011100010
1111111010111011
1111001001010100
1101100100000010
1101100011110000
0010011100010000
1101100011110000
1110000011000000
1101100011110000
1110000011000000
0000011010000010
0010011100010000
0000101101000100
0000011110000011
0000011011000001
0000100111000100
0000100001000100
0000100100000100
0000110011000110
0010001101001110
0001101001001010
0000010101000010
0001111000001100
0010010000001110
0010000001001110
0001111011001100
0001100000001001
0001101001001010
0000110011000110
0010011100010000
0010001101001110
0000100100000100
0000100100000100
0000111001000110
0000011011000001
0000000010111111
1111111010000001
0000110000000100
0000101101000100
0000100001000100
0000011000000010
0000001111000001
0000001111000001
1110011100110110