1110100101100010
1111111110011110
0001000010010100
0001011010011110
0000111101001010
0000001110011010
1111100101110010
1111010001110000
1111000001110100
1110101000101000
1110110001011000
1110110111000000
1111010110111000
0000110110011110
0001100011101110
0001110100001001
0001100101010000
0001010000101100
0001011100100001
0001110011101010
0010000010100100
0010000111001100
0001100110110010
0001001111001010
0001110000100100
0001111101111100
0010001101110110
0010011100010000
0010001010110010
0001110101001100
0010000010000010
0001100100001110
1110011100011100
1111011110100000
0000011010000000
0001101100111100
0001111100111000
0001011011001000
0000011101010010
1111111011000110
1111100010101110
1111010110000100
1111010101001000
1111100101000100
0000000111101110
0000111110000101
0001101000101110
0001101001001100
0001010011101000
0001011010101010
0001101001001100
0001110001101000
0001111000001100
0001101100111100
0001011010001100
0001010100000110
0001101000101110
0001011011100110
0010001101010000
0010011100010000
0010010000000100
0001111111001011
0010000111001010
0001100110011000
1110101110001110
1111101010100010
0000011010000010
0001111001000100
0001111010000000
0001101110100100
0000010111010100
1111100111010110
1111110000000000
1111011011000000
1111101101010010
1111110101000010
0000000111110001
0001000101000000
0001011110100100
0001111100101110
0001111100010010
0001110010101100
0001110001010100
0001101100101111
0010000001010010
0001110110110010
0001011011110110
0001001011110110
0001101010011100
0001100100000100
0010001111000000
0010011100010000
0010011000100110
0010010110010100
0010010100111100
0010000001110000
1110110010100100
1111011001110000
0000101001011110
0001110000000000
0001110111110110
0000011101100000
1111101111111000
1111100110001100
1111010001011100
1111001111100110
1111010101001000
1111100001001000
1111101111111000
0000000101100010
0000101010011001
0001010101010001
0001101110101000
0001100110010100
0001000110100010
0001000100001110
0001101101010000
0001110000111100
0001100000110001
0001010011111000
0001100000110001
0001011011010000
0001111110010010
0010011100010000
0010001101111110
0010010111101010
0010010000101110
0001111110110000
1110100011011100
1111011010111000
0001000110000110
0001101110111000
0001010101001110
1111111110101000
1111011100101110
1111010110110000
1111001101001000
1110110100110110
1111001011010100
1111001110111110
1111011110100100
0000000101000010
0000010001011010
0001011000011011
0010011001111110
0010011001000010
0001110011011110
0001010111000100
0010000100111000
0010001010011000
0001111110111100
0001100001100110
0001100001001010
0001011110110110
0001101011101100
0010000111001100
0010000001101100
0010010111001110
0010011100010000
0001111001111000
1110011101010000
1111011010110110
0001001011110110
0001100100110010
0000100110001010
1111100110000011
1111000010111100
1110110110001100
1110111011110100
1110110001101000
1111000011111100
1110111011010010
1111011000110100
1111110101110101
0000000110101000
0001000000101000
0001111011001010
0010011100010000
0010010111001010
0001101111011110
0001110101100100
0010000011010100
0001101010011000
0001011100001000
0001010101000000
0000111100100100
0001100011010000
0001110000011110
0001111111010000
0010011001101110
0010011000001100
0001101111011110
1110100110001000
1111111110000100
0001000101011010
0001010010001000
1111111000100010
1110100000100110
1110100001001010
1110100010110100
1110101110011010
1110110010010010
1110101000010110
1110110111010010
1111001000011010
1111001011001100
1111100101101111
0000001100011100
0001010010001000
0010001011000110
0010011100010000
0010001101010100
0010001101010100
0010010001110000
0010010001001100
0000111100000000
0000101001001110
0000100100110010
0000100101010110
0000111011011110
0001001011100000
0001111110011000
0010001000010110
0001101001111010
1110111101000010
1111101001101100
0000101000001100
0000101000001100
1111111011100010
1111101001101100
1110101011001101
1110100010010000
1110011001010100
1110010000011011
1110111101000010
1110110100000110
1111001110111010
0000101000001100
0001010100110011
0001101111100101
0001010100110011
0001010100110011
0001011101110000
0001000010111110
0010001010011010
0001111000100010
0010001010011010
0001101111100101
0001101111100101
0001101111100101
0001100110101100
0010011100010000
0010010011010100
0001100110101100
0001100110101100
0001001011111010
1110111010100100
0000011010000010
0001010110110100
0001011111100000
0000100010101110
0000010001011000
1111101110101000
1111010100100110
1111000011010000
1110110001111000
1110101001001100
1110101001001100
1111100101111110
0000110100000101
0001011111100000
0010000010001110
0010000010001110
0001110000110101
0010000010001110
0010011100010000
0010011100010000
0010011100010000
0010001010111000
0001111001100010
0010010011100100
0010010011100100
0010001010111000
0010011100010000
0010010011100100
0001111001100010
0001110000110101
0001001110001000
1110011110001010
1111011011100000
0000110110000010
0001000111100100
0000101010010110
1111011011100000
1111001111110100
1111000111000100
1111010101101010
1110111011011000
1111010010101110
1111001111110100
1111100100010000
1111111110100010
0000010010111110
0000111110110010
0010000111110100
0010001101101010
0001111001001110
0001100001110110
0010000100111000
0010001101101010
0001111111000001
0001010110001010
0001011110111010
0001010011010000
0001100001110110
0001111100001000
0001111100001000
0010011001010110
0010011100010000
0001111100001000
1101100011110000
1101100011110000
1101100011110000
1101100011110000
1101100110110000
1101101010000000
1101101100001110
1101101011110110
1101101111101000
1101111101001100
1110100111000100
0000101011100100
0001110110010010
0000100111110010
0000010011110100
1111110101011101
1111010011111010
1111000110001110
1110110110111110
1110100011010010
1110010111110010
1110000000111111
1101110110011010
1101101111010110
1101100110111000
1101100111100010
1101100011110000
1101100011110000
1101100011110000
1101100011110000
1101100011110000
1101100011110000
1101100011110000
1101100011110000
1101100011110000
1101100011110000
1101100011110000
1101100111000010
1101101000011000
1101111100110010
1110001101100110
1110101010111010
1111010100111100
1111101111001110
0001011010100010
0010001111110000
0010001100110110
0001010101101110
0000110010111110
0000010011111000
0000011000110000
1111110100100110
1111001000100010
1110100011101001
1101111101001110
1101110011100100
1101101011110110
1101101000001100
1101100111111110
1101100011110000
1101100011110000
1101100011110000
1101100011110000
1101100011110000
1101100011110000
1101100011110000
1101100011110000
1101100011110000
1101100011110000
1101100011110000
1101101011000010
1101110011011000
1111100111100000
0001000011101100
0001001011000000
0000110000011100
0000000111110100
1110011011000100
1110001110100100
1110011000010000
1110010010111101
1110010100001101
1110100001101000
1110101100100100
1110011000100100
1110011001101110
1110101010001100
1110010010010100
1110000001011100
1110000111101100
1101110010110110
1110000011100001
1101100011110000
1101100011110000
1101100011110000
1101100011110000
1101100011110000
1101100011110000
1101100011110000
1101100011110000
1101100011110000
1101100011110000
1101100011110000
1101110001001010
0010011100010000
0010011100010000
0010011100010000
1111010011010110
1111101110001010
0010011100010000
0010011100010000
1110011001010100
1101110001001010
1101110101100110
1101111110100010
1101110001001010
1101101100101100
1101110001001010
1110011001010100
1111010111110100
1111001110111010
1110100110101110
1110010000011011
1101111110100010
1110111101000010
1101100011110000
1101100011110000
1101100011110000
1101100011110000
1101100011110000
1101100011110000
1101100011110000
0000111010011100
0001000000011010
0001001011010000
0001010101011110
0001011011010100
0001101000011110
0001111001110100
0010000101000000
0010000111101110
0001100001110100
0000110110001010
0000110100101000
0000110011011000
0000110101100000
0000110011111110
0000111000000000
0000110111011000
0000110011111110
0000110011111010
0000110000010110
0001111111000110
0000100001000110
1111101000001110
0000100111010010
0001001101001000
0001110001000110
0001111100001010
0001100000010110
1111001010001010
1110110001010100
1111000110011010
1111100100100000
1111101010100010
1111111011110110
0000000110011010
0000001010001010
0000110110100110
0000110100010110
0001110000100100
0010010000111110
0010011100010000
0010010100101110
0010000000011000
0001100011000010
0001010001101100
0001010111101110
0001110101000110
0001101110010100
0010011000100000
0010010111101110
0001101100110100
0001001011101100
0000110001010100
0000101001000010
0000101100110100
0000001000101010
1111110100010110
0000000100111010
1111100110000011
1111000001111000
1110110101001010
1111011100000000
1110101010100010
1111001001110110
1111000100110100
1111011000001110
0000000000111100
0000010010011110
0000101010010010
0001001111110110
0010000101101110
0010000101101110
0010001111101110
0010010010110110
0010001100100110
0010011100010000
0010010100110000
0001110101011100
0001111100010100
0010001101001110
0010010100110000
0010011011101000
0010000000000100
0001011111100000
0001001000111110
0000111110111100
0000101000011010
0000100010110000
1111111111000100
0000010100010110
0000001001101110
1111000111010100
1111110110010110
0000101001000100
1111110011000100
1111100011000100
1111010111100000
1111101001001000
0000011001000011
0001011110100010
0001101010000110
0001100101101100
0010011100010000
0010011011101100
0010000000001010
0010010110110000
0010010100100010
0010001111000010
0001101100010100
0001100011011110
0001101011001100
0001101000011100
0010010010010110
0010010001001110
0001111000111110
0001101000011100
0000110110010010
0000101101011110
0001000100101000
0000101101011110
0000010011000000
0000000101010000
0000001000000000
1111110101010000
1110010000001000
1101100011110000
1101100011110000
0010011100010000
1111100000110000
1101100011110000
1101100011110000
0000000101001110
1101100011110000
1111001000001100
0000011011111010
0000001011001010
0000010011100010
0000000010110010
0000001000011000
0000011011111010
0000001101111100
0001001000100010
0010011100010000
0001011100000011
0001110111111110
0000110111110100
0000101001110110
0000101111011100
0001100100011100
0000010000110000
0000011001001000
0000100001011110
0000010110010100
0000011110101100
0000100001011110
0000011110101100
1111110100110110
1111111101001110
0000001101111100
0000001101111100
1111011110100010
1111010011010110
0000001000011000
1111011110100010
1110111010010000