1111011010011000
0001000110010110
0001110001101110
0001100001010110
1111000111100100
1110101001010010
1110001111111101
1110000001001100
1110001010001100
1110001111000110
1110001011110111
1111000001110100
1111110011101110
0000101001101110
0001011110111010
0001111101001010
0001110000000011
0001001001101000
0001011001001010
0001111001111010
0010011100010000
0010010010011100
0001111101001010
0000111110001100
0001001000110100
0001101101101000
0010001000101000
0010011001110010
0010010111010110
0010011100010000
0001100010001010
0001010111100010
1110111011001010
0000011010011110
0001001101011110
0000101010011000
1110111101001000
1110011001011000
1110000110001100
1101111010010000
1101111011100110
1110000010111000
1110001000110100
1110100101010010
1110100011010101
1110110111110110
1111101011011110
0000100110011010
0001011000101110
0010000001110010
0001110011111000
0001011110101100
0001111111001000
0010011100010000
0010010011101010
0001001100110100
0001011111111111
0001100011010100
0010001011000010
0010010001000000
0010001110010110
0001101110100100
0000100011000110
1110100111111100
1110111111011010
0000101011110000
0001000111101110
0000000101101010
1110011100111010
1101111110100010
1110000110010010
1110001110100110
1101110011001110
1101111000000000
1101110001011100
1110000010000110
1110001111110100
1110100101001110
1111000001110100
1111011111100100
0000010010110000
0001011001000000
0010000111011010
0010010011111010
0001110001011010
0010000100011100
0010001111110000
0001111010111010
0001111001001000
0001110111010110
0010010000111100
0010011100010000
0010001000100110
0001011010110010
1111101010111001
1110111011110110
1111000010110110
0000101110011110
0000111000010000
1111001101001100
1110001111110011
1101110001010110
1110001010010110
1110010000110110
1101110010111110
1101111111011110
1110000011010010
1110001001110010
1110010011100101
1110010011100101
1110101100000010
1111001000010011
1111110011001110
0000011011011100
0001110001010100
0010001110001000
0001101111101100
0001101000000100
0010000010001010
0010001000001010
0010001010110110
0010000100010110
0010010100101010
0010011100010000
0001010010111000
0000010110000000
1111110001000100
1111110001100110
1110111100101110
0000011101011110
0000011111000111
1111010010011010
1111000011111100
1110001111001000
1110010010011110
1110001101011110
1101101000110000
1101101010011100
1101110100011100
1110000010010110
1101111101111000
1110001010001000
1110100100010000
1110111111100000
1111011011110110
0000001111000000
0001011101011010
0001110100110001
0001111101001000
0001011011001100
0001110111100100
0010010000100100
0010011011101100
0010001011100100
0010011100010000
0001111010010110
0000110001100000
0000011000011110
1111110110100100
0000001011101100
1110111100101110
0000001110010110
0000001001110110
0000000001011010
1110110010100110
1110010000001110
1110011011100000
1110011000101100
1101101001111100
1101110101001110
1110011101001100
1110100111010100
1110100001001000
1110000011010010
1110001111000110
1110101110101000
1111100010011100
0000001111011110
0001011100101000
0010000010111010
0001111101010010
0001011010011000
0001101111110010
0010010011110100
0010011100010000
0010001000100010
0010010011010000
0010000111011010
0000111100100010
0000010010010100
0000010000000100
0000011101100100
1110110110001010
1111111101011000
0001000011111010
0000110110101110
1110111010110010
1110101010111100
1110000111010110
1101111100001010
1101110110111000
1101101001101100
1101110111100010
1110011101110010
1110101000111110
1110001101111100
1110010111001101
1110100101000010
1111011110011000
0000100100010000
0001111101010000
0010010101000000
0001110111010110
0001110000000011
0010000011001100
0001111111010000
0010000101110110
0001111001111110
0010011100010000
0010001001110010
0001000001111100
0000001011111000
0000101110001010
0000101110001010
1111111000111010
0000111111111001
0000101010101000
0000011100011010
1111110001110010
1111100011100110
1111000111001100
1111000111001100
1111000000000111
1110110001111000
1101111001000100
1111101010101100
0000001110001110
0000010101010100
0000001110001110
0000010101010100
0000100011100000
0000100011100000
0000011100011010
0000110001101110
0001001110001000
0001000111000010
0000111000110100
0000000111000110
1111011100100000
0001001110001000
0001001110001000
0010001110000010
0001111111110110
0010011100010000
0010001110000010
0010011100010000
1111001110101010
0001010010010000
0010001011110100
0001110011001000
1111110111110010
1111001110101010
1110111110001110
1110000100101010
1110010101000110
1110100101100010
1110110110000000
0000000000000000
0000001000001110
0001100010101100
0010011100010000
0010010100000010
0000110001010110
0001000001110010
0000101001001000
0001111011010110
0010000011100110
0001110011001000
0001101010111010
0001001010000000
0001011010011110
0001010010010000
0010010100000010
0010001011110100
0001011010011110
0001010010010000
0001100010101100
0001101010111010
1111001000001100
0000100101001100
0001001110001000
0000101000111100
1111001011111011
1110101010011100
1110101010011100
1101111101110010
1110010100001000
1110010100001000
1110010000011011
1110101110001010
1110101010011100
1111001000001100
1111011010110100
1111111000100100
0001000010111110
0010000101111100
0010011000100010
0001111110100000
0010000010001110
0010010100110100
0010011100010000
0001110011010100
0001110011010100
0001110111000100
0010001101011000
0010011100010000
0010010001000110
0010000101111100
0000100001011110
1111000000110000
1101101010001110
1101101010001110
1101101011100010
1101101001001100
1101101010001110
1101101010110000
1101101001011110
1101101011000000
1101101010100000
1101101100010100
1101110010100010
0001001010100100
0010010100001110
0001100110110100
0001010111100010
0000110101010010
0000011100001000
0000000011100000
1111011011110100
1111000111100110
1111000110100100
1111010111101100
1110101011110110
1101111011100110
1101110001110000
1101101100110100
1101101011100010
1101100011110000
1101100011110000
1101100011110000
1101100011110000
1101100011110000
1101100011110000
1110110000001110
1111110010011110
0000100001010000
0001101000110000
0000110111111010
1111101100011010
0000000011000010
0000100001110100
0001101111101010
0001010000010110
0000010001110100
0000100001101100
0010000011111110
0010001001000100
0001110010101100
0001100001011100
0001100101011100
0001001110101100
0000111011100000
0000100100011100
1111100110011110
1111011001010110
1110011100111010
1101111011010110
1101110101000000
1101111000001100
1110000010101010
1101100011110000
1101100011110000
1101100011110000
1101100011110000
1101100011110000
1101100011110000
0001010011010100
0001100000111000
0001010110111110
0001011010000110
0001101110011010
0001110110001110
0001111110100100
0010010001110100
0001110010100100
0001101111111110
0001110000100000
1110111000111010
1110011011001110
1110011101001010
1110001110010100
1110010111010100
1110110110001010
1110110101000000
1111000110100100
1111000000010100
1110011100000000
1110011100010110
1101110100111100
1110101011101000
1110011101000010
1110011010111100
1110101010100101
1101100011110000
1101100011110000
1101100011110000
1101100011110000
1101100011110000
1101100011110000
0010010011010100
0000010110010100
1110010000011011
1110011001010100
1110001011111100
1101110001001010
1101101100101100
1110011001010100
1110000111011110
1110100010010000
0010011100010000
0010011100010000
0000110001000110
1110100110101110
1110000111011110
1101101100101100
1101101100101100
1101100011110000
1101100011110000
1101100011110000
1101100011110000
1111111011100010
0010001110110110
1110111000100100
1110001011111100
1110101111101010
1111110010100110
1101100011110000
1101100011110000
1101100011110000
1101100011110000
1101100011110000
1101100011110000
1110110001101110
1110101000010000
1110100100011110
1110101000000110
1110101101011100
1110101001010100
1110100100000010
1110100010000100
1110010110001000
1110011100000101
0000011010111110
0000010110100110
0000011000110000
0000011011110000
0000011111101110
0000100101111110
0000110101011110
0001000011000010
0001011001110100
0001111000111010
1111110101100110
1111110100111110
0000010010110010
1111001100100000
0000010101100010
0001101001010100
0010000000011000
0000100100011110
1110001111100100
1110001110011100
1110111101001000
1111001010010010
1110111011111110
1111001011101110
1111101111010000
1111110111110110
1111110110011010
0000001101010100
0000100010110100
0000101111011010
0000110110000000
0010001001111010
0010011100010000
0010010011111100
0001111100001010
0010000000001100
0001110000011100
0001011000101010
0001010101110010
0001010010010110
0001010001110010
0001010100010101
0001010001110010
0000101011000110
0000100110100010
0000111001111111
0000101011011010
0001000100000010
0000110011101100
1111111111010010
1110000101010110
1110000011010100
1110011001101100
1110111101110100
1110111100101100
1111001001000010
1111100110100000
1111101011010100
1111101010110110
0000100000010110
0000101101110110
0000111010011010
0001010110000100
0010010010111000
0010011100010000
0010010110010100
0010000100000010
0001111100000001
0010000100011110
0010001111111010
0001111011100011
0001101011100100
0001101101011000
0001101100101100
0001111000001000
0001010011100100
0001011101001001
0001110010101010
0001110101110110
0010000100111100
0001111101110110
0001010000001000
1101111010011000
1110010100011100
1110100001111100
1110101101011000
1110110010001010
1111000101011000
1111110010011011
1111111110000100
1111101010110110
0000000010011010
0000101101011000
0000101011110010
0001010001101110
0001111011100011
0010011100010000
0010011010011010
0010010110110000
0001111101011000
0001110110010100
0001111010101010
0001101111011011
0001110101110110
0001110101110110
0001111011010110
0001101110100010
0001010111111010
0001101010011010
0001110100000010
0010001110010100
0010010010011010
0001111110110000
0001010000010110
1101110111101000
1101100011110000
0010011100010000
1101100011110000
1101100011110000
1101100011110000
1110000011000000
0010011100010000
1101100011110000
1110110011010110
1111010011110011
1111110111001010
0000100110010100
1111111010000110
1111111101000100
0000101100001101
0001100100001111
0001000110110000
0000100110010100
0000111101111010
0001100100001111
0001100111001100
0001011011011010
0001010101100000
0001010010100100
0001010010100100
0001110101111100
0010011001010100
0001111011110100
0010000100101010
0010011001010100
0010011100010000
0010010110010110
0001010010100100
0001100001010010
0010000001101110
0001110101111100
0010000001101110
0001111011110100
0001001111100110
0000000101111010