1110111111001100
0001011000110010
0001110110000100
0000110010100101
1111111011100100
1111010110010010
1110011100100100
1110010000001000
1101111011101110
1110010001111010
1110000001000100
1111001011101000
1111010100100000
0000011001110000
0001010110001000
0001010111111000
0000100111111100
1111110111001000
1111111001110010
0000111011011110
0001010001101100
0001000010100110
0000100010101000
0000001000000000
0000010111000101
0000100100011010
0001001100010110
0001110001101000
0010010010011110
0010011100010000
0001110011011010
0001010001101100
1111000101001100
0001100111100110
0010001110001110
0001011101000100
0000111100100100
0000000111111010
1110111101010010
1110101111010000
1110100010000100
1110110110010000
1110111001110010
1111001101111110
1111110000001100
0000000000111000
0001011010011010
0010001011100100
0010011100010000
0001001100011000
0000001011011010
0000110011110001
0001000011100110
0001010101001010
0000100100111000
0000001110111100
0000010100001100
0000101011111000
0001000111000110
0001101010001110
0010010011011110
0010001000111100
0010010111111000
0001101011000110
1111001101010010
0001101101101000
0010010011010000
0001110100001001
0001001011010000
0000011000100010
1111010111111010
1110101111000000
1110011101000000
1110101101011000
1110111100111010
1111001010000000
1111101010101111
0000001111100010
0001001011010000
0010001010010000
0010000011101110
0001101011111101
0001000010010000
0001001010011100
0010000010111000
0001111100010101
0001010110101110
0000100000101110
0000111010000110
0000101011010110
0000111100100010
0010000000011100
0010011011011100
0010010010011100
0010011100010000
0001111110110100
1111000100111100
0001011011110000
0001110010011000
0001110001100010
0000100110111110
1111111000000011
1110111010111000
1110011011000010
1110001110011110
1101111011001110
1110000010110000
1110101000011100
1110110011010110
1111111010100100
0000001110101010
0001010101000010
0010010110011000
0010000110011110
0000110111101101
0001101000010100
0001101101010110
0001101110001010
0001001000011110
0000111011000100
0000100001000110
0000110011100010
0000111101100110
0001011010111010
0010011100010000
0010001000001010
0001110100111000
0001111101010000
1111000110001011
0001000101111100
0010001101100100
0010011100010000
0000011001000010
1110101001101100
1110010011001110
1101101000111100
1110010000101000
1101111000011110
1110000001111110
1101111101101010
1110101000110100
1111100010101010
1111101111100110
0001010011110000
0010010000001010
0010001011000000
0001100100001000
0001110101011010
0010000111100010
0010001011110110
0001000110110010
0000111110001010
0000101100000010
0000110101100010
0000111110001010
0001110100100010
0010001101100100
0010010000001010
0010001110011100
0001111000000000
1111000010000110
0000011001101100
0010000100101010
0001111010100100
1111110000011010
1111000010111100
1110000100100111
1110100100100110
1110010000011011
1101101100001100
1110000000011000
1110000010000100
1110011100001100
1110101011010111
1111001000000000
0000011000110110
0001101011011010
0010000111001100
0001100001010010
0001011101111010
0001110011110100
0001101100010000
0000100010111110
0000100010111110
0000001000110110
0000100110010100
0000110111001010
0001101010100100
0010011100010000
0001111110110010
0010000001010010
0001101100010000
0000100001000010
0000111001101011
0001011001000010
0001011101100010
1111101111110000
1101100111001000
1110010111010010
1110010001101100
1101110011011100
1101111110101000
1110000010000000
1110010001101100
1110101101101100
1111001011111011
0000000001101100
1111110010000000
0000101100010000
0010011100010000
0010010100011010
0001101010111110
0010010010001010
0001111010101010
0000111101000010
0000100001000010
0000001001100010
1111100000000100
1111100011011100
0000000001101100
0000010100101110
0000000101000010
1111111001110110
1111100000000100
1111010011111101
0001010100001000
0001100100001010
0000000100000000
0000000100000000
1111101011111110
1110011011110110
1110101011111000
1110011011110110
1110110011111000
1110011011110110
1111101011111110
0000000100000000
0001000100000110
0001010100001000
0000011100000010
0000011100000010
0000010100000010
0000010100000010
0001010100001000
0001101100001100
1111110011111110
0001000100000110
0000101100000011
0000101100000011
0000110100000101
0001011100001010
0001100100001010
0010011100010000
0010001100001110
0001110100001100
0001010100001000
1111001011111011
0001010100001000
0001100100001010
0001000100000110
0000101100000011
1111101011111110
1111000011111010
1110101011111000
1110101011111000
1110110011111000
1110010011110100
1111001011111011
1111100011111110
1111111100000000
0001100100001010
0001011100001010
0000010100000010
0000011100000010
0000100100000100
0001011100001010
0010001100001110
0010000100001110
0000111100000110
0000110100000101
0000101100000011
0000111100000110
0001010100001000
0001101100001100
0010010100010000
0010011100010000
0001111100001011
0001001100001000
1110110001111000
0000100100110000
0010001001111000
0010001001111000
1111110010001110
1110101000101100
1110010001101110
1110110001111000
1110111011000100
1101110001100010
1110011010111010
1110010001101110
1111000100010000
1111101101101000
1111000100010000
0000101101111110
0001101001101100
0010010011000100
0001111100000110
0001010111010100
0001111100000110
0001101110010010
0000001001001100
0000100000001010
0000010010011000
0000101101111110
0000100000001010
0001110111100000
0010011100010000
0010000000101100
0010001110011110
0001111100000110
1101100011110000
1101100011110000
1101100011110000
1101100011110000
1101100011110000
1101100011110000
1101100011110000
1101100011110000
1101100101011000
1101100101111000
1110111000111000
0001100001010010
0001111111100110
0010011001011000
0001111111001110
0001010101011000
0000101100011100
0000010110110010
0000100000100100
0000000101000000
1111000000101010
1110000101000100
1101101000111000
1101101000010000
1101100110101000
1101100101110000
1101100011110000
1101100011110000
1101100011110000
1101100011110000
1101100011110000
1101100011110000
1101100011110000
1101100011110000
1101100011110000
1101100011110000
1101100011110000
1101100011110000
1101100011110000
1101100011110000
1101100011110000
1101100110111000
1101100111011000
1111001100011110
0001100100110110
0001010110110000
0010010011101010
0010000010110000
0001011111110101
0001000100001010
0000100000101100
0000110000101110
0000001100101010
1111000000000000
1101111110100010
1101101011010100
1101101010010110
1101101001110010
1101100111000100
1101100011110000
1101100011110000
1101100011110000
1101100011110000
1101100011110000
1101100011110000
1101100011110000
1101100011110000
1101100011110000
1101100011110000
1101100011110000
1101100011110000
1101100011110000
1101100011110000
1101100011110000
1101100110111000
1101101111001100
1111001100111100
1110010100101100
1110000001111100
1110000111111011
1110000111111011
1110000001101010
1110000100110010
1110000101101010
1110000110001000
1110001110001010
1110000010000110
1110011010101011
1110101100101010
1110100011010010
1110001011010100
1101110000010000
1101100011110000
1101100011110000
1101100011110000
1101100011110000
1101100011110000
1101100011110000
1101100011110000
1101100011110000
1101100011110000
1101100011110000
1101100011110000
1101100011110000
1101100011110000
1101100011110000
1101100011110000
1101101100101100
0010011100010000
0010011100010000
0010011100010000
1111010011010110
1110001011111100
1101101100101100
1101101000001110
1101110101100110
1101111010000100
1101110001001010
1111101110001010
0010011100010000
0010011100010000
1110110100000110
1110111000100100
1110010000011011
1101110001001010
1101100011110000
1101100011110000
1101100011110000
1101100011110000
1101100011110000
1101100011110000
1101100011110000
1111001001110000
1111001000110010
1111010001000110
1111010001000100
1111011000101100
1111011110111010
1111100101010000
1111101011110110
1111110100010110
1111011001111100
0000010111011110
0000010101000110
0000010100001100
0000010000101110
0000001001001110
0000000000010000
1111111111010001
1111111000000110
1111111111101001
0000001010011110
1111100010110111
1111011011010000
1111001000011000
0000110010011110
0001110101011010
0001011010101100
0001010011100010
0010011100010000
1111111100100010
0000111110100000
0000111110100000
0000101101001000
0000100110001100
0001001000111010
0001000101011100
0010000000011110
0001101111001000
0001010011010110
0001111101000000
0001101111001000
0001101011101000
0001101000001010
0010001010111000
0010011100010000
0010000111011010
0001101000001010
0001001111111000
0001111101000000
0001011101110000
0001001111111000
0001001111111000
0001000001111110
0001011010010010
0001010110110100
0001110010100110
0001110110000100
0000110100000101
0000101101001000
0000101101001000
1111011101010010
0001000110011010
0001000010111110
0000110001110010
0000100000101000
0000100111100000
0000100000101000
0000100100000100
0000111111100010
0000111100000110
0001000110011010
0010000111101010
0010001011000110
0001011011000000
0001010111100100
0010011100010000
0010011100010000
0010000000110010
0010011100010000
0010001110100000
0010000000110010
0001100101010100
0001100001111000
0001111101010110
0001010111100100
0010010001111100
0010000100001110
0010001110100000
0010001110100000
0001110110011110
0001001101010010
0001011011000000
0000100100000100
0000100111000100
0001010000101101
0000101100010010
1111011011100010
1111010011101110
1111111010110010
0000110001011110
0001011101110000
0001000110010100
0001010101111100
0001100000010110
0001001011100010
0001001011100010
0001101101011000
0010011100010000
0010010001110110
0001001000111010
0001001110001000
0001001011100010
0000110100000101
0000101100010010
0000110110101100
0000111011111010
0000110110101100
0000111001010010
0000111110100000
0000101100010010
0000100001110110
0000010100110110
0000011010000010
0000001111101000
1111001110100010
0000110010110010
1101100011110000
1101100011110000
0010011100010000
1101100011110000
1101100011110000
1101100011110000
1110000011000000
1101100011110000
1110110111111000
0000010101000010
0000001111000001
0000011000000010
0000010101000010
0000010010000010
0000110000000100
0000100001000100
0001101001001010
0010000001001110
0010011100010000
0000110000000100
0000011110000011
0000101101000100
0001100000001001
0000111100000110
0000111001000110
0001001011001000
0000101101000100
1111111101000001
1111111101000001
1111100001111101
1111111010000001
1111110111000000
0000010010000010
0000000101111111
0000010101000010
0000011011000001
0000001111000001
1111100111111110
1111001100111010
1110110100111000