0000001011001000
0010000010110100
0010000000101110
0001000110011100
0000110100011100
1111110011110100
1111100110000011
1111011011011110
1111001111110100
1111001100101000
1110100010010000
1110110000000010
1111100101000000
1111100001110100
1111101011010110
1111101010010010
1111100110000011
1111110000101000
0000001100001100
0000100011100000
0000111010110010
0001011010100100
0001110011111111
0001110101000100
0001111010010110
0010001100011000
0010011100010000
0010000010110100
0001111010010110
0001001010101100
0001001100110100
0000110100011100
1111101110010000
0001000011011110
0000110101010010
0000111011011110
0000010000111000
1111010001110110
1111000101011010
1110111010110000
1110101101011100
1110011100100100
1110100110010110
1110101000001000
1110111100100010
1110101001111000
1111000000111110
1110111110010100
1111000100100010
1111011101011000
1111011011100110
0000000000111000
0000101101010010
0000111111111001
0010001100010010
0010011100010000
0001110001101000
0001110010100010
0010000000101110
0001111001101000
0001101011011100
0001001111111010
0001001000110100
0001000100011000
1111101010011010
0000111010110010
0000110100110000
0001010000110111
0000000110100001
1111001111010010
1111001101010000
1110111000001010
1110111001001010
1110011101000010
1110100001000010
1110111011001010
1110110011001000
1110101010000110
1110101101000110
1110110100001000
1111000000001100
1111000110001110
1111100110011000
0000000101100010
0000010011100110
0001000100110110
0001101100000010
0010011011010000
0010011100010000
0010001101001100
0010001110001100
0010000111001010
0001101110000010
0001011011111100
0001000110110110
0001000010110100
1111100100001100
0000111000101110
0000101110000001
0001001001110110
1111110100001110
1110111000010010
1110111010011100
1110100111001100
1110100001110100
1110000110000000
1110011101100010
1110001010010010
1110010010110110
1110101100100010
1110111010011100
1110110101000110
1110110101000110
1110111101101010
1111000111010010
1111100011000110
0000000001000100
0000110001001110
0001111111010101
0010011100010000
0010011001000010
0010001010000100
0010001010000100
0001110010100000
0001100101101010
0001000011011100
0000110011011000
0000101100111100
1111111100110110
0001000111110010
0001011001110000
0001100110011010
1111111100110110
1111001010001010
1110111101100000
1110111011011000
1110111010010100
1110011101110100
1110001001110000
1101110100101010
1110011011101110
1110111111100110
1110111001010000
1111000011110100
1111000011110100
1111010010100110
1111010011101010
1111100100100100
0000011010011010
0000110011101110
0001110100001000
0001111101101000
0010001001010000
0010010100111000
0010011100010000
0001111011100010
0001101000100010
0001000100101000
0000110000100100
0000101111100000
1111110101001010
0001001100110110
0001001101111000
0001100000011100
1111101100111010
1110111001010110
1110110110010000
1110001010111100
1110000101110010
1101110111010110
1101111101100010
1110000111110110
1110010011001100
1110100100101110
1111001011111011
1110110101001110
1110100111110100
1110101100111110
1110110011001010
1111010111010001
1111110101001010
0000011010010100
0001110101000100
0010011011001110
0010011100010000
0010010100000000
0010010111000110
0010001001101100
0001010000111110
0000110010000010
0000010100001000
0000011111011110
0000011001000011
0001101011010110
0010000011001100
0010001111001000
1111100100100100
1110101010001000
1110111111100110
1110011010101000
1110010101110110
1110000011111111
1101111010011010
1110100001110010
1111000110110000
1110111111100110
1110101100100000
1110110110000100
1110110010011110
1101110100011100
1110101110111010
1111000111111100
1111101001010110
0000000111001010
0001100111110010
0010011011000100
0010011100010000
0010001001001010
0001111101010000
0001101110111100
0000100010100110
1111110010111000
1111111101101000
0000010100010010
0000001001001100
0010000000101100
0001110111100000
0001001001100010
0000101101111110
1111011011010000
1111011011010000
1110110110011110
1110110110011110
1111010010000010
1110011010111010
1111001000110110
0000000000000000
1111100100011100
0000000000000000
0000010010011000
0000001001001100
0000010010011000
0000101101111110
0000100100110000
0000101101111110
0000100100110000
0000001001001100
0001000000010110
0000101101111110
0010001001111000
0010011100010000
0010010011000100
0010010011000100
0010001001111000
0001000000010110
1111101101101000
0000010101010100
0010001110000010
0010011100010000
0000111000110100
0000111111111001
0000000111000110
0000000111000110
1111101010101100
1111100011100110
1111001110010010
1110100011101010
1110011100100100
1111000111001100
1111100011100110
1111101010101100
1111100011100110
1111010101011000
1111110001110010
0000000000000000
0000101010101000
0001010101001110
0010001110000010
0010001110000010
0010001110000010
0010010101001010
0010001110000010
0010010101001010
0001110001101000
0001101010100010
0000111111111001
0000111111111001
0000111111111001
1111101010101100
0000110001101110
0000110101010010
0001000111000010
0000000000000000
1111010001110110
1111011100100000
1111000011101000
1111010001110110
1110101110010100
1110111100100010
1111010001110110
1111001010101110
1110101110010100
1110101110010100
1111000000000111
1111000111001100
1111000111001100
1111101010101100
0000000111000110
0000010101010100
0001000011011110
0001100110111110
0010011100010000
0010001010100000
0010000011011010
0010000011011010
0010000110111100
0001100110111110
0001011100010110
0001000011011110
0000111111111001
1101100011110000
1101100011110000
1101100011110000
1101101000010110
1101100111100010
1101101101110000
1110100001110100
1110011010100010
1110001110001000
1101111100100100
1101110101110110
0001000111100000
0001001000010100
0000011111010100
1111110101110000
1111100000111110
1111010110101110
1111011111000100
1111001111101101
1111001011111011
1111001010010100
1111000100011000
1110110100111110
1110001101100110
1101101111111010
1101101100111100
1101101000111000
1101100011110000
1101100011110000
1101100011110000
1101100011110000
1101100011110000
1101100011110000
1101100011110000
1101100011110000
1101100011110000
1101101011111000
1101101011111000
1110000101101110
0010011100010000
0010011100010000
0001100011010010
0000010100111110
1110100011011100
0000110101100000
0010001001100010
0010000010110100
0001001101000110
0000101110011000
0000010100110000
0000001100110100
1111101100011110
1111101101000110
1111011110001110
1111000110110110
1110101111001110
1110010011100101
1101111100111110
1101110101101010
1101110001100110
1101100011110000
1101100011110000
1101100011110000
1101100011110000
1101100011110000
1101100011110000
1101100011110000
1101100011110000
1101100011110000
1101101010000000
1101100111111010
1101101101101000
0001100100100000
0010011100010000
0010000111011010
0001100011011110
1111110111001000
1110011010110000
1110010011111001
1110100010010000
1110100011100000
1110011111001000
1110001010100000
1110000011101000
1101111011100000
1110000101100110
1101110010110110
1101100111111010
1101110010110110
1110101001000000
1111011000011010
1110111000001000
1110010110110010
1101100011110000
1101100011110000
1101100011110000
1101100011110000
1101100011110000
1101100011110000
1101100011110000
1101100011110000
1101100011110000
1111100101001110
1110100010010000
0010011100010000
0010011100010000
0010011100010000
1111110111000100
0010011100010000
0010011100010000
0010011100010000
0010011100010000
1110001011111100
1101111110100010
1110000111011110
1101110001001010
1101110001001010
1101100011110000
1101100011110000
1110101111101010
1111010111110100
1101111110100010
1110000111011110
1110000011000000
1101110101100110
1101111010000100
1101100011110000
1101100011110000
1101100011110000
1101100011110000
1101100011110000
1101100011110000
1111110000011010
1111110110001100
1111111011010100
1111111011000000
1111110011111000
1111110101011101
1111110100011010
1111110100010110
1111101111010010
1111010100011000
0010000000101110
0010001101010000
0010010000011000
0010010101000100
0010011000101110
0010011011010100
0010011100010000
0010011100010000
0010011100010000
0010011100010000
1110010111110110
1110111100000000
1110010111101000
1110101111000010
0010000011011100
0010010000101010
0010001000000110
0010011100010000
1110000011101110
1111011000111100
1111011101101100
1111100100001100
1111101101000100
1111101011111000
1111110010011000
1111110101111100
0000010100001000
0000100010010100
0000101101100100
0000100001001010
0000101111111100
0000111001011010
0000101100111110
0001010010111000
0001011110101100
0010000011011010
0001111111110110
0010001011000110
0010011100010000
0010010110010110
0010010000011010
0010000011011010
0001110101001100
0001110110011000
0010000010110100
0001101011001000
0001100111100011
0001010100101000
0000111111010110
0000100110011110
1110010010110100
1111010110111010
1111000111011110
1111010000100110
1111000110110010
1111010010000000
1111010101100000
1111101100101100
0000100101100100
0001001101100110
0001111100101001
0001101101111010
0001110011100001
0001101011000110
0001000000010000
0000110101101110
0001001010110010
0001100001001111
0001101101001100
0001110101101000
0010010001101110
0010010101001110
0010011000110000
0010000111111000
0010000011101010
0010001000100110
0010011100010000
0010001110111010
0001111000011100
0001101001101100
0001001110010100
0000101100100110
1110101001010110
1110111110110110
1111000100110000
1111001001111101
1111001100111010
1111010001010111
1111100000111010
1111100011001000
0000010101011110
0000111110001110
0001101011011000
0001111010001100
0010001011111110
0010011100010000
0010000011110100
0000110101010100
0000111010100000
0010000110000010
0001110111111110
0001010010001100
0001101101100110
0001111101001010
0001111101001010
0010001110001100
0010000100100100
0001111010111100
0001111110101000
0001101011011000
0001000001001010
0001010010001100
0001001101000000
0000110010010110
0010011100010000
1101100011110000
1101100011110000
0010011100010000
1110000011000000
1101100011110000
1111100000110000
0000000101001110
1101100011110000
1111001001010000
1111100110101000
0000001001010110
0000000110101100
1111100001010010
1111011001010010
1111110001010100
1111101110101000
1111110011111110
0000001001010110
0001010001011110
0010011100010000
0010011001100110
0001110110110110
0000110110110000
0000011110101110
0000101110110000
0001110001100000
0001010100001000
0001000110110010
0001001110110010
0000101110110000
0000100001011000
0000111001011100
0000110110110000
0000001001010110
1111111100000000
1110110110100100
1110100001001100
1110111011111010
1111010110100110
1110100001001100