1110101101100000
1111001100000010
1111111010001110
0000110111101100
0010000100000010
0010010100011100
0001110011101010
0001110101111000
0010001100100110
0001101000011110
0000100001010110
0000001111000110
1111110011001010
1111101101001100
1111100101110000
1111101101111100
0000010001010100
0000111111111000
0010000011010010
0010011100010000
0010001111111110
0001011110110010
0000110001101110
0000000001101100
1110111111011000
1111000000001000
1111000001111110
1111000111001100
1111001011010010
1110111011101010
1110010110110010
1101110110110000
1110101101001110
1111010111110000
1111110101010010
0000101011000100
0010011100010000
0010011011001100
0001111000110000
0001111100010000
0001111011111010
0001110010110010
0000011101010110
0000001101100010
1111110011001010
1111101000101000
1111110000010110
0000000000100010
0000001000010000
0001010101010000
0001111010100000
0010001100000110
0001110101001110
0001001011011010
0000100001111010
1111100000100010
1111011000000110
1111000110001100
1111010001000100
1111010010001000
1111000010010100
1110110101010100
1101110111011100
1101100101110110
1110111001010000
1111101000000100
1111111110011010
0001001000001100
0010011100010000
0010001111110110
0001111011001111
0001110000111110
0010011010110110
0010001100010010
0000101000101000
0000010100000010
1111111110011010
1111110010101100
1111100001101100
1111110110010000
0000001111110010
0001001110100100
0001101011010100
0001010110000010
0001000100101000
0000111110111110
0000110000011010
0000001111011100
1111110000111100
1111110011110000
1111100101001110
1111111011100100
1111011100010110
1110100000000100
1101110101100000
1101110110111010
1111000110110110
1111100110100100
0000000001101010
0001011001100001
0010001000000110
0010011100010000
0001111001100100
0001100110000100
0010010000010110
0010010100111110
0001010010111010
0000110101001100
0000011000011100
0000011010110000
0000010111110010
0001001010000000
0001101010000010
0001100011011100
0001011101100000
0000111100000111
0001001110101000
0001001100101000
0001001010010100
0000101010010010
0000001110100010
0000011010000110
0000001011001110
1111011000011000
1110111100010010
1101110111010000
1101110101010000
1101111110100000
1111001000110110
1111011000111000
0000001100101000
0001100011010000
0010010010011000
0010011100010000
0001011011100010
0001010101011000
0010010000001110
0010011010000110
0001111111111010
0001000100011010
0000101010001110
0000110110110110
0001100010111100
0001111110111110
0001110010010110
0000111011110010
0000101000000100
0000101110001110
0000111001101000
0000111001010100
0000110110110110
0000100001100110
0000001100010100
0000010100111110
1111111011101100
1111000101001000
1110011101011000
1110010001111110
1110000001000010
1101101001111010
1110111011001110
1111011111100100
0000011001100100
0001100000111110
0001111110110010
0010000000000110
0000110111101100
0000110011110000
0001100110001100
0010011100010000
0010001111110100
0001000111000110
0001000001100000
0001110110100110
0010000001011000
0001000100001000
0000000010111100
1111110011100100
1111110000100111
1111101001011010
0000000001111110
0000000010101000
0000011010110111
0000010110111100
0000010001011000
0000011110011110
0000010110010010
1111001111100011
1101111111010010
1101100110011000
1101101110111000
1101101001010100
1111011110101110
1111111110100001
0001010100101100
0001111010011110
0001110101011100
0001111100000000
0000100000010000
0000001001000100
0000110010011010
0010000111100110
0010011100010000
0001111000111110
0001101000010101
0010010101001100
0010000101100100
0000000011100001
1110110110111010
1110110000011000
1110101011110101
1110011100101110
1110111101011110
1110111101011110
1111001010100100
1111011010101100
0000000000000000
0000110111011100
0000100111010100
1110111011011100
1110010101101010
1101111011111100
1101101110010110
1101101111110110
1110110101010010
1111011110000010
0000011011001011
0001011111000110
0010001110101010
0010000111111000
0001101100101100
0010000111111000
0010001110101010
0001110011100000
0000111101001010
0000101000101111
0000010100010111
0000000110110010
1111111001001110
0000000110110010
0000011011001011
0001000011111100
0001111010010010
0010011100010000
0010001110101010
0001111010010010
0001011000010100
0000110110010110
1111111001001110
1111010111010001
1111111001001110
1111110010011011
1111100100110101
1111010000011100
1110010011010100
1101110001010110
1110101001001100
1110110111000110
1111100111101101
0000011000010011
0010000000011110
0010000111011010
0001001000111010
0001110010100110
0010000000011110
0001011101110000
0000000011011110
1111100111101101
1111010010111000
1111010010111000
1111010010111000
1111011001110100
1111100111101101
0000011111010000
0010000000011110
0010011100010000
0010010101010100
0001101011101000
0001001111111000
0000101101001000
1111111100100010
1111100000110000
1111100000110000
1111010010111000
1110011011010100
1111000100111110
1110111110000010
1110100010010000
1110111110011110
1111100110110100
1111110111100110
0001010010010100
0010011100010000
0010011000111000
0001110111010010
0001101101001110
0010011100010000
0010010010001010
0000110000101110
0000100110101010
0000000101000010
1111111010111110
1111100011011100
1111110000111000
1111011100101110
0001011100011010
0001110011111100
0001100110100000
0001100011001000
0001010010010100
0001000100111000
0000011100100100
0000000001101100
0000000101000010
1111111110010100
0000001111001000
1111011100101110
1110011100111000
1110000101010110
1110000010000000
1101100011110000
1101100011110000
1101100011110000
1101100011110000
1101100011110000
1101100011110000
1101100101110000
1101100110100000
1101100111000000
1101101010011110
1111000011110100
0000101000011000
0001000000010010
0001110001111100
0010000010000000
0000111100010100
0001000000010010
0000011011001011
0000000001101100
1111100010100100
1111000000011110
1110010001100100
1101111011110010
1101100011110000
1101100011110000
1101100011110000
1101100011110000
1101100011110000
1101100011110000
1101100011110000
1101100011110000
1101100011110000
1101100011110000
1101100011110000
1101100011110000
1101100011110000
1101100011110000
1101100011110000
1101100011110000
1101100101011010
1101100101100110
1101100110001010
1101101000111110
1110110111010000
0000110100000010
0000110101101110
0001011110111010
0001111101111000
0000110011111000
0001001010100100
0000011100110010
1111110010110010
1111010000101010
1110100111100101
1101111111000010
1101101101111010
1101100011110000
1101100011110000
1101100011110000
1101100011110000
1101100011110000
1101100011110000
1101100011110000
1101100011110000
1101100011110000
1101100011110000
1101100011110000
1101100011110000
1101100011110000
1101100011110000
1101100011110000
1101100011110000
1101101111001100
1101110000010000
1110001110011100
1110011101100100
1110001110111110
1110011010100010
1110010101110000
1110010110001110
1110001101010100
1110001111111101
1110010000110100
1110000010110000
1110000110001000
1110000000110000
1110010010001010
1101110101001010
1101101101101000
1101100011110000
1101100011110000
1101100011110000
1101100011110000
1101100011110000
1101100011110000
1101100011110000
1101100011110000
1101100011110000
1101100011110000
1101100011110000
1101100011110000
1101100011110000
1101100011110000
1101100011110000
1101100011110000
1110000111011110
1101111110100010
1110111101000010
0010011100010000
0010011100010000
0010011100010000
1110000111011110
1101111110100010
1110001011111100
1110000111011110
1101110101100110
1101111110100010
1110000011000000
1101110001001010
1110111000100100
1111100101001110
1101110101100110
1101100011110000
1101100011110000
1101100011110000
1101100011110000
1101100011110000
1101100011110000
1101100011110000
1101100011110000
1101100011110000
1101100011110000
0010011100010000
0010011100010000
0010011100010000
0010011100010000
0010011100010000
0010011100010000
0010011100010000
0010011100010000
0010011100010000
0010011100010000
1110111111110100
1110111010000010
1110110110011110
1110110001111110
1110110100001100
1110110011100000
1110110000010110
1110111010010010
1110111101011100
1110011110101100
0000010110111010
0001100101000110
1111010101110001
0000010010011110
0001000010011000
0000101010100011
0000110001100000
0010001011010100
0001011010011110
0001110011001000
0010010100000010
0010011100010000
0010011000001000
0001111011010110
0001110011001000
0001101010111010
0001111111011110
0010001011110100
0010011000001000
0010001011110100
0001110111010000
0001011010011110
0001010010010000
0001000001110010
0000110101011110
0000101101001110
0000101001001000
0000100000111010
0000100000111010
0001000001110010
0001010010010000
0001011010011110
0001011110100100
0001010110010110
0001010010010000
0000110101011110
0000111101101100
0001010010010000
0001000001110010
0000100000111010
0000001010011010
0001000101111100
0010011001010010
0010001101011000
0010010011010100
0001101100101000
0000110001000110
0000100010001110
0000111010000010
0010011100010000
0010011100010000
0001101001101010
0001001110111000
0000010110010100
0000101011001010
0000010011010110
1111010100110110
1110101110001010
1110111010000100
1110110111000110
1111001011111011
1111111110100001
1111111011100010
1111110010100110
1111101100101010
1111100000110000
1111100110101100
1111010100110110
1111001000111100
1111100000110000
1111001011111011
1110101110001010
0000011101110000
0001011001010010
0010011100010000
0010001000011010
0010011100010000
0001101010101010
0001000000011110
0000101111001000
0001000000011110
0010011001110010
0010011100010000
0001101111100101
0001010001110110
0000101100101010
0000101010001010
0000000111011100
1111001110011010
1111010101110110
1111011101010010
1111011000010100
0000000111011100
0000011101110000
0000011011010010
0000000100111110
1111111101100010
0000000100111110
0000000000000000
1111111101100010
0000001100011010
0000000100111110
1111111000100100
1111011000010100
0000011111100000
1101100011110000
1101100011110000
0010011100010000
1110000011000000
1101100011110000
1110000011000000
1101111101110010
1101100011110000
0000111111000100
0001010010010000
0001010010010000
0000110100000101
0001010111101110
0010011100010000
0010000110010100
0010000110010100
0000000000000000
0000010101111100
1111111101010000
1111101010000100
0000010101111100
0000100000111010
1111111010100010
1111110010010010
1111100100100110
1111010001011010
0000000010110000
1111110111110010
0000000101011110
0000001000001110
1111100001110110
0000010101111100
0000001101101110
0000011000101010
0000010000011100
0000101110100110
1111011111000110
0000101001001000
0000011110001010
1111110010010010