1110010000011110
1110011011110110
1110010110001010
1110110010001110
1110110110100110
1110111011110110
1111000001000110
1111011001001110
1111011101100110
1111100101111010
1111010111000010
1111100000001110
1111011110000010
1111001000100100
1111010010101000
1111001010010100
1110111111110010
1111011011011010
1111100101111010
0000001101110100
0000101011101000
0000111110011110
0001010010101000
0001100110110010
0001101000111101
0010011100010000
0010011001101000
0010001110101010
0001111100010000
0010001100000010
0010001101010110
0001101111100010
1110100001100110
1111100111101110
1111101011011000
1110110100110110
1110101101100010
1111001001011111
1110111000000100
1111001001011111
1110110100011010
1110111111110110
1110100110001100
1110101000111100
1110011100001000
1110100011111010
1110111000100010
1110111110011110
1111001001000000
1111100110010110
0000001000010000
0000110010111000
0001010010111100
0010001001111010
0010011010111000
0001111000111110
0010011100010000
0010010100000000
0010000110010000
0001100100110100
0001010000101010
0001101000000000
0001010101101100
0001001110110100
1111010111100101
0000110001000100
0000011100101000
0000000101111010
1111001010011010
1110011010010000
1111000011100110
1110110101100000
1111001101100110
1110110010110010
1110101100111000
1110111110100110
1111000000011011
1111000100100000
1111001101100110
1111100100110000
0000001001000110
0000110011010100
0001110010011110
0001101011101001
0010001011000000
0010010010101110
0010011100010000
0010001110001010
0010000100001100
0001001000101100
0000011110011100
0000100111111110
0000110100001111
0000111101110001
0001010101011010
0001011001011110
1111101101111100
0001011001001000
0001000010100100
0001100101100010
0000000111010110
1111011000100000
0000010111101100
1111111001110010
1111101101111100
1111100110101000
1111110010011110
1111110101110110
1111101011001000
0000010011110000
0001111001110110
0010001111110110
0001001110111110
0000101101001000
0000110000100000
0001001100101110
0001111010011010
0010001011111010
0010011100010000
0010011001011100
0010001100011110
0001001000001100
0000100110010110
0000010000111100
0001000101011000
0001000100010000
0001111000101101
0001101100111000
1111011100100100
0001000010101000
0001111001101010
0010010100010100
0000100000000010
1111110111001110
0000010010011100
1111110101100000
0000001011100111
0000101110001110
0000100101001010
0001000011001110
0000100000000010
0000000111000110
1111111010000010
1111101010001010
1111001100000110
1111001101110100
1111011110010000
1111110011010000
1111111111101110
0001000010000100
0001111001101010
0010011100010000
0001011010011110
0001000110101000
0000100000000010
0000000110100001
0000011011100000
0001000010000100
0001001000111000
0001110010010010
1111010111100101
0001011100001100
0001110010001100
0010011100010000
0001000010010100
1111110010000110
0000010101000010
0000111011001100
0001110100001000
0001111011111010
0000110000001100
1111011110000010
1111010101101000
1111011011011100
0000011100001010
1111110110101000
1110100001111000
1110101000010110
1110100101000110
1110000010110100
1110110111111000
1111101100111010
0000010011101110
0000110100101110
0000101011000010
0000001110100100
1111100001111010
1111010000011100
1111011011011100
0000000010010000
0000010100010111
0000101010011000
1110010110101000
0010000000000000
0010011100010000
0000010011110010
0001000001110100
0000000010000010
0000010110001110
0000110100111010
0010001100000110
0001101010001100
1111010100000000
1110011110101100
1110111101011000
1110111111110100
1111110111100010
1111011000110110
1111000111000100
1111001111111110
1111001001100000
1110110110111010
1111001001100000
1110110011101100
1110111111000000
1111100100001010
0000010010111110
1111111101111110
1111010011001100
1110001110100100
1110001011010100
1110101100011100
1111001011000110
1111110001111001
1110010110101000
1110011101111000
1110001111010110
1111011000000010
1111100110100100
1111101101110110
1111011111010010
1111001001100000
1111100110100100
1111011111010010
1111011000000010
1111001001100000
1111001001100000
1111011000000010
1111100110100100
1111010000110000
1111000010001111
1111111100011001
0000011001011100
0000011001011100
0000100000101110
0000011001011100
0000011001011100
0001101001011000
0001010011100100
0001001100010100
0010000110011100
0010011100010000
0010000110011100
0001111111001011
0001111111001011
0001110111111010
1110011110010110
1110101011011000
1110011110010110
1110010111110110
1110111110111010
1111011111011100
1111011111011100
1111010010011100
1111011111011100
1111011111011100
1111000101011010
1111011111011100
1111001011111011
1110111110111010
1111001011111011
1111011000111100
1110100100110110
1110111110111010
1111100101111110
1111101100011110
0000111010100110
0001000111101000
0000101101100100
0000101101100100
0001001110001000
0010001000101110
0010011100010000
0010000010001110
0001100001101010
0001101110101100
0001101000001010
0001100001101010
1110110001000010
0000001000011010
0000000001101100
1110011001100000
1110100011100110
1110111110011110
1110100110111110
1110111110011110
1110010010110010
1110001111011100
1110100000001110
1110101010010100
1110010110001010
1110010110001010
1110110001000010
1111000001110110
1111010010101000
1111011001010110
0000011100100100
0000110111011100
0010001110110100
0010011000111000
0010011100010000
0010001011011100
0001111010101010
0001110000100100
0001001110111110
0000101101011000
0000110111011100
0000110100000101
0001001011100110
0001000100111000
1101100011110000
1101100011110000
1101100011110000
1101100011110000
1101100011110000
1101110100000100
1101101111100010
1101110100111110
1110000110001010
1110010110011110
1110110110001100
0000010010100100
1111010100111110
0000101010001000
0001111000111100
0001110100011010
0001000001101010
0001001110010110
0001011001001101
0000111010011100
1111110100101100
0000110000011101
0001100110110100
1111000000001010
1110011110101000
1110010101100100
1110100001010110
1110001001110010
1110011101101110
1101100011110000
1101100011110000
1101100011110000
1101100011110000
1101100011110000
1101100011110000
1101100011110000
1101100011110000
1101100011110000
1101101100111010
1101101100011110
1101110111111100
1110111010101010
1110111000100110
1111111000000110
0001001011100010
0000001011110100
0000010111100000
0000110101000100
1111100100110110
1111010001110101
1111001101111010
1111001000101000
1110110001101100
1110010110011010
1110100110111101
1110101001000000
1110000001110010
1101111001010100
1101110110100100
1101111001010100
1101110010101010
1101110111010000
1101100011110000
1101100011110000
1101100011110000
1101100011110000
1101100011110000
1101100011110000
1101100011110000
1101100011110000
1101100011110000
1101100101110100
1101101000111100
1101111001000110
0001001011100000
0001010001110000
0000111101111110
0001000010001100
0000110001101100
1111101101110000
1111011101111000
1110011100000000
1110011101000010
1110011001001000
1110000101010110
1110001001100000
1110000101110110
1110000000101011
1101101101101000
1101110001110100
1101101110001010
1110000000111010
1110001100111000
1101111101010000
1101101001011110
1101100011110000
1101100011110000
1101100011110000
1101100011110000
1101100011110000
1101100011110000
1101100011110000
1101100011110000
1101100011110000
1111001010011100
1110011001010100
0010011100010000
0010011100010000
0000111010000010
0000010001110110
1110000111011110
0010011100010000
0010011100010000
1110100110101110
1110101011001101
1110000011000000
1110000111011110
1101110101100110
1110010100110110
1110000011000000
1111100000110000
1111011100010010
1101111110100010
1101101000001110
1101101000001110
1101101000001110
1101100011110000
1110011001010100
1101100011110000
1101100011110000
1101100011110000
1101100011110000
0010011100010000
0010011100010000
0010011100010000
0010011100010000
0010011100010000
0010011100010000
0010010010101110
0001100110010000
0001000111011100
0000111111011110
0010011100010000
0010011100010000
0010011100010000
0010011011000000
0010011100010000
0010011100010000
0010011100010000
0010011011011000
0001110100111010
0000111001010110
1110010111110110
0001000000010110
1111110101110101
0000110100011000
0001001001010000
0001010000001000
0001010111111100
0010011100010000
1110111001100000
1111101100010000
1111100011001110
1111111100000100
1111100100011000
0000001010101110
0000001110000110
0000010100111000
0000011010100000
0000101111111100
0000111110101000
0001100110000110
0010000101101100
0010011100010000
0010001001000100
0001110000010000
0001011000100100
0000111111101111
0001000110100000
0000110111110110
0000111110101000
0001011000100100
0001110111000010
0001110111000010
0001110100110000
0010011010000000
0010001001000100
0001110101111010
0001101010101000
0001100111001110
0000110110101110
1111001000001010
1110010010010010
1110110011100010
1111011100100010
1111100110100000
1111100111101000
1111100010000111
1111010101111000
1111100100010010
1110110101110000
1111100111101000
0000010101000100
0001001100011110
0001110110100100
0010010100100000
0010010011011000
0001011111010100
0001110110100100
0001010000111010
0000110111011010
0001001100011110
0001010010000000
0010010010010010
0010001011101000
0001101010011000
0010011000111100
0010011100010000
0001101101101110
0001001100011110
0001010100001110
0001011011111110
0000101001000000
1111001010110100
1111001100110010
1110111101010010
1111100001011100
0000000000011100
0000000101100110
1111111111100100
1111111010011010
1111110100011001
0000000111010100
0000011011111110
0000101001110000
0001100100010010
0010001010001010
0010011100010000
0010010001000100
0001111100011010
0001110111001110
0001011101011010
0001010110100010
0001011001111110
0001011011101100
0010000000101100
0001111000000101
0001100000110110
0010010001111010
0010001000011100
0001010111011000
0001010101101010
0001010010001110
0001011111111111
0001000110001010
1111100010010100
1111011110101010
1101100011110000
1101100011110000
0010011100010000
1101100011110000
1101100011110000
1110000011000000
1111001011111011
1101100011110000
0001110011100000
0001000001101010
0000001111110110
0000001011010100
0001010011110010
0010000101100110
0010010011001100
0010011100010000
0010000101100110
0001011100110101
0001111000000010
0001101010011100
0001101010011100
0001100001011000
0000111000101000
0001000110001100
0001111000000010
0010010111101110
0000101011000010
0001110011100000
0010011100010000
0001011000010100
0001011100110101
0001100101111010
0000011101011100
0000110100000101
0001010011110010
0000010100010111
0000011101011100
0000100110100000
1111010100111110
1110011010000110