1110100100001100
1111101011010100
0000010101101000
0001100001100110
0001100110011010
0001000110101100
0000011111010000
1111101000011100
1111011011111100
1111011010000010
1111111011101100
0000001011000100
0000010010110000
0000111000010000
0001100011100010
0010011100010000
0010001101110100
0001111001101000
0001110101110010
0010010011100110
0010011100010000
0001110011111000
0001010001010000
0001000000111010
0000011101010100
0000100000001110
0000101010110010
0001010110000100
0000111101000100
0001000000111010
1111101111001100
1111101001011010
1110011101011110
1111010111001110
0000000000110010
0001010011111010
0001010110111110
0000111110010110
0000000110001010
1111101111110110
1111101000111011
1111100001111110
1111110110000000
1111111101101100
0000001101110110
0000101100101010
0001110101110000
0010010110111000
0010011001111100
0001110110100010
0001100111001000
0010010010010000
0010011100010000
0010001100110110
0001010100101001
0000111111111000
0000101110001011
0000110100010110
0001001111010010
0001100110011000
0001100101100110
0001011101001000
0000101110001011
0000101000000010
1110100000101010
1111011111001010
0000001001101000
0001011100001010
0001011000001010
0000110001101100
0000001100110100
1111110111001100
1111101011001010
1111011011001010
0000000100000000
0000000101100110
0000010110011100
0000011111010000
0001110000001100
0010011100010000
0010011001110110
0001100010100100
0001011101110000
0001110000001100
0010000001110100
0001101110100100
0000101000000100
0000001010011010
1111110111001100
1111110110011000
0000001110011100
0000111000000110
0000110101101100
0000011100000010
1111111101100110
1111111100110010
1110110011001010
1111101011101110
0000100100010100
0001101001100100
0010000001001110
0001000010101110
0000100011011110
1111111010111100
1111101110010000
1111100101110100
1111110001101010
1111111010000110
0000001100101010
0000110110000011
0001110010000010
0010011100010000
0010011001101110
0001100111110111
0001011011001110
0001111001101000
0010000000011000
0001101010011010
0000110010101100
0000011000100000
1111111101011110
1111111101011110
0000000000110110
0001011110100110
0001010010110010
0000101011111010
0000001111001100
0000001010111110
1110101011110101
1111010101000000
0000100000000000
0001001010101000
0001010010101110
0000000111101110
1111110000111100
1111001100001010
1111011000101010
1111010111001100
1111101101010000
1111101110101110
0000000011010100
0000100000000000
0001011101110000
0010011100010000
0010010110011000
0001100010001010
0001100101000110
0001111110110110
0010001001001000
0001011100111111
0000111001101110
0000100101001000
0000011101110010
0000010100001101
0000110011110110
0001001101100100
0001001100000110
0000100000101110
1111110010011011
1111101110000000
1111000010011001
1111100011110010
0000110010100000
0001101001011000
0001011010010000
0000001101111010
1111100010001100
1111000101100100
1111011011000010
1111001000110000
1111100000100110
1111100010111110
1111101100100010
0000100001110010
0001010000101101
0010011001111000
0010011100010000
0001101010001010
0001100011000000
0010010000010100
0010001101001010
0001010110010010
0000010001111010
1111111010000010
1111011011110100
1111011110001110
1111110110000100
0000101100111100
0000011110101000
1111100010001100
1111011101011010
1111111001010000
1111001000111110
1111100111110010
0000001111011001
0001011000000010
0000110100110100
0000110101111001
1111110101000000
1110011011111000
1110011100111110
1110011000100100
1110101011010010
1110100111111110
1111001000111110
1111101101010010
0000100001000000
0001011010001110
0001110100100111
0001110100100111
0001110001010110
0010011100010000
0010011010000100
0001101011110110
1111101100001100
1111101010000000
1111001011001100
1111100001001101
0001000111100010
0001101001101000
0001101011110110
0000011010011010
1111100011011010
0000000100011010
1111001110011110
0000000011110100
1111110100100100
0001001000011010
0001001000011010
0000101001111010
1111110100100100
1110111111001110
1111000110110110
1111001110011110
1111111100001100
0000001011011100
1111111100001100
0000000011110100
0000010011000100
0001010111101010
0001010000000010
0001101110100010
0001100110111010
0010011100010000
0010010100101000
0000101001111010
0001010111101010
0001010111101010
0000101001111010
0000100010010100
0001010000000010
0010001101000000
0001111101110000
0001011111010010
0000100010010100
0000111001001010
1110011001000110
1111100101010100
0000100010010100
0001111101110000
0001111101110000
0001001000011010
0000100010010100
1111010110000110
1111010110000110
1110101000010110
1111001110011110
0000000011110100
1111100101010100
0000010011000100
0001010000000010
0010010100101000
0001110110001000
0001110110001000
0000010011000100
0001011111010010
0010011100010000
0010001101000000
0001010111101010
0001000000110010
0000110001100010
0000011010101100
0000010011000100
0001100110111010
0001100110111010
0001010111101010
0000111001001010
1111001110011110
1110100000101110
1111010010010010
1111101100111100
0001100011000110
0001101010101110
0000110001100010
0000000000000000
1111100101010100
1111010110000110
1111000011000010
1111111000011000
1111111000011000
0000000011110100
0000000000000000
0001011011011110
0010011000011100
0010001101000000
0001010000000010
0001011111010010
0001101010101110
0010011100010000
0010000101011000
0000100110001000
0000010110111000
1111110100100100
1111100101010100
0000100010010100
0001010000000010
0000111001001010
0000101001111010
0000000011110100
1111100001100000
1101100011110000
1101100011110000
1101100011110000
1101100011110000
1101100011110000
1101101001100010
1101100111000100
1101111001110110
1101110111000100
1101110101000100
1110100110111010
0000101011000100
0001111011001111
0010011000010010
0010010111101000
0001110111100111
0001001110000010
0001000100011110
0000010111110000
1111110100011100
1111100000000000
1110010100110000
1101111101101010
1101110010011100
1101101010010110
1101101010010110
1101101000100010
1101100011110000
1101100011110000
1101100011110000
1101100011110000
1101100011110000
1101100011110000
1101100011110000
1101100011110000
1101100011110000
1101100011110000
1101100011110000
1101100110100000
1101100110010000
1110100001111000
1110001101011110
1101111111011100
1110001110100000
1111010110101000
0001001001100010
0001111110110010
0001001000000000
0000011101101010
1111111000001010
0000001101010010
0000010001101110
1111000101010110
1110101011111000
1101111010110110
1101110000111010
1101101101100010
1101101000001110
1101100111101000
1101100110110010
1101100011110000
1101100011110000
1101100011110000
1101100011110000
1101100011110000
1101100011110000
1101100011110000
1101100011110000
1101100011110000
1101100011110000
1101100011110000
1110000001011100
1101110001010010
1111110000111000
0000110010100000
0000010101010110
1111010110010100
1110101101101100
1110101011101000
1110110100011110
1110110010110000
1110011100111000
1110000111011101
1110011010101011
1110100010010000
1110010111111111
1110011111001000
1110101100000100
1110101010100101
1110110000110100
1110101010100101
1110001101011010
1101111000100100
1101100011110000
1101100011110000
1101100011110000
1101100011110000
1101100011110000
1101100011110000
1101100011110000
1101100011110000
1101100011110000
1101100011110000
1101100011110000
1101111010000100
0010011100010000
0010011100010000
0001001011111010
0000101000001100
0000110101100100
0000100011101110
0000010001110110
1111011100010010
1111111011100010
1111110111000100
1101110001001010
1101110101100110
1111001010011100
1110110100000110
0000001101011010
1111111011100010
1110011001010100
1110010100110110
1110101011001101
1110100010010000
0000001000111100
1101100011110000
1101100011110000
1101100011110000
1101100011110000
1101100011110000
1101100011110000
0010010100010000
0010011000001010
0010011010110100
0010011011110000
0010011001110110
0010011011111000
0010011100010000
0010011100010000
0010011100010000
0010000110011100
1111000101000000
1111000001001110
1110111100010000
1110110100111100
1110110110000010
1110111011101010
1111000101001010
1110111111100110
1110100101001100
1110101111110110
0001011111110101
1111011001011010
1110001110110000
1110011010110000
1111011111001000
0000110100111000
0000111011101110
0010011100010000
1110000010110000
1111100010111110
1111101100100010
1111101100100010
0000000011100110
0000101100111100
0000100001110010
0000110110011110
0001001010010110
0001011011000010
0001111011101010
0010011100010000
0010001101001010
0001001001100100
0001010100101100
0001011100101000
0001010100101100
0001010011000110
0001100110111110
0001100011000000
0001110100100000
0001101100100010
0001001000110000
0000100010100110
0000010011011110
0000100010100110
0000001101001000
0000110100000101
0000001110101110
0000001011100010
0000011101000010
1111110001010010
1110110101011110
1111011010010110
0000011100000010
0000011000000010
0000000000000000
0000011011010000
0000010100110110
0000101111010010
0001100000111110
0001101110100100
0010000001110100
0010010100010000
0001101101110010
0001101011011000
0001011000001010
0001000011010100
0001010001101110
0001111001000000
0010000100001110
0001001000111010
0010001100001110
0010011100010000
0001101010100100
0001001100111100
0001000000111010
0000111100111010
0000111001101011
0001010001101110
0000111000000110
0001000001101110
0000110001101100
0000000100110100
0000010001011000
0000101001100010
0001011000010100
0001010101010001
0000010110101010
0000011000001001
0000110010100100
0001110000011110
0010000001000100
0010000111111000
0010011100010000
0001110101000000
0001010000110010
0001110101000000
0010001010001000
0001100100011001
0001000010011100
0001111011000010
0001111011000010
0001011001110100
0001010000110010
0001011101100110
0000001111110110
0000010010111000
0001000001101010
0000111110101010
0001011101100110
0001100101001010
0000110001110011
0000100111010000
1111110010011011
1111001001101010
1110111010001000
1101100011110000
1101100011110000
0010011100010000
1101100011110000
1101100011110000
1101100011110000
1111100000110000
0010011100010000
1111010000110000
0000000011100111
0000111000111100
0000011001011100
1111000111000100
0000010100100110
0000001000011110
0001011000011010
0001011111101100
0001010011100100
0010011100010000
0001011000011010
0000001101010100
0000101100110100
0001101001011000
0001000101000010
0000001000011110
0000110001101010
0001010011100100
0000100111111110
0000001000011110
1111100001101110
1111111001111100
1111111100011001
1111111110110010
0000100000101110
0000010111000000
0000101111010000
1111010101100111
1111110101000110
1111000111000100
1110101100011100