1110101111011000
1111010101100000
1111101110010110
0000010000000000
0001010110101100
0010011010100110
0010011001100000
0001111101111000
0010011100010000
0001110011111100
0000100010001110
0000011000010010
1111001010011100
1111010111001010
1111001001010110
1111010100111100
1111010111001010
1111101001111010
0000100010001110
0001001101010010
0001010110001000
0000111000111000
0000101111011110
0001000100011110
0001010010010010
0001010110001000
0001000101100100
0000110110101010
0001000001001010
0000011110111010
0000001110111010
1111011010011110
1110101100100100
1111010110011100
1111101100001110
0000011100111110
0001011100100110
0010011001011000
0010000011000010
0010011100010000
0010011011101100
0001100100101000
0000011011010000
0000010110000100
1111110000110100
1111011111100110
1111010001010010
1110100010110100
1111101001111100
1111111001111110
0000100110101110
0001011001001010
0000110110001100
0000011000111100
0000110011010100
0001000110110100
0001010010110110
0001010100000000
0000101101100110
0001001011011010
0000111011111010
0000000011101110
0000000110100110
1111001101010000
1110110000010110
1111011110111010
1111110010100010
0000100110000000
0001110010100110
0010011001110100
0010001000101010
0010011100010000
0010001100111100
0001000001100100
0000100001000110
0000110001000010
1111011010101000
1111110110110100
1111001111100110
1111100111100000
0000100000011110
0000010101011100
0000101111001100
0000110100101100
0000000010011100
0000010101011100
0000100010111100
0000101011100000
0001000000010110
0000111010001110
0000110000011010
0000101001000100
0000100011100010
1111110100111110
1111011110010100
1110110101110110
1110101011010111
1111010111101010
1111110100001010
0000011001110010
0001110011000000
0010000101110100
0010011100010000
0001110001110010
0001001001001000
0000100111001000
0000111100111110
0000100001000100
1111110101011000
1111111010110110
1111111010010000
0000110100100000
0000111111011010
0000111110001100
0000011110101010
1111111011011100
1111111111000111
1111111110011110
0000001010000000
0000110111100010
0001000100010000
0001001101011000
0000110101101100
0000111111011010
0000011100110100
1111010010110010
1111001011100000
1111010011011010
1110101010001000
1111010111110000
1111110111011100
0000000000010100
0001101111111000
0010010100000000
0010011100010000
0001011001000011
0000110111011110
0000111100100010
0001001001110110
0000111101110100
0000001110111010
0000011101011110
0000100111101000
0000111001111111
1111101011011010
1111001100111110
1110110010111110
1110111000101100
1110111110011010
1111011100001100
1111110010011000
0000001111100010
0000111110011100
0001001011110000
1111111111000100
1111010101110110
1110111100100000
1110011111010110
1110011001000000
1110110000011100
1110101001100100
1111000100101100
1111101110000010
1111110110110110
0001100001010010
0010011100010000
0010000001110100
0000111001111110
0001000110110110
0001111000010100
0001111001101100
0001101010110000
0000111001010010
0001000111100010
0000110010100000
1111011101110010
1110100111100010
1110011110000100
1101111100110110
1110101000001110
1110100110001100
1110100110001100
1111100010100000
0000100110111110
0000111000100110
0000001011001100
1111011111001000
1110110001101110
1110010001110110
1110000111000000
1110001110011110
1110001101110010
1111110011101100
1111111010000100
0000000101000000
0000000111110000
0001001100000100
0001111000101101
0001011000110110
0001001010010000
0000110101010100
0001011111001110
0010010001010100
0010011100010000
0001110110111010
0001111110001100
0000010110010100
1111000111000100
1110011110000100
1110000001110100
1110000111010011
1110100010101000
1110101001000000
1110110110101010
1111101101010100
0000010000110110
1111111111100010
1111010001000110
1110100001101110
1110001111011111
1101101010001000
1110000100100100
1101111101010000
1110001110100100
1110110000001000
1111100111101101
0000000011011110
0000100110001100
0001100100101100
0010000111011010
0010011100010000
0001100100101100
0010001110011000
0010000000011110
1111010010111000
0000010001011000
1111100111101101
1111101110101000
1111101110101000
1111111100100010
1111111100100010
0000000011011110
0000110100000101
0001001000111010
0001101011101000
0001011101110000
0001000001111110
0001010110110100
0001011101110000
0001011101110000
0001001000111010
0001000001111110
0000111011000010
0001000001111110
0000101101001000
1111101110101000
1110110110101010
1110111101000010
1111100011010100
1111010110100010
0001100010110110
0010010101111000
0010010101111000
0010000010110000
0010011100010000
0010001001001000
0000110110001101
0000101111110110
1111010000001010
1111110000000101
1111010110100010
1111100011010100
1111100011010100
1111010000001010
0000101001011110
0001001111101110
0001010110000110
0000101111110110
0000101111110110
0000110110001101
0001001111101110
0001010110000110
0001000010111110
0001001001010110
0001001001010110
0000001111111011
1111111100110100
1111101001101100
1110100011110110
1111001011111011
1111101011111110
0000001000000000
0001101100001100
0010000000001110
0010011100010000
0001011100001010
0001000000000110
0000101000000100
0001000000000110
0000001000000000
0000010000000010
0000001100000010
1111101111111110
0001010000001000
0001010000001000
0001001000001000
1111111100000000
1111101111111110
1111110011111110
1111111100000000
1111101111111110
0000101000000100
0001001100001000
0001101100001100
0000011100000010
0001000000000110
0000001100000010
1111011111111100
1111010111111100
1111100111111110
1101100011110000
1101100011110000
1101100011110000
1101100011110000
1101100011110000
1101100011110000
1101100101110110
1101100101110110
1101101001010000
1110011011000000
0000000000001011
0001110110001010
0010010000011110
0010000000111000
0001100001010110
0001000010101100
0000111000001110
0000000111101010
1111100101001110
1111001101001000
1110101001111010
1110010000001000
1110001110111100
1110000000110101
1101110100010000
1101101110001110
1101101100000000
1101101101011100
1101100011110000
1101100011110000
1101100011110000
1101100011110000
1101100011110000
1101100011110000
1101100011110000
1101100011110000
1101100011110000
1101100011110000
1101100011110000
1101100101001000
1101100101010000
1101101101001010
1110011101010110
0000000001001010
0001111101101000
0001100101010010
0001001010000000
0000011110001010
1111111001001100
0000001101000000
1111010100111100
1110111001000100
1110101010001110
1110001111001000
1101111000001010
1101111111110100
1101110100011000
1101110000100010
1101101111010010
1101101110101010
1101101100101000
1101100011110000
1101100011110000
1101100011110000
1101100011110000
1101100011110000
1101100011110000
1101100011110000
1101100011110000
1101100011110000
1101100011110000
1101100011110000
1101101110001010
1101101100000100
1110001100011000
1110111100010010
1110100101111000
1110010111101100
1110011010110101
1110010010001110
1110010000101010
1110010001110110
1110010110001000
1110011011001110
1110001011001100
1101111000001110
1101111011000000
1101110001010010
1101111100001110
1110001011010100
1110011010011100
1110100111011100
1110100111011100
1110011101100100
1101100011110000
1101100011110000
1101100011110000
1101100011110000
1101100011110000
1101100011110000
1101100011110000
1101100011110000
1101100011110000
1101100011110000
1101100011110000
1101111110100010
0000101000001100
0010011100010000
0010011100010000
0010011100010000
1110011101110010
1110100010010000
1101110101100110
1110010000011011
1101111010000100
1110010000011011
1110101111101010
1110101011001101
1110010100110110
1111000101111110
1110111000100100
1101111110100010
1110010100110110
1110000011000000
1101110001001010
1101110101100110
1110101011001101
1101100011110000
1101100011110000
1101100011110000
1101100011110000
1101100011110000
0010011100010000
0010011100010000
0010011100010000
0010011100010000
0010011100010000
0010011100010000
0010011100010000
0010011100010000
0010011100010000
0010011100010000
0001110101010010
0001101111111100
0001110001011110
0001110011000010
0001110010000100
0001100111100010
0001100000001110
0001011110001100
0001001001110100
1111111010100100
1111110011100000
1111111000101010
0000010000110110
0000110000100110
0010001000101000
0010011100010000
0010000110111100
0001010010000010
1110010001001000
1110110010101110
0000110101101111
0001101000001010
0001111111101100
0001101001110110
0000100001100110
0000000000000000
0000100100111110
0000110100000101
0001011110000110
0000111100011110
0001100001011100
0010010011110110
0010011100010000
0001110101100110
0001000110100100
0001011001000010
0000010111100010
1111100110110100
1111100011011100
1111001111010010
1111100011011100
0000000000000000
1111111001010011
0000001000011010
1111101111001100
1111110111100110
1111000101001100
1110111011001000
1110111001011100
1110100110111110
0000011011110110
0000110001101010
0010001011010010
0010010011110010
0010011100010000
0001110011000100
0001010010011000
0000101100110100
0001000111011110
0001101110001110
0001110011000100
0001101111011011
0001111010010110
0001111100110000
0001111001001000
0001101001011000
0000111011010110
0001000110010000
0000010100100110
0000000111010010
0000010101110100
0000001111110000
1111100100001010
0000001111110000
0000010101110100
0000000011100111
1111111110110010
0000001100001000
1111001111100100
1110101101101000
1110110010011110
1110100011111101
0000011000111100
0000111010100010
0010001001111100
0010011100010000
0010010111001010
0001111110101110
0001000000101000
0000100010000110
0000100111001100
0001011010000110
0001101000010101
0001100010001110
0001110101100100
0001110101100100
0001011101001000
0001011110001010
0001000101101110
0001000011101100
0000000010100010
1111110010010000
1111110110010110
1111011011111000
1111011111111100
0000010100111000
0000001101110000
0000010010110110
1111101110001100
1111101101001010
1110111000010000
1110101010000000
1110011100110000
1101110110000100
0000110101100100
1101100011110000
1101100011110000
0010011100010000
1111000001100000
1101100011110000
1110100010010000
1110110001111000
0010011100010000
1111010101110001
0000000110111000
0000111000000000
0000111000000000
0000110100000101
0010001100100010
0010011100010000
0010010010011100
0000111111111000
0000011100100000
0000011000100100
0000101100001101
0000111101111010
1111111101000100
1111101001011010
0000000100111010
0000001100110010
0000101010001111
0000010010101010
1111110101001100
1111100001100010
0001000101110010
0000111011111100
0001000001110110
0001000101110010
0001010111011110
0001100111001100
0001101001001010
0000111001111110
0000100010011010
1111111011000110
1111101001011010