1111000011000000
0001000001100110
0001001000111000
0000111101000000
0001001010000000
0010001100001100
0010010010101100
0001011100000000
0000110001100010
0000001101100101
0000011110011010
0000011111111100
0000110100001110
0000011110110010
0000111001100100
0000111110111010
0001011111110100
0001110001000010
0010010110001000
0010011100010000
0010001001100000
0001110111111010
0001110110000000
0001110101101000
0010001010101010
0010001101101110
0010010011000100
0010010011011100
0001101001110000
0001101000001110
0001011100000000
0001011100110000
1111010101011000
0000110100101000
0000110101111110
0000110001111101
0000110001111101
0010000111001100
0010001010100010
0001010101011010
0001011011000100
0000111011101001
0001000100000000
0001000011000000
0001001111000010
0001001000011000
0001010111011010
0001101110011110
0001111110100000
0010001001111000
0010011100010000
0001110111001001
0001110001110100
0001010110101110
0001011111000110
0001010010000100
0001111010110100
0001101100011110
0010010011100100
0010000101110110
0001110111001001
0001101100011110
0001100100110010
0001011101110000
1111010110111100
0000101010111110
0000100111100000
0000100010110010
0000101010101010
0001100010010110
0001010111000000
0001110010011010
0001100101100000
0001010110101100
0001001000110110
0001010101011011
0001001000001110
0001100100100011
0001111001000000
0010011100010000
0010000100111110
0001101110010100
0001011100111111
0001010111000000
0001000001101000
0000110000010011
0000100100101010
0000111001110000
0000111011010100
0001010100011111
0001011100000011
0001111001000000
0001101100101110
0001001101100100
0001000100011100
0000111100010000
1111111011111110
0001011001001000
0001000011110110
0000111100010001
0001111110000000
0010001010010010
0010010101001010
0010010101101000
0001111101100010
0001101101111010
0001110001001110
0010001101001000
0010011100010000
0010001111100000
0010011010110110
0001101011100100
0001001100010110
0000111010011000
0000100101100110
0000101010010100
0000101011010000
0000001100000100
1111100001000011
1111101010000010
0000010011101000
0000101011101110
0001001011111000
0001011010100010
0001000100110010
0000011110000010
0000100010010010
0000110011010010
0000111000101110
0010011100010000
0001110001110010
0010000010111010
0000000111010010
1111110100010010
1110110100010000
0000000001100110
0000001111100010
0000110011101010
0000101100101011
0000011110110000
1111101000111000
1110101001011110
1110110100010000
1111100111100110
1111101100000010
1111011001000010
1111011000011000
0000000110000010
1111110111011100
1111000111010010
1111001100111110
1111001101100110
1110110010111110
1111010101110110
1111000011011110
1110011010111010
1101101010000110
1110000101010110
1110001110001110
1111101111001100
0001001101101010
0010011100010000
0010000011110000
0010000111000000
1111101001001000
1110110110001110
1110101111110010
0000000111011010
1111100110100100
1111110000001110
0001000111110110
0000110100100000
1110101111110010
1110010100101110
1110011101000110
1110110110001110
1110101011010010
1110001101000000
1110101100100100
1110011101110000
1110110000011100
1110101111001001
1110101001111110
1110001011101101
1110111100101010
1110111100000010
1110101011010010
1101111001000000
1101111100010000
1101100111101000
1110000100101000
1111001001100100
0001000011101110
0010011100010000
0001100010111110
0000111110100000
1110110001111000
1110010101100110
1110011010110101
1110101110001010
1110100001100000
1110101001101100
1111010011010110
1111000000110000
1110111010000100
1110100100011110
1110000111011110
1110100000000010
1110100011110000
1111000010010000
1101110111110110
1101111110100010
1110011010110101
1110101011111100
1110101100101010
1110010111110110
1110111100010010
1110101001101100
1110101111101010
1110001111101010
1101110010101000
1110000101111110
1101111100010100
1111100000110000
1110001010110100
0000101101100100
0001000111101000
0000101101100100
0001110101001100
0001111011101100
0001101110101100
0001100001101010
0000010011100010
0000101101100100
0000010011100010
0000101101100100
0000110100000101
0000110100000101
0001000111101000
0000100111000100
0001101000001010
0001100001101010
0010000010001110
0010011100010000
0001110101001100
0001101110101100
0001011011001010
0001110101001100
0001101110101100
0010001111001110
0001110101001100
0010001000101110
0001101110101100
0001100001101010
0001011011001010
0001100001101010
1111000100101110
0000110101111000
0000111011010010
0000110101111000
0001000000101010
0001010000110100
0001101011110000
0001010000110100
0000100000010100
0000010000001010
0000001010110010
1111111010101000
0000011010111100
0000011010111100
0000110101111000
0001000000101010
0001001011011100
0001100000111110
0001101011110000
0010011100010000
0010010001011110
0001101011110000
0001101011110000
0001100110011000
0001100110011000
0001101011110000
0010000001010100
0001011011100110
0001011011100110
0001010000110100
0001010000110100
0001010000110100
1111111011101010
0001001110001000
0000111000011100
0000101011011010
0010000010001110
0001110101001100
0001100011110100
0001010010011110
0001011011001010
0001001110001000
0001101000001010
0010011100010000
0010001010111000
0000111100110000
0000100111000100
0000010001011000
0000001101000010
0000001101000010
1111110111010100
0000010001011000
0000101111110000
0000001000101100
1111010100100110
1110000010001000
1111001011111011
1111011000111100
1111111011101010
1111110010111110
1111000011010000
1111010000010000
1111011101010010
0000001101000010
1101100011110000
1101100011110000
1101100011110000
1101100011110000
1101100011110000
1101100011110000
1101100011110000
1101100011110000
1101100110000110
1101101000001000
1110101010010100
0000101110000001
0010000010101110
0010000101110000
0001010010100000
0001001111101000
0000110111000110
0000100000100110
1111111101011110
1111011110111010
1111000111000010
1110100111010010
1101111101011110
1101110001100010
1101101100101010
1101101100101010
1101101011101010
1101100011110000
1101100011110000
1101100011110000
1101100011110000
1101100011110000
1101100011110000
1101100011110000
1101100011110000
1101100011110000
1101100011110000
1101100011110000
1101100011110000
1101100011110000
1101100011110000
1101100101011110
1101100110000010
1110010011101010
0000000100111110
0001010001111110
0001111111000001
0001110001000100
0001010101101010
1111110001100100
1110100001011000
1110010001100110
1110000111001110
1101111111101010
1101110110110100
1101110000010100
1101101111010010
1101101101010000
1101101010001100
1101101001011010
1101100011110000
1101100011110000
1101100011110000
1101100011110000
1101100011110000
1101100011110000
1101100011110000
1101100011110000
1101100011110000
1101100011110000
1101100011110000
1101100011110000
1101100011110000
1101100011110000
1101100111011000
1101101111101110
1110100000101100
1110110100000100
1110100110111101
1111000110110100
1110110111110100
1110111100011000
1110100101111100
1101111001111010
1101101011011010
1101101001011010
1101101000010010
1101101011001000
1110010111110101
1110010100101100
1110011101000010
1110100011010010
1110001101011010
1101100011110000
1101100011110000
1101100011110000
1101100011110000
1101100011110000
1101100011110000
1101100011110000
1101100011110000
1101100011110000
1101100011110000
1101100011110000
1101100011110000
1101100011110000
1101100011110000
1110000111011110
0010011100010000
0010011100010000
0010011100010000
1110010100110110
1110000111011110
1110000111011110
1111010111110100
0010011100010000
0010011100010000
1110000111011110
1101110001001010
1101101100101100
1111101110001010
1111100101001110
1101110101100110
1110010000011011
1110010000011011
1111010111110100
1101100011110000
1101100011110000
1101100011110000
1101100011110000
1101100011110000
1101100011110000
0010011100010000
0010011100010000
0010011100010000
0010011100010000
0010011100010000
0010011100010000
0010011100010000
0010011100010000
0010011100010000
0000110110111010
0001100100001111
0001100001010100
0001100001100010
0001100010011100
0001011011101110
0001011000001010
0001001100001000
0000100101111010
1111100110011010
1111001111011001
1110010001100110
0000101000011011
1110011001111000
1111011011011010
1111111010100000
0000001100100000
0000110011110000
0010011100010000
1111101001101100
0000011100101100
0001010110000110
0001100010110110
0001001111101110
0001001001010110
0001000010111110
0001000010111110
0001101001001110
0010001001001000
0010001111100000
0010001001001000
0010011100010000
0010011100010000
0010001111100000
0001001111101110
0001101111100101
0001110110000000
0001101111100101
0000111100100110
0000110110001101
0001000010111110
0000111100100110
0000110110001101
0000011100101100
0000001111111011
1111010110100010
1111011100111100
1111010110100010
1111101001101100
1111000011011010
1110110000010010
1111110111000000
0000110011000110
0001010001001000
0001111000001100
0000100001000100
1111111101000001
0000011000000010
0000100100000100
0000111111000110
0001110101001100
0001111110001100
0001011101001001
0010011001010000
0010011100010000
0001110010001100
0000011110000011
0001110010001100
0001101100001100
0001111000001100
0000010101000010
0001011101001001
0001000010000110
0001010111001000
0001000010000110
0000110000000100
0000100100000100
1111111101000001
1111000110111010
1111111010000001
1111011011111100
1111011110111100
1111010010111100
0000010101100100
0001011110010010
0001111110101000
0010001001011010
0001011011100110
0001000110000010
0001001000110000
0001100011101100
0010000001010100
0010001001011010
0010011001100100
0001111110101000
0010001100000110
0010011100010000
0001101011110000
0001101011110000
0001111001001110
0010000001010100
0001110110100010
0001001011011100
0001110011110101
0001011110010010
0001100000111110
0001000000101010
0000100101101110
0000010000001010
1111100101000100
1111010111100110
0000001000000110
1111001111100000
1111011010010010
1111001010001000
1111011011110110
1101100011110000
1101100011110000
0010011100010000
1101100011110000
1101100011110000
1110000011000000
1101111101110010
1101100011110000
1111010111100110
0000101101110100
0001000011010110
0001111001001110
0001100110011000
0010001001011010
0010011100010000
0010001110110010
0001010110001110
0000111101111110
0000111011010010
0000101011000110
0000100000010100
0000100011000010
0001100000111110
0001010000110100
0001010000110100
0000101011000110
0000011010111100
0000001101011110
0000010101100100
1111011100111110
0000100000010100
0000101101110100
0000101000011010
1111011100111110
0000000000000000
0000101101110100
0000010101100100
1111111101010100
1111101010011100
1110110001111000