1111100111110100
0000110011001010
0000111001101010
0001011101111100
0010011100010000
0010010011111000
0001101100110100
0000101011101110
0000010011100010
0000000000000000
0000000011101110
1111111101001110
0000001101111100
0000011100110101
0000100011010110
0000111000101110
0001010001110110
0001101010111110
0001111101100100
0001110101001100
0001110000100001
0001110111111110
0001111100101000
0001110111000100
0001011010001110
0000111110010100
0000100110001000
0000110100000101
0000011000001100
0000001101000010
0000010111001111
0000010101011010
1111010010101000
0000000010010010
0000110101101000
0001101110011100
0010000000110000
0010010101110110
0001111110000000
0001010010000010
0000100110111100
0000010101100010
0000011111101000
0000011110101100
0000110100101100
0000110011110001
0000111101110110
0001011111110010
0001101101100000
0010001001111010
0010011011010110
0010010010001010
0010011100010000
0010011010011010
0010000111001100
0010000111001100
0001110000010000
0000111101110110
0000100110000010
0000100100001100
0000010000111110
0000010111011000
0000000111110001
1111111010111110
1111000100010010
1111101101011010
0000011100111000
0001001011100100
0010000010111100
0010011100010000
0001010111011010
0000101110010010
0000011010100000
0000000100010110
0000010001110100
0000010101110000
0000010111010110
0000011110011110
0000111011101110
0001001000011000
0001101010011010
0010010001001100
0010010101111010
0010010011100100
0010010100010110
0010001000011110
0010000111101100
0010000110000110
0001101001101000
0001000100011100
0000110001011100
0000100010011010
0000010110100100
0000010011011000
0000011000111001
1111111111100110
1110110101010100
1111101100001100
0000001110011110
0000110110111000
0010011100010000
0010011001001100
0000101111010000
0000100110001000
0000010000110010
1111110101010110
0000001111010000
0000010000110010
0000001000011000
0000011011011100
0000101000011010
0001000000110010
0001100000000010
0001111010101110
0010001101110010
0010010111101100
0010000011111000
0001110111101010
0001111111010010
0010001001001100
0001110011110101
0001011100111111
0001010000110010
0000110110001000
0000111000011010
0000100101010110
0000101111010000
0000100110111000
1110101101111110
1111101011100110
0000000001001000
0001100001101000
0010001000111100
0001101000010010
0000100110111110
0000010010001100
0000010000101100
1111101101000100
0000000001001000
0000000101100100
0000000010100110
0000011011110110
0000100010100010
0000110010110110
0001010000100010
0001111000101000
0010000101010000
0010011100010000
0010000100100000
0001110000011110
0001111000101000
0010001100101010
0010001100101010
0001101010100010
0001011101111010
0000111101010000
0000100100000000
0000101110011010
0000110101000100
0000101111001000
1110110100010110
1111111011000100
0000011000101000
0010000100000100
0010010000101000
0001010100101000
0000001010010100
1111111100111000
1111100010111010
1111011000001010
1111110110100110
1111110001001110
1111110011111010
1111111110101010
0000010000100100
0000010111101110
0000111001110000
0001011110011110
0001110001010010
0010011100010000
0010010011010010
0001110001010010
0001111111100110
0010001010010110
0010000001011000
0010000010010010
0001110110101010
0000110110001100
0000010011010000
1111110101101100
0000001110110010
0000001101111000
1110011000010100
1111010001110110
0000110100100011
0001101001000111
0001011001100000
0000010001110000
1111100100010100
1111010010100010
1111000101110000
1111001000100110
1111011000001110
1111010010100010
1111011011000100
1111110011111100
0000000111000110
0000000000101110
0000101110001010
0000111010010000
0001101000011010
0010011100010000
0010001001000100
0001011101110000
0001011010111010
0001110111010011
0010000001010000
0010000001010000
0010000000100100
0001001100000000
0001010000001111
0000110101010010
0000110101111110
0000111000000110
1111111000001100
0001000110010100
0000100111000100
0001000110010100
0001101101011000
0010000100110100
0000111110100000
0000000111110100
1111010001001000
1111011000111100
1111110000011000
1111100000110000
1111010001001000
0000000000000000
1111101000100100
0000010111011100
0000000111110100
0001111101000000
0010011100010000
0010011100010000
0001111101000000
0001111101000000
0001110101001100
0001111101000000
0001011101110000
0001011101110000
0001000110010100
0001001110001000
0000110110101100
0000100111000100
0000100111000100
1111101000100100
1111101110101000
0000100110001100
0000111011000010
0001001111111000
0010011100010000
0010011100010000
0001110010100110
0000011111010000
0000101101001000
0000011000010011
1111101110101000
0000000011011110
0000100110001100
0000011111010000
0000111011000010
0000111011000010
0001001111111000
0001111001100010
0001111001100010
0001110010100110
0001000001111110
0001111001100010
0010000000011110
0001111001100010
0001001000111010
0001000001111110
0001000001111110
0001000001111110
1111110101100110
0000000011011110
0000011000010011
0000111011000010
1110101111111110
1111101100111100
0000000111101000
0001101110100010
0010001101000000
0001101010101110
0000011110100000
0000010011000100
0000000000000000
1111100001100000
1111101001001000
1111111100001100
1111011101101100
0000000011110100
0000001111010000
0000100010010100
0000111100111110
0001101010101110
0010000101011000
0010011100010000
0001101110100010
0001010011110110
0001001100001110
0001111101110000
0001110110001000
0001100011000110
0001011011011110
0000110001100010
0000000000000000
0000001111010000
0000011110100000
0000010110111000
1101100111010000
1101100110001010
1101100111001010
1101100110111010
1101101010000110
1110001100101001
1110001100111000
1101111000111100
1101110110111100
1101110001111100
1110010011101111
0001000110100100
0001100100100110
0001001100000100
0001100010100110
0001101111100101
0010010111111010
0001101110010110
0000111111110010
1111110100110010
1111000101010010
1111010111100101
1110111110001110
1110010011000100
1101111110001100
1101101100000110
1101101011010000
1101100011110000
1101100011110000
1101100011110000
1101100011110000
1101100011110000
1101100011110000
1101100110100010
1101100110001100
1101100110101100
1101100110010010
1101101011110000
1110100000100110
1110101010001010
1110000001110010
1101111100110100
1110000010110000
1110011000110100
0000000001101010
0000101111000010
0001010110101010
0001111011101000
0001110110000100
0010001100001000
0010010001011110
0000101101011000
1111001110000000
1110111100011000
0000000000001110
1111001111001000
1110000100000100
1101110111111110
1101101010110110
1101101011111100
1101100011110000
1101100011110000
1101100011110000
1101100011110000
1101100011110000
1101100011110000
1110000010100000
1110000111001010
1101111001101000
1101111001000110
1110000000111010
1111010110110110
0000001110100100
1111111111011110
1111101111010100
0000000001100100
1111011000111100
1101111000000100
1101101101001000
1101110000010000
1101110010110110
1101111100110000
1101111001000110
1101111001000110
1101110001110100
1101110101111110
1110001001010000
1110000010100010
1110000011100001
1110010100101100
1111000001100000
1111010111111001
1111100001010000
1101100011110000
1101100011110000
1101100011110000
1101100011110000
1101100011110000
1101100011110000
1111000101111110
1101100011110000
1101100011110000
1101110001001010
0010011100010000
0010011100010000
0010011100010000
0001000010111110
1110100110101110
1110011101110010
0010011100010000
0010011100010000
1111001110111010
1101101000001110
1101100011110000
1101100011110000
1101110001001010
1110101011001101
0010011100010000
0010010111110010
1110000011000000
0000011111010000
0000010110010100
0001000111011100
0010011100010000
0000101100101010
0000010110010100
1101100011110000
1101100011110000
1101100011110000
1101100011110000
1101100011110000
1101100011110000
0010001001111010
0010010000001110
0010010101000000
0010011001000010
0010011100010000
0010011100010000
0010011100010000
0010011100010000
0010011100010000
0010011100010000
0000101110010010
0000100011100010
0000010011101100
0000001011111000
0000000001111000
0000000010111111
1111111110011000
0000000010001100
0000001111000000
0000110100001000
1111010000000110
1111001110011000
1110010010110010
1111001011001010
0000010100100010
0000011101101100
0000101101010100
0010011100010000
1110100101111110
0000011110101110
0000011011000000
0000110001010000
0000011110101110
0000100110001000
0000101001110110
0000110101100000
0001100011000010
0001101001011010
0010011100010000
0010011001000100
0001111111001000
0001101010011110
0001011010000010
0001010001100100
0001001000000010
0001101111001110
0001110000110100
0001100011100100
0001010111111100
0001001010101100
0001001010101100
0001010101010001
0001010000100000
0001010110010110
0001100011000010
0001010100110000
0000101011011100
0000011010011110
0000010000011010
1111110101011010
1111100010100110
0000011111101110
0001000101001100
0000111010110100
0000100101011110
0000000111100000
0000011000001110
0000100001011100
0001011100010000
0001110111111011
0010000100101000
0010010000001010
0010010001111000
0010001101010000
0010010000001010
0010010000001010
0010000000000000
0001111110110110
0010011100010000
0010001010111100
0001110110001100
0001101100111110
0001100100010100
0001110011010100
0001101010101010
0001101111110110
0001100011110000
0001010111000100
0001001010111110
0001010011000010
0000111110010010
0000010001010100
1111010100000010
1111110010000011
0001001001011110
0001001010100000
0000011001010110
0000011100111110
0000010010101000
0000010110110000
0001010101111000
0010001011101100
0010011100010000
0010011100010000
0010011000101000
0001111101101110
0001110110011110
0010000111100100
0001110000010010
0001101000011111
0001101011000110
0001101001100010
0001101110001100
0001001101100110
0001100011010110
0001110001110100
0001110110011110
0001110011111010
0001010010010000
0001000011110010
0001000011010000
0000111110100110
0000111001011100
1111111110111110
1111100111001010
1101100011110000
1101100011110000
0010011100010000
1101100011110000
1101100011110000
1101100011110000
0000100100011110
1101100011110000
1110110000010010
1111011000101010
1111111000100100
0000000111011100
1111110110011100
0000001001100100
0000011100101100
0000010100001100
0000101111110110
0010010011110000
0010011100010000
0010010011110000
0010011000000000
0010001101011000
0010010001101000
0001110001101110
0001101011010110
0001000111001110
0001111010010000
0010000111000000
0001101111100101
0001011110100110
0000100101001100
0000110110001101
0001000010111110
0001000101000110
0001011000001110
0001100010110110
0001000101000110
0001000000110110
0000110100000101
1111100011010100