1111101010000110
0001000000010000
0001010001110010
0000111011111000
1110111100110100
1110011001110010
1110000110110010
1110000000111111
1110001100101001
1101111001101010
1110100001000110
1110010110111001
1110101111101100
1110110001001010
1111011011100000
1111110101110010
0000100000001000
0001110111110000
0010010100111100
0010011100010000
0010001100001100
0010001111000110
0010011001010110
0001101110111110
0001101101100010
0001101100000100
0000011110101010
0000100000001000
0000100101111110
0000111000111100
0000101010010110
1111110111010000
1111100000001001
0000100101001100
0001001000010010
0000100101001100
1111010000001010
1110101100000010
1110100101101010
1101111010000100
1110001000111100
1110000001100000
1110010111110110
1110100001011010
1110110111101110
1110110000010010
1111010101011110
1111101111000000
0000001100110000
0001001101100110
0010001000000100
0010011100010000
0010000101111100
0010001100010100
0010010001101000
0001110100111010
0001110111000100
0001101100011010
0000110100000101
0001001111101110
0001001011011110
0000111100100110
0000011100101100
0000000010001000
1111001111011110
0000100010010100
0001000100101010
0000001000010010
1110110110101000
1101111101110010
1101101110011010
1101110011001000
1101101001101010
1101100110001000
1101101110011010
1110001101001100
1110011010001100
1110100011101010
1110111000111110
1111001011111011
0000000111000110
0000110001101110
0001111100010010
0010010110010110
0010011100010000
0010001000001000
0010010010110010
0010011001111000
0001101001010110
0001011111111000
0001000001000110
0001011000110010
0001001100111100
0000111100011000
0000000011100100
1111011000111100
1111010100011110
0000110100011110
0001001010110010
1111110010100110
1110010100110110
1110010010101000
1110001000100110
1110001001101100
1110000100001001
1101111011001100
1101110110101110
1110001000100110
1110001101000010
1110110111011110
1110101111101010
1111010111110100
1111101110001010
0000011001101010
0001100101100100
0010001101110000
0010011100010000
0010001101110000
0010010100011100
0010010110101010
0001101111100101
0001100111110010
0001100111110010
0001110100000100
0001010100110011
0001010000010110
0000111000111010
0000001000111100
1111001010001010
0000101001001100
0000110111111110
1111110100011001
1110010100010100
1110001100111100
1110001101111110
1110011110111000
1110001111000010
1110000000010000
1110000100011110
1110100101001110
1110011001100110
1110110001111000
1110111111100110
1111001111011100
1111101110000100
0000011000010010
0001010011011010
0010001001010000
0010011100010000
0010001011010110
0010010010110000
0010010010110000
0010000000110100
0001100110011010
0001101010101000
0001110110010000
0001011010110010
0001010101100000
0000101010001110
0000001101101110
1111010001110101
0000011111101010
0000011110101000
1111111001010000
1110111101000010
1110011000101100
1110011001110000
1110011110111100
1101111010100110
1101110101011010
1110100011000110
1110101010010110
1110100110001100
1110010000011011
1110011100110110
1110111100000000
1111011001000100
1111111110011100
0001000010111110
0001101110100100
0010011100010000
0010000011010110
0010001001100100
0010001101101110
0010001001100100
0001111011000010
0001111110001010
0010000111100000
0001111010000000
0001101001011000
0001001110011000
0000001111000100
1111011001001110
0000100010001110
0000110101100110
1111111001001010
1110011000001110
1110011101111010
1110001111000110
1110001101111100
1110001100110100
1110000011101100
1110011011101000
1110010010100000
1110010011101010
1110010100110010
1110101101111000
1110110000001010
1110101010011110
1111011011100000
0000011101101010
0001110111110000
0010011100010000
0010000110100110
0001101111110010
0010000100010100
0010000000111000
0001111011001100
0001011011010000
0001011111110100
0000101111111010
0001000101100100
0001000101100100
0000110101100110
0000101101011000
0010011100010000
0010011100010000
0001011111110010
1111100110110100
1110111110011110
1110001100000100
1110001100000100
1110110100011010
1110101010010100
1111001000100100
1111001000100100
1110100000001110
1110100000001110
1111011100101110
1111100110110100
1111111010111110
0001001011100110
0001011111110010
0001010101101100
0001000001100010
0001101001110110
0001010101101100
0000110111011100
0000001111001000
0000000101000010
0001000001100010
1111111010111110
0000000101000010
0001001011100110
0000101101011000
0000001111001000
1111000101111110
0000010110010100
0001000010111110
0000101000001100
1110011001010100
1110010000011011
1110000111011110
1101111110100010
1101111110100010
1110000111011110
1110011001010100
1110010000011011
1110101011001101
1110101011001101
1111000101111110
1111111011100010
0000110001000110
0001111000100010
0010000001011110
0010001010011010
0010001010011010
0010001010011010
0010011100010000
0010000001011110
0001100110101100
0001101111100101
0000111010000010
0000010110010100
0000011111010000
0000101000001100
1111110010100110
1111010111110100
1111010011100110
0000011011111110
0000011111010000
1111111011000100
1110101111011010
1110001110100000
1110011110111110
1110011000011000
1110010001110100
1110000001010110
1110001011001111
1110111001010010
1110111001010010
1110011011101010
1111001101000000
1111010110111000
1111111011000100
0000010010000110
0001011101110000
0010010010011000
0010011100010000
0010001011110100
0010011100010000
0010011000111110
0010001111000110
0010000001111100
0010000101001110
0010010010011000
0001111011010110
0001110001100000
0001001101010100
0000011000101010
1101100011110000
1101100011110000
1101100011110000
1101100011110000
1101101000111110
1101101000001000
1101101010111000
1101111011100100
1101111111101100
1101111110010100
1110000001111000
0001000010101100
0010001110110110
0001101010001000
0001100001111010
0001011101110100
0001010011011010
0001001100110100
0000100000001100
1111101011100110
1111000001001010
1110111000011000
1110111000000110
1110101110010000
1110100000110100
1110011100001010
1110011001001010
1110001100000001
1101110011111010
1101101101000100
1101101110001010
1101100011110000
1101100011110000
1101100011110000
1101100011110000
1101100011110000
1101100011110000
1101101010001000
1101101010110000
1101101110001100
1111001000001100
0001000010100100
1111010110000010
1110011111110111
0000110001100110
0001111001000100
0001101100111001
0001101010111010
0001101100000111
0001100110110110
0001101011010110
0010001000010100
0010000001001010
1111001110000110
1111101100110010
1110110010100010
1110101001101010
1111000110110010
1111000001111100
1110010001011000
1110000101011000
1101110110111010
1101110100100100
1110000110110010
1101100011110000
1101100011110000
1101100011110000
1101100011110000
1101100011110000
1101100011110000
1101110100011010
1101101111001100
1101111100110000
1111000100000110
1111110001011010
1111111111011110
1111110110101000
1110011111111010
1110111001101100
1110111011010000
1110111111001010
1110110001111000
1110100010111000
1110100110000000
1110110111100000
1110111100100000
1110010000110000
1110010111101000
1101111110010100
1110000101100110
1110000110101000
1110001110111110
1101111101110010
1101110011011000
1110010100101100
1110010001100100
1111010101010011
1101100011110000
1101100011110000
1101100011110000
1101100011110000
1101100011110000
1101100011110000
1110110100000110
1101101100101100
0010011100010000
0010011100010000
0010011100010000
0001101111100101
0010011100010000
0010011100010000
0001000111011100
1101110001001010
1101100011110000
1101100011110000
1101100011110000
1101111010000100
1110100110101110
1111100000110000
1111101001101100
1110100010010000
1110101111101010
1110000011000000
1101110101100110
1110100010010000
1110001011111100
1110100010010000
1110000011000000
0000010110010100
0001100110101100
1101100011110000
1101100011110000
1110000100111110
1110000100111110
1110000101011100
1110001110100010
1110010001001100
1110010011110110
1110010110110110
1110010101111000
1110000011111111
1110001010100010
0001001010110110
0001001010110110
0001001011001000
0001001111010100
0001001010000110
0001010101110010
0001011001110100
0001011101011010
0001101011010010
0001111011010110
1111011100100110
1110101101010010
1110010011000111
1111100010111110
0001100101011100
0001111000001000
0001101010100110
0010011100010000
1110010110101110
1111111000011110
1111111011110100
0000000100001100
0000001111000001
0000101001110010
0001101011110010
0010010110011010
0010011100010000
0010000100000010
0010010101100100
0010000011001100
0001100000000110
0001111111110110
0001101111001000
0001100111101000
0001010110111010
0001001101101110
0001100101000110
0001011000100100
0001000100100010
0001010001111000
0001000000010110
0000111010100000
0000111110101010
0000110110010100
0000101101111110
0001001100111000
0000101110110010
0000101111101000
0000011001111010
0000000101000000
1110101011010010
1111101000100110
0000010000100110
0000010000100110
0000001110111010
0000110011100010
0000110111110010
0001010000011110
0010001100111100
0010000100011010
0010011100010000
0010010110010010
0001101100100100
0001101110010010
0001011000111110
0001100100000100
0001011111110010
0001010010001010
0001011011100010
0001100011001100
0001010011000010
0000110001110011
0000110011100010
0001000101011010
0000101011000000
0000110101001110
0000110011100010
0000011100100010
0000001100010110
0000011111111100
0000011001001000
1110111101001010
1111001100010010
0000001010100011
1111100000010100
0000000010001000
1111110111100100
0000001000011100
0000010111001110
0001000101101100
0001101110110110
0010000010111010
0010001001010000
0010011100010000
0001110100001000
0001110011000100
0001101111111001
0010010011110100
0001011100111010
0001011001110000
0000111110010010
0001000000011010
0000111100001100
0000110100110010
0000010100000011
0000100010110110
0000101111100000
0000111101001110
0001001101000100
0001001101000100
0000001011100111
0000111110010010
0000100111000100
0000010000111010
0001001110111000
1101100011110000
1101100011110000
0010011100010000
1101100011110000
1101100011110000
0001111101000000
1111010001001000
1101100011110000
1110100011110011
1111000111101011
1111101110000100
0000000000000000
1110110000100110
1110110011001010
1111111101011100
0001001100110110
0000010001111100
1111110011001100
0001001010010010
0001001111011010
1111111000010100
0001000101001010
0000101110000110
1111101000111100
1111010001111010
0000001100110100
0000110011001110
0000101000111110
1111110000101000
1111110000101000
0000010111000100
0000101011100010
0000110101110010
0001111101100000
0010011100010000
0010011001101100
0010001111011100
0010000111110000
0001101001000010
0000110101110010