1110011001010110
1111101110110000
0000000101011100
0000100110001010
0001101010010010
0001101100000110
0001010100011110
0000101011100110
0000100111000100
0000110100101100
0001011010110110
0010011100010000
0010010100000100
0001110111111010
0001010111001110
0001001111000010
0001010010101010
0001110011010111
0001110011010111
0001110100010010
0001011001000010
0001001001100110
0001000101111100
0001110000101010
0010001011111010
0010001001001100
0001010111001110
0001000101000010
0000100011011100
0000010100111010
1111110010011000
1110111100110010
1110011101000110
1111100100100100
1111111000100010
0000011111100110
0001011111100110
0001100110001110
0001100101011010
0000100111111010
0000101001100100
0000100110001110
0001100110001110
0010011001110000
0010011100010000
0001101001100100
0001001100011110
0001000101110100
0001001110001000
0001101011001110
0001110100010110
0001110000001100
0001010101100101
0001010000101000
0001010110011100
0001110011100001
0010010001011100
0010001100011110
0001101010011000
0001010011111100
0000101010011000
0000010101100110
1111101100111000
1111011001110010
1110011001111110
1111011100111100
1111110001101010
0000011111110111
0001001101010100
0001011011101100
0001011110111000
0000100111000100
0000011101100000
0000100111111000
0001101000011100
0010010001111000
0010011100010000
0001010110111010
0000111010001100
0001000000100100
0000111100100110
0001010011101110
0001101010000010
0001100001001111
0001000010001010
0000101111110110
0000111111110010
0001011100011110
0010000110101110
0001111000011000
0001011110000100
0000111110001100
0000101111000010
0000011011111010
1111011111010100
1111010110100010
1110011010101011
1111011101101100
1111110010101100
0000100000101110
0001001011100000
0001100111110000
0001100100100010
0000011001011100
0000101100110100
0000101111010000
0001110011000100
0010011010101000
0010011100010000
0001001101111100
0000111100111110
0001000001000000
0001001101111100
0001101001011000
0001101111000010
0001110000101010
0001001001111000
0000111000001000
0000111101110001
0001011110000100
0010000011001110
0010001001101100
0001100101010101
0001001101111100
0000110100111010
0000001010111010
1111011001101010
1110111101011000
1110010111011010
1111011100110110
1111101001100100
0000011010101100
0001001010000110
0001101110100010
0001011011000010
0000100110100010
0000110100000101
0001000110101110
0001111100000100
0010011100010000
0010000111000100
0001001010111100
0000111111111100
0000110010011000
0001000101111000
0001100111110000
0001111001100010
0001100111110000
0000110101110010
0000110000101100
0000111000010100
0001010011011010
0010001001101000
0010001101110110
0001110101010010
0001010001101110
0000111000010100
1111111011010110
1111001100110000
1110111000011100
1110100011011111
1111100011001100
1111101001010100
0000101000001010
0001011000001010
0001110101110110
0001101000110000
0000100110011010
0000101001000010
0001001101101100
0010001111001010
0010011100010000
0010001100100010
0001001001010100
0000110011100000
0000011110100100
0000111101000110
0001101100010000
0001110101110110
0001010110011010
0000110101010000
0000011011000100
0000010100000011
0000101111001000
0001110000100110
0001111001010110
0001101111101110
0001011011101010
0000110110001000
0000000001110000
1111101110100010
1111001001000000
1110100110101010
1111110011100010
1111101011100010
0000100100011100
0001011000010110
0001100010010110
0001010100011000
0001001010011000
0000110110011010
0001100000010110
0010010010010010
0010011100010000
0010000001010010
0000111011011010
0000011010011110
1111111000100000
0000110111011010
0001101100010100
0001111101010100
0001100001010110
0000100101011100
0000010010011110
0000010010011110
0000000011100000
0000101100011100
0001000001011010
0001001010011000
0001011101010110
0001010010011000
0000111100011010
0000101011011100
1111101001100010
1110011010011100
1111110000011000
1111011000111100
0000100111000100
0001100101100100
0001111101000000
0001010101111100
0000010111011100
0000001111101000
1111011000111100
0001000110010100
0010010100011100
0010011100010000
0001011101110000
0000101110111000
0000100111000100
0000000111110100
0001011101110000
0001011101110000
0001100101100100
0000011111010000
0000011111010000
0000010111011100
0001001110001000
0001101101011000
0001100101100100
0000011111010000
0000001111101000
0000001111101000
1111011000111100
1111001001010100
1110100010010000
1110110111000110
1111111100100010
0000001010011010
0000001010011010
0001101011101000
0001101011101000
0001010110110100
0000101101001000
0000011000010011
0000100110001100
0000111011000010
0010011100010000
0010010101010100
0001100100101100
0001001111111000
0001001000111010
0001000001111110
0001011101110000
0001001111111000
0001011101110000
0000111011000010
0000111011000010
0000101101001000
0001011101110000
0010001110011000
0010010101010100
0001001111111000
0001010110110100
0000000011011110
0000011111010000
0000010001011000
1110000110011110
1110011110010110
1111011100001100
1111100101111110
0000000011010000
0001001010111000
0001110001111100
0001100001101010
0000100000100100
0000101010010100
0000101101100100
0010000101011110
0010011100010000
0010001011111110
0000110000110100
0000110000110100
0000100111000100
0000101101100100
0001011110011010
0001110101001100
0001101000001010
0000110100000101
0000011101010100
0000010011100010
0000110000110100
0010001000101110
0010011001000000
0001111110111100
0001010001011000
0000110100000101
1111110010111110
1111011111011100
1111010101101100
1101100011110000
1101100011110000
1101100011110000
1101100011110000
1101100011110000
1101100011110000
1101100011110000
1101100011110000
1101100111001000
1101100110110110
1110010011000100
0000111011100010
0001100100100000
0010000011001100
0010010110000100
0010010010001000
0010001101101000
0010000001001110
0001100010111110
0001010101101110
0000101101111000
1111000111110110
1110010000000111
1101110000010010
1101101001010000
1101100111001000
1101100110001010
1101100110101110
1101100110011100
1101100101101110
1101100111001000
1101100110110110
1101100111101100
1101100011110000
1101100011110000
1101100011110000
1101100011110000
1101100011110000
1101100011110000
1101100011110000
1101100011110000
1101100101001000
1101100101000100
1101111111010100
0000001101000110
0001001011101010
0001110111101100
0010001100011000
0010001111010000
0010010111001010
0010000011001110
0001011000111000
0001000001000000
0000000001110000
1110100110011010
1101110101001000
1101101011011110
1101101010110100
1101101000011110
1101101000011010
1101100111101010
1101100111101000
1101100111101010
1101101000001010
1101101000001010
1101101000100110
1101100011110000
1101100011110000
1101100011110000
1101100011110000
1101100011110000
1101100011110000
1101100011110000
1101100011110000
1101110000010000
1101101100000100
1110010001000100
1110011110100000
1110101001001000
1110101001001000
1110110000101000
1110101001110000
1110101001110000
1110101011101000
1110110110111000
1110101110110000
1110011100100000
1110010110010000
1110001001010000
1111010111011000
0000010001001010
0000011111000111
1111111011101100
1111100000000110
1111011110000000
0000001000001100
1111111100110000
0000011001111010
1111111011101100
1101100011110000
1101100011110000
1101100011110000
1101100011110000
1101100011110000
1101100011110000
1101100011110000
1101100011110000
1101111010000100
0010011100010000
0010011100010000
0010011100010000
0010011100010000
1101100011110000
1101100011110000
1101100011110000
1101100011110000
1101101000001110
1101110101100110
1111101110001010
0001100110101100
0010011100010000
0010011100010000
0001111101000000
1110011101110010
1110011101110010
1110000111011110
1101111110100010
1101111110100010
1101101100101100
1101110001001010
1101100011110000
1110111101000010
0010011100010000
0010011100010000
0010011100010000
0010011100010000
0010011100010000
0010011100010000
0010011100010000
0010011100010000
0010011100010000
0010011100010000
1110100100011000
1110101011110000
1110110100000010
1110110101000110
1110110110010110
1111000000110100
1111001000000100
1111000100110110
1111000011010110
1111000110010110
0000000100001010
1110111010001010
1101111011010110
1111010110010000
0000100111100000
0001000001011100
0001011110001010
0010011100010000
1111101110101000
1111111000110110
0000001111010100
0010011100010000
0001111001100010
0000111100010000
0001010000101100
0001001110101000
0001000000010110
0000111000001010
0000111110010010
0001000100011100
0000101111111111
0000010101011100
0000101111111111
0000100001101100
0000011011100100
0000100101110010
0000001101010010
0000000111001010
0001010110110100
0000000011000100
0000100001101100
0000101101111110
0000000101000101
0000100001101100
0000010001011000
0000100011110000
0000011011100100
0001000100011100
1111111110111110
1111001101111110
0000010111011110
0000100110000100
0000100110000100
0010011100010000
0010000000101110
0001110101011000
0000100110000100
0001101010000100
0001101101010010
0000111011000110
0001011000010000
0001100110110100
0001011110101110
0000100100011100
0001101000011100
0000110011000000
0000111100101110
0000110100101000
0000011100010110
0001000110011100
0001001011010010
0001011011011110
0001001001101100
0000111111111110
0000010010101000
0000011010101110
0001000100110100
0000111011000110
0000111011000110
0000010101110110
0000010010101000
1111110011110111
0000011101000010
0000101001011110
0001011001111000
0001100111101101
0001010010111110
0010010101010110
0010011000000110
0010000000100110
0001111000010100
0010011100010000
0010000001111110
0001101110101000
0001111000010100
0010000100110000
0001101011110110
0001000101001000
0000100110101110
0000011101000010
0000000110111010
0000000010110000
0000001001101100
0000101100010000
0001000110100010
0001011011010000
0001000010011000
0000100011111100
0000100110101110
1111110011100100
1111100111001000
1111110100111100
1111100111001000
1111000011001010
1101100100011110
0010011100010000
1101100011110000
1101100011110000
1101100011110000
1101100011110000
1101100011110000
1101100011110000
1101100011110000
1110000111011110
1110011001010100
1111000000000000
1111111000100100
1111011010110100
0000100010001110
0000110100000101
1111111000100100
0000011111010000
0000111101000000
0001001000111010
0000111101000000
0000101110001000
0001100000101110
0001101111100101
0001110010100110
0001111000100010
0000110001000110
0001010111110100
0001101100101000
0001111000100010
0000110111000100
0001000010111110
0001010111110100
0001010100110011
0001101111100101
0010011100010000
0001110101100100
0001001011111010
0001100011101100
0001010100110011
0000110111000100