1110101000100110
0000000001110000
1111111000000100
0000000111000011
0001001110100100
0001110100100010
0010000000111000
0001101000001010
0000110110101110
0000010011011010
0000001011011110
0000001110000111
0000011101001000
0000101100001000
0001001110100100
0001100001000101
0010011100010000
0010011011011000
0001111001110100
0001101010110100
0001101100100101
0001110011101010
0001101001111100
0010000100011010
0001111111001000
0001100101100010
0001001111011100
0000110011001100
0000110011001100
0000111011001010
0001001000011000
0001011010000010
1110111101101010
1111100111110000
0000010011111110
0000010011010000
0000101010000101
0001110101101110
0001110001011100
0001110010001010
0000111111100000
0000101111110100
0000110011011000
0000110010101010
0000111101010110
0001001101110010
0001110110011100
0010000011010010
0010011100010000
0001110000101110
0001011110001100
0001010001010101
0001011000011110
0001100001000010
0001111100110110
0001111110010010
0001110101000000
0001100100100110
0001000101111010
0000110110001101
0001000000001110
0001001111001100
0001001000000100
0001001111001100
1111000110001100
1111110010111101
0000100100111010
0000011100101110
0000110100100110
0010000011101000
0010001100100110
0010011100010000
0001011000011000
0001000011100000
0001010010011010
0001001100011100
0001010111101000
0001100101110100
0010010011010100
0010010001110100
0010010111110010
0001110011001110
0001100011100100
0001100010000100
0001011111110101
0001111100111100
0010000101001000
0010001110110100
0001110011111110
0001110011001110
0001010011111010
0001001000101110
0001001101001100
0001011100110101
0001011101100110
0001011100000110
1110111101101010
1111100100000000
0000011110001101
0000100011011000
0000111110101010
0001110110101010
0010010101101000
0010011100010000
0001010101100000
0000111011101100
0000111000110000
0001001111100110
0001101011100110
0001101100010110
0010000101011010
0010000101011010
0001110110101010
0001011000011011
0001001000001110
0001001011111010
0001001110001000
0001100100111110
0010001100110010
0010010001001100
0001110111011010
0001001110001000
0001000101010010
0000111101001100
0000111111011000
0001000101010010
0001010011010010
0001011111110100
1111000110011100
1111101101111010
0000101110011000
0000110001000000
0001010001111010
0010010111000000
0010000110100010
0010010011101100
0001011111000100
0001001110101000
0001001100101010
0001100001000010
0010000011111010
0010001110011100
0010011100010000
0001111110101010
0001100010010110
0001000110101110
0000110100111110
0000110110010010
0001000100110000
0001100001000010
0001111110101010
0010010101101010
0010000111110110
0001101001100110
0001001010000000
0000111110110110
0000110110010010
0001001010000000
0001010101110110
0001011001110100
1111001110001000
0000001001100110
0000111111000110
0001001001000000
0001111111110110
0010011100010000
0010011100010000
0001101000101110
0001000011101110
0000111101110001
0001000111000010
0001100100110000
0001101111010100
0010010001101100
0010000110011100
0001010011100100
0001000001000100
0000101111010000
0000100010000010
0000011000110010
0000011010110000
0001001001101010
0001101010000010
0001110000101010
0001101010101100
0001001010010100
0000111001110100
0000100100000000
0000011110000011
0000100101010110
0000110000100100
0000110101001100
1111101010101100
0001111100010010
0001111000110000
0010011001100110
0010000101001010
0010010001100110
0001111000110000
0001010111111000
0001000010100110
0001000001101100
0000110001101110
0001101001101010
0010000010100000
0010010110111100
0010011100010000
0001111000110000
0000111110001010
0000001110001110
1111101011100110
1111100111001010
0000010100011010
0001000011011110
0001001100010110
0001111011011001
0010001010100000
0001010110001000
0000010100011010
0000000101010100
1111100100011110
0000000000000000
0000000110001110
0000000011100100
0000000101000010
0001101001110110
0001011111110010
0001011111110010
0010001000000110
0010011100010000
0001111110000000
0001110011111100
0001010101101100
0000100011010010
1111001000100100
1111010010101000
1111111010111110
1111110000111000
0001011111110010
0001010101101100
0001011111110010
0010001000000110
0001101001110110
0000100011010010
0001001011100110
0001010101101100
0000100011010010
0001001011100110
0001101001110110
0001001011100110
0001001011100110
0000101101011000
1111010010101000
1111010010101000
0000001111001000
0000100011010010
1110010101000110
1110100101100010
1110010101000110
1111001110101010
0001001010000000
0001100010101100
0001110011001000
0001000001110010
1111100111010110
1111100111010110
1111000110011100
1110110110000000
1111101111100100
1111100111010110
0000100000111010
0000110001010110
0010011100010000
0010011100010000
0000111001100100
0001001010000000
0001011010011110
0001011010011110
0000101001001000
0001100010101100
0001101010111010
0001000001110010
0000110001010110
0000010000011100
0000110001010110
0000010000011100
0000111001100100
0001010010010000
1110111010111110
1111101101110110
0000100111111110
0000110110100000
0001001111111100
0010011100010000
0010011000101000
0001100101110000
0001000001011010
0000111101110001
0001000101000010
0001011110011110
0001110000101010
0010001101101110
0001110100010010
0001011010110110
0000111101110001
0000111010001000
0000100111111110
0000100100010110
0000101111010000
0001001100010100
0001110111111010
0001110111111010
0001100101110000
0001001000101100
0000111010001000
0000101111010000
0000011101000100
0000110110100000
0000111101110001
0001001000101100
1101100011110000
1101100011110000
1101100011110000
1101100011110000
1101100011110000
1101100011110000
1101100011110000
1101100011110000
1101101000001110
1101101001110100
1101110000001100
1111110110110000
0000100111001110
0001000110110010
0001010101000111
0001100000111011
0001011010111000
0001100001111010
0001110010110010
0001111001001100
0010010000001000
0000000110000100
1110000000001000
1101101110010010
1101101101111110
1101101011101110
1101101011000110
1101101001001010
1101101101000000
1101101011011010
1101101000110110
1101101011101110
1101101010001000
1101100011110000
1101100011110000
1101100011110000
1101100011110000
1101100011110000
1101100011110000
1101100011110000
1101100011110000
1101100111100110
1101101000100110
1101101110101110
1111110101010000
0000111010111010
0001101011011100
0010000010001100
0010010011111100
0010001111010010
0010001111100010
0001111100010101
0000111100110000
0000000110100001
1110101000110000
1101111111100010
1110001111010000
1110010111001000
1110001001001000
1110001001011010
1110000110001110
1110000110000010
1110001101010110
1110001100110010
1101111101010110
1101110100001100
1101100011110000
1101100011110000
1101100011110000
1101100011110000
1101100011110000
1101100011110000
1101100011110000
1101100011110000
1101101010000000
1101110010010100
1101110111100010
1110101111010000
1110101100001000
1110101100001000
1110101101001100
1110010110001100
1110010010001010
1110010011000100
1110100000011100
1110100101011000
1110010001101110
1110001011000010
0001011011101010
0010011100010000
0010011100010000
0010011100010000
0010011100010000
0010011100010000
0010011100010000
0010011100010000
0010011100010000
0010011100010000
0001011100101011
1101100011110000
1101100011110000
1101100011110000
1101100011110000
1101100011110000
1101100011110000
1101100011110000
1101100011110000
1111110111000100
1110011001010100
0010011100010000
0010011100010000
0010011100010000
1111010111110100
1101100011110000
1101100011110000
1101100011110000
1101100011110000
1101111010000100
1111011100010010
0010011100010000
0010011100010000
0010011100010000
1111110010100110
1101111110100010
1110000111011110
1110001011111100
1101110101100110
1101110101100110
1110000011000000
1101111010000100
1111100101001110
1111111011100010
0010011100010000
0010011100010000
0010011100010000
0010011100010000
0010011100010000
0010011100010000
0010011100010000
0010011100010000
0010011100010000
0010011100010000
0000011100000101
0000010000000100
0000001011010010
0000001001011010
0000000101110110
0000000001011111
1111110110111110
1111100111111100
1111011010011000
1110111011011000
1110101110110000
1111010111100101
1101101110100010
1110110010101000
0000100100110010
1111010110000110
0001100000001100
0010011100010000
0000010011110100
1111100111110010
0000000000000000
0001110110110110
0000111011011010
0000010001100110
0001001000101000
0010011100010000
0001000100001110
0001111111101001
0001110110110110
0001001111001110
0001001000101000
0001010001011100
0000111001001110
0000101001110100
0001000110011100
0001010011101000
0000100111101000
0000101100000000
0000100111101000
0000010011110100
0000101110001110
0000101001110100
0000101100000000
0000111111110100
0000101100000000
0000100101011010
0000010011110100
0000010001100110
0000110000011010
1110010110011000
0000000000000000
0000000000000000
0000100111100100
0001001101001000
0000101111011110
0000101101100000
0001010011000100
0010011100010000
0001100000111010
0000111011010110
0000101011100000
0001001101001000
0001101000110011
0001011001000000
0001101000110011
0001010101000100
0001000011010000
1111111100000010
0000001111110100
0000111001010110
0000001111110100
0000100101100110
0000100111100100
0000111001010110
0000011111101010
0001010011000100
0001011110111100
0001010011000100
1111011100011010
0000001011111000
1111110000001100
1111001010100110
1111101101101010
1111100100111100
0000001011010110
0000111010100000
0000111100001110
0001000001011110
0001010100101001
0010011010100000
0001110101110110
0001001011111100
0001010100101001
0010011100010000
0010000101100100
0001100000111010
0001110101110110
0001110100000110
0001110000100110
0001101011011000
0000110001110000
0000101001000010
1111111011101000
1111010001110000
0000010101110100
0000101100100001
0000101100100001
0001001011111100
0001110111100110
0001111110100100
0000101110010000
0001001011111100
0000001011010110
1111011111101100
1101100101100100
0010011100010000
1101100011110000
1101100011110000
1101100011110000
1101100011110000
1101100011110000
1101100011110000
1101100011110000
1110001100101100
1101111010000100
1110101000100100
1110101000100100
1110101010011100
1110111110111010
1111001000001100
1111010101001110
1111011100101010
1111101111010000
1111110001001000
1111111110001000
1111101111010000
1111101001101100
1111111110001000
0000011000001100
1111110100110110
1111111010011010
0000001110111000
1111111010011010
0000001001010100
0000011000001100
0000000111011100
0000010110010100
0000101100101010
0000110010001110
0000111101011000
0001010111011100
0010010110101010
0010011100010000
0001011110111000
0000111001101010