1111000000001000
1111010110110000
1111101100111010
0000111001010010
0001101100101010
0010001101001010
0010011100010000
0010000111000010
0001100001110100
0000011001101100
1110101101110000
1110011000100010
1110010011110100
1110001111100110
1110010101010000
1110001010011010
1110001010011010
1101110111000100
1110110110010000
1111101111010010
0000000001001100
1111101000101010
1111100010100010
1111101010100100
1111111111110000
0000101011100110
0001000100000110
0000110101111110
0000110100100011
0000101001101110
0000001001001100
0000001011000100
1110101110111111
1111000001110001
1111101110100000
0000111010110110
0001111100010010
0010010011001110
0010011100010000
0010010010000110
0010000000000010
0001100001100110
1111101011001000
1111011011010110
1111010100111100
1111000101100011
1111001110111100
1111001011111011
1110111011011000
1111001110001101
0000001110000110
0001001000000000
0000111000111110
0000001101101110
1111110110000010
1111111010111100
0000001011110110
0001000000001000
0001010001000001
0000001001111110
0000001010101110
0000000100010100
0000001011110110
0000000001101100
1110101010000010
1111001000010110
1111101010010000
0000110000100010
0001111100001010
0010010000001000
0010010100011010
0010011100010000
0010010001100100
0001101110100110
0000000101000000
1111110010000110
1111010011000100
1111001101101100
1111010001010010
1111010001010010
1111011010001100
0000000000101110
0000011100001100
0000101010000101
0000001101111010
1111010101111011
1111010100001000
1111110011100000
0000101001110000
0000111011100100
0000101010011100
1111111101001010
0000000011001110
0000010000011010
0000100101110100
0000010010100100
1110101000000110
1111010101001010
1111110011000100
0000101110100010
0010001001000010
0010011010011010
0010011100010000
0001111110101100
0001111111011100
0001100111110100
0000101000101000
1111111100101100
1111110101010010
1111010001110101
1111011011110100
1111100111010000
0000010110001010
0000101110111010
0000000101100010
1111011010010100
1111001010000100
1111001000001110
1111011111111000
1111111111010001
0000110101001100
0000100000001000
0000001110011010
0000100011110110
0000000011101100
0000101010001000
0000101111010010
0000010101011100
1110100101101100
1111010110110110
1111110001100010
0000110110001000
0001111101110000
0010011100010000
0010000100101000
0001010001001011
0010000011011110
0010010000000100
0001101101011000
0000011111101000
0000000011000100
0000000100001100
0000000101101110
0000010011110100
1111011011110010
1111000001111000
1110101001100000
1110100000101110
1110101000101110
1110100110000100
1110110101010100
1111000110011110
1111111011011100
0000000110011110
1111010000110000
1110101001001000
1110010000101110
1110100111001110
1111001110011110
1111001111100110
1111010111100101
0000010001011110
0000011001001000
0001110000011010
0010011011110100
0010011100010000
0001110000011010
0001001100101000
0001011001011010
0010000011001000
0001111110111000
0001001010111100
0001010010001010
0001100100011110
0001100010010110
0000110010010000
1111001011001110
1110111100101110
1110100011101001
1110010101001000
1110110000011000
1110101110101100
1111000000001000
1110111100101110
1111001111000010
1110111010001100
1110001101111010
1101101100010000
1101100100100110
1111000000100100
1111111111100100
0000001011100000
1111010100010110
0000010100110110
0000001100011010
0000110010000110
0010011011010000
0010010100110100
0000111001000010
0000011000110100
0001001111011000
0010001000111010
0010011100010000
0001111010000010
0010001101111000
0010000010111100
0000111111100000
1111100100101110
1111000010100000
1110101010001100
1110100111001110
1110010000111000
1110101101001010
1111010100110110
1111100100001110
1111001101011011
1110101000101100
1110101110101011
1110000110111110
1101110011101000
1110000001100000
1101111111000010
1110001110011010
1111110010100110
0000000101011000
0000100101101110
0000000101011000
1111111010101000
0000110000100000
0010000110101100
0010000110101100
0001000110000010
0000111011010010
0000000101011000
1111000100101110
1111100101000100
1111101111110110
1111101111110110
1111001111100000
1111000100101110
1110111001111110
1101111001010100
0000000101011000
0000111011010010
0010000110101100
0001111011111100
0001000110000010
0001000110000010
0001000110000010
0010000110101100
0010011100010000
0010011100010000
0010000110101100
0001011011100110
0000110000100000
0000100101101110
1111101100111100
0000001011011100
0000100010010100
0001010111101010
0001111101110000
0010010100101000
0010011100010000
0010011100010000
0001101110100010
0000000011110100
1111001110011110
1111001110011110
1110110111100110
1111001110011110
1111001110011110
1111101100111100
1111110100100100
1110100000101110
1111101100111100
1111110100100100
1111110100100100
0000010011000100
0000010011000100
0000101001111010
0000010011000100
0000100010010100
0001010000000010
0001001000011010
0000100010010100
0000101001111010
0000010011000100
0000010011000100
1110100000101000
1111001101010010
1111100101101000
0000001110001110
0001110111101110
0010011100010000
0010010000000100
0001110011101010
0010011100010000
0010001100000010
0001010011001100
0000001110001110
1111101101110000
1111110101110110
1111100101101000
0000111110111010
0001010011001100
0000101010101000
1111011001011100
1110111000111110
1111011001011100
1110110100111010
1111011001011100
0000100010100000
0000000110000110
1111100001100100
0000100110100100
0000001010001010
1111101101110000
0000000010000010
1111111001111010
1111101101110000
1101100011110000
1101100011110000
1101100011110000
1101100011110000
1101100011110000
1101100011110000
1101100111010100
1101100110100010
1101101000100100
1101110100111100
1110010000001110
1111011100001000
0001010010100000
0001111110001100
0010010000101000
0001111011100011
0001110001110100
0001101000000001
0000101101011110
1111011110000000
1110110000111010
1110010010000100
1110001011011010
1101111011111010
1101110001001110
1101110000110000
1101110100101000
1101101001001100
1101101001000010
1101100011110000
1101100011110000
1101100011110000
1101100011110000
1101100011110000
1101100011110000
1101100011110000
1101100011110000
1101100011110000
1101100011110000
1101100101110110
1101100101101010
1101101000010000
1101101011100000
1101111011111000
1111000011111001
0000110001010010
0001100001100100
0001111110101010
0010000000101100
0001100011000100
0001010010111100
0000000111000010
1110110011011010
1110001100010101
1110000000011110
1101111110010110
1101110111011010
1101101101100000
1101101110100100
1101110001010010
1101101000110010
1101101000010110
1101100011110000
1101100011110000
1101100011110000
1101100011110000
1101100011110000
1101100011110000
1101100011110000
1101100011110000
1101100011110000
1101100011110000
1101110110000010
1101110010110110
1110000100100100
1110010111010100
1110010001100100
1110001001000000
1110010000001010
1110010010110110
1110001111101110
1110010101100000
1110010011010010
1101111100100000
1101111010100000
1101101110111010
1101110101100110
1101111110000100
1101110010010100
1110000011000000
1110000110001000
1110001100011000
1110001100011000
1110001010010010
1110000011000000
1101100011110000
1101100011110000
1101100011110000
1101100011110000
1101100011110000
1101100011110000
1101100011110000
1101100011110000
1101100011110000
1101100011110000
0000001000111100
1101101000001110
1110110100000110
0000011010110010
0001010000010110
1111110111000100
1110100010010000
1110000011000000
1101100011110000
1101110001001010
1110000011000000
1110011101110010
1110011001010100
1110100110101110
1110000111011110
1101110101100110
1110000011000000
1111000101111110
1110010100110110
1101100011110000
1110000111011110
1110000011000000
1111000101111110
1101100011110000
1101100011110000
1101100011110000
1101100011110000
0010011100010000
0010011100010000
0010011100010000
0010011100010000
0010011100010000
0010011100010000
0010011100010000
0010011100010000
0010011100010000
0010011100010000
0001110110000100
0001110010100000
0001101100110110
0001101010000110
0001100011001100
0001011110000010
0001011101101110
0001011010111100
0001001100011110
1111011101110110
0000000000000000
0001101010101000
1101111110100100
1110000001111100
1110100101011010
1110111010111100
1111100000010100
1101100111101010
0000000100101000
1111110101110110
0000001100000010
0010011100010000
0010000000100000
0000100100000100
0001100110101000
0001101100001100
0001110011100100
0001000101010110
0001111001001000
0001100100110010
0010000110000100
0001110111010010
0010000111111010
0001100110101000
0001110101011010
0000101111001010
0000110100101100
0001010010010010
0010001001110000
0001000001101010
0001000001101010
0000111111110010
0001001001000010
0001010100001000
0001011011100010
0001011101011000
0000010011011010
0000010001100100
0000001101111000
1110010001111110
0000000100100010
0000000000101010
0000101100110000
0001101010111110
0010011100010000
0000110000100111
0001100101110010
0001011010001000
0001101100010001
0001011111010100
0001100011001100
0001101001101100
0001110001011110
0010000001000010
0001101010111110
0001010110001110
0001010110001110
0000111110111000
0000111110111000
0001110000001010
0010000011101000
0001000110101010
0001010111100010
0000010111111111
0000011101001100
0000101111010110
0000101100110000
0000001110111010
1111111110000100
0000010101011010
1111110110010010
1111001000111010
0001000101010100
0000101111111110
0001000011101010
0010001001011000
0010011100010000
0000001011111010
0000000111110001
0000011110110000
1111111001110110
0000110101101110
0001100100011110
0000110010011011
0001001101100000
0001100111110000
0001011101000110
0001011111100100
0001010111010110
0000110100000101
0000100001001110
0000001110010110
0000011000001100
0000010011010010
1111100110001010
1111010010011110
1111010010011110
1111001100110000
1111010110100110
1111010110100110
1111100110001010
1111110101110000
1111010110100110
1101111111101000
1101100100010010
0010011100010000
1101100011110000
1101100011110000
1101100011110000
1110000011000000
1101100011110000
1101100011110000
1101100011110000
1111001010001010
0000000011111100
0000110101110110
0000011110001100
0000000011111100
0010011100010000
0010001001111000
0001000101100110
0000000110100100
1111010100101010
0000011000111100
0000001110011100
1111101110111100
1111101100010100
1111000010010010
1111101001101100
1111101100010100
0000000001010100
0000000001010100
1111001010001010
1111101110111100
0000000011111100
1111011100100100
1111001100110010
1111010100101010
1111010100101010
0000011011100100
0000011011100100
0000001001001100
0000001001001100
1110110010100010
1101111011011000