1110000100001010
1111111011000000
0000000000010111
0000101101111010
0000110001110010
1111000001001000
1111000100111110
1110110100000000
1110111111100100
1110001100101010
1110110000111010
1111010100011010
1111101110101000
1111001111000000
1111111011000000
1111011111001110
0000001111110100
0000100010010110
0001100111110010
0001011000010110
0010011100010000
0010010011110000
0010000001010000
0001111101011000
0010001100110100
0010010010001110
0001111101011000
0010001011010010
0001001111111000
0001100100101100
0001011010101010
0001110100001000
1101111110101100
1111101011110100
1111101101111100
0000110100110010
0000110111101000
1111001001000110
1111001001000110
1110111000000100
1111000100001000
1110011011000010
1110100110011000
1111011101101000
1111110010111000
1111011111110000
1111111001010011
1111101101001110
0000001010111110
0000100100100000
0001010001001000
0001011111010100
0010011100010000
0010001101011000
0010001001001000
0001111100011000
0010010010010110
0010001010100010
0010000001010100
0001111101000100
0001100101101100
0001100111000110
0001100111000110
0001101110111010
1101111110011100
1111100011100100
1111101101011000
0001000011000100
0000111011010110
1110101010101100
1110010111000000
1110111011100010
1110110011110100
1110110001101100
1110101101100000
1111011011001000
1111010001010100
1111101001001100
1111100000110000
0000000101111110
1111111111101010
0000100111101100
0000100110010010
0001101001101100
0001100100000100
0010011100010000
0010010111010110
0010001010101100
0010000111111000
0001110010110100
0001110000000000
0001110000000000
0001101011110010
0001010101010100
0001010110101110
0001010111011100
1110000000011000
1111011011101010
0000000011111000
0001000100000100
0000101110011010
1110111001101000
1110011010101011
1101111010001100
1110000001001010
1110011011011101
1110010111100100
1110110001111000
1111001001000110
1111011001010100
1111100000010010
1111101001100100
1111101011111000
1111111100001000
0000110110111010
0001000111111100
0010001011001110
0010010101010010
0010011100010000
0010001110010100
0010010010111110
0001111110110110
0001011101100110
0001011011010010
0001010011100010
0000111101000110
0001000010100010
0001001101010110
1101111001100000
1111001100001111
0000011010100100
0001000000110110
0000010111111100
1110111110010010
1110110000010110
1110110110011100
1110100001100100
1110000111011101
1110010100100001
1110011110000100
1110100100001010
1110111100100010
1111000110111110
1110110010000110
1110110011110110
1111110110111000
0000000000011100
0000111001111000
0001100010110100
0010011100010000
0010011011011000
0010010100011010
0010000110100000
0001010001011000
0000110010111100
0000111101011000
0000101011111110
0000010110001011
0000100101000000
0000100000101010
1101101000101010
1111000100100100
1111100100011100
0000001110000110
1111010100100000
1110011000011101
1110110000111110
1110110101110110
1110111100000000
1110111110011100
1110110111000110
1110100011011111
1110111000010100
1110101101010010
1110111010110000
1110111001100010
1111010010000010
1111100100011100
1111001001011111
0000010111111010
0000111011011100
0010011100010000
0010010110001000
0001110001010110
0000110010110110
0000100111110110
1111110011001000
0000011010010110
1111101101000000
1110010110000000
1110111111101010
1111100110111000
1101110010111010
1110111010001110
1110011101011010
1111010010100000
1110111010001110
1110110001001000
1111011010000100
1111101100010010
1110100011011111
1110110001001000
1111001101111100
1110111101010000
1110111110110010
1111001010111010
1111100001101010
1110111110110010
0000000111100110
0000100001011000
1111101111010100
0000100001011000
0001011001100000
0010011100010000
0010001011100100
0001110000010000
0001111101111010
0001010100111100
0000000011000010
0000001100001000
0000010110110000
1111011011100110
1111111001111100
1111111000011010
1110110111000110
0000011000010011
0000011111010000
0001000001111110
0001000001111110
1111100000110000
1111011001110100
1111100000110000
1111100111101101
1110101001001100
1111000100111110
1111011001110100
1111110101100110
1111110101100110
0000011111010000
0000000011011110
0000100110001100
0000101101001000
0010000000011110
0001110010100110
0010011100010000
0010010101010100
0010000111011010
0010000000011110
0010001110011000
0010000111011010
0010000111011010
0010011100010000
0001011101110000
0001111001100010
0001110010100110
0010001110011000
1110001101000010
0000010100101000
0000010100101000
0000111101111010
0000111101111010
1111101011011000
1111011001101100
1111001101111001
1111101011011000
1111001101111001
1111001000000000
1111110001010000
0000000010111100
1111111101000100
0000001110110000
1111110001010000
0000100000011100
0000110010000111
0001110010111110
0001101101000110
0010011100010000
0010010110010110
0010000100101010
0001111110110010
0010011100010000
0010011100010000
0001111110110010
0010000100101010
0001100001010010
0001101101000110
0001011011011010
0001101101000110
1101110000010000
1110111111011010
0000101011110000
0001010001010000
0000100011011010
1110101010100110
1110110010111010
1110111011010000
1110100010010000
1110011110000110
1110100110011010
1110101110110000
1110111011010000
1111001011111011
1110100110011010
1110110111000110
1111000011100110
1111010100010000
1111110001011010
0000110100000101
0001111010111010
0001110010100110
0010011100010000
0010001011100110
0010010011111010
0000111000010000
0000101111111010
0000111000010000
0000110100000101
0000010010110000
0000001010011010
0000000110010000
1101100011110000
1101100011110000
1101100011110000
1101100011110000
1101100011110000
1101100011110000
1101100011110000
1101111011000110
1101110111110000
1101111011111010
1111101001000110
0000111011100110
0001011001100110
0001111010111010
0010010110011010
0010010101100110
0001110000111010
0001000001011010
0000001100000110
1110111101110000
1110010011010001
1101111111010000
1101111001011010
1101110010110000
1101110110000110
1101100011110000
1101100011110000
1101100011110000
1101100011110000
1101100011110000
1101100011110000
1101100011110000
1101100011110000
1101100011110000
1101100011110000
1101100011110000
1101100011110000
1101100011110000
1101100011110000
1101100011110000
1101111110011100
1111100000101000
1111111011010100
1111011011110000
0000011010001100
0001101101011100
0010010010101100
0010000001000100
0001110001110010
0000111001011010
0000000010000000
1110110010101000
1110000100011110
1101110110111000
1101110001100000
1101101111010110
1101101101001010
1101101101110100
1101100011110000
1101100011110000
1101100011110000
1101100011110000
1101100011110000
1101100011110000
1101100011110000
1101100011110000
1101100011110000
1101100011110000
1101100011110000
1101100011110000
1101100011110000
1101100011110000
1101100011110000
1101111101110010
0001101100110110
0010000100010010
0000110100100110
1111101010001000
1111110110101000
1111101110010010
1111101101010000
1111110010011100
1111110001011010
1111101110010010
1110111100110100
1110101000100000
1111000100000110
1110101100101010
1110011010111100
1110010000100010
1110000011000000
1101100011110000
1101100011110000
1101100011110000
1101100011110000
1101100011110000
1101100011110000
1101100011110000
1101100011110000
1101100011110000
1101100011110000
1101100011110000
1101100011110000
1101100011110000
1101100011110000
1101100011110000
0010011100010000
0010011100010000
0001110100000100
0010011100010000
0010011100010000
1111111011100010
1101110101100110
1101111010000100
1101110001001010
1110010100110110
0001010100110011
0010011100010000
0000111010000010
1101111110100010
1101110101100110
1101101000001110
1101110101100110
1110010000011011
1101100011110000
1101100011110000
1101100011110000
1101100011110000
1101100011110000
1101100011110000
1101100011110000
1101100011110000
0001000101001000
0001000111110110
0001001000110010
0001000111110000
0001001011101000
0001001100101100
0001010010001100
0001001111001000
0001000000010110
0001001110010000
0010001111100100
0010000111111010
0010001101001010
0010010010010110
0010010010000100
0010010000000100
0010001111011010
0010010000101100
0010010001001110
0001111000011110
1110000111001010
1111000111000000
1111011001111010
1111101011001100
0000110110010111
0001100000101010
0010000110110010
0010011100010000
1110011101010110
1110010101111000
1110101101010110
1111001110011010
1111010010101010
1111100010101010
1111100001100110
1111100001100110
0000001111011110
0000011001000011
0000001000000000
0000011011001011
0000110011101110
0000111100010000
0001001011001100
0001101110011000
0010001000000000
0010010001100110
0010011100010000
0010001100010000
0001111101010100
0001111000000000
0001100010101010
0001101000000000
0001100000100010
0001011110011000
0001001011001100
0001010100110010
0000111100010000
0001010110111100
0001000010101010
0000011100001111
1110001011100100
1110100010111100
1110011100111000
1111000000011000
1110111000100110
1110110111101110
1111000110011100
1111010010100100
1111110001101110
0000001001000110
0000010010101000
0000011001100010
0001100100110110
0001010100011010
0001100010010000
0010000110100110
0010011011011000
0010011100010000
0010000100111000
0010010111000100
0010000000100100
0010001010111100
0001110000000110
0010000100000000
0001110010101100
0001111101000110
0010000100000000
0001111010100000
0001101010111010
0001101110011000
0001100100110110
0001001001001010
1111101110010100
0000010100100010
0000101000101000
1111011110000100
1111011011001110
1111100010110111
0000000011010110
1111101110010100
0000001011111100
0001100001111110
0001111111100110
0001111111100110
0010010010101100
0010010011101010
0001110010001100
0010010000110010
0010011001011000
0010011100010000
0001100101110010
0001111111100110
0001101110011000
0001111011110000
0001110001010000
0001101110011000
0001011111000110
0001101110011000
0001110000010010
0001101010100100
0001010000110000
0001011011010000
0001000001011110
0000010111011010
1111101101000010
1101100011110000
1101100011110000
0010011100010000
1110100010010000
1101100011110000
1101100011110000
1111001011111011
1101100011110000
1111011000100100
1111110101110010
1111111000101100
0000100100100000
1111111110100010
0000101101010010
0000110110000010
0000010010111110
0000101101010010
0001001010011110
0010011100010000
0010011001010110
0010000111110100
0001000100101000
0000100100100000
0000101010010110
0010000100111000
0001111111000001
0000010000000100
0000000100011000
0000100111011100
0000000100011000
0000010101111010
1111110101110010
0000101010010110
0000010000000100
0000100111011100
0000011011110000
0000000001011110
0000001101001010
1111100111001100
1110101111101100