1111000110001110
0000001110110010
0000000101100100
1111110010100110
0001001010011100
0001100000100111
0000111010101110
0000011011110000
0000100100000100
0000100111110000
0000000001110110
1111111101001110
0000011100001100
0000010001100100
0000110000000100
0000110101001010
0001001010111000
0001110110010110
0010001000110110
0010000100001110
0010000101100110
0001110101111000
0001110101011010
0010000100101100
0010001011100110
0010011100010000
0010001010001110
0001111100010101
0001110011100100
0001110011100100
0001101101100100
0001101101000110
1111000100101100
0000001001001010
1111111011001100
1111101101101100
0001011001001101
0001100100110010
0000110011001000
0000110011001000
0000101101110100
0000100010010000
1111110000100100
0000000010111001
0000010101101100
0000100111000100
0000101011111000
0001000100111110
0001001111100100
0001111100111010
0001101100100000
0010000110000100
0001100110101110
0001101101111110
0001111100011010
0001111111010100
0010011100010000
0010010100100010
0010001001011100
0001110011010000
0001101011000100
0001100001011001
0001101011100010
0001110110001010
1111000111101110
0000000100000110
1111110011101100
1111101100111010
0001011000101000
0001011110111010
0001001110111110
0001000101110010
0000110011111011
0000010010001000
0000001111101100
0000100011100000
0000100001100100
0000111111000010
0001000011011000
0001011110111010
0010010101100000
0010011100010000
0001100001110100
0001011001001000
0001100001110100
0001010110001110
0001100111001000
0010000000010000
0010001001111010
0010001101010010
0010000111000000
0001011101111100
0001010000011001
0001010110101100
0001010001111000
0001011010100100
1111000111001100
1111111110111100
1111111101011000
0000000101010000
0000100100010100
0000111100100000
0001001110111010
0001010011101010
0001001011001110
0000110110101110
0000011110000000
0000100101111000
0001000011010110
0001101011110110
0010000011100010
0010000101101000
0010001000010000
0001100101000000
0001000001110000
0001010100101100
0001010010100110
0001001001101010
0001010101001110
0001101001110000
0010001110100100
0010011100010000
0010010000001010
0001101000001010
0001100010111010
0001011011000000
0001010001000001
0001010110110100
1111110111111010
0000110110110010
0001011100100000
0001001101001110
0000110011001100
1111100100001010
1111010001010100
1111101100010000
1111110100010100
1111101110000010
1111100001011110
0000010111010110
0001011110010010
0001101101100100
0001011100100000
0001010101010100
0001000011010110
0000100011111010
0000001101011110
0001011101011010
0001110110100010
0001111010001000
0010001001011010
0010001000100000
0010010011010010
0010011100010000
0001111011000010
1111110101001110
1111101001100100
1111100101111110
1111100011010000
0000001110011000
0000001101001110
0001001111001110
0001100100001000
0000100011001110
0000011110110011
1110100001011000
1110000110111110
1110010011000100
1111000111111000
1111101011000110
1110110100000100
1110111111000110
0000001000110100
0001011101100010
0001011110101000
0000010000100000
0000001100000110
1111111101110100
1110100011100100
0000011111111010
0001111001000010
0001101111001000
0001110010011100
0010010101101010
0010011100010000
0010011011001010
0000101001110100
1110111100111000
1110100001011000
1110100001011000
1110011110000100
1110001101100100
0000111010011100
0001111111000001
0010011100010000
0000110000010010
0000010000100000
1110101101011100
1101111010101000
1111001000000110
1110101001101000
1111000011000010
1111010100110100
1110110111100110
1111100001100000
0000100011100100
0001000101111000
1110110110010100
1111101110001110
1111101100111100
1110110111100110
1110111010001000
0001010010100100
0001011100101110
0000110000010010
0000110110101000
0000111110001111
0000001111010000
1111010010010010
1110011100111010
1110011100111010
1101111110011100
1101110001101110
1110100111000100
1110111101000010
0000001011001010
0000000000000000
1111110100110110
0000111101011000
0001011001010010
0000111101011000
0000100111000100
0000001011001010
0000011011111010
0000000101100110
0000010000110000
0000011011111010
0000100001011110
0000110010001110
0000110010001110
0001011110111000
0001001110001000
0010011100010000
0010010001000110
0010000000010110
0001100100011100
0010000101111100
0001101111100101
0010010001000110
0001111010110010
0010001011100000
0001100100011100
0001110101001100
0001100100011100
0001101111100101
0001111010110010
1111001000011000
0000010010100010
0000000111111100
1111111000000100
0001000010001110
0001011100101011
0000110010010100
0000100010011100
0000100010011100
0000100111101110
0000000111111100
0000000111111100
0000100010011100
0000010111110110
0000110111101000
0000110010010100
0001010111011010
0001110001111000
0010001100011000
0001110111001100
0010001100011000
0001110001111000
0001111100011110
0010000111000100
0010000111000100
0010011100010000
0010010110111110
0010000111000100
0001111100011110
0010001100011000
0001111100011110
0001111100011110
1111011000010010
0000010010100010
0001000111100000
0000110010010100
0000011101001000
0001001100110100
0000110111101000
0000110111101000
0000000111111100
1111111000000100
1111101101011110
0000110111101000
0010000111000100
0010011100010000
0010001100011000
0001100111010010
0001010010000110
0001000010001110
0000011101001000
0001000111100000
0001011100101011
0001100010000000
0001010010000110
0001011100101011
0010000111000100
0010000001110010
0001111100011110
0001011100101011
0000110010010100
0000100111101110
0001011100101011
0001010111011010
1101100011110000
1101100011110000
1101100011110000
1101100011110000
1101100011110000
1101100011110000
1101100011110000
1101101010011100
1101101011100000
1101101100100100
1111100000001001
0001100100001110
0010011001011100
0010001000001010
0001101100101100
0000101011111000
0000001011000101
1111111001110110
1111101110111010
1111010110010000
1110111100100010
1110110101100000
1101100011110000
1101100011110000
1101100011110000
1101100011110000
1101100011110000
1101100011110000
1101100011110000
1101100011110000
1101100011110000
1101100011110000
1101100011110000
1101100011110000
1101100011110000
1101100011110000
1101100011110000
1101100011110000
1101100011110000
1101100011110000
1101100110101010
1101100110100000
1101100111000000
1110110111100110
0001100011111000
0001111101111110
0001010111110100
0001001011110100
0000010111101000
1111101010110000
1110011101000100
1110000101100100
1101111101010100
1101110110000110
1101110011000100
1101100011110000
1101100011110000
1101100011110000
1101100011110000
1101100011110000
1101100011110000
1101100011110000
1101100011110000
1101100011110000
1101100011110000
1101100011110000
1101100011110000
1101100011110000
1101100011110000
1101100011110000
1101100011110000
1101100011110000
1101100011110000
1101110010011000
1101101110001010
1101111111111000
1110111101110110
1111100110001110
1111100111110010
1110111010110110
1111001101100110
1111100111110010
1111010010010010
1110110011011100
1110101000000110
1110001001010000
1101101010000000
1101100101010100
1101100011110000
1101100011110000
1101100011110000
1101100011110000
1101100011110000
1101100011110000
1101100011110000
1101100011110000
1101100011110000
1101100011110000
1101100011110000
1101100011110000
1101100011110000
1101100011110000
1101100011110000
1101100011110000
1101100011110000
1101100011110000
1110101011001101
1101100011110000
0010011100010000
0010011100010000
0010011100010000
1101110001001010
1101110101100110
1101110101100110
1110100110101110
0010011100010000
0010011100010000
0000000000000000
1111010011010110
1111000001100000
1110010000011011
1101100011110000
1101100011110000
1101100011110000
1101100011110000
1101100011110000
1101100011110000
1101100011110000
1101100011110000
1101100011110000
1101100011110000
1101100011110000
0010011100010000
0010011100010000
0010011100010000
0010011100010000
0010011100010000
0010011100010000
0010011100010000
0010011100010000
0010011100010000
0001010111111000
0001110001000100
0001101110101100
0001110011010100
0001110001010010
0001110101111110
0001110110110010
0001110011100110
0001101000011110
0001010011000010
0000101001101000
1110100010010000
1111110011001000
1111000001110110
0000010001010010
0001110101001010
0010000010011100
0010011100010000
0010011100010000
1111110000101100
0000100001101100
1111110110110100
0000010101011100
0000000011000100
0000010101011100
0000000011000100
1111111100111100
0001001100100110
0001111101101000
0010001001111000
0010000011110000
0010010110001000
0010011100010000
0010010000000000
0010001001111000
0010000011110000
0001111101101000
0001100101000110
0001101011001110
0001100101000110
0001001100100110
0000001111010100
0000100111110110
0000100111110110
0001000000010110
0001110001010110
0001110001010110
0001001100100110
0000010101011100
0000011011100100
0000000011000100
0000001100001110
0000110101000000
0001000101010010
0001010010111000
0000111010011100
0000011100100010
0000110010010001
0000110111101101
0001100011001100
0010000011110010
0001111011101010
0010000110100000
0010011100010000
0010001001001110
0001110011100000
0001111011101010
0010010001011000
0001101110000100
0001100101111010
0001101011010110
0001110011100000
0000110111101101
0000001001100000
0000001110111100
0000010001101010
0000101100110110
0001011101110000
0001010101100101
0000111010011100
0000100001111110
0000011111010000
0000000100000100
0000001010000001
0000100000111110
0001101000101001
0001101011011111
0000101111010100
0000100011110110
0000101100011100
0000110101000010
0001101011011111
0010011100010000
0010000010011100
0010001011000100
0010010110100010
0001111111100110
0001101011011111
0001101011011111
0010000010011100
0001100010111010
0001011101001100
0001011010010100
0001010100100100
0000000001011100
0000011000011000
0000011110000110
0000001010000001
0000110101000010
0001000011011000
0001000011011000
0000110111111010
1111111011101100
0000010101100000
1111011100001010
0001010000110000
1101100011110000
1101100011110000
0010011100010000
1110100010010000
1101100011110000
1101100011110000
1101111101110010
1101100011110000
0010000110011000
0010011100010000
0000111110100000
0000011111010000
0000011100001000
0000110010000000
0001000100110000
0001110000100000
0001110000100000
0001011010101000
0001011010101000
0001011010101000
0001110110110000
0000100101100000
1111100011111000
0000101000101000
0000111000010000
0001110011101000
0010001100101000
0001001110001000
0000111110100000
1111010001001000
1111110011100000
0000001100100000
0000000110010000
0000011100001000
0000101000101000
0000001001011000
0000101000101000
1111100000110000
1111111001110000
1110011000111000