1111000101010010
0000001011110110
0000000110010000
0000101011011100
0001000110001010
0001100111110010
0010000100010100
0010011100010000
0010000100000100
0001111101001100
0001011010110010
0001001111010110
0000101000101000
0000100110010110
0000010001101100
0000001100010110
1111110100101010
1111101111000100
1111111110100110
1111111110000110
0000010111110100
0000110001010010
0001000001100110
0000110010000010
0000011110011100
0000001011110110
0000001111011001
0000010110000001
0000011100101010
0000001100000110
0000001011110110
0000010010101110
1111000100101010
0000000101000100
0000000101100110
0000100110100100
0001010111001010
0001101010111010
0010010000000010
0010011100010000
0010010110000000
0010011011011110
0001101011101100
0001101010101000
0000111001100010
0000110010100010
0000100000000110
0000010001010010
1111111001101000
1111100100110110
1111110101110000
1111111011001100
0000001010100010
0000110101011000
0000111011111000
0000011110000000
0000011110010000
0000001101101000
0000000111101010
0000011110100010
0000010011111000
0000000110011000
0000000010011110
0000010001000000
1111000001110001
1111111101001100
0000000001110010
0000011101001100
0001001111001010
0001011110000000
0010000000100110
0010000110001110
0010011100010000
0010011010011110
0001100011111010
0001011001011010
0000110110100100
0000100100011000
0000010011011110
1111110001101010
1111110100001110
1111001111000100
1111100010110100
0000001111101000
0000001011010010
0000101010000000
0000011001111000
1111110110010010
1111100110101010
1111110110110010
1111101001001100
1111110011011100
1111100011010100
1111100100000110
1111111100101010
1111111001000110
1110111111001110
1111110100100110
0000001010110110
0000011100101000
0001010010100100
0001010011011010
0001110010100010
0010000110110110
0010011100010000
0010000010011010
0001110000010100
0001001100110000
0000110011101110
0000000110111100
1111110100100110
1111101010111001
1111011100011010
1111101001001100
0000000110111100
1111111011010010
1111100011011000
1111100001101100
1111001011101110
1110110101100000
1110111000110100
1110111000110100
1110110110100110
1110111111001110
1111000001001010
1111001111101000
1111010011010000
1111011010001100
1111010001000000
1111111100101000
0000100111001110
0000101111101100
0001001110001000
0001111010000110
0010000001100010
0010011100010000
0010010000011010
0010000110010010
0010000111111110
0010000111101000
0001010110010000
0000011111110010
0000011000010110
0000001011001010
0000001001001000
1111110000000110
1111001011100111
1110110111101000
1110101000110000
1110011011001110
1110010000011011
1110000100100100
1110000001001100
1110001100000001
1101111011000110
1101101111100110
1110001110101100
1110100101011000
1110101010110010
1110101111001010
1111100101011100
0000000011011010
0000110011001100
0001001001111110
0010000111011010
0010010001010000
0010011000011110
0010010010000000
0010000011111110
0001111101001010
0010010101011100
0010011100010000
0001111111110011
0001011111001100
0001010011110100
0000110000111100
1111101100010010
1111001001110011
1110110001111000
1110101100100100
1110010000100000
1110001101110110
1110000111011010
1110001010011100
1110001001010010
1110000101111000
1101101011101110
1101111111011100
1110000000001101
1110010101000100
1110001010000100
1110000011100110
1111111000110001
0000011101111001
0000110101000000
0001000101010010
0001110110001110
0010001000110010
0010000010111000
0010001000110010
0001111100000110
0001001000000000
0001101111111000
0010001001001110
0010011100010000
0010011100010000
0001111100100100
0001001110110100
0000001001111110
1111101000111011
1110111000111010
1110011101010010
1110010110111100
1110011000110000
1110000000010010
1110001000111000
1110000111000100
1101110011100110
1101110010101100
1101101001001100
1101111000100110
1110011100011001
1110111010010000
1111000100101010
1111010100011110
0000100001010100
0000101011100010
0001000000000010
0001001111011010
0001110011010010
0010000010101000
0010011100010000
0010011100010000
0010000010101000
0001101001000010
0001001111011010
0000110000101010
0000100001010100
0000001100110100
0000001100110100
0000000010100100
1111111101011100
0000100001010100
0000110000101010
0001001010010010
0001100011111010
0001100011111010
0001001010010010
0001001111011010
0001010100100010
0001010100100010
0001010100100010
0001001111011010
0000110101110010
0000000111101100
0000000111101100
1111111010110110
0000101110011000
0000101010111100
0001000110011010
0001010100001000
0001101100001100
0010000000110010
0010011100010000
0010011000110100
0001111101010110
0001101111100101
0001010111100100
0000111111100010
0000110001110010
0000100111100000
0000101110011000
0000000101001010
0000001100000010
0000010010111000
0000011001110000
0000101110011000
0001001101010010
0001011011000000
0001000110011010
0000101110011000
0000101010111100
0000100100000100
0000110101001110
0000111000101010
0000110101001110
0000110001110010
0000110001110010
1111010000010110
1111111010101111
0000011010011110
0000100010011100
0001001100110100
0001100100101000
0001110100100010
0010011100010000
0010011100010000
0010000001110010
0001110100100010
0001101001111100
0000101101000010
0000000101010001
0000000010101010
0000000010101010
0000010111110110
0000100101000100
1111110101011010
1111101000001010
1111100010111000
1110111011001010
1110110011001100
1110011110000000
1110001011011110
1110110000100100
1110101000100110
1110011011011000
1110011110000000
1110100011010101
1110110101110110
1111010101101000
1101100011110000
1101100011110000
1101100011110000
1101100011110000
1101100011110000
1101100011110000
1101100011110000
1101100110000100
1101100101110010
1110011111111000
1110110000101010
0001100000100000
0010011000000100
0010001110001110
0001111100101000
0001101000100100
0001010101011110
0000100010100110
1111111011111110
1111100101001001
1111000001011100
1110011110000000
1101111100101110
1101101110100110
1101101000100010
1101101000111010
1101100111100100
1101100011110000
1101100011110000
1101100011110000
1101100011110000
1101100011110000
1101100011110000
1101100011110000
1101100011110000
1101100011110000
1101100011110000
1101100011110000
1101100011110000
1101100011110000
1101100100110000
1101100100101000
1110100100010010
1110010101001000
0001011011110010
0010010100010010
0010010000011000
0010010001100000
0010000010011010
0001110010010000
0000100010000000
1111100000001010
1110111011000000
1110010010110110
1110000000000011
1101110010001110
1101101011101100
1101101010000000
1101101000110100
1101100111101010
1101100011110000
1101100011110000
1101100011110000
1101100011110000
1101100011110000
1101100011110000
1101100011110000
1101100011110000
1101100011110000
1101100011110000
1101100011110000
1101100011110000
1101100011110000
1101110011011000
1101110000010000
1110001101011010
1110100001001100
1110011001111010
1110011010111100
1110011100010000
1110100000001011
1110100011010010
1110100010110000
1110011000111000
1110000100010011
1110000001101100
1101110000011110
1101111001001000
1110001100011000
1110011000111000
1110101001100010
1110100011010010
1110011000111000
1101100011110000
1101100011110000
1101100011110000
1101100011110000
1101100011110000
1101100011110000
1101100011110000
1101100011110000
1101100011110000
1101100011110000
1101100011110000
1101100011110000
1101100011110000
1101110101100110
0010011100010000
0010011100010000
0010011100010000
0010011100010000
1101101000001110
1101110001001010
1101110001001010
1110000111011110
1110111000100100
1111001010011100
1110100010010000
1110100010010000
1110101011001101
1111000101111110
1111100000110000
1111000101111110
1111000101111110
1110101111101010
1110100010010000
1101100011110000
1101100011110000
1101100011110000
1101100011110000
1101100011110000
1101100011110000
0010011100010000
0010011100010000
0010011100010000
0010011100010000
0010011100010000
0010011100010000
0010011100010000
0010011100010000
0010011100010000
0010011100010000
1111011001011110
1111010111000111
1111010111100010
1111010010010010
1111010010111110
1111010011111010
1111001000101100
1110110101111100
1110011111110010
1101100011110000
1110010101110000
0001000111101100
1110010011011011
1111011010110000
0001001110001110
0001111000110010
0001111100010000
0010011100010000
1111010000111000
0000110100000101
0001100000101110
0010001100001000
0010011100010000
0010000101111100
0001001100111000
0000100110011100
0000001101101010
0000001110111000
0000000111011100
0001010001110110
0000110010110110
0000011101110000
0000100000010000
0000010011110110
0000001001111010
1111100100101110
1111001010101100
1111000100011110
1110111000000100
1110011110000010
1110100111111110
1110010001101000
1110101100111010
1110111011110010
1111010100100110
1111101110101000
1111111011000010
1111101110101000
1111011101010010
1110000101001110
1111001100110000
0001000001000000
0001100110100000
0010001010110000
0010011100010000
0001100111110000
0000110111000000
0000001101110000
0000000111100000
0000010010110000
0000110011010000
0000111110100000
0000101101000000
0000100100010000
0000100100010000
0000010110100000
0000100000100000
1111101101010000
1110111011010000
1111001001000000
1111000001100000
1110101110110000
1110101001110000
1110011100000000
1110010111000000
1110111000110000
1111101111110000
0000001101110000
0000100011000000
0000101011110000
1111111101100000
1111100011010000
1111111000011100
0001000101100010
0001011100111100
0010001010010110
0010011100010000
0001010100101001
0000111011111000
0000100101110110
0000010011111110
0000011110111101
0001000110111010
0001011100111100
0001000000000000
0000111010100000
0000101100110000
0000010010100110
0000000111100100
1111101110110010
1110111011110110
1111000110111000
1111000100001000
1110011010110101
1110101001111110
1110110111101110
1110111001000110
1111101001010010
0000000111100100
0000110101000000
0000110111110000
0000111001001000
0001000000000000
1111110001100010
1111001101110110
1101100011110000
1101100011110000
0010011100010000
0000011111010000
1101100011110000
1101100011110000
1110100010010000
1101100011110000
1110100001110010
1111100010001100
0000011001000011
0000111100110110
0000001010110000
0001100011000000
0010011100010000
0010011001111000
0010001001001010
0001001000110000
0000011011011100
1111110101010000
1111111010000010
0000101001110000
0001100011000000
0000101110100010
0000100010100110
0000000011100110
0000010001111010
0000001000010110
1111110111101010
1111111010000010
1111110010111000
0000000101111110
0000101001110000
0000100000001110
0000001111100000
0000111000000100
0001001000110000
0000011001000011
0000011001000011
1111011101011010