1110101100000000
0000000010011110
0000011001010100
0010001001000110
0010000110000010
0000111010000100
0000110101001000
0000001100010110
0000001001111000
0000101001011000
0000101010000000
0001101111110010
0001110100101110
0010000001101100
0001111001000100
0001101101010100
0010000110000010
0010011001110010
0010011100010000
0001011100000010
0001010100000000
0000110110010110
0000110011111000
0000110101001000
0000111001011100
0001001010001000
0001010100000000
0001010010001000
0000111010000100
1111111001110100
1111011101011010
1111010000011100
1110011110010110
1111101110000110
0000010101101100
0001110100000110
0001101001110010
0000101110101001
0000100001000110
0000000110100000
1111110111010100
0000100000000000
0000100000100100
0001011100001101
0001101111101111
0010010100001000
0001111100110010
0001100110000000
0001111010000100
0010011100010000
0010010111011000
0001011101110110
0001010001011000
0000101111110000
0000110011000000
0000110001111010
0000111110011010
0001000110100010
0001010101001100
0000011110011000
1111111111011110
1111010101101100
1111010000110100
1110110111010100
1110011100100010
1111101001010000
0000100111001000
0001100111000100
0001010011001000
0000011100011000
0000001001011110
1111110000111010
1111110010011100
0000010001001000
0000100000011110
0001010011001000
0001111111000110
0010001111111110
0001111011100010
0001100001111100
0001111011100010
0010011001101100
0010011100010000
0001100000011010
0001010110001100
0000111000100010
0000101111110100
0001000001001110
0001001010011010
0001011011010010
0001001101100000
1111111111001110
0000000111111100
1111101000101110
1111010111110110
1111001110001000
1110011011011101
1111110000010100
0000110111101100
0001011011111001
0001000101001110
0000010111110010
1111111101110110
1111110101001100
1111110011100100
0000010111110010
0000010011011110
0001000011100110
0001110101111000
0010011001000000
0010000111001010
0001101000111000
0010000001001110
0010011100010000
0010010101001110
0001101100101100
0001010011010000
0001000001011010
0000110101000000
0001001001100010
0001001010101000
0001011010010010
0001000011100110
0000000011010000
0000000101111100
0000000100010100
1111011110011110
1111010111011100
1110101100010100
1111110110000100
0001001001001010
0001011010101110
0000101110001110
0000000001110000
1111110110000100
1111011110000100
1111100100100000
1111101101010010
0000000101110110
0000100111001110
0001010110101000
0010011001010100
0010011100010000
0001101010100000
0010010000100010
0010000011101010
0010001000111100
0001101100110110
0001000110001110
0000011101110110
0000011000100110
0000101001100100
0001000111111110
0001010000110000
0001000101000100
1111101001001100
1111110001011000
1111110101011110
1111000101011110
1111001101101100
1110111011011000
0000001111001000
0001110001100110
0001111100011110
0000101101011000
1111101101110010
1111100101010000
1110111001000100
1110111011011000
1111010001000110
1111011111000010
1111101101000000
0000010010001110
0001110000000011
0010011100010000
0001111110000000
0010000000010110
0010010101010010
0001111100011110
0001001101111100
0000010110000110
1111110110010100
1111101101000000
1111111110000100
0000010111101010
0001100010000110
0001110000110100
0000101010001111
1111011100101110
1111101010101100
1111100111100100
1111010010101000
1111101000100110
1111110001111100
1111011100101010
1111100111101110
1111010100001010
1110110110010110
1110111010100110
1110101011010010
1110010100010010
1110110010000110
1110101111100010
1110011101101010
1111000010010010
0001100101110000
0010011010100100
0010000000001010
0010000111110100
0010011100010000
0010001010011000
0000111011001100
1111101001011100
1111110010110100
1111000110100010
1111001100011110
1111010001100110
0000001110000100
0000111110100110
0000011111111100
1111000101101101
1110101010011100
0000000000011100
0000001101001100
1110010001011110
1111101100111100
1111101100111100
0001100110111010
0001100110111010
0000001011011100
0000011010101100
1111101100111100
1111111100001100
0000010011000100
0000100010010100
0001011111010010
0010011100010000
0010001101000000
0001100110111010
0000110001100010
0010010100101000
0010001101000000
0001101110100010
0001010000000010
0000111001001010
0000110001100010
0000100010010100
0000100010010100
0000100010010100
0000101001111010
0001000000110010
0001010111101010
0000101001111010
1111100101010100
1111000110110110
1111010110000110
1110111000111110
1111111011010000
0000001110001110
0010011100010000
0010011100010000
0000111101100100
0000111101100100
1111110001110010
0000001110001110
0000100001001010
0000100001001010
0001110110011000
0010010010110010
0010001001010100
0000101010101000
0001011001111110
0001101100111001
0001100011011100
0010001001010100
1111101000010100
0000001110001110
0000100001001010
0000001110001110
1111111011010000
0000001110001110
0000001110001110
0000111101100100
0001100011011100
0000101010101000
1111011110110110
1111101000010100
1111011110110110
1110100011110000
1111100111100010
0000110110100110
0001010000111100
0000100011110010
1111111010010110
1111110010110100
1111010000111100
1111100000000000
1111100000000000
1111110110100110
0000000101101010
0001010100101110
0010011100010000
0010010100101110
0001011100010000
0001110110100110
0001111110001000
0010001101001100
0001100011110001
0000111110001000
0000011000011110
1111111010010110
0000101111000100
0001001101001100
0001000001111000
0001000001111000
1111110010110100
0000000101101010
1111101011010010
1111100011110001
1111100011110001
1101100011110000
1101100011110000
1101100011110000
1101100011110000
1101100011110000
1101100011110000
1101100011110000
1101100101011100
1101100101000100
1101101101111100
1111011011010110
0000100100101010
0001100000101100
0010000010001000
0010001000100110
0010010100111100
0001010000110111
0000000111000011
1111011101000000
1111000101100011
1110011010111000
1101111100001100
1101110110001100
1101101111001000
1101101001001010
1101100110011000
1101100110011000
1101100011110000
1101100011110000
1101100011110000
1101100011110000
1101100011110000
1101100011110000
1101100011110000
1101100011110000
1101100011110000
1101100011110000
1101100011110000
1101100011110000
1101100011110000
1101100101010000
1101100101001100
1101101001011100
1111001011001010
1111101011110000
0000010000100000
0001010010110100
0010000110100000
0010001001110100
0001010101101100
0000001100010100
1110110100101000
1110010010010100
1110000000010111
1101101111001000
1101101100111010
1101101001000100
1101100110111100
1101100110000100
1101100110001000
1101100011110000
1101100011110000
1101100011110000
1101100011110000
1101100011110000
1101100011110000
1101100011110000
1101100011110000
1101100011110000
1101100011110000
1101100011110000
1101100011110000
1101100011110000
1101110000010000
1101100100110010
1110001111100000
1110011101100100
1110010001000100
1110010101011000
1110100110110000
1110100110011010
1110101010100101
1110101001001100
1110101110110000
1110000011010111
1101110111111000
1110000111001010
1110001110000110
1110000001111100
1110000101000100
1101111111111000
1101111000100100
1101100101110100
1101100011110000
1101100011110000
1101100011110000
1101100011110000
1101100011110000
1101100011110000
1101100011110000
1101100011110000
1101100011110000
1101100011110000
1101100011110000
1101100011110000
1101100011110000
1110011001010100
1111000101111110
0010011100010000
0010011100010000
0010011100010000
1110000011000000
1101111010000100
1101100011110000
1101100011110000
1101110101100110
0000000000000000
1111010111110100
1110100110101110
0000101100101010
1111111011100010
1110010000011011
1110100110101110
1110010000011011
1101101000001110
1110111000100100
1101100011110000
1101100011110000
1101100011110000
1101100011110000
1101100011110000
1101100011110000
0010001110110110
0010010000101100
0010010001001110
0010010001100000
0010010011010100
0010010101000000
0010010110010010
0010010101110010
0010010010110100
0001100100100110
1101100011110000
1101100011110000
1101100011110000
1101100011110000
1101100011110000
1101100011110000
1101100011110000
1101100011110000
1101100011110000
1101110111010000
1110011001111010
0000000101100000
1111000101010010
1111011111001000
1111101111110110
1111101111000010
0000000001001010
0010011100010000
0000011000010110
1111110011110100
0000100010100000
0000110000101100
0001111101110100
0010011100010000
0010011000001100
0010001010000000
0001011111011000
0000101110101100
0001101111100101
0010000101111100
0010010000000100
0010000001111000
0001001011000110
0000111000110100
0001110001101000
0001000010111110
0000110100110000
0001000010111110
0001001001000100
0001110111101110
0001100101011110
0001110001101000
0000111110111010
0001100111100000
0001111101110100
0001001111001000
0001100011011100
0001110001101000
0001001111001000
1111101101110000
0000100101000100
1111101110010010
0000101000010001
0000110001111100
0001101101100010
0001100010010000
0010000000111000
0010011100010000
0001110000110000
0001111111010000
0010000010011110
0001110101100110
0010000111010100
0001101101100010
0001101111001010
0001101011111100
0001110111001100
0000111011100110
0000110101001010
0000111101001110
0001010011110000
0000110110110010
0010000111010100
0001110101100110
0001110111001100
0001111010011100
0001001010000110
0000111000011000
0000101101000110
0001000110111000
0000011000001001
0000001100111000
0000100011010110
0001100011011100
0001101000100010
0000111010101000
0000101110010000
0001010100001000
0010011100010000
0010010100010000
0010010111001010
0010001100111100
0001011101100110
0001000111110000
0001010111110010
0001110100001100
0001101111110100
0000111100000110
0000010000011000
0000001110001110
1110111111100010
1111010001110000
1111110111101000
0000011101100000
0000011100000010
0000100110111110
0000100110111110
0000010001110110
0000000110001100
0000011101100000
1111110110001010
1111110011010000
1111011110001000
1110011100100100
1101100100001000
0010011100010000
1101100011110000
1101100011110000
1101100011110000
1110000011000000
1101100011110000
1101100011110000
1101100011110000
0000001111010000
0000100010010100
1111110100100100
0000111100111110
0000111001001010
0001001100001110
0001010111101010
0010010100101000
0001110010010110
0010000101011000
0000111100111110
0000101101101110
0001000100100110
0000011010101100
0001100110111010
0001001000011010
0001010000000010
0010011100010000
0000111001001010
0000100010010100
0001100011000110
0000000011110100
0000111100111110
0001010011110110
0000110001100010
1111101001001000
0000101101101110
0000110001100010
1111111000011000
1111111100001100
1111100001100000
1110110111100110