1110101111001001
1111110011011100
0000000011100001
0001001101111110
0001111011000100
0010010000101010
0010001100110010
0010011100010000
0010010111011010
0001010111010100
0000001111110010
0000001011100110
1111110011011100
1111101111010000
1111100010000010
1111100101100110
1111101111010000
0000010111001100
0001001100010110
0001010001110110
0000101011100000
1111110010001010
1111101000001010
1111100010000010
1111100011111110
1111100010101100
1111101110010010
0000000000111110
0000011100000010
0000010111110110
0000001000000100
1111110111101000
1110100010000000
1111101010000110
1111101001110010
0001001110111000
0001011001011010
0010011100010000
0010010101010110
0010000000111010
0001111011111110
0001001010111010
0000000101000101
0000000000001010
1111100111110100
1111100010100010
1111101010011100
1111110101010100
1111100111110100
0000001001000100
0000101011111110
0001000110111110
0000100111010110
1111100001100010
1111011111010000
1111001001110110
1111000100111010
1111001011001010
1111011011101000
1111010101000010
1111111111001100
0000010010010010
0000011001001100
0000000101000101
1110101101010000
1111110000101010
1111111000110001
0001001110011000
0001101100000010
0010001101110000
0010011100010000
0010010011100000
0010001001101110
0001000110010010
0000000100001110
1111111101011110
1111100100100010
1111100010001010
1111101000001110
1111101110010100
0000011010110100
0000110010011010
0000111101001100
0000100101100110
1111101011010010
1111000101001100
1110110110000000
1110110110010110
1110101100111010
1110110101010110
1111000011001010
1111100001100000
1111100001001010
0000011000000110
0000010110110000
1111101111010100
1110111011001000
1111110100101110
1111111111110110
0001000101001110
0001111001010000
0010010101011000
0010011100010000
0010011000000000
0010011010111100
0001100010000000
0000011110100110
0000011101010010
0000001001101010
0000011000101110
0000101010101100
0000111100011000
0000111000011100
0000001100010010
1111011001111000
1110110110001110
1110010100110110
1110001011000010
1110001011010110
1110001001101110
1110001101101000
1110001011010110
1110101010110000
1111000101111010
1111100011011000
1111110011101110
1111011100110100
1110110000111110
1111001001111010
1111111001011111
0000001010111000
0001101011010110
0010000111110100
0010001011110110
0010001000001010
0001110011010111
0010011100010000
0010010010001100
0001011100010010
0001001110111000
0001110100011010
0010000111110100
0001100010010100
0000010010100110
1111110000011101
1110111000001010
1110011011010110
1110010111000000
1101111111100100
1101111001110110
1110000100111011
1101111110111000
1101111110001110
1110001100010010
1110101011011100
1111001001010000
1111000100100100
1110101010000110
1110100101011010
1110100001011000
1110111111100110
1111110010111110
0000011000101110
0001101011100110
0010000100001000
0001111101001000
0001011011010000
0001001111100110
0001101111111000
0001111100010101
0001111000000100
0001110110001000
0010011100010000
0010010111001100
0001000100101100
1111110001000010
1110111010111100
1110011100001100
1110000001010100
1101111011100000
1101110000001110
1101101001100110
1101110111100110
1110000100000100
1110001011011100
1110100000110110
1110110111011010
1110111000001100
1110101101101100
1110001110100100
1110011100001100
1110101001110100
1111001000101010
1110111111111010
0000001010100011
0000100101110110
0001011000010001
0001001110000000
0000111111100101
0000011101000110
0001011001110110
0001110101001000
0001111010110010
0010010001011100
0010011100010000
0010001101110110
0000101000111100
1111000011000000
1110101110111010
1101110110110100
1101110110110100
1101101001011010
1101110011101110
1101111111100100
1110010010100110
1110010101001100
1110001111100000
1111000001011100
1111010010011100
1110101000001110
1110010101101100
1110101010110010
1110101111111100
1110010011001000
1110110100000110
1111111011100010
1111111011100010
0001001011111010
0010001010011010
0010001010011010
0010011100010000
0001111000100010
0001010100110011
0000111010000010
1111001110111010
1111010111110100
1111100000110000
1111100000110000
1111010111110100
1110110100000110
1111000101111110
0000101000001100
0000101000001100
1111110010100110
0000000100011110
1111110010100110
0000001101011010
1111000101111110
0000000100011110
1111110010100110
0000101000001100
0000001101011010
0000111010000010
0000011111010000
1111100000110000
1111010111110100
1111000011010000
0000100010101110
0000101011011010
0001110000110101
0010001010111000
0001010110110100
0001111001100010
0010011100010000
0010011100010000
0001011111100000
0000100010101110
0000000000000000
1111010100100110
1111100101111110
1110110001111000
1111011101010010
1111010100100110
1111000011010000
0001001110001000
0001001110001000
0000110100000101
0000110100000101
0000010001011000
0000010001011000
0000000000000000
0000001000101100
1111101110101000
0000000000000000
0000100010101110
0000100010101110
0000110100000101
0000110100000101
1110111110011000
1111101010001000
0000001001011000
0001001110001000
0010000110011000
0010001001100000
0010000110011000
0010011100010000
0010001111110000
0001010111100000
0000011001000000
0000011100001000
1111100000110000
0000000000000000
0000001100100000
0001010001010000
0001011101110000
0000111000010000
1111111100111000
1110111110011000
1110111110011000
1110111110011000
1110101000100000
1110101110110000
1110110001111000
1110110001111000
1111010001001000
1111100011111000
0000001001011000
0000100010011000
0000010010110000
1111010111011000
1101100011110000
1101100011110000
1101100011110000
1101100011110000
1101100011110000
1101100011110000
1101100011110000
1101100011110000
1101100101011000
1101100101110110
1110100001011100
0000000010100100
0001000100110010
0001111100101001
0000111110001010
0000111001000010
0000100110110110
0000000010010110
1111101011011000
1111011011001010
1110111001000110
1110000110111110
1101110011110110
1101101110010000
1101101000101010
1101100110110010
1101100111011110
1101100110101010
1101100101110110
1101100011110000
1101100011110000
1101100011110000
1101100011110000
1101100011110000
1101100011110000
1101100011110000
1101100011110000
1101100011110000
1101100011110000
1101100011110000
1101100011110000
1101100101000110
1101100101100000
1110100001010100
1111101110100100
0001000110101110
0001101010110010
0000101111101010
0000101101000110
0000101010111000
0000000011111000
1111011010100110
1111001000000100
1110100100100100
1101111001111010
1101110010010000
1101101100111110
1101101011001110
1101101000010000
1101100111100100
1101100111011000
1101100110111000
1101100011110000
1101100011110000
1101100011110000
1101100011110000
1101100011110000
1101100011110000
1101100011110000
1101100011110000
1101100011110000
1101100011110000
1101100011110000
1101100011110000
1101100101110100
1101101100000100
1110001100011000
1110010101110000
1110011100000000
1110011010001100
1110011000011101
1110011100110100
1110010100101100
1110000001001000
1101101001001010
1101111010010100
1110000100110110
1110001101011000
1110011000100010
1110100010111100
1110010010110010
1110100011011111
1110000011101100
1110000010101010
1110000101010000
1101100011110000
1101100011110000
1101100011110000
1101100011110000
1101100011110000
1101100011110000
1101100011110000
1101100011110000
1101100011110000
1101100011110000
1101100011110000
1101100011110000
1110001011111100
0010011100010000
0010011100010000
0010011100010000
1101111010000100
1101110101100110
1101101100101100
1101111010000100
1110010100110110
1101110101100110
1101110001001010
1101110001001010
1110010100110110
1110000111011110
1101110001001010
1101110001001010
1101111110100010
1101110001001010
1101101100101100
1101101100101100
1101111110100010
1101100011110000
1101100011110000
1101100011110000
1101100011110000
0010011100010000
0010011100010000
0010011100010000
0010011100010000
0010011100010000
0010011100010000
0010011100010000
0010011100010000
0010011100010000
0010011100010000
1111010000100100
1111001011000110
1111000001000100
1110111011000010
1110110111110010
1110110001010100
1110101110000100
1110011100110110
1101111111000010
1101100011110000
0000111110100000
0001111011001010
1110111110100110
1110111101000010
1111000111010000
1111110101001000
0000000001110110
0010001010000010
1111110100100100
0001010111101010
0010000101011000
0010010100101000
0010011100010000
0010000101011000
0000110001100010
0000111001001010
0001000000110010
0000101001111010
0000110001100010
0000011010101100
0000110001100010
0001010000000010
0001001000011010
0000100010010100
0000010011000100
0000101001111010
0000010011000100
0000001011011100
0000100010010100
0000100010010100
0000000011110100
0000001011011100
1111101100111100
1111110100100100
0000010011000100
0000001011011100
0000000011110100
1110110111100110
1111000110110110
1110011001000110
1111111110101100
0001000101100110
0010000111010000
0010001111001000
0010011100010000
0001010101010110
0000001110011100
0000100110000100
0000111000011110
0001000000010110
0000110101110110
0000000001010100
1111101110111100
0000111101101110
0001000000010110
0000001001001100
0000010011101100
0000010011101100
0000100110000100
0000000001010100
1111110100001100
0000000001010100
0000001001001100
1111100111000100
1111001010001010
1111010100101010
1111010111010010
1111110110110100
0000001001001100
1111011100100100
1111000111100010
1101111000110000
1111100010011100
0000101011101000
0010010001000000
0010001011010110
0010011100010000
0000000001011010
1111011111101000
1111111011110010
0000000111000010
0000101011101000
0000010111111100
0000000100001110
0000000001011010
0000101000110100
0000100110000000
0000001111011110
0000001100101010
0000100011001100
0000101011101000
0000000100001110
1111110110001010
1111101010111001
1111011010000000
1110101111110001
1111001011111011
1111100010011100
1110110101011010
1111101000000100
0000000001011010
1111110000100010
1111101010111001
1110110010100110
0000011001010100
1101100011110000
1101100011110000
0010011100010000
1110000011000000
1101100011110000
1101100011110000
1101111101110010
1101100011110000
1111000100100010
1111000100100010
1111100101101111
0000110000011010
0000111000101100
0010000011011000
0010011100010000
0010011001100000
0001010100010101
0000100101010110
0000110000011010
0000010001111110
0000011101000010
0000010100110000
0000011010010001
1111110000110010
1111110011100100
1111111110101000
1111110011100100
0000000100001010
0000010100110000
0000001111001110
1111111011110110
0000000110111010
0000010100110000
0000001001101100
1111101110000010
0000010001111110
0000001001101100
1111111001000110
1110111111000000
1111001100110110