1111011111111010
0000010011010000
0001010011011110
0010001001101100
0010010111111110
0001001000000100
1111101111100110
1111010111010110
1111000001111100
1111001101010110
1111100010110000
1111110010011100
0000110100000101
0001001100010110
0010001111011010
0010011010110100
0001111000100011
0010001011001000
0010010010010000
0010011100010000
0010001100100100
0001110111001001
0001111110010010
0001011110111010
0001000011110010
0001010011011110
0001100000010011
0001011001001100
0001001100010110
0001011010101000
0000110101100000
0000100001100010
1110111101100000
1111011010101100
0000101111000010
0001100111010000
0001010000100011
0000110100011100
1111011011110010
1111000001110100
1111010111011100
1111000111001110
1111110010011110
0000000011110010
0000011001011010
0001100010111100
0010010011100110
0010011100010000
0010000011011000
0010000001001110
0010000000001000
0010001000110010
0010011100010000
0001111011110100
0010001001111000
0010000010010100
0001101000010101
0000110001001100
0000111110001100
0000110111101100
0000100110011000
0000101000100100
0000011011100100
1111111010000100
1110110110010110
1111101010110010
0000011101000010
0001011101110000
0001000000101110
0000011001101010
1111110111000100
1111010000000001
1111100100000110
1111001001010100
1111010011010110
1111011010000100
0000001010000001
0000100101111100
0001110110010100
0010000000010110
0010001111111110
0001110110010100
0010000011101100
0010011100010000
0010011011001000
0010010110101010
0001111010110010
0001101110100000
0001100101100100
0000111011001010
0000110100011110
0001000010111110
0000110100011110
0000101010011001
0000011001101010
0000010101001110
1110110100111000
1111011101011110
0000111101111011
0001101101000110
0001001110011010
1111101011101110
1111101100110100
1110111101101010
1111001010110100
1110111010011000
1110100100011100
1111100100000010
1111111101010000
0000001100101000
0001011001010111
0001111101100100
0010001110000000
0001110011101011
0001111010010000
0010001001101000
0010011000111110
0010011100010000
0010010101101010
0010000011000010
0001101111010010
0001001000111010
0000011000101010
0000100001011100
0000110110010010
0000110000110010
0000011000101010
1111111000111000
1110111001000100
1111011011001110
0000101010001000
0001000001100110
0000110101111000
1111011101010110
1110110011110000
1110110010101100
1110110101111000
1110111110011010
1111001110011010
1111011011001110
1111100011110001
0000010000100010
0000110101111000
0001010010101010
0001111000000000
0001110011101110
0001100010101010
0001100010101010
0001111111011100
0010011100010000
0010010111111110
0001110101110110
0000111011001100
0000101010001000
0000001001000100
0000010101111000
0000011111011110
0000010110111100
0000001011001100
1111111000000000
1110111001100100
1111100100100000
0000111010010011
0000101001110100
1111111001011010
1111010101000110
1110111001100100
1110110010111110
1110111010101100
1110110110010010
1111000000001100
1111010111010010
1111101000111011
1111110011111010
0000010001100110
0001000101010100
0010011000111100
0010011010000100
0001110110110110
0001111110100010
0010000001110110
0010011000111100
0010011100010000
0010010100100100
0001011100011100
0001010011101000
0000111101100111
0000111101100111
0001011000000010
0001010011101000
0000101100000000
0000100010001000
1110110111001010
1111110001101100
0001000011110110
0000110011101010
1111001110110100
1111010010100100
1110111110101000
1110011010100010
1110010110110010
1110111101011010
1110110100101100
1110100010000000
1111011011010010
1111011000110010
1111111001001010
0000110011101010
0010011001110000
0010010011100010
0001011100110000
0001110101101010
0010010010010010
0010001001100100
0010011100010000
0001111001011000
0000010010000100
0000101000011110
0000111000101010
0001111010101000
0001100111111110
0001101110001100
0000111001111010
1111111111011000
1111110111110010
0000110001010110
0001001010000000
0001010010010000
0001101010111010
0000110001010110
1110110110000000
1111100111010110
1111110111110010
1111100111010110
0000001000001110
0000000000000000
0001000001110010
0001110011001000
0010011100010000
0010001011110100
0001010010010000
0001011010011110
0010000011100110
0001111011010110
0001011010011110
0001101010111010
0001101010111010
0001001010000000
1111110111110010
0000100000111010
0001010010010000
0000100000111010
0000101001001000
0001010010010000
0000010000011100
0000011000101010
1110111011101000
0000010011100010
0001001110001000
0010011100010000
0010010010100000
0001001110001000
0000110000110100
1111000101011010
1110101000001000
1111000101011010
1111000101011010
1110101000001000
1111101100011110
1111100010101100
0001111110111100
0010010010100000
0001010111111000
0001110101001100
0001101011011100
0001110101001100
0001101011011100
0001000100011000
0001111110111100
0001101011011100
0000111010100110
0001000100011000
0000111010100110
0000111010100110
0001000100011000
1111110110010000
1111110110010000
1111110110010000
1110110100100000
1111010111101000
0000101011111000
0000011010010110
1111111110010000
1111010111101000
1110110001000000
1110101101100000
1110111000000010
1110110001000000
1110110100100000
1111001101000110
1111011011001000
1111101100101100
0000001111110100
0000111001111100
0010000111001100
0010000011101010
0001100100000100
0001111001001000
0010000111001100
0010000111001100
0010011100010000
0010001110001110
0001111001001000
0001100100000100
0001000111111110
0000111101011100
0000101000011000
0000101011111000
0000011101110110
0000000101010001
1101100011110000
1101100011110000
1101100011110000
1101100011110000
1101100011110000
1101100011110000
1101100011110000
1101100110110110
1101100110000100
1101101000001110
1110010010011100
0000001011111010
0001111010010110
0010001101100010
0010011100000100
0010000011110110
0010001110101100
0010000101111110
1111111110100100
1111001001000100
1110100101001110
1110000111011010
1101101101000100
1101101001110000
1101101000111110
1101100111110100
1101101000011010
1101101111001100
1101101001100100
1101101001001100
1101101001110000
1101101011010100
1101101101011100
1101100011110000
1101100011110000
1101100011110000
1101100011110000
1101100011110000
1101100011110000
1101100011110000
1101100101111000
1101100101110110
1101100110100000
1101111010010110
1110101110111010
0000000101100110
0000110111000000
0010010010101010
0001011000000111
0001010101000100
0000011111010100
1111011001011100
1110111110111110
1110010000111110
1101110111110010
1101100111111000
1101100110111000
1101100110100100
1101100110010110
1101110101001000
1110010000101110
1110111001110100
1111000100101000
1111111101000100
1111101000110100
1111011010111100
1101100011110000
1101100011110000
1101100011110000
1101100011110000
1101100011110000
1101100011110000
1101100011110000
1101101101010010
1101101011000010
1110000010011110
1110100101011000
1110001110101110
1110100110111101
1110111100000010
1111010001111010
1111000011000100
1110110110010000
1110011110100000
1111001100110000
1111001100001000
1111001110101000
1110110001111000
1110000101100110
1110001010010010
1101110110100000
1101110111100010
1101111101110010
0000010010110000
0000110011100100
0000110100100110
0000111000010000
0000110111101101
0000100110000000
1101100011110000
1101100011110000
1101100011110000
1101100011110000
1101100011110000
1101100011110000
1101100011110000
1111001110111010
1101111010000100
0010011100010000
0010011100010000
0010011100010000
0010011100010000
0001100010001110
1110000011000000
1101110001001010
1110010000011011
1111001110111010
1111010011010110
0001111000100010
0010011100010000
0010011100010000
0010011100010000
1101101000001110
1101110101100110
0000001101011010
0010011100010000
0010011100010000
0010011100010000
1111000001100000
1110001011111100
1110000011000000
1111000101111110
0000111100111000
0000111100111000
0001000110100100
0001001100000110
0001001101010000
0001010000110000
0001010010110100
0001011000101010
0001011100100000
0001000010111110
1111000110010101
1111000110010101
1111010001111111
1111010001100100
1111011001001100
1111010100100000
1111001100100100
1111010010110100
1111100011000110
1111111010011100
1111001001110110
1110101101010010
1101111010001000
1110011100011010
1111000001111110
0000011000110110
0000101101010110
0000000000000000
0000010010010110
0000001001100110
0000001110110110
0000100111010010
0000100011110010
0001001000011100
0010010011100010
0010010011100010
0010011100010000
0001100010101000
0010010001110010
0010001001000010
0001100010101000
0001001010001100
0001000001011110
0001001011111100
0000111111101110
0000100000010100
0001001101101100
0000110111000000
0000100000010100
0001010010111100
0000101010110010
0000101001000010
0001000110101110
0001001010001100
0001000110101110
0000001011010110
0000110011100000
0001001101101100
0000010000100110
0000000010101000
0000000010100010
1111100100001000
0000011000100000
0000011011111000
0000111011111101
0001100001001000
0001000100011010
0010011100010000
0001011101110000
0001110111000110
0001111111100010
0001000110000110
0010000111111110
0001111100001010
0010000111111110
0001001011001010
0001011000101100
0001000010101110
0000101001011000
0001000110000110
0000110011100010
0000001110010110
0001010001111100
0001001011001010
0000100100010100
0000110101001110
0000110000001001
0000110101001110
0000010101000111
0000010001110000
0000100000111100
1110011110111000
0000010100010010
0000111110111010
0001010001001010
0000011000010110
0000001010001010
0000100101100010
0001011011010100
0001110111101110
0001100111100000
0001101111100101
0010001000111110
0001110011101010
0001110110101110
0010011100010000
0010011011010000
0010001101000010
0001110010101010
0001101000011111
0000110010101110
0000001111001110
0000010000001110
1111101101110000
0000011001011000
0000000100000100
1111110011110100
1111101011101110
0000010000001110
0000001011001010
1111101001101100
1111100111101010
1111011000011100
1111000100001000
1101100100001010
0010011100010000
1101100011110000
1101100011110000
1101100011110000
1101100011110000
1101100011110000
1101100011110000
0010011100010000
1110001101000110
1110011010010100
1110100010100110
1111000000010110
1111000010000000
1111001111001110
0000000100001000
0000110010011011
0000111100010110
0001011101011010
0010000001110010
0010001010000100
0001111001100010
0010011100010000
0010001101011000
0001100101101100
0001101001000000
0001111001100010
0001011000011110
0001001100111000
0001100010011000
0010000000001010
0001111100110110
0001110111111000
0001101111100101
0001110111111000
0001011111000100
0001011111000100
0001110001010000
0001001011001110
0001010000001100
0000101111001000