1111011010110000
0000011010111010
0000100100001110
0000000010000100
1110110100011110
1110010101011010
1101101100000010
1101111011100100
1101111000011100
1110000011110101
1110000011110101
1110100000110100
1110110111100100
1110110111100100
1111101101011000
0000001110011111
0001001000011100
0001010110111010
0001100001010010
0001000000001010
0001011011000100
0001110010110110
0001111111010010
0010001010101010
0010011100010000
0001101111101111
0001011010000010
0001000011010000
0000001100011010
1111010010011110
1111000110000100
1111011000101100
1110101111010000
1111111100010110
1111111101111110
1111101000000100
1110101011001101
1110000101110110
1101111101101110
1101111001101010
1101110011001100
1101110100110010
1101110101100110
1110010010110100
1110001011100011
1110100000101000
1111000111100110
1111111001111010
0000111110111010
0001010111010000
0001100101111000
0000110100010110
0000111111101110
0001100111100000
0010001111010000
0010011100010000
0010010110100100
0001110100011101
0001100101111000
0001001111111100
0000001100100110
1110101011001101
1110010101010000
1110011111000000
1110110001101010
1111110100101100
0000001010011110
1111101000111110
1110011110011010
1101111001100010
1101110100100000
1101111001100010
1101100111111100
1101101111011110
1110000000010000
1110000111110010
1110010001000000
1110011100101110
1111000101110010
1111101110110100
0000111000100100
0001101100100000
0001011111111100
0001001000011110
0001000000111100
0001101001111110
0010001100010110
0010011100010000
0010011000111010
0010001000001010
0001101001001010
0001001101100000
0000000100100110
1110110000000000
1110100000111010
1110100101000110
1111010010101110
0000010111011010
0000100001111110
1111100001000100
1110101111001110
1110010111110110
1101111100101010
1110010100000100
1110000000011100
1101110110101000
1101110001010110
1110010101100100
1110011010000110
1110100011111010
1111001000111010
1111011110000010
0000101010010010
0001101110001110
0001111000110010
0001011000010100
0000110001110011
0001011001000011
0010001010001000
0010011100010000
0010011001001110
0001111101010100
0001101010011100
0001010011110010
0000000011000010
1110110001100000
1111000100011000
1111000010110110
1111011000110110
0000000110111000
0000010011110010
1111010011001100
1110101001001100
1110011001110110
1101111011111110
1101111011001010
1101111011001010
1110000000000000
1101111100110010
1110001010100000
1110011101000110
1110100010110000
1110111001010110
1111100010100010
0000101100000000
0001110011000100
0010000000000000
0001100110111110
0001000010101000
0001010010110010
0001110111111010
0010010101110010
0010011100010000
0001111011111100
0001011010110110
0001000111011110
0000000011100111
1111000110010000
1111000010001111
1111011010011100
1111001100011110
1111111010100100
1111110101100010
1111001001111110
1110011101100100
1110000000010000
1101111111011010
1101110101010110
1101110101010110
1101111001100010
1101101100111110
1110011100101110
1110010001000000
1110100000111010
1110100011011100
1111001100011110
0000010111000010
0001011000011000
0001111001111010
0001101001001010
0000110101001100
0001000000000110
0001110011001100
0010001110000000
0010011100010000
0001111100011010
0001010000000000
0001000000000110
1111111110110000
1110111100100100
1111001010110100
1111100110011100
1111011010111000
0000000111110000
0000000010000010
1111001001110000
1110010011000100
1110001101011000
1110100001110000
1110100110101010
1110000010110000
1110000101001100
1110010111001010
1110001000011110
1110010100101110
1110011101101100
1110110001010000
1110111011111000
0000001001011000
0001011100100110
0010001011111100
0001110000111111
0000101011101010
0000100111100100
0001001100010010
0001111011101000
0010011100010000
0010000000100000
0001001010101010
0001000011010100
1111111110110010
1111110000000110
0000000100100000
0000001100101010
0001010010010000
0001111011010110
0010001011110100
0001010010010000
1111010110111000
1111010110111000
1110110110000000
1111100111010110
1111101111100100
1111110111110010
1111100111010110
1111110111110010
0000000000000000
1111101111100100
0000011000101010
0000010000011100
0000100000111010
0000111001100100
0001101010111010
0001001010000000
0001001010000000
0000111001100100
0001110011001000
0001100010101100
0010011100010000
0001110011001000
0001001010000000
0001010010010000
0001001010000000
0000100000111010
0000011000101010
0000101001001000
0000010111001010
0001010001000001
0001010110110100
0001000101011100
0000000000000000
1111111010001110
1111100011000100
1111000110001000
1111000110001000
1111100011000100
1111001011111011
1111101000110110
0000001011100100
0000000000000000
0000101000100000
0000101110010010
0001101000001010
0010010110011110
0001111001100010
0001101000001010
0001011100100110
0001111001100010
0001111111010100
0010011100010000
0010011100010000
0001011100100110
0001101101111110
0001101101111110
0000101110010010
0000100010101110
0000100010101110
0000011100111100
1111011100011000
0000100000111010
0000100110011000
1111101100110100
1110111110001110
1110100010110100
1110101011000011
1110110110000000
1110011010100100
1110101000010010
1101110100001100
1110100101100010
1110101000010010
1110110011010000
1110111110001110
1111011100011000
0000011000101010
0001100101011100
0001110101111000
0001000001110010
0000001101101110
0001000111010010
0001111000101000
0010010110110010
0010011100010000
0001101010111010
0001011101001100
0001010010010000
0000011011011010
1110110000100000
1111011100011000
1111010100001000
1101100011110000
1101100011110000
1101100011110000
1101100011110000
1101100011110000
1101100011110000
1101100111100110
1101101000110010
1110011011000010
1110001111100000
1110010001111000
0001111001011000
0010010011111110
0010010011011000
0010000110101010
0001111001000100
0001011101100100
0001010100011010
0000110100011110
0000010011111110
1111111011101110
1111000111011000
1101111001000010
1101101110000110
1101101001101010
1101101001111110
1101100011110000
1101100011110000
1101100011110000
1101100011110000
1101100011110000
1101100011110000
1101100011110000
1101100011110000
1101100011110000
1101100011110000
1101100011110000
1101100011110000
1101100011110000
1101100110100110
1101100110110000
1111000001000010
1110100110000010
1110000101101010
0000010010001010
0001110111100111
0010011000001000
0010001100011010
0001011101010000
0001000110001000
0000101011010110
0000101010100000
0000001000000110
1111101010011110
1110011011001100
1101101101100010
1101101110000110
1101100111110000
1101100110110100
1101100011110000
1101100011110000
1101100011110000
1101100011110000
1101100011110000
1101100011110000
1101100011110000
1101100011110000
1101100011110000
1101100011110000
1101100011110000
1101100011110000
1101100011110000
1101100111111010
1101101100000100
1111100000110000
0001001111001010
0000101011001110
1110100001101000
1111001010111000
1111100000001001
1111100011010000
1111100010000000
1111011111100000
1111101100000000
1111011110111000
1111100010000000
1111100101011100
1111000100000110
1110101101101100
1110110111100110
1101110000010000
1101101101001000
1101100011110000
1101100011110000
1101100011110000
1101100011110000
1101100011110000
1101100011110000
1101100011110000
1101100011110000
1101100011110000
1101100011110000
1101100011110000
1101100011110000
1101100011110000
1101110101100110
0010011100010000
0010011100010000
0001000010111110
0010001010011010
0010011100010000
0001101011001010
1101101000001110
1110001011111100
1110001011111100
1110010000011011
1110001011111100
1101111010000100
1110000011000000
1111100000110000
0010011100010000
0010011100010000
0001000010111110
0001000111011100
1110000111011110
1101100011110000
1101100011110000
1101100011110000
1101100011110000
1101100011110000
1101100011110000
1101100011110000
1101100110110100
1101101010010010
1101110001110110
1101110101010010
1101111011110100
1101111010110010
1101111110000110
1101111110101100
1101111111001100
1110001011011001
0001011111010010
0001100100110000
0001100110000100
0001100111001000
0001101001111100
0001101001100010
0001101101100010
0001101111111000
0001110111100010
0001110111001001
0000111000010000
1110111010001010
1110000000110010
1111000111111100
0000110011001110
0001100110100000
0010010011111010
0010011100010000
1111001011100100
0000000101101110
0000001010111010
0000000100101100
0000001100111110
0000010111011000
0000011111101010
0001011000110010
0001100110010000
0000111101110001
0010011100010000
0010010001111000
0001110100110100
0001100110010000
0001101000010101
0001100100001100
0010000000001110
0010000010010010
0001110101110110
0001101100100000
0001101000010101
0001101100100000
0001000010111110
0001000110000110
0000101100001000
0001000010111110
0001010010100010
0001000111001000
0000101100001000
0000010111011000
0000000101101110
1110111111001000
1110011101100100
1111101001110110
1111010111011011
1111011100010100
1111110010011110
1111111100010100
0000001101100010
0000101111111110
0001001100010010
0000111011000100
0001010111010110
0010011100010000
0010000100111000
0010000110000110
0001101111111110
0010000010011010
0010001110101110
0010001100010000
0010000100111000
0001101110101110
0010001100010000
0001111101100000
0010001110101110
0001110001001100
0001010100111010
0001000110001000
0001011111111110
0000110011101100
0000111011000100
0000111001110100
0000100111011000
1111010111011011
0000000100010000
0000010110010100
0000000011001100
1111111110111100
0000001110111000
0000001000100000
0000000000000000
0000001101110100
0001110011110101
0001101111100101
0001110100111010
0010010011110000
0010011100010000
0010001110011100
0001111111100100
0001110111000100
0001110111000100
0001101100011010
0010001000000100
0010001000000100
0001010110000110
0001111101011100
0001111111100100
0001100011111010
0001110010110010
0001101011010110
0001110001101110
0001101101011110
0001000010111110
0000110011000010
0000110001111101
0000010100001100
0000001100110000
1101100011110000
1101100011110000
0010011100010000
1110000011000000
1101100011110000
1101100011110000
1111000001100000
1101100011110000
1110100101101110
1111011101010010
1110111010100100
0000001010011010
1111110101100110
0000010100110110
0000110111100100
0000010100110110
0001011101110000
0001100001001110
0001011101110000
0001101011101000
0001110010100110
0010010101010100
0001100001001110
0001100100101100
0001110010100110
0001101011101000
0001101011101000
0001011101110000
0010000111011010
0010011100010000
0010000000011110
0001101111001000
0001111101000000
0001111101000000
0001001000111010
0000101101001000
0000000011011110
1111111001000100
0000001101111000
0000000011011110