1111010111110000
0001000011011110
0001100011011100
0000000100110000
1111000111001100
1110011110111100
1110001010110100
1101111100100110
1110000010100010
1110000000001010
1110000100111011
1110011110111100
1111000110000001
0000001101000010
0010000110111100
0010011100010000
0001000100101010
0000011010000010
0000010010111100
0000000111000110
0001110111100100
0010001010100000
0000110111101000
0000001000010010
0001011001111110
0001000111000010
0000110000100010
0000000101111010
0000110110011100
0000010111101100
0000001111011000
0000110100000101
1111000101100110
0000110100000101
0001010110110100
1111111000000110
1111001100111110
1110111011000110
1110010111010100
1110001101110110
1101111111000110
1101110000011000
1101110110101100
1110100011111101
1111001111000100
1111111010001110
0001001111011100
0010011100010000
0001111001100010
0001010100101100
0000110001111101
0000011100111100
0001011101001000
0001011110001010
0001001100010010
0001001010001100
0001011011000000
0000111110100110
0000100100010100
0000111011011100
0001001111011100
0001001100010010
1111000100100100
1111010111100000
1111010010000110
0001001010110010
0001110001111110
0000101001110010
1111100000100010
1111001101111110
1110010101010000
1110001110000010
1110000000101000
1110000011101110
1110010010001010
1110000111110110
1111001010111000
1111101010110110
0000110011000100
0010011100010000
0010001010101110
0010001101110100
0001000010100010
0001000101101000
0001111000001010
0001100110101000
0001000000011110
0001010100000100
0001111111011000
0001001101111000
0000100010100100
0001100001011110
0001110001111110
0001001000101110
1111111000010000
1111100000100010
1111001101101000
0001000101111010
0001101100111110
0000010000011100
1111011100000010
1110111110001110
1110000000100010
1110001001110010
1101111011011010
1101110001001000
1110001000110000
1110000011101000
1111000101011010
1111010011110100
0000011000101010
0001100000100111
0010011100010000
0010001001110000
0000011100110010
0000100111000100
0001000101111010
0001010011010000
0000110111100000
0001010011010000
0001010001001110
0000101011001100
1111111011111000
0000100001111100
0001000001110010
0000110111100000
1111111010111000
1111110110110000
1111010001110110
0001011011110000
0001111000101010
0000010101101100
1111101011011100
1110111101110110
1110010101110010
1110000110001110
1110000101001000
1110001000011100
1110010011100101
1110011001001000
1111000000000100
1111001000111100
0000100100001010
0001110000111000
0010011100010000
0010000011110010
0001000100011010
0001010001110000
0010000111001000
0010000011110010
0001001001111110
0000100000110100
0001100010011010
0001010000101000
0000101001101110
0000111001010010
0001010000101000
0001001011000100
1111101111111000
0000111100101000
1111001000100100
0001001110111110
0001011100011010
0000100101100010
1111010100111000
1110000011001000
1101111110101000
1101110011011100
1101101100101110
1101100011110000
1110000101010110
1110000110011110
1110011110000000
1110111111100110
0000001000011010
0001111001100010
0010011100010000
0010000001011000
0001001000010000
0001001101110110
0001111110000000
0001111001100010
0000110000101110
1111100101101100
0000001110000000
0000101110011110
0000100100011010
0000011101101100
0000010101110110
0000010011100110
1111101011010010
0000100001000010
1111101111110110
0010001001000110
0010000110101100
0001100011111110
1111111111011010
1110011100000010
1110101100110010
1110010111010000
1101100111010110
1101111011101100
1110110010110010
1110111001111110
1110110101001010
1110111100010110
1111111110001110
0001100001100110
0010011100010000
0010010101000100
0001011111001100
0001001100000010
0001100010110010
0001011001001100
0000011001110000
1111010001111010
1111100010101010
0000110100000101
0000101001010100
0000100011010100
1111111111011010
1111100001011110
1111010101100000
0000110110011110
0000101011110000
0001011101110000
0001110110110000
0001010111100000
0000000110010000
1111110011100000
1111100000110000
1111110011100000
1111100000110000
1111110011100000
1111111001110000
0000000000000000
0000001100100000
0000110010000000
0010010110000000
0010011100010000
0001101010010000
0000111110100000
0001001011000000
0000100101100000
0010000011010000
0010010110000000
0001101010010000
0000111110100000
0001011101110000
0001011101110000
0001000100110000
0001010001010000
0010000011010000
0001110110110000
0001011101110000
0001010111100000
1111011100101110
0001000001100010
0001011111110010
0000000101000010
1111111010111110
1110111110011110
1110110100011010
1110100000001110
1110100000001110
1110101010010100
1110100000001110
1110101010010100
1111011100101110
0000011001001100
0010001000000110
0010011100010000
0000110111011100
0001000001100010
0000011001001100
0000000101000010
0001011111110010
0001011111110010
0001000001100010
0000110111011100
0001001011100110
0000101101011000
0001000001100010
0000101101011000
0001000001100010
0000110111011100
0000000101000010
1111011100101110
1110111000111110
0000101111010110
0001000010010010
0000001110001110
1110111101101110
1110010011000111
1110001110011000
1110000000001010
1101101000100000
1110000100111011
1110010011000111
1110010111110110
1110010111110110
1110101111100000
1111111011010000
0001110001101000
0010011100010000
0010000100100100
0000001001011110
0001001011110000
0001011110101100
0001001011110000
0000100101111000
1111101101000100
0000001110001110
0000100001001010
0000010010111100
1111110001110010
0000000100110000
0000000000000000
1111101101000100
0000100001001010
1101100011110000
1101100011110000
1101100011110000
1101100011110000
1101100011110000
1101100011110000
1101100011110000
1101110000110000
1101101110011110
1101110010001110
1110110101100010
0000100101111100
0001110110011000
0010001110011010
0010011010100110
0010010110110110
0010000110100110
0001101000001110
0000110000110110
0000000010110000
1111011101101110
1111001001101110
1110110011000010
1110010001100010
1101111110100000
1101110011111000
1101101101001110
1101101000000010
1101100011110000
1101100011110000
1101100011110000
1101100011110000
1101100011110000
1101100011110000
1101100011110000
1101100011110000
1101100011110000
1101100011110000
1101100011110000
1101100011110000
1101101101110100
1101101100001010
1110111101000010
0000111100001100
0000011111111010
0001101011111101
0010010000000000
0010001011110000
0001110000011100
0001100110000110
0001010101000010
0000100010100100
0000000000110110
1111010100111010
1110111110001110
1110101101101010
1110100011101110
1101111101000000
1101110101101110
1101101111011100
1101101001100000
1101100011110000
1101100011110000
1101100011110000
1101100011110000
1101100011110000
1101100011110000
1101100011110000
1101100011110000
1101100011110000
1101100011110000
1101100011110000
1101100011110000
1101101001011110
1101100111011000
1110111101010100
0001001011100000
1110100111111110
1110010110010000
1110001101111100
1110001101111100
1110010000000000
1110001011110111
1110000000111010
1101111000000100
1101111100110000
1101110101100110
1101101011110010
1101110110100000
1110011001011000
1110101011000110
1110010100101100
1111000001100000
1110001100011000
1101100011110000
1101100011110000
1101100011110000
1101100011110000
1101100011110000
1101100011110000
1101100011110000
1101100011110000
1101100011110000
1101100011110000
1101100011110000
1101100011110000
1101110101100110
0010011100010000
0010011100010000
0010011100010000
0010011100010000
1111010111110100
1101101100101100
1101110001001010
1101100011110000
1101110001001010
1101110001001010
1101101100101100
1110101111101010
1111010111110100
1111001110111010
1110100110101110
1111010111110100
1111101110001010
1111000101111110
1111100000110000
1111000101111110
1101100011110000
1101100011110000
1101100011110000
1101100011110000
1101100011110000
1110010111100100
1110010110010100
1110011010110101
1110100011101110
1110101101000010
1110101110001010
1110110101101010
1110111001001010
1110111011010110
1110110011110100
1111110001101110
1111110010011110
1111110010011011
1111110011101010
1111110010111101
1111110100111110
1111111000001010
1111111001010011
1111111100100110
1111111110000010
1111011000011010
1111001110011000
0000110011100000
0000010011100010
0000100001000010
0001010011101000
0001101111110100
0010011100010000
1110111111110010
1111010110110010
1111110111011000
1111110111011000
0000010000010010
0000011011110100
0000101101000100
0000111000100100
0001000010001010
0001000100000100
0001110101111010
0001110000001010
0001110011111111
0001110011111111
0001110010000100
0001110101111010
0001110111110100
0010010100100110
0010011100010000
0001110000001010
0001101100010100
0010010000110000
0010001110110110
0001011011000100
0001110111110100
0001101010011010
0001011001001010
0000111110010100
1111111001010011
0000000000111110
1111100110001000
1110110100010010
1111010011101001
1111100001110100
1111010011101001
1111000000000111
1110100011101010
1111010001110110
1111010101011000
0000100011100000
0000011000110110
0000101100010111
0001000101010000
0000011110001100
0000100101010010
0001010001101100
0001001111111010
0001011111111000
0001111100010010
0001111000110000
0001110001101000
0010011100010000
0010010101001010
0001110001101000
0001111100010010
0001110110111110
0001101110000110
0001100011011100
0001010111000000
0000111100011000
0000111000110100
0000110101010010
0000010111000101
1111001100100000
0000100001011100
0000111100001100
0000001100110010
1111111100111110
1111110000110100
1111110010000011
0000100010101010
0001000001000100
0000111000100010
0000100011111000
0001101011101000
0001011101000010
0001001000010110
0001001110011100
0001001111101010
0001100011000110
0001110110100100
0010000101001010
0010010111011000
0010011100010000
0010010011110000
0010000000010010
0010000010101110
0001101001001100
0001111101110110
0001110111110001
0001101001001100
0001000010010010
0001000010010010
0001011000001010
0001000101111010
0000000111111010
0001001101100110
1101100011110000
1101100011110000
0010011100010000
1110100010010000
1111000001100000
0000011111010000
1110010111110110
1101100011110000
0000010000110000
1111101111010000
1111100100000110
0000001000011000
1111010110001010
1111011000111100
1111110100110110
1111101100011110
0001011110111000
0001101111100101
0001100100011100
0001100001101010
0000101100101010
0001001110001000
0001101111100101
0001000000001100
0000101111011100
0010000000010110
0010011100010000
0001010110100000
0001100111010000
0001010110100000
0001000101110000
0000100001011110
1111111010011010
0000000101100110
1111011110100010
1111110111101000
1111111101001110
1111000010101000
1111010000100100
1110100001001000