1110110010101010
1111101100110010
1111101011110000
0000110001010100
0010010000110110
0010011100010000
0010011010001100
0001011010110110
0010001100101100
0010001001100100
0001110011110000
0000001100111110
1111101010101111
1111000100010100
1111000110011000
1110101101011110
1111000010001111
1110101101011110
1111110100000100
0000110101011110
0000101011000110
1111100110100100
1111000010001111
1110101100011100
1110110101110010
1111010011111000
1111011010000110
1111111100011001
0000001001111000
1111111000001111
1110101101011110
1110100100001000
1110101001100100
1111100000111010
1111011110011000
1111111100001010
0001010011000010
0001110111100111
0001110110110010
0001010011111000
0001111101100110
0010011100010000
0001100111011110
0000011111000110
1111101100110110
1111011100101010
1111011110011000
1111000111011000
1111010000110000
1111101100000000
0000000101100010
0000111111011100
0000111100000010
1111110011101010
1111001111000010
1110100010110000
1110110111001100
1111100000000100
1111011000011010
0000000111001111
0000000010111110
0000000101100010
1111001001000110
1110101000101110
1110100001100100
1111101001110101
1111100110010100
0000001110011000
0001110100001110
0010010110001010
0010010111111010
0001011000010110
0010000000011010
0010011100010000
0010001110010100
0001000111110100
0000000100110010
1111101110001010
1111110001101000
1111101011100010
1111011110100000
1111110010100000
0000101100110110
0001000110111100
0000110010111100
1111111010010110
1111000001110001
1110110101100100
0000000011111010
1111111010010110
1111110111101110
0000010111000100
0000100111100110
0000001011110000
1111011001010000
1110001100101010
1110101101110110
1111101111000010
1111100010100010
0000010101011100
0001110100111110
0010010010011100
0010010001100010
0001011010001100
0001010000010110
0001111010010100
0010011100010000
0010000101000010
0000101111010100
0000011001111010
0000000111001010
1111111111000111
0000001011100110
0000101110011100
0001100010001110
0001011011111110
0000100001000010
1111011000101110
1111000000100110
1111011000101110
0000010010110000
0000001100100000
1111110001101110
0000010001110110
0000100001111100
0000010101011100
1111010110111100
1110000110100100
1110100110001110
1111111011100010
1111111101100010
0000010100010110
0010010111010010
0010011000010010
0001111001100010
0001011010110010
0001000000000000
0001000100111100
0001101101101000
0010011100010000
0010001100011000
0001110101100100
0001000100111100
0000111100000010
0001000000000000
0001110010100110
0001111111011110
0001000100111100
0000001111011000
1111010000111000
1110111011000100
1110110001001000
0000000011011110
0000011011010010
0000000101011110
0000010011010110
0000011111010000
0000011011010010
1110111000000100
1110000110011110
1110111010011000
0000000011100111
1111111001010011
0000010001000010
0010001101110100
0010001010101110
0001101011110010
0000100111101110
0000010100001000
0000000001100100
0000101001110010
0001011110011000
0001110111001000
0010011100010000
0010001101110100
0001010101000110
0001001010110010
0001011001001101
0001110101000100
0001101000101100
0000011010010100
1111100110101110
1111010000000010
1111000001100110
1110101011111100
0000001100111010
0000101010110100
0000110111001100
0000100100101000
0000000010100110
1110111011011010
1110000010101100
1111100101001001
1111110010010010
0000000001101010
0000100110111100
0000111100110110
0001001100001110
0000111010101010
1111101001100010
1111010011100110
1111010111111110
1111101111000000
0000001000001110
0000110100000101
0010000100001000
0010011100010000
0010001100111010
0001010011111000
0001010010110010
0001101110001100
0001111111110000
0001101000101110
0000011010110111
0000000010110000
1111100010111100
1111010111111110
1111110000000110
0000111001100100
0000111011110000
0000101111101100
1111001011111011
1110001101011010
1101101000001000
1111100110110100
0000000101000010
1111100110110100
0000110111011100
0010001000000110
0010010010001010
0010011100010000
0001101001110110
0001111110000000
0001110011111100
0001001011100110
0000101101011000
1111111010111110
1111010010101000
1110111110011110
1111011100101110
1111010010101000
1110010110001010
1111011100101110
0000001111001000
1111111010111110
1111100110110100
1110110100011010
1110110100011010
1110111110011110
1111110000111000
1111100110110100
1111100110110100
1111111010111110
1111011100101110
1110111110011110
1101110111111010
1111001011111011
0000001110001110
0000010111101100
0000111101100100
0010010010110010
0010001001010100
0001111111110110
0010011100010000
0010011100010000
0010010010110010
0001110110011000
0001000111000010
0000001110001110
0000000100110000
1111110001110010
1111011110110110
1111001011111011
1111011110110110
1111001011111011
0001011001111110
0001010000100000
0000000100110000
1111110001110010
1111000010011100
1111000010011100
1111101000010100
1111001011111011
0000101010101000
0000010111101100
0000100001001010
1111111011010000
1111010101011000
1110111011000100
1111101101101000
1111101001000010
0000010010011000
0001101110010010
0010000101010010
0010010011000100
0001011011111001
0001111100000110
0010011100010000
0010001001111000
0001001110001000
0000001001001100
1111001101011100
1111101001000010
1111011011010000
1111101001000010
0000000000000000
0000101101111110
0001001110001000
0000011011100100
1111100100011100
1110111111101010
1110111011000100
0000001101110010
1111110110110100
1111101101101000
0000000000000000
0000010010011000
0000001101110010
1111010110101000
1110010110010100
1101100011110000
1101100011110000
1101100011110000
1101100011110000
1101100011110000
1101100011110000
1101100011110000
1101100011110000
1101100111000010
1101100111101100
1110000100010011
0000110110100000
0001100111011010
0010000101100010
0010001011001110
0010011000000110
0010010101000010
0010000010101100
0001110111001000
0001001110100000
0000011111000111
1111011000110100
1110010100011100
1101110100110010
1101101100100000
1101101010111110
1101101010110000
1101101000110010
1101100011110000
1101100011110000
1101100011110000
1101100011110000
1101100011110000
1101100011110000
1101100011110000
1101100011110000
1101100011110000
1101100011110000
1101100011110000
1101100011110000
1101100011110000
1101100110010100
1101100110010100
1101111100001000
0000011001011100
0001100110011000
0010010010110100
0010010010001110
0010010101111000
0010000101110000
0001011101100100
0000101110101000
0000000010000010
1111010011011111
1110011100111010
1110000000001110
1101110000001110
1101101101010000
1101101011010110
1101101000011100
1101100111000110
1101100011110000
1101100011110000
1101100011110000
1101100011110000
1101100011110000
1101100011110000
1101100011110000
1101100011110000
1101100011110000
1101100011110000
1101100011110000
1101100011110000
1101100011110000
1101101011000010
1101100111111010
1110001010010010
1110001110011100
1110010111110101
1110001111100000
1110001101111100
1110010101110000
1110010010000110
1110011001111010
1110010010101000
1110010011000100
1110011110101010
1110101111101000
1110101001100010
1111000111110000
1110111010001100
1110110111000100
1110011100000000
1101110100011010
1101100011110000
1101100011110000
1101100011110000
1101100011110000
1101100011110000
1101100011110000
1101100011110000
1101100011110000
1101100011110000
1101100011110000
1101100011110000
1101100011110000
1101100011110000
1101110101100110
1111010011010110
0010011100010000
0010011100010000
0000011010110010
1101110101100110
1110100010010000
1110111000100100
1101110101100110
1101110101100110
1110011001010100
1110001011111100
1111000101111110
0001011001010010
0000101100101010
1110100010010000
1110000011000000
1110100110101110
1110100110101110
1111111011100010
1101100011110000
1101100011110000
1101100011110000
1101100011110000
1101100011110000
0010011100010000
0010011100010000
0010011100010000
0010011100010000
0010011100010000
0010011100010000
0010011100010000
0010011100010000
0010011100010000
0010011100010000
1111101011100100
1111101101110110
1111011010111100
1111011100101000
1111010001010010
1111001100100010
1111001000110010
1111000101011010
1110111011111000
1110001101001100
0000110010000000
1111010000001110
1101111011101010
1111001010101000
0000101111011110
0001101011101110
0001100010111110
0001100000010110
1111111110110100
1111010100100010
0000101001001000
0000011011000001
1111110000101110
0001010101110000
0001101101010000
0010011100010000
0001100001100000
0001100001100000
0001011010011110
0001011010011110
0000110111001110
0000111110001111
0001011000000111
0001000010111110
0001010011011010
0001000111101010
0001000010111110
0001000010111110
0001110110101010
0001100001100000
0001000010111110
0000110010100010
0001010001000100
0000011111101110
0000011101011000
0000110111001110
0000100110110010
0000101011011110
0000100010000100
1111100000010010
1111111101000100
1111011111100100
0000101111001010
0001000000110110
0010000001101110
0000011010100010
0010000111101000
0001111011110100
0001110101111100
0001101010001000
0001101101000110
0001110010111110
0001001001101100
0001101101000110
0001111011110100
0000111101111010
0001100001010010
0000101001010010
0000100000011100
0001011110010110
0001110010111110
0001110010111110
0001010010100100
0000010001101100
1111011100101000
0000010111100110
0001011011011010
0001100111001100
0001110000000010
1111111010000110
1111110100001110
1101111011010110
0000000001100110
0000001110010110
0001100100011100
0001101100011010
0010011100010000
0010000100010110
0001110110000000
0001001100100010
0001100110000010
0010001001001000
0010001101111010
0000111001011010
0001101001001110
0001110001001100
0001110001001100
0000111110001100
0000111011000000
0000111011000000
0001011100011110
0001000110001010
0000001001100100
0000011011000110
0000001111111011
0000101100101010
0000100110010000
0000011110010010
0001010110000110
0000011100101100
0000011111110111
0000011111110111
0000001111111011
1111011001110000
1101100100110010
0010011100010000
1101100011110000
1101100011110000
1101100011110000
1101100011110000
1101100011110000
1101100011110000
1101100011110000
1111010101101000
1111100101100010
0000010010100010
0000010111110110
1111101010110100
1111101010110100
0000000111111100
0001100010000000
0010011100010000
0001110001111000
0001110111001100
0001101111001110
0001001010001010
0010000100011010
0010000001110010
0000000111111100
1111110101011010
0000100101000100
0001010100110000
0000110111101000
0000100111101110
0000010101001100
0000001010100110
1111111101010110
1111010101101000
1111100000001110
1111100000001110
1111101101011110
1111101010110100
1111001000011000
1111100000001110
1110111101110010