1110000100001010
1111000000000000
1111101100111000
0000001000010100
0001000000110100
0001001110111110
0000110110110110
0000101000101110
0000011011011100
0000010111010010
0000100010111010
0000100010000100
0000100110001110
0000110011100010
0000111101100000
0001110011100001
0010001000010100
0010011100010000
0010000111011110
0001110100010110
0001111101100000
0010000010100000
0010011000000110
0010000100111110
0001101010011000
0001010011111100
0001011101000110
0001001110001000
0001010010010010
0001001001001000
0001000100111110
0001011011011100
1110001101111110
1111000011010010
1111110010101010
0000000101001100
0000111110111100
0001000011011000
0001000101100110
0000111100101110
0000101000000000
0000011001111010
0000101001011110
0000100000100110
0000100010000100
0000111000010010
0001000111000110
0001100010100000
0010010000011010
0010011100010000
0001101010101000
0001011010010110
0001111101111000
0001110010110010
0010000000110110
0001101001111010
0001100110111100
0001000111000110
0001000100111000
0001000111110110
0000111010100000
0000110110000011
0000110101010100
0001000011011000
1110001110011100
1111000001100000
1111110011000010
0000000011000100
0000111011011100
0000111001001010
0001010111101010
0001001000011010
0000100000110010
0000101100001101
0000110000110010
0000101001111010
0000101110011111
0001000110111000
0001011111010010
0001101001111100
0010011100010000
0010010110111010
0001010111101010
0001100011000110
0001110011110101
0001110111101010
0001111011011110
0001100011000110
0001011001001100
0001000000110010
0000101111010000
0000111001111100
0000101000011010
0000100111101000
0000111000011010
0000101010101100
1110001101001010
1110111111001010
1111110100010010
0000000000000000
0000111100001010
0001000110010100
0001101001011110
0001010011100110
0000100110010010
0001000000000100
0000111010100110
0000111001110100
0001000101100010
0001010010110100
0001111000010100
0001111000010100
0010011100010000
0010000110011000
0001100000000110
0001110101111110
0001110101111110
0010000110011000
0001110111100010
0001100100110010
0001001101010110
0001001010001110
0000110101001000
0000100111000100
0000101111101010
0000101100100001
0000110010000000
0000100110010010
1110001101101110
1110111001110110
1111111110100100
0000000011100111
0000101001111110
0001111010010000
0010001101110010
0001100000111011
0001000000011000
0001011010011100
0001010011111010
0001011000111110
0001101011110010
0010000100011000
0010010101110000
0010011100010000
0010011001010110
0001111101111000
0001101110101100
0001111010010000
0010010110011110
0010001100010110
0001111110100110
0001100011000110
0001100000111011
0001001101011010
0001000001000110
0001000001000110
0000111101100000
0000110101100010
0000111110001110
0000110011011000
1110010100001101
1110111010000000
1111111110111000
1111111110000110
0000011100011000
0001110011010111
0001110100111010
0001101110000110
0001010111011010
0001011011111100
0001011101011100
0001101111100101
0010000100000010
0010011000011110
0010010010011010
0010011100010000
0010000100110010
0001111010111110
0001110100111010
0010000111110100
0010010110001100
0010011001001110
0010000100110010
0001101000000001
0001011010011010
0001000111100000
0001000010111110
0001000000101100
0000111001001000
0000111100001010
0000111001001000
0000110111101000
1110010010110010
1110110110111010
1111110001101110
1111110011011010
0000100001100110
0001010100000000
0010001001110010
0010001101001000
0001010111011000
0001101101001110
0001100011111110
0001110000100100
0010011100010000
0010010011110110
0010011010100100
0001110011111100
0001100110100000
0001100011001000
0001000110100100
0001110010010000
0010000000100010
0010001000111100
0001011001111000
0000111010110100
0000101110001011
0000011111111100
0000001111111110
1111111011110100
0000001010000110
0000001110010010
0000010110101100
0000010000110100
1110010011011011
1111011101100100
1111100010111000
0000011101001000
0000010111110110
0001010010000110
0001001100110100
0000101101000010
0000100111101110
0000100111101110
0000011101001000
0000110010010100
0000110111101000
0000101101000010
0000110111101000
0001110111001100
0001111100011110
0010010001101010
0010001100011000
0001110111001100
0001110111001100
0010010001101010
0010011100010000
0001101100100101
0001010111011010
0001010111011010
0001011100101011
0000101101000010
0001000111100000
0000110111101000
0001000111100000
0001010010000110
1101111010011110
1110100111111100
1111100110011100
1111111101001010
0001000111000010
0001001100101110
0000101010101000
0000011111010000
0000010011111000
1111110111011110
0000011001100100
0000001110001110
0000011001100100
0000110000010010
0000100100111100
0001011101110000
0010000101100010
0010011100010000
0001101001000111
0001101001000111
0001111111110110
0001110100011101
0010001011001110
0001110100011101
0001101001000111
0000110101111110
0001010010011000
0001010010011000
0001010010011000
0001000111000010
0000110000010010
0001010010011000
1110001101110010
1110111111101010
1111110001100100
0000000011111100
0000111011000110
0000111101101110
0001001000001110
0001000000010110
0000101000101110
0000100000110100
0000100110000100
0000100000110100
0000100011011100
0000111011000110
0001010010101110
0001100101000110
0010010001110000
0010011100010000
0001100010011110
0001011111110101
0001111100110000
0001101111100101
0010000010000000
0001100111101101
0001100101000110
0001000101100110
0001000000010110
0001000000010110
0000110000100110
0000110011001110
0000111000011110
0000111101101110
1101100011110000
1101100011110000
1101100011110000
1101100011110000
1101100011110000
1101100011110000
1101100011110000
1101100011110000
1101101101110100
1101101011001100
1110000011010000
0000111010001110
0001111100110000
0001001110010110
0001001100001010
0001011100110010
0001100010111010
0010001100000100
0010001100100000
0001001100001010
1111111001011100
1111011101000000
1110011010000010
1110000011101100
1101110011100000
1110001001011000
1110111100100110
1110000010011000
1101111111110000
1101110111111000
1101100011110000
1101100011110000
1101100011110000
1101100011110000
1101100011110000
1101100011110000
1101100011110000
1101100011110000
1101100011110000
1101100011110000
1101100011110000
1101100101111010
1101100101101010
1110001110000000
0000100000110000
0001111011001100
0001010010001010
0000110001111000
0001000001111000
0001010111001110
0001110000011110
0010010010110110
0001100111110010
0000101110111000
1111011000111110
1110000100100100
1101110001100010
1101101100001010
1101101101101110
1101110001101000
1101101010100110
1101101010000010
1101101001110010
1101100011110000
1101100011110000
1101100011110000
1101100011110000
1101100011110000
1101100011110000
1101100011110000
1101100011110000
1101100011110000
1101100011110000
1101100011110000
1101101111001100
1101100111111010
1111000101001000
1111101111100110
1111101001010110
1111101110000010
1111100011010000
1111100011111000
1111100010000000
1111000101111000
1110111010101000
1111001111010000
1111001101011000
1110111010101000
1111001010010110
1111111000001100
0000010111011100
0000111010010011
1110001011110111
1110010000100010
1110101001000000
1101110101011100
1101100011110000
1101100011110000
1101100011110000
1101100011110000
1101100011110000
1101100011110000
1101100011110000
1101100011110000
1101100011110000
1101100011110000
1101100011110000
1101101000001110
0010011100010000
0010011100010000
0010011100010000
0010011100010000
1111100101001110
1111010011010110
1101111010000100
1101110001001010
1101111110100010
1101111010000100
1110101111101010
0010011100010000
0010011100010000
0010011100010000
0000010001110110
1111100101001110
1110010000011011
1110000011000000
1101110001001010
1101100011110000
1101111110100010
1101100011110000
1101100011110000
1101100011110000
0010011100010000
0010011100010000
0010011100010000
0010011100010000
0010011100010000
0010011100010000
0010011100010000
0010011100010000
0010011100010000
0010011100010000
0000010010110010
0000010010110010
0000010101110010
0000011001001101
0000010110100000
0000010110110010
0000001111110000
0000000001101110
1111100110100000
1110100011001000
1110010111110110
1110110000111110
1110000010001110
1111010100001000
0001101010100000
0001110111011101
0001010011101110
0010011100010000
1110001011010000
1110101111001100
0000000101011000
0000001100100100
1111100101000100
1111011101111000
1111110011011100
0001001101001110
0010001101111000
0010010001011110
0010001010010010
0010010101000100
0001111111011111
0001011011100110
0001010100011010
0001011000000000
0001011011100110
0010000110101100
0010011100010000
0010011000101010
0010011000101010
0010010001011110
0001011111001100
0000101001010100
1111110011011100
0000100010001000
0001000010011100
0001010000110100
0000110111101100
0000111011010010
0000111110110110
0000001000111110
1110101111010110
1111010111101100
0001000001100010
0000110111011100
1110111110011110
1110100000001110
1111100110110100
0000000101000010
0010011100010000
0001001011100110
0001111110000000
0010001101001000
0000011001001100
0000100011010010
0000010100001010
0000101101011000
0000110111011100
0001001011100110
0010000011000100
0010000011000100
0010010010001010
0001111000111110
0001110011111100
0001000001100010
1111110101111010
0000101101011000
0001011111110010
0001111000111110
0000110010011010
0001010000101010
0010010111001110
0001111000111110
1110111010111110
1111100110100100
0000010101110100
0000100111111110
0000000111010010
0000000011100111
0000100000101110
0001001000101100
0010001010000110
0001111111001011
0010001010000110
0010010001010110
0001100101110000
0001010011100100
0000110010111000
0000101111010000
0001001111111100
0001001100010100
0010010100111110
0010011100010000
0001010011100100
0001111111001011
0001110000101010
0001001000101100
1111101010001100
0000111010001000
0000101011100110
0001001111111100
0000001110100010
0001001000101100
0001010011100100
0000010010001010
0001111101001110
1101100011110000
1101100011110000
0010011100010000
1101100011110000
1101100011110000
1111000001100000
1110000011000000
1101100011110000
1111010111001000
1111011001100010
1111100011001011
1111101100110010
0000001110011100
1111100111111110
1111101111001100
0000110000000100
0000111001101011
0000110111010010
0000111110100000
0000100001101010
0000011111010000
1111111011001100
0000100001101010
0001111101000000
0001100111011000
0001110011010111
0001110101110010
0001101110100100
0001011000111100
0001000000111010
0010001011011100
0010001011011100
0001100111011000
0001111101000000
0000110000000100
0001100000001001
0001111000001100
0010011100010000
0010000110101000
0000100001101010