1111001011111011
0000100100101100
0001010000100000
0001010100000001
1111010001110110
1111001011111011
1110001110011000
1110000000001010
1101101111100110
1110011001000010
1110001000011100
1110010100010010
1110111100100010
1111001111011110
1111111010000110
0000110100000101
0001100010010000
0001111110101010
0001111001111100
0001011011001010
0001110110011000
0001111101011110
0010000011011010
0001110110011000
0001101011101110
0001100010010000
0001111001111100
0010001111001110
0001111110101010
0010011100010000
0001111011000101
0001011110101100
1111010111011110
0000110011100010
0001100110001100
0001100100100000
0000000101000100
1111111111001010
1111000110100100
1110110000100110
1110001110110100
1101101100001100
1101111011011010
1101111111101000
1110010101100110
1111000101101110
1111010000101100
1111110010100000
0000011001010110
0001100100100000
0001101110101010
0001011110100110
0001100100100000
0001111101000000
0010000101011100
0010001000110100
0010000101011100
0001011010011000
0001111001101000
0010001010100000
0010000110010010
0010011100010000
0010000110010010
0001100100100000
1110110111110110
0000100010111110
0001010010110010
0001001100100100
1111101011001100
1111001011010100
1110110101001100
1110010011100101
1110000011101000
1101111101011100
1101111000001000
1110001010101100
1101111101011100
1110001001110100
1110010000111010
1110101111111000
1111010001100010
0000010111011110
0001001111001110
0001010010110010
0001100000000100
0001100011100110
0001111111111010
0010000101001110
0001110001110000
0001000011101110
0001101001110010
0001101001110010
0010001111110110
0010010011011010
0010011100010000
0001110110001100
1111000000100010
0000101001000010
0001001110001000
0000110110101100
1111100110100110
1110100101001100
1110010001101010
1110010000101010
1101100110101100
1101101010100110
1101111000010000
1101101001101000
1101111111000110
1110010111100001
1110010101100100
1111001110001101
1111110000011000
0000110110101100
0001110100001110
0010010110011000
0010010010100000
0010000100110100
0010010101011010
0010011100010000
0010001100101000
0001011011110010
0001000110010100
0000110111101010
0001100010101000
0010000111110000
0001111011000100
0001101101011000
1111000111000110
0000100010010100
0000111110010100
0000011100111010
1111010001000010
1110111001100100
1110010011101000
1110001001101100
1101110101110100
1101110101110100
1101111110110110
1101110011000110
1101111110110110
1110100000010000
1110101001010010
1110110000100010
1111101100001000
0000001001000010
0001001001001010
0010000100110010
0010000011111000
0001110100100000
0010001000011000
0010010100001000
0010001000011000
0001101000110010
0001101000110010
0001100100001111
0010000011111000
0010011010011100
0010011100010000
0010000011111000
1111000110110110
0000011001101110
0000110010100000
1111110111011100
1111010110000110
1110100011100110
1110001101101010
1110001110101000
1110000000010111
1101100101101010
1101111000101110
1101111111011000
1110010010011100
1110100000101110
1110100111011011
1110111000100010
1111001010101010
1111111011010000
0000010111110100
0001110000011100
0010010101100110
0001111010111010
0001111101110000
0010011100010000
0010010111100000
0001101011101001
0001110100010000
0001101010101110
0001110111000110
0010001100000100
0010011011010100
0010001011000110
1111010100111000
0000010000001110
0000011010011100
1111100000111100
1111000011010000
1110110100011100
1110011010011110
1110000111111011
1110001001110010
1101101000011000
1101110101011000
1110010101110100
1110011011011000
1110000000100001
1110100001111000
1110111000001000
1111100101100100
1111111110100110
0000101010001100
0001111001000000
0010011100010000
0010001000110010
0010000110111100
0010010101110000
0001111101101010
0001011110001000
0001100111011010
0001011010011010
0001100000111010
0010010010000100
0010001101011010
0001101010001100
0000001101100101
0000111101001010
0000101111100100
0001011000010100
0000010100010111
1111111001001110
1110101110011110
1110100000111010
1111001001101010
1111101011101001
1111011110000010
1111010000011100
0000001101100101
0000000110110010
0000110110010110
0001011000010100
0001100101111010
0010001110101010
0010000111111000
0001111010010010
0010000111111000
0010001110101010
0010000111111000
0010010101011110
0010000111111000
0001111010010010
0001111010010010
0010001110101010
0010001110101010
0010011100010000
0010000111111000
0010001110101010
1111101011101001
0000100001111110
0001000011111100
0001010001100010
0000001101100101
1111101011101001
1111000010110110
1110110101010010
1101110001010110
1110111100000100
1111010000011100
1111010000011100
1111001001101010
1111110010011011
0000001101100101
0000110110010110
0001101100101100
0001110011100000
0010000001000100
0001111010010010
0001110011100000
0010000001000100
0010000111111000
0010000001000100
0010000001000100
0010000001000100
0010001110101010
0010011100010000
0010001110101010
0010001110101010
0001100101111010
0001011000010100
1111000000001110
0000101111110110
0001011100011110
0001010110000110
0000000011001100
1111110110011100
1110111001110110
1110101001111010
1110001101001110
1101101101010100
1101100110111100
1110001010000000
1110010011100110
1111000110100110
1110111101000010
1111100011010100
1111111001101000
0000111111110010
0001001111101110
0000111100100110
0001001100100010
0001101111100101
0001111111100100
0010001001001000
0010000101111100
0001011100011110
0001111001001100
0001111111100100
0010010101111000
0010011100010000
0010001001001000
0001001100100010
1101100011110000
1101100011110000
1101100011110000
1101100011110000
1101100011110000
1101100011110000
1101100011110000
1101110100111010
1101101111001000
1101110100111010
1110010010001110
0000110100111010
0010001101100000
0010010110101010
0001111100111010
0001010101101110
0000100000000000
1111111110011010
1111101010101000
1111001110101010
1111000001001110
1110101100101100
1110011100101010
1110001100010000
1110000100011010
1110000001011010
1101111100001100
1101110101110110
1101110001011000
1101110001011000
1101101110000000
1101100011110000
1101100011110000
1101100011110000
1101100011110000
1101100011110000
1101100011110000
1101100011110000
1101100011110000
1101100011110000
1101101100111010
1101101010001010
1110100110011111
1110111001101100
0000111001100010
0010010101100000
0010001010101100
0001111011000100
0001110001010110
0000101100010010
0000010110000000
0000001001100010
1111111011101110
1111101011101010
1111001111101110
1111011100000110
1110101000011110
1110000010100010
1101111101001000
1101110101101000
1101110010101000
1101110011110100
1101101101011010
1101101011101010
1101100011110000
1101100011110000
1101100011110000
1101100011110000
1101100011110000
1101100011110000
1101100011110000
1101100011110000
1101100011110000
1101101001011110
1101101101101000
1110111000101000
0000111110100000
1110100100110000
1110011010001000
1110100011100000
1110101011101000
1110110110010000
1110101000100000
1110110000000000
1110101100111000
1110101001110000
1110101011000000
1110101100010000
1111000111110000
1110111100010010
1110101101101100
1110011100000000
1110011100000000
1110101001100010
1110111100110100
1110000111101100
1101110011011000
1101100011110000
1101100011110000
1101100011110000
1101100011110000
1101100011110000
1101100011110000
1101100011110000
1101100011110000
1101100011110000
1110000011000000
0010011100010000
0010011100010000
0010011100010000
0010011100010000
0010000101111100
1110011101110010
1110000111011110
1110011001010100
1110000111011110
1101110101100110
1101111110100010
1101110101100110
1110000111011110
1101100011110000
1101111010000100
1110111101000010
1110110100000110
1101101100101100
1101110101100110
1101100011110000
1110010100110110
1111010111110100
1110000011000000
1101100011110000
1101100011110000
1111000001110010
1111000000011000
1111000000011000
1111000011111100
1111001000100010
1111010000000010
1111010001101011
1111010010000010
1111001110111000
1110111010000000
0001010010011100
0001010101000110
0001010101000110
0001010101110010
0001010101011010
0001011001101010
0001011100100100
0001101111010110
0001110110101000
0010000000110100
0000100001010110
1110110110011110
1110110010000010
1111101000110110
0001011111011000
0010010001000110
0010011011010000
0010011100010000
1110010100101010
1111110100010100
0000001111111011
0000110110001101
0000100011000100
0000100111010110
0000101001011110
0001001001010110
0001100100111110
0001101101011110
0001101001001110
0001111010010000
0010000010110000
0001010110000110
0010000000101000
0010011100010000
0001111110100000
0001100000101110
0010001001001000
0010001011010000
0010010011110000
0010000111000000
0010010011110000
0001101011010110
0000110001111101
0000101001011110
0000111010011101
0000110110001101
0000010110010100
0000100000111100
0000100000111100
1111100111100100
1110011100001010
1111111100011111
0000100010000100
0000000101111000
1111110111110010
0000000011100001
0000001100111100
0000100110110010
0010000111000110
0010001110001010
0001111101101110
0001111011010110
0001101000100100
0010000100110000
0010000000000100
0010011001111010
0010011100010000
0010000111000110
0001011000000111
0001101010111010
0010010111100100
0010000111000110
0010000111000110
0010010000100000
0010010101001100
0001111101101110
0010000111000110
0001101101010000
0001110110101010
0001101000100100
0001101101010000
0000011111101110
1111101111011000
0000011000111100
0000001001111110
1111111100101100
1111101000101110
1111110001000010
0000001000010100
0000111011110110
0001111100101001
0001110110000010
0001101100000010
0010001011101000
0001101000101110
0001001010110100
0001100111000100
0010000011010100
0001111011000000
0001111011000000
0001111001010110
0001000100001010
0001101010011000
0010011100010000
0010011100010000
0001011110110000
0001111011000000
0001100101011010
0001011011011100
0001011101000110
0001100111000100
0001010001011100
0001000101110100
1111100111000100
0000100100001110
1101100011110000
1101100011110000
0010011100010000
1101100011110000
1101100011110000
1111100000110000
1110010111110110
0010011100010000
1111101101110010
1111111000001100
1111101000100100
1111101000100100
1111110000011000
0000010111011100
0000000111110100
0000000010100110
1111110000011000
0000010010001110
0010011100010000
0010010100011100
0001101111111110
0001011101110000
0001010000101101
0010011001101010
0010010100011100
0000110110101100
0001100101100100
0001100000010110
0001001110001000
0001010011010110
0001100000010110
0001011101110000
0000111011111010
1111111010110010
1111100101111110
1111011011100010
1111111000001100
1111101101110010
1111011000111100
1110011111101010