1111100101001110
0001111110100010
0010011100010000
0001111000001100
0000111001100100
0001000010100110
0001010101001010
1111111000110110
1110011100000000
1101111000011100
1110010001011000
1110001011100011
1110001111010000
1110001000010110
1110010010011100
1110010110001010
1110010001111010
1110011110101010
1110101101100000
1110110101011110
1110110001001110
1110010110101100
1110011101100110
1110011101100110
1110111111100010
1111100100001010
1111111111001110
1111110011000000
1110001111110011
1101111100001010
1101111100101100
1110000010000000
1110101010111001
0000000101010110
0000100011011010
0001100011100111
0010001110110010
0010011100010000
0010010011101000
0010010001001100
0000111110101100
1111101100110110
1111000110100000
1110101011111010
1110101111000010
1110100001111010
1110101001110110
1110100000111000
1110100010100110
1110111011011110
1111001000001110
0000010101111100
0000111011111010
0000101100010111
0000001100111100
0000001011111010
0000001111101110
0000011101001100
0000011110111010
0000110011101000
0000011110001101
1111101100100000
1110101010001100
1110010111111010
1110100000111010
1111100110100010
1111110010010000
0000011000111000
0001100100011000
0010011100010000
0010011011000110
0010010110111110
0010010110011010
0001100110001000
0000011101110110
0000001101110000
1111110001011000
1111110010010000
1111101001110000
1111101101010010
1111110000110010
0000000100101100
0000010100110010
0001000111011010
0010000011111110
0010000000011100
0001111011001100
0001011101010110
0001010101101110
0000110101100010
0000011010000010
0000010110110100
0000101011000000
0000100111100000
0000000100101100
1111100010011100
1110101101100000
1111011111011000
1111110111100000
0000000000110010
0001000110000010
0010000000111100
0010011100010000
0001111111100110
0010010000010100
0010011011011110
0001100100110100
0000101111001110
0000100011100100
0000010111000101
0000001101110010
0000001101000000
0000010011000110
0000010111101000
0000111011001010
0001100101100110
0010011001010110
0010011011001100
0010001100000100
0001110110110110
0001110000110000
0001011001011010
0000110110001000
0000100101001000
0000100000101000
0000101101101000
0000100100000100
0000001100101110
1110110010001010
1111101111111010
0000000100100100
0000000100100100
0001000010010100
0001111110001100
0010010000001010
0001110111110000
0001010011110000
0001011110100000
0001111001111000
0010000001101010
0010000000010110
0001011111100100
0001001011011100
0001000000111110
0000111101110000
0001010000010010
0001101110000100
0010001011100110
0010011100010000
0010010110010110
0001111110101110
0010000010110000
0001111110011100
0001110000100000
0001011110001110
0000111101001110
0000111011100110
0000111101110000
0001000101100010
0001000111111100
1110101001110100
1111100110010110
1111110101101100
0000011010101100
0001011001111000
0001010111110010
0000110011000010
0000010100101000
0000000001110110
1111111011100000
0000000100001110
0000011000000100
0001000100110000
0001101011100110
0010001001001110
0010001000111100
0001101011010110
0001100011001010
0001110010001110
0010000110010100
0010011100010000
0010010111110000
0010001010000000
0010001000111100
0010000100011110
0001110001011010
0001001110010000
0001000000110010
0000110010001110
0000111010011100
0001000000010000
0000111101111000
1110110011011010
1111111101010000
0000010011100100
0000101111011000
0000111001010110
0000011111100110
0000010011111010
1111111011100010
1111100100111000
1111011001100010
1111010011101100
1111100111101000
1111111011001100
0000001110110010
0001001100100110
0010001100011110
0010011010100010
0010000011111000
0001110011101110
0010010000100100
0010011100010000
0010001001011000
0001011101011010
0001001111101010
0000111101001000
0000110000000100
0000011011110100
0000010011100100
0000011010110010
0000011010000110
0000111101001000
0001000000100100
0001101100111001
0010010010110010
0010011100010000
0010001001010100
0001011001111110
0001011001111110
0001011001111110
0000000100110000
0000001110001110
1111010101011000
1111110001110010
0001000111000010
0001010000100000
1111111011010000
0000000100110000
0000010111101100
0000010111101100
0000010111101100
0000001110001110
0000010111101100
0000101010101000
0000101010101000
0000010111101100
1111111011010000
0000100001001010
1111001011111011
0000010111101100
1111111011010000
1110100110000010
1111101000010100
1110011100100100
1111111011010000
0001001110001000
0010011100010000
0010011100010000
0001111011101100
0001111011101100
0001101110101100
0001110101001100
0001101000001010
0000010011100010
1111011111011100
0000101101100100
0000101101100100
0000100111000100
0000100111000100
1111110010111110
0000111010100110
0001000001000110
0000110100000101
0001001110001000
0001000001000110
1111111001100000
0000001101000010
0000100111000100
0000100000100100
0000110100000101
0000110100000101
0000101101100100
0000111010100110
0000011010000010
0000101101100100
0000111010100110
0000100111000100
1110011101110000
1111100111110111
1111111110011000
0000111110110100
0010001100001010
0010011100010000
0010001100001010
0010011100010000
0001110010011000
0000000001101000
1111100100101000
1111100100101000
1111001110000100
1111010001010010
1111010111101111
1111010100100000
1111001110000100
1111101011000100
0000000100110110
0001000010000010
0010000010011110
0001111111010000
0001001000100000
0001010101011000
0001011000100101
0000110101001010
0000101000010001
0000111000011000
0000111110110100
0000101011100000
1111010100100000
1111000001001100
1101100011110000
1101100011110000
1101100011110000
1101100011110000
1101100011110000
1101100011110000
1101100011110000
1101100011110000
1101100011110000
1101100011110000
1110000010110000
1110101101111000
0000011000011110
0001110010000100
0000111001100000
0000010000011100
0000010110001110
1111111110111000
1111101010101111
1111100010010100
1111100111100010
1110110101111000
1101110010100000
1101101100100010
1101101010010010
1101100011110000
1101100011110000
1101100011110000
1101100011110000
1101100011110000
1101100011110000
1101100011110000
1101100011110000
1101100011110000
1101100011110000
1101100011110000
1101100011110000
1101100011110000
1101100011110000
1101100011110000
1101100011110000
1101100011110000
1101100011110000
1101101011000110
1101110101010000
1110010101011010
1111101011001110
1111111101001110
1111111110001101
0001001111111110
0001110011010000
0000100101101000
0000110011011100
0000010100011010
1110001000110010
1101110000001000
1101101010011000
1101100111000100
1101100011110000
1101100011110000
1101100011110000
1101100011110000
1101100011110000
1101100011110000
1101100011110000
1101100011110000
1101100011110000
1101100011110000
1101100011110000
1101100011110000
1101100011110000
1101100011110000
1101100011110000
1101100011110000
1101100011110000
1101100011110000
1101110100011010
1101110101001010
1110000000100010
1110010000100110
1110011010011100
1110011010100010
1110100000001011
1110100100010100
1110010110011000
1110011101000010
1110100011010010
1110100011101100
1110100000001011
1110010101001110
1110011011011110
1101100011110000
1101100011110000
1101100011110000
1101100011110000
1101100011110000
1101100011110000
1101100011110000
1101100011110000
1101100011110000
1101100011110000
1101100011110000
1101100011110000
1101100011110000
1101100011110000
1101100011110000
1101100011110000
1101100011110000
1101100011110000
1111100000110000
1110111101000010
0000100011101110
1111101001101100
1110010100110110
1101111010000100
1110001011111100
1110010100110110
1110010000011011
1101111010000100
0000000100011110
0010011100010000
0000000000000000
1111010011010110
1110010100110110
1101100011110000
1101100011110000
1101100011110000
1101100011110000
1101100011110000
1101100011110000
1101100011110000
1101100011110000
0000111011011000
0000111011001010
0001000010010000
0001001000101010
0001010011100110
0001100111101100
0010000101000010
0010011100010000
0010011100010000
0010011100010000
0000010101101000
0000010000111100
0000001100001000
0000010010001000
0000011011010010
0000101110001000
0000111101101110
0001001100101000
0001010110011100
0000101010001100
0000101111111010
0001111001010100
1101101100100110
1101101110101000
1101110010011110
1101110101011110
1101111000010010
1101100011110000
0000001011000000
1111111101110100
0000101001110100
0001010001011100
0000101001110100
0001010001011100
0001001101000010
0001010101110100
0010011100010000
0010001010101010
0001111001000010
0010000001110110
0001110000010000
0001101011110110
0010000001110110
0010000001110110
0001010101110100
0000101110001110
0001010001011100
0000111011011010
0000110010101000
0000101001110100
0000111011011010
0001100111011100
0001011110101000
0001100011000010
0001100111011100
0001101011110110
0000110010101000
0001001101000010
1111011010100110
1111011010100110
0001010100001000
0001001100001000
1111110011111110
0001100000001001
0000111100000110
0001111100001011
0000111100000110
0010011100010000
0010001100001110
0010000100001110
0001111100001011
0001101100001100
0010000100001110
0001100000001001
0000111100000110
0001011000001010
0001000100000110
0000101000000100
0000101000000100
0000111100000110
0001011100001010
0001110100001100
0000111100000110
0001100100001010
0001010000001000
0001111000001100
0001111000001100
0001100000001001
0000101000000100
0001101000001010
0000011000000010
1110010111110110
0001110110001000
0010011100010000
0001010111101010
0001010101000111
0000011000001000
0000100100110110
0000110100000101
0000110100000101
0000001101111101
0000001101111101
0001000000110010
0000101001111010
0000001101111101
0000101111000000
0000001000111010
0001000011010100
0000010101100110
0000100111011000
0000001011011100
0000001000111010
0000010000100000
0000011000001000
0000010011000100
0000011101001110
0000001000111010
0000011101001110
1111100101010100
0000001000111010
0000000001010010
1111111110101110
1111100101010100
1110010001011110
1101101011000010
0010011100010000
1101100011110000
1101100011110000
1101100011110000
1101100011110000
1101100011110000
1101100011110000
1101100011110000
1111010111000010
1111100011110100
0000001100110100
0001011001101010
0000111101011110
0000010100100000
0000110101110010
0010000111110000
0010011100010000
0010001100111000
0010011100010000
0001111010111100
0001000000000010
0000111010111010
0000101011100010
0001000111101110
0000101110000110
0001000101001010
0000000111101100
0000101110000110
0001010100100010
0000001010010000
0000000111101100
1111101000111100
1111111010111000
0000001010010000
0000110000101010
0000010111000100
0001011100001101
0000111101011110
0000001100110100
1111000111101011