1111010100100100
0001001101100100
0001000011001100
0000111101010000
0000011110110011
1110111100110100
1110100001010110
1110100101000100
1110100011100110
1110100111010100
1110011111001000
1110110011111010
1111011110111110
1111010100100100
1110110111101000
1111000011100000
1111110111011110
0000001101101110
0000111000000001
0010000101010000
0010011100010000
0001110011011100
0001111110100100
0010000010010010
0010010100000110
0001010111111101
0001010011100000
0000110101110100
0000101110011010
0000110100010110
0001011101001001
0001110010101100
1111101100011110
0001010011111010
0001000100000000
0001110010010010
0001000101011100
1111100000111010
1110100100001000
1110001111111000
1110010100111100
1110001000101010
1111001101011000
1111001010011110
1111000001110010
1111001001110000
1111011000111100
1111010000010000
1111100101010000
0000001010001000
0000100101101000
0001110001100100
0010001011101000
0010010111111010
0010001000101110
0010010111111010
0010011100010000
0001110000001000
0001001111100100
0000101111000010
0000110011011000
0000101001111110
0001010000010010
0001101101001110
1111101010000010
0001000111101000
0001110001001000
0010001011001010
0000011100011110
1110110100010100
1110110000010000
1110111011101000
1110101101110100
1110000110110000
1110010110001110
1111010011010000
1110111011101000
1110110110110000
1110111010110100
1110101111011101
1111000001010110
1111010100111000
0000011101010100
0000111101000010
0010001111001110
0010011100010000
0001100101101110
0001110110000000
0010001011111110
0001010111000100
0000011110111100
0000001101000010
0000000011010000
1111110000100010
0000100011110100
0000111010100110
1111110100111100
0001001010110100
0010001110111110
0010011100010000
1111111110101100
1110010000111010
1110100101010000
1110110101001100
1110100101010000
1110010000000000
1110011110001100
1110111100010010
1110111110111100
1110110110000110
1110011111111100
1110101100010110
1110101000110100
1110111100010010
1111111110101100
0000110110011100
0010001010100010
0010001000110010
0010000111000000
0010000000110100
0010000111000000
0000110111010110
0000110001001000
0000001100110110
0000010101101100
0000001100110110
0000101110011110
0001001010110100
1111010111111110
0000100100111100
0001100111111010
0001110101000000
1111101001101100
1110011000000110
1110100011101001
1110000011010100
1110001101010100
1110000001110010
1101101101000000
1110110011000010
1110110000101110
1110011000000110
1110010100010000
1110101000010000
1110101100111000
1111011000110000
0000101000110010
0000111010100000
0010011100010000
0010001101101000
0010000011101000
0001111110001110
0010000111011110
0000110010000010
0000011100011110
0000001011100010
0000001100010100
0000000111101100
0000101110111100
0001011010000100
1111001110101100
0000011101110000
0001101101100100
0001111000000101
1111011110100000
1110011100001111
1110011100111110
1110010110001100
1110000110011000
1110010000001100
1110101011010010
1110101111110100
1110110010000100
1110100100100000
1110101110010100
1110110101110110
1110110010110100
1111010100101100
0000001110101100
0001100110110010
0010011100010000
0010001100011100
0001111101011000
0001100000110000
0001010101011110
0000000111111010
1111100110110011
1111100110000011
1111110110100110
1111101011010010
0000101001000010
0001101000010010
1111001000101000
0000010110011110
0001110110111110
0001110011101011
1110011100110010
1111010001011010
1110111010011000
1111001001101110
1110111011011110
1101101111110100
1110000111111100
1110011101111000
1110001011001111
1101111110000100
1111000010000101
1111010010100000
1111001110001000
1111010100101100
0000010110011110
0010001001101000
0010010101101010
0010011100010000
0010000001111100
0001101110001100
0000001111111010
1111101011101110
1111001101000000
1110111010011000
1110100111101111
1111011001000100
0001010011111000
0001010001101100
0000001001001100
0010001001111000
0010000000101100
0000101101111110
0000010010011000
1111110110110100
1111011011010000
1111110110110100
1111100100011100
0000001001001100
1111101101101000
0000001001001100
0001001001100010
0000110111001010
1111101101101000
0000000000000000
0000011011100100
1111101101101000
0000010010011000
0010001001111000
0010011100010000
0010010011000100
0010010011000100
0010000000101100
0000101101111110
0001100101000110
0001001001100010
0000101101111110
1111110110110100
1111110110110100
0001000000010110
0010010011000100
1111010101011000
0000111111111001
0000111111111001
0001000111000010
0000110001101110
1111100011100110
1111001110010010
1111100011100110
1110101010110010
1110110001111000
1110100011101010
1111011100100000
0000000111000110
1111111000111010
1111100011100110
1111011100100000
0000010101010100
0000111000110100
0001101010100010
0010011100010000
0010011100010000
0001110001101000
0001110001101000
0010001110000010
0010001110000010
0001010101001110
0001001110001000
0001001110001000
0000111111111001
0000111111111001
0001101010100010
0001110001101000
1111011101100100
0000110111101000
0001110111001100
0010010110111110
0000011101001000
1111000011000110
1110101101111010
1110101101111010
1110111101110010
1110010011011011
1110011000101110
1111001000011000
1110100011010101
1110011110000000
1110110011001100
1101111110001110
1110011000101110
1110111101110010
0000001101010000
0001010010000110
0001010010000110
0010011100010000
0001111100011110
0010011100010000
0001100010000000
0000110111101000
0000100010011100
0000000010101010
1111101101011110
1111000011000110
0000101101000010
0001010111011010
1101100011110000
1101100011110000
1101100011110000
1101100011110000
1101100011110000
1101100011110000
1101110010001000
1101111011000000
1110010100010100
0001111100110010
1110011010011110
0001011010100110
0010000000001110
0010010101011010
0010000100010100
0001111001011000
0001110010100010
0001110001001010
0001010101000111
0000110111101101
0000001100101010
1110111110000000
1101110100110110
1101101111011000
1101110011011110
1101110100001010
1101100011110000
1101100011110000
1101100011110000
1101100011110000
1101100011110000
1101100011110000
1101100011110000
1101100011110000
1101100011110000
1101100011110000
1101100011110000
1101100011110000
1101100011110000
1101110110001100
1110001010111010
1110001101100010
0010001011010100
1110011010101110
0001001001110010
0010001111011100
0001111011110111
0001011111101000
0000101001011010
0000110010011011
0000111110111000
0000111110111000
0000011110100000
1111100000011000
1110101001110010
1101111101010110
1101110110111100
1101110111010110
1101111000110110
1101100011110000
1101100011110000
1101100011110000
1101100011110000
1101100011110000
1101100011110000
1101100011110000
1101100011110000
1101100011110000
1101100011110000
1101100011110000
1101100011110000
1101100011110000
1101101011010000
1110000000111010
1101110111100010
1110001001010000
1110111001001010
1110001010001000
1110011101110010
1110010010101000
1110001111111000
1110000001011100
1110000001110100
1110001100011000
1110001101100010
1110001011001100
1101111011100100
1110010010001110
1101110100011010
1110001101011010
1110000000111010
1101111010101010
1101100011110000
1101100011110000
1101100011110000
1101100011110000
1101100011110000
1101100011110000
1101100011110000
1101100011110000
1101100011110000
1101100011110000
1101100011110000
1101100011110000
1101100011110000
1111110010100110
0000000100011110
0001010100110011
0001101111100101
1110101111101010
0010011100010000
1110100010010000
1110000111011110
1101110101100110
1110000111011110
1101101100101100
1101100011110000
1101100011110000
1111001010011100
1111001010011100
1110100110101110
1110100110101110
1101100011110000
1101100011110000
1110011101110010
1101100011110000
1101100011110000
1101100011110000
1101100011110000
1101100011110000
1101100011110000
1101100011110000
1111010100111010
1111010101101000
1111010110100000
1111011000001100
1111011001011000
1111011011010000
1111011101010010
1111011011110000
1111011001011010
1111011000010100
0001011101010010
0001100011001000
0001101010011100
0001101110101110
0001101111010100
0001110100101100
0001110010110010
0001110001101010
0001110000001101
0001011111100110
1110100000001011
1111101111011110
1110001101001010
1111010010110100
0001100011000010
0010000011110010
0010001010100100
1110011011110001
0000001011010100
0000010101111000
0001010011110010
0010010100101100
0001110000011110
0001111000000010
0010001110101010
0001001100010000
0001011001110100
0001100010111000
0001111001100010
0001110110100000
0010011100010000
0001000110001100
0000100110100000
0001010011110010
0001000110001100
0001000001101010
0001011000010100
0001011111111000
0001011111111000
0001001100010000
0000101111100100
0000110101100110
0000100000011110
0000110100000101
0001000001101010
0000111010001000
0000010100010111
0000111110101010
1111111001001110
1110111100110100
0000000110110010
0000101100001010
0000100001111110
0001110100100111
0001010010101010
0000011111101100
0000111010111000
0001011101111110
0010001001000000
0010001011010010
0001100100110010
0001101101110100
0001010001100010
0001000111010110
0010001011010010
0010011100010000
0001100101111010
0001001111010000
0001010001100010
0010010100010100
0001111111111100
0001001101000000
0001010111001100
0000111111011010
0001100010100000
0001100010100000
0001100000010000
0001001101000000
0000110111011110
0001010010101010
0001010010101010
1111101101111000
0000011010110110
0001001001111010
0000100101001000
0000000100110010
1111111011111110
0000000000010111
0000011010000110
0000001011011010
0000111010011101
0010011100010000
0010000110111100
0010000110111100
0001110111100000
0000100110100110
0001001001001010
0010001001111000
0001110011110100
0000101011110000
0000110100100011
0001111000111110
0010000001110010
0000110100100011
1111111010100000
1111011011100110
1111101000110110
1111110110000100
1111101001100100
1111101000110110
1111101100100000
1111100000000000
1111110011111000
1111000001111000
1101101001000010
0010011100010000
1101100011110000
1101100011110000
1101100011110000
1110000011000000
1101100011110000
1101100011110000
1101100011110000
1111110100100000
1111111110010110
1111101010101000
0000110110010010
0000111001100100
0001010000100110
0001010111001010
0001110001100000
0010000101001110
0010000101001110
0010011100010000
0010010101101010
0001000110101110
0001000110101110
0001010000100110
0001000110101110
0000011011111110
1111111110010110
0000001000001110
0000100101110110
0000110110010010
0001001010000000
0000101111101100
0000110011000000
0000100010100010
0001000011011100
0000111001100100
0000101100011010
0000001011100000
1111101101111010
1111100000110000
1111011010001010