1110001111101100
0000100001101010
0000101001011110
0000010101101000
0000011110001000
1110110101010000
1110010111011110
1110011101001010
1110101110001010
1110101101011100
1111000100001000
1110100011100010
1111001110110000
1110110010011010
1111101110101000
1111100001001101
0000000000010110
1111111100110100
0001000010111110
0001001010110000
0010001011111100
0010011100010000
0001101010101010
0001111111111010
0001101110001100
0010010000001110
0001110011001010
0010001111100000
0001111000001000
0001011111010100
0001010001001000
0000110110001101
1110001100111010
0000000100110010
0000000111110000
0000011100101000
0000011111000000
1110110100010000
1110010010010010
1110101000111100
1110110100010000
1110001110101100
1110100000100110
1110100111110000
1110111111000000
1110111101110100
1111010111011100
1110111101001110
1111100011111110
1111011001110110
0000001011010110
0000000000100110
0001001001010110
0000111110000010
0010000101000000
0001111101010000
0001010011100000
0001010001101110
0010010101101100
0010011100010000
0001001111111010
0001000001000000
0000110010101100
0001000011011000
1110001101010010
0000001000101000
0000001101000110
0000100001100100
0000100101011000
1110101101010000
1110010111100001
1110011000001010
1110100011101010
1110010111100001
1110100011000010
1110101001011010
1111000001101100
1110110011000000
1111010111011011
1110111101001110
1111110001101000
1111011001010110
0000010000010010
0000001011001100
0001010010001000
0001001001001100
0010011010010110
0010010100100110
0001010111111000
0001011011000100
0010010111110010
0010011100010000
0001001011101110
0001011011101110
0000110010110100
0001001010011100
1110001000110100
0000001110100100
0000010101110110
0000011101001000
0000101001000100
1111000011000110
1110010100000110
1110011100000010
1110101011111010
1110010111011010
1110110011001100
1110100001010100
1110110110100000
1110101010100110
1110110011001100
1110111111110010
1111110110101110
1111110011011010
0000100001110010
0000100011000110
0001011110000000
0001101100100101
0010000010011100
0010011100010000
0001100101010100
0001100000101010
0001011010101110
0010000110011010
0001101111001110
0000110110010010
0000101001101110
0000110011101010
1101110000111100
0001000110100110
0001010101101010
0000000110100110
0000010111100010
1110111110001000
1111001111000100
1111010000111100
1110101110001000
1110100101101000
1110111011010010
1110110011110000
1111011001011010
1111011000011110
1111010101101010
1111100111100010
1110111110001000
1111100110100110
0000011101001100
0001010011110010
0001010000000000
0010011000100000
0010011100010000
0010011010011000
0010010111100010
0001101111000100
0010011010011000
0001100000111011
0000101100010000
0000010000111100
0000111001011010
0000011111000100
1101110010001110
0000101101010110
0000111010110110
1111001011111011
1111010101100100
1110101100000110
1111001101110110
1111001110110100
1110101010001010
1110101000001110
1110111000101000
1110111100100000
1111100100000010
1111011110010000
1111100001001000
1111101011110000
0000000110110000
0000110001001100
0001001001010100
0001110111100110
0010001000000000
0010000110000100
0010010100100010
0010001000000000
0010011100010000
0001011111100000
0001011000101111
0001100100010100
0000111001111000
0000101111010000
0000100000110010
0000010111001010
1101111010000000
0000010001010000
0000100000110100
1110100101011000
1110111110111100
1111001000111100
1111010111011011
1111011011110110
1111101010010100
1111001101011011
1110101110010000
1111110001000000
0000010011011110
1111111011000000
0000110001100000
0001100001010100
0010000001100100
0010001000001110
0010011100010000
0010010101100100
0010001110111010
0001111000101010
0010001101110010
0001111101001000
0001110111100100
0001101110101010
0010001001010110
0001000111101110
0000101000100101
0001000100011010
0001011001100001
0000111100101000
1101111100011010
0000101001001000
0000110001010110
0000001000001110
0000010000011100
1110111110001110
1110110110000000
1101111100011010
1101101011111110
1110101101110000
1111001110101010
1111000110011100
1111010110111000
1110101101110000
1111011111000110
1111011111000110
0000001000001110
1111110111110010
0001001010000000
0001111011010110
0010001011110100
0010001011110100
0001101010111010
0001111011010110
0001010010010000
0010010100000010
0010011100010000
0010000011100110
0001011010011110
0001001010000000
0001010010010000
0000110001010110
1110011100100100
0000010101010100
0000011100011010
0000000111000110
0000001110001110
1110111000111110
1111000000000111
1110011100100100
1110010101011110
1110110001111000
1111000111001100
1110011100100100
1111000111001100
1111000111001100
1111100011100110
1111010101011000
1111111000111010
0000000000000000
0000111000110100
0000111000110100
0001111111110110
0010011100010000
0001101010100010
0001101010100010
0001011100010110
0010010101001010
0001111111110110
0001101010100010
0001010101001110
0001010101001110
0000111111111001
0000110001101110
1101110011001100
0000100000110010
0000101000100000
0000100100101010
0000110000001110
1111100011000100
1111100110111101
1111001111110010
1110111000101000
1110100101010110
1110101101000100
1110101001001100
1111011111001110
1111001000000100
1110101001001100
1110100001011110
1110100001011110
1110100101010110
0000010101001110
0001001011001110
0000111011110011
0010011100010000
0010010100100010
0001111101011000
0001101101111110
0010000001010000
0010010000101100
0001000111011000
0001000011100000
0000100100101010
0000011100111100
1111111010001110
1101100011110000
1101100011110000
1101100011110000
1101100011110000
1101100011110000
1101111100100000
1101111110100100
1101111111100110
1110000001101010
1101111100100000
1110111110100000
0001100001011110
0010001100110010
0010011010001100
0010000110100110
0001101110111000
0001011110011000
0000111001010000
0000011010010100
1111100000100010
1111000100101100
1110100100101110
1110001111000100
1111110100001000
1110010111010100
1110000100110001
1101100011110000
1101100011110000
1101100011110000
1101100011110000
1101100011110000
1101100011110000
1101100011110000
1101100011110000
1101100011110000
1101100011110000
1101100011110000
1101100011110000
1101110101000110
1101110110010110
1101110110101010
1101111010001000
1110110100011110
1111100111100100
0000101110001011
0001111100011010
0010001101011100
0010000011010110
0001101111011110
0001001101011010
1111111111001110
1110111110010000
1110110111111100
1110101101110110
1110011000000110
1110001110101000
1110101100010010
1110000110110000
1101111100010110
1101100011110000
1101100011110000
1101100011110000
1101100011110000
1101100011110000
1101100011110000
1101100011110000
1101100011110000
1101100011110000
1101100011110000
1101100011110000
1101100011110000
1110000110101000
1110011001011000
1101101100100110
1110101010000100
1110010010000110
0001010010010010
1111010110011110
1111110001101100
1111111001110000
1111111011111110
1111101101101100
1111011111011010
1110111011101100
1110010111111111
1111000001100000
1110111111010000
1111000001111100
1111010001001000
1110011110000100
1110010100101100
1110000110001000
1101100011110000
1101100011110000
1101100011110000
1101100011110000
1101100011110000
1101100011110000
1101100011110000
1101100011110000
1101100011110000
1101100011110000
1101100011110000
1101100011110000
1110001011111100
1101101000001110
1101110001001010
1110011001010100
0010011100010000
0010011100010000
0010011100010000
1110100110101110
1110000011000000
1101100011110000
1101110101100110
1110100010010000
1111110010100110
1111011100010010
1110010000011011
1111000001100000
1110100010010000
1110000111011110
1110000111011110
1110100010010000
1111011100010010
1101100011110000
1101100011110000
1101100011110000
1101100011110000
1101100011110000
1101100011110000
1101100011110000
1111110011101110
1111110111111010
1111110000011010
1111110001101100
1111110101011010
1111110110111100
1111111101001110
1111111110010100
1111111111010100
0000010110101110
0010010011011110
0010010011100110
0010010110011100
0010010110000110
0010011010000000
0010010111110110
0010011100010000
0010011100010000
0010011100010000
0001111100001110
1101111000100110
1111011110111010
1110111110111000
1111101110001100
0000110010101000
0001011000110010
0001101110110110
0001100101100100
1110111000111110
1111101011011110
0000010100100010
0000010111101100
0000110100000101
0000110111010000
0001001010001100
0001000111000010
0001000000101110
0001111111110110
0001111111110110
0001101001110000
0010010010110010
0010011100010000
0010000110001010
0010001100011110
0001111100101100
0001111001100010
0010011100010000
0010001100011110
0010010010110010
0010010101111100
0010001100011110
0010010101111100
0010001111101000
0010001111101000
0010010101111100
0001110011001110
0001011001111110
0001100011011100
0000101101110010
0000010111101100
1110011111000101
1111001000001001
1111010101110100
1111101100101000
1111011100101010
1111011000000110
1111101010010110
1111101100101000
1111111010010100
0000010111111100
0000111110101110
0000011110110010
0001010101100010
0001100000111011
0000001010010000
0000101110110000
0000000111111101
0000110111110111
0001011110101010
0000100101101000
0001000111110110
0001010101100010
0001101110101000
0001111100010100
0010011100010000
0010010011001000
0001111100010100
0001100000111011
0001010000111110
0010000011001010
0001101100010110
0000110111110111
1111100001001110
0000010111101100
1111110100001010
1110111101101110
1110110110101000
1110110110101000
1111010111110000
1111010101011000
1111101101000100
0000000100110000
0000000010011000
0000110001101110
0000111111111001
0000101100111110
0001000100101010
1111111011010000
1111100001001110
0001100101110100
0001100001000100
0000011010000010
0000101010101000
0000111011001100
0000110110011100
0001011100010110
0010011100010000
0001111111110110
0001101100111001
0000110100000101
0000100011100000
0001000100101010
0001101111010010
0000101100111110
0010011100010000
1101100011110000
1101100011110000
0010011100010000
1110000011000000
1101100011110000
1101100011110000
1110001101011010
1101100011110000
1111011010111100
0000001101010000
1111001101101100
0000000010101010
0000010010100010
1111110010110000
0001110001111000
0001111100011110
0001100100101000
0001110001111000
0000110111101000
0001101100100101
0001101001111100
0001100100101000
0001011100101011
0001111111001000
0010011100010000
0001001111011100
0000101101000010
0000100010011100
0001100111010010
0001110111001100
0000001101010000
0000001101010000
0000011010011110
0000011111110010
0000111010010000
0000001111111000
0000110100111110
0001001100110100
1111100000001110
1110100011010101