1111010000100000
0001001111110010
0001110011000010
0000110111110111
1111101000011010
1111101011011000
1111001110000110
1111000101001010
1110110000001110
1110110011110100
1110111100001100
1111110111111100
0000100100110000
0001110010011100
0010011100010000
0010010100011110
0001101010101010
0001110011101000
0001111111100100
0001101001011110
0000110011101100
0010001010111100
0010010110111000
0001111101001100
0001100111000100
0000111011011100
1111111100101110
1111011000111000
1111111011100010
1111011101101010
1110010111001000
1110001011001100
1110111010110010
0001001001011010
0001110000001101
0001001000010110
1111001010000000
1111001001011111
1110110000010100
1110001110001110
1110001111110011
1110010111101011
1110100001000110
1111001110001101
0000000101010000
0000110110000000
0001111000100110
0010010101111110
0010000101101110
0001111010001010
0010001100000000
0001111011110000
0001000111010100
0001111010001010
0010011100010000
0010001000010100
0001110101111110
0001011011110000
0000100111110110
1111100101010000
1111010011111110
1111001010000000
1110010001111010
1111000010101010
1110101111111011
0000111111010010
0001010000100110
1111111111000000
1111001010100110
1110011001101010
1110100010100011
1110001111110000
1110001011010100
1110010011001110
1110011011101000
1111001101000100
1111101100001110
0000010010110010
0001011101011101
0010000001100100
0010000110100000
0001111100100110
0010000011100010
0001111110100110
0001001011001010
0000110010111100
0010001101011010
0010011100010000
0010000101000000
0010000001000100
0001011010100000
0000110100011001
1111101100101110
1110100010000100
1110100000100100
1111100101110010
1110110000101000
0000100101011010
0000011111110110
1111110011111000
1111000101010110
1110010011110010
1110000110001000
1110001100101110
1101110100111100
1101111101100010
1110000010000110
1110110001001000
1111001001011000
0000000001000000
0001001000110100
0010010001101000
0010011100010000
0001111000010110
0010000001011100
0001111110011010
0001011000000000
0000100011111010
0001001010110110
0001111100011010
0010001000100010
0001110010110010
0001100001100110
0000111011001010
0000001100001000
1110111110110010
1110000101101000
1111000001010100
1111011011001000
0000110001010010
0001000011010010
0000000011101010
1110101001000000
1101111001101110
1110000001000010
1110001100010010
1101111110110010
1101111101101010
1101111111010110
1110100000100100
1111000010010110
1111111000111110
0001000000011110
0010010000011100
0010011100010000
0010001101000100
0010000010111010
0010011000111000
0001101011010000
0001000011010010
0000101100001100
0001101011010000
0010010111110000
0010001001101010
0001110101011010
0001011010011000
0000100111101100
1111001101100110
1110010011101000
1111000010010110
1111011101110010
0000101001000100
0000101111010110
1111100101001100
1110011101010110
1110011011000100
1110010010100000
1110101010011110
1110000011101100
1101110111001000
1110000001011010
1110110010011100
1111001101110100
1111101010111010
0000011001000110
0001111101011110
0010010101111110
0001111101011110
0010010010100100
0010011100010000
0001111111110000
0000111110101110
0000101110001011
0001010100111101
0010010001011010
0010000011001010
0001101110101000
0001010111010000
0000100010110010
1110110111000000
1101111001011010
1111001100101100
1111000010001111
1111111011001010
0000000110001010
1111011100110000
1101111101101000
1110001101001010
1110100011001011
1110110011111110
1101110011010010
1110000001100000
1101111011101100
1101111100111110
1110011010110000
1111001101001110
0000010011101110
0001100110100100
0001110101011100
0001111101001100
0010011010111110
0010011100010000
0001001000110010
0000010110111110
0000001100101000
1111100111000111
0000111001111010
0001011011100100
0000110110101010
0000101011000010
1111110101010100
1110110011010110
1110001100100000
1110100011001011
1111110101100110
0001011101110000
0001101000001010
0000101001101010
1111101011001010
0000001010011010
1111100000110000
1111101011001010
1110110111000110
1101101110001010
1110001101011010
1111101011001010
0000110100000101
0010010001110110
0010011100010000
0001111101000000
0001101000001010
0001101000001010
0001101000001010
0001101000001010
0010000111011010
0010010001110110
0010010001110110
0001001000111010
0001101000001010
0001001000111010
0000111110100000
0001011101110000
0001001000111010
1111010110010110
1111001011111011
1110101100101010
1111001011111011
0000101011011010
0001011111100000
0000111100110000
1111100101111110
1111010100100110
1111000011010000
1111100101111110
1110001111001011
1110110001111000
1111000011010000
1111011101010010
0000011010000010
0001110000110101
0010011100010000
0010000010001110
0001000101011100
0000101011011010
0001010110110100
0001000101011100
0001010110110100
0010011100010000
0010001010111000
0001011111100000
0001001110001000
0000001000101100
1111001011111011
1110111010100100
1111000011010000
1110110001111000
1111010100100110
1110001111001011
1110110000111110
0000110001101000
0000111001000000
1111111010100000
1111000011010110
1110111100000000
1110111000010100
1110011010111010
1110001100001100
1110010011100010
1110011010111010
1110111100000000
1110111000010100
1111110011001000
0000111001000000
0010010100111010
0010011000100100
0010000010100000
0010000110001100
0001110000001000
0001001011011000
0000001100111000
0001011101110000
0010011100010000
0010011000100100
0001111110110110
0001110011110100
0001000111101100
0000011111010000
1111000011010110
1110010011100010
1111001010101100
1101100011110000
1101100100111100
1101100101101000
1101101010000110
1101110101011100
1101101111011100
1101110000001110
1101110001100110
1110000100101010
1110000110011110
1111001110101000
0000111011100000
0010010111000000
0001111111100100
0001011000101000
0000010000111110
1111001011000010
1110110111101100
1110101111110010
1110010111010100
1110000010000000
1101110111010110
1101100011110000
1101100011110000
1101100011110000
1101100011110000
1101100011110000
1101100011110000
1101100011110000
1101100011110000
1101100011110000
1101100011110000
1101100011110000
1101100011110000
1101100101110110
1101100101111100
1110001011111110
1111110110100000
0000011001101100
0000001101110100
1111101010101100
1111001011001000
1111000000100100
1111010010010010
0000111000010100
0010000011011110
0001101111010110
0001101000001110
0001000010011000
1111111101100010
1111101000010100
1110111110000000
1110100011111010
1110001001011010
1101110111111000
1101100011110000
1101100011110000
1101100011110000
1101100011110000
1101100011110000
1101100011110000
1101100011110000
1101100011110000
1101100011110000
1101100011110000
1101100011110000
1101100011110000
1101110010010100
1101101101001000
1110001101111100
0001101010010000
0001110101101100
0001001101100110
0000111000010000
0000100100111110
0000001011011100
1110111101110110
1110011101101110
1110010000001100
1110011001100100
1110101010100101
1110111010111000
1110110101111100
1110101101001100
1110100101011000
1110100011001100
1110100110010100
1110100000101100
1101100011110000
1101100011110000
1101100011110000
1101100011110000
1101100011110000
1101100011110000
1101100011110000
1101100011110000
1101100011110000
1101100011110000
1101100011110000
1101100011110000
1111001010011100
0010011100010000
0010011100010000
0010011100010000
1111010011010110
1111001010011100
1110011101110010
1110111101000010
1111101001101100
0000000100011110
1111010011010110
1101111110100010
1101110101100110
1101100011110000
1101110001001010
1111110111000100
1110000011000000
1110111000100100
1110001011111100
1110011101110010
1110010100110110
1101100011110000
1101100011110000
1101100011110000
1101100011110000
1101100011110000
1101100011110000
1101100011110000
1101100011110000
1101100011110000
1101100011110000
1101100011110000
0000001111101100
0000001110111000
0000001000101000
0000000111001010
0000000010101000
1111111011110000
1111110101010110
1111100111001110
1111011011111100
1111000101110010
1110101011111100
1110101100110010
1110110000010100
1110110010101010
1110110101001110
1110111100110000
1111000010111000
1111010111000100
1111110000000010
0000000110100000
0000010100110110
0000010010011000
1111010010001100
1111011011110100
0000010110111100
0001111000000100
0010011000010110
1101100011110000
1101111111111010
1110110010111000
1111001010100100
1111101000100010
1111110110110110
1111110101100000
0000111111010000
0001001110111010
0001011101001110
0001111011101000
0001111000111100
0001111110110000
0010000010110010
0010010010011010
0010011011110100
0010011100010000
0010010010111000
0010001101111100
0001110110101100
0001110010101100
0001111101110110
0010000100100100
0001111010101110
0001110001010110
0010000111010000
0010001001011110
0010001101000100
0010001001011110
0001110110101100
0001101010001100
0001011010100010
0000110111001110
1101101000011100
1110111011011000
1111010101011110
1111100000001010
1111010010111010
1111110011110100
0000110010001110
0001001100010100
0001001111101110
0010001110001010
0001010010101110
0001101011011111
0010011100010000
0010001011100100
0001111011110000
0001111110010100
0001101110111100
0001110100100000
0001101010101010
0001001000011110
0001011010110110
0001101011011111
0001101101101010
0001010100110110
0001100001001111
0001100111101010
0001101011111100
0001100011110100
0001011100100100
0001001100110000
0000111100100000
0000100010000000
1111111011110000
0000101000001110
0000010000101000
0000000001100100
1111111001110100
0000000010101110
0001000101101000
0001101000000001
0001101111000000
0010010010111110
0001111100001010
0010011100010000
0001111100111100
0001100100100011
0001100110000110
0001011001010110
0001101011001000
0001101010010110
0001110110010110
0001100111101010
0001001011011010
0001011001101110
0001101001100110
0001011110011000
0001100011000000
0001010101000110
0001010010000000
0001000001110000
0000110001100000
0000100000100000
0000000111010110
1111110000111010
1111011101110010
1101100011110000
0010011100010000
1101100011110000
1110100010010000
1101100011110000
1101100011110000
0001010011010110
1101100011110000
0000011011010110
0000110010110010
1111100000110000
1111011100110110
1111010101000010
1111001101001110
1111101100011110
0001001010001110
0010001100101000
0010011100010000
0010010000100010
0000111010100110
0001110101001100
0001111101000000
0001100001101010
1111011100110110
0000010111011100
0000001111101000
1111011100110110
1111001001010100
1111010101000010
1111101100011110
0000000011111010
0000000011111010
1111110100010010
0000011011010110
1110110101110010
1111000101011010
1110100010010000
1110111101100110
1110100110001010
1101111111000110