1111111100000010
0001010000000101
0000111000111110
0001001110111000
1111101010111110
1111000010110010
1110100000101010
1110000110011110
1110011011001100
1101111001000100
1101111001101100
1110100110110000
1110010110010100
1110110010010110
1111000001100100
1111000110011100
1111100100111010
0000001011111000
0000111000010101
0010001011001100
0010011100010000
0001110100000010
0001100100001110
0001101101111110
0001101001101100
0001110110011110
0001010110110100
0001100001110010
0001010000101101
0001001011001110
0001100001110010
0001111100100100
1111011001110100
0000011011001000
0000100001001010
0000101110001110
1111001101110000
1110111100101100
1110101110100110
1110001101111100
1110001111111110
1110010110000000
1110001101011100
1110011110000010
1110110011101000
1110110011101000
1111001101010000
1111000010101110
1111001010010001
1111111100011111
0000010010000110
0001001010010110
0001111001100110
0010001010101010
0001110010000100
0001010100011010
0001011101111100
0010000001001000
0010011000001110
0010010110101110
0010001111101100
0010000110101010
0010010000101100
0010011100010000
1111001101010100
1111111010110010
0000111011000100
0000110001101010
1111011011011010
1110101111000000
1110100001111100
1101111111011100
1101101000011110
1101111111011100
1110000101001100
1110011101110000
1110100100100100
1110101010010100
1110101010010100
1110110101010010
1111000100011100
1111100110111010
0000000100001100
0001000011111100
0001111011010100
0010001110001000
0001101101110000
0001011010011010
0001100101111010
0001111001110000
0010001111001100
0010011100010000
0010010010010100
0001111101111100
0010001111101110
0010001110101010
1111100010101010
0000111000000001
0001110010001010
0001001100110010
1111101001110000
1110001111101001
1110000011110010
1101111100000100
1110000011001100
1110001001101100
1101110110001000
1110100100011000
1110011101111000
1110010111010111
1110100110001010
1110011101111000
1110101101111000
1111000010101000
1111111111001000
0000110011010010
0001111001010000
0010011100010000
0001111010011100
0001001010011010
0000111001110100
0001100011111010
0001101100110100
0010000101001000
0010000011010110
0001110000111110
0001111110000000
0001111000000101
1111101010011010
0001110110111000
0010011100010000
0001001000100000
1110111111111000
1110001011101101
1110000100101000
1101110111101110
1110000010000010
1101110110011100
1101110110011100
1101110000101000
1110001011000101
1101110001010010
1110000111110110
1110010000001110
1110010000001110
1111000001001100
1111110111010100
0000100011001000
0001100101011110
0010010111110000
0010000110010110
0001010011011100
0001000111110110
0001011101110000
0010000001110110
0010001000010010
0010000111101000
0001100110110010
0001111011011000
0001101111110010
1111100110001010
0001101001110010
0001111101000000
0000011111110110
1111001100010100
1110100100101010
1110011001010000
1110011000000010
1110000000000000
1110000011000000
1110001100101001
1110011110000010
1110101000111000
1110110011101100
1110011110000010
1110100110011111
1110111101010010
1111100101100100
1111110101001100
0000100111101010
0001100010100100
0010010110010000
0010011100010000
0001100111011000
0001010010010110
0001101100110010
0001110011010111
0001111111011010
0001010001101110
0001011101110000
0001011011010110
0001100011001010
0000011110111100
0001001111001000
0001000111000110
0000010100100000
1111001100001100
1110010011001010
1101111011110110
1110001001100000
1110010100110000
1110011010011000
1101111101011110
1110001100101110
1110001010010100
1110000110010010
1110001000101110
1110010111111111
1111000110100100
1111100110101100
1111101000010100
0000100000100010
0001110001101100
0010001100001100
0001110111010010
0001010111111101
0010010110101000
0010011100010000
0010000000001000
0001100101101000
0001000011000110
0001000110010010
0001011000110010
0001011000110010
0000111011100010
0001010001110110
0001110111000100
0001110111000100
0000001110111000
1111111000100100
1111110001001000
1111010011010110
1110011111010010
1111000100011110
1110100110101110
1111111000100100
1111111000100100
1111010011010110
1111101001101100
1111110001001000
0000001110111000
0000110100000101
0001100000101110
0010001101011000
0010001101011000
0001111110100000
0001111110100000
0010001101011000
0010000101111100
0001000010111110
0000010110010100
0000111011100010
0001101000001010
0001101000001010
0010011100010000
0010000101111100
0000000111110100
0001010101111100
0001001110001000
0001000110010100
1111100000110000
1111011000111100
1110111001101100
1110100010010000
1111000001100000
1101111011001100
1101100011110000
1111000001100000
1111001001010100
1111011000111100
1111110000011000
1111110000011000
0000000000000000
0000110110101100
0001001110001000
0010010100011100
0010011100010000
0001100101100100
0000010111011100
0001010101111100
0001100101100100
0001111101000000
0001110101001100
0001110101001100
0001101101011000
0001101101011000
0001111101000000
0010000100110100
1111001000000100
1111110010100000
0000111111101010
0000110000001110
1111100110111101
1110100101010110
1110010101111010
1101110111000010
1110000010101000
1101101111010100
1101111110110000
1110000110011110
1110100101010110
1110100101010110
1110101101000100
1111000000010110
1111001000000100
1111001111110010
1111100110111101
0001000111011000
0001101010000110
0010001000111110
0001011010101010
0001010110110100
0001011110100010
0001011110100010
0010010100100010
0010011100010000
0001111101011000
0001110101101010
0001110101101010
0010000101000110
1101100011110000
1101100011110000
1101100011110000
1101100011110000
1101100011110000
1101100011110000
1101100011110000
1101100011110000
1101100111011000
1101100110011100
1111111101110110
0001000011110110
0000100001100000
1111110000011000
1111011011001000
1111100100100010
1111111000111000
0000000010011100
1111111110011000
1111011010001100
1110101000011000
1110010010110110
1110001001000010
1101111101010100
1101110011001110
1101101011001010
1101101001010010
1101101011011010
1101101011010010
1101100011110000
1101100011110000
1101100011110000
1101100011110000
1101100011110000
1101100011110000
1101100011110000
1101100011110000
1101100011110000
1101100011110000
1101100011110000
1101100011110000
1101101000111000
1101100111101000
0000101100111100
0000110101001100
0001011001111000
0010001110011000
0001110010101100
0000111110000000
0000010011001110
1111111101011110
1111100110100000
1111000101100011
1110100001111010
1110001011101000
1110000011100100
1101111111010000
1101111000111000
1101110011100000
1101110100010010
1101110010101100
1101110000010100
1101100011110000
1101100011110000
1101100011110000
1101100011110000
1101100011110000
1101100011110000
1101100011110000
1101100011110000
1101100011110000
1101100011110000
1101100011110000
1101100011110000
1101111101110010
1101100100110010
1110001110111110
1110010101011000
1110111000001000
1111101101100110
1111110110010000
1111001011111011
1110100111100101
1110001111001100
1110000011101000
1110000101001100
1110010010010100
1110010001011000
1110010010101000
1110111000101000
1111010101110100
1111010001001000
1111100101111100
1110111011110000
1111000110101100
1101100011110000
1101100011110000
1101100011110000
1101100011110000
1101100011110000
1101100011110000
1101100011110000
1101100011110000
1101100011110000
1101100011110000
1101100011110000
1101100011110000
1101111010000100
0010011100010000
0010011100010000
0010011100010000
1110101111101010
1110011001010100
1101101000001110
1110010000011011
1101111110100010
1101111010000100
1101101000001110
1101101000001110
1111011100010010
1111001010011100
1101111010000100
1110011101110010
1110011101110010
1110011001010100
1110010000011011
1110010000011011
1111001110111010
1101100011110000
1101100011110000
1101100011110000
1101100011110000
1110100000011010
1110011110110010
1110100000100100
1110100011101001
1110100110001100
1110101111101110
1110111001000110
1111000100111100
1110111110111000
1110011100010000
0001111001100110
0001111111111101
0010000100010110
0010001010010100
0010001111010110
0010010101001100
0010011000011010
0010011100010000
0010011100010000
0010011100010000
1111000001100000
0000010010011000
0001100011001110
0000110111011000
0000101011100010
0000111000100010
0000111110110100
0010011100010000
1111110000110000
1111110100100100
1111111000011000
0000001011011100
0000011010101100
0001010011110110
0001110110001000
0010000001100100
0001111101110000
0010000101011000
0010001001001100
0010011100010000
0010001101000000
0001111101110000
0001101110100010
0010000001100100
0001110110001000
0001101110100010
0001100011000110
0001100011000110
0001110010010110
0001110010010110
0001011111010010
0001010011110110
0000111100111110
0000100110001000
0000101101101110
0000010110111000
0000100110001000
0000100110001000
0000001011011100
1111001010101010
0001000101101000
0001011000001100
1111111110011100
0000010111001110
0000100011100110
0000011010010100
0000110011000100
0001011110011000
0001011000001100
0010001100110010
0010000011100000
0010011100010000
0010000110100110
0001100100100011
0001000010100010
0010001111111000
0001100111101010
0001010101000110
0001101101110110
0001110000111100
0001011000001100
0001011000001100
0001101010110000
0001001110111010
0000101100111000
0000011010010100
0001000010100010
0001000010100010
0000110110001010
0000101111111110
0000110011000100
0000011010010100
0001010011000100
0001100110110000
0001001010100110
0000001001110110
0000000001011010
1111111011110010
0000001100101010
0000100000011000
0000111111010110
0001011110010100
0010010011110100
0001101111001110
0010011100010000
0001011110010100
0001100110110000
0001110100110110
0001110111101010
0001010000001111
0001110010000010
0001100011111011
0001010011000100
0001010000001111
0000111111010110
0000110100000101
0000011010110000
0000010101000111
0000110100000101
0000011101100100
0000111001101110
0000010111111100
0000001111011110
1111111011110010
0010011100010000
1101100011110000
1101100011110000
0010011100010000
1101100011110000
1101100011110000
1111100000110000
1110000011000000
1101100011110000
1111000101111000
1111011101001000
0000000001010010
0000011000100010
1111110100011001
1111111100001000
0000101111110010
0001001100001100
0001011011101100
0001111101010000
0001000111000010
0000110111100010
0001101011001100
0010011100010000
0001101000100110
0001110101100000
0001100110000000
0000000001010010
1111110001110010
0000100010111000
0001000111000010
0010001111010110
0001111010101100
0000000110011110
1111111001100010
1111101111001110
1111101111001110
1111101010000100
0000010011011000
0000011000100010
0000110111100010
0000100000010010