1110111011010110
1111111010001000
1111111010001000
0001101011111000
0010011100010000
0010010000011110
0001011101100000
0001000000101110
0000011010110100
0000100011111110
0000010110111000
0001011001100100
0010001101111000
0010011100010000
0001111110001100
0001010001101110
0000111110000101
0001000010000010
0001010011000010
0001110011101110
0001111011100011
0001001000100100
0000100111111000
0000011100001000
1111111000110100
1111110000111111
1111011101010110
1111000001111011
1101111001111110
1110100101001000
1111000011001100
1111001001110000
1110101110011010
1111110010001100
0000001000010010
0001100011100100
0010010001001100
0010011000000110
0001001001010010
0000100001001100
0000101001011110
0000100101010110
0000101101101000
0001010101101110
0010001101000010
0010011100010000
0001111011000100
0001000011110000
0001000001000000
0000111010000100
0001101110101000
0010001000111010
0010000011011000
0001010001100110
0000110000011010
0000000110111010
1111101110000010
1111010011110000
1111001000101100
1111001000101100
1111001011011110
1111010011110000
1111000100100010
1111000100100010
1110100010010000
1111101011001010
0000000110100000
0001011001110110
0010000010001110
0010010011001000
0000111111110100
0000110001011110
0000101100010010
0000100100011110
0001000011101110
0001101100000100
0010010100011100
0010011100010000
0001100010111110
0000111010100110
0000111111110100
0001000101000000
0001100101100100
0010010001110110
0001111111100110
0001000110010100
0000011111010000
0000001101000010
1111111101011010
1111110101100110
1111110110111000
1111111100000110
0000001011101110
0000000101001110
1111111001100000
1111011011100010
1110011011111000
1111100111001000
0000000100011110
0001011001111100
0001111101101000
0010010010000010
0000111011010100
0000110110001101
0000101110100100
0000100100010110
0001001110011100
0001111101101000
0010011100010000
0010001100111100
0001011000101010
0000111101111000
0000111101111000
0000111111001000
0001010111011000
0001111110111010
0001100001100100
0000100101101000
0000101000001100
0000110011101010
0000010111100110
0000010011110010
0000001110101010
0000001010110110
0000100011000100
0000100011000100
0000001110101010
1111111111011000
1110010100111010
1111011111010000
0000000000000000
0001011010101110
0001111110000000
0010001101001000
0000110100111100
0000110010011010
0000101111111000
0000011111100000
0001010101101100
0010001000000110
0010011100010000
0001101101101000
0001000100000010
0000101001100110
0000110010011010
0000101100000110
0001001010010110
0000110011101010
0001000110100100
0001011100000000
0001010000101010
0000100111000100
0000011001001100
0000001100100110
0000001011010110
0000010000011000
0000100100100010
0000010110101100
0000011110010000
0000000111100100
1110010101110010
1111011111001100
1111111111011100
0001100110111000
0010001001010110
0010001110111010
0000110000011000
0000101110001010
0000101110001010
0000011110100110
0001101010001110
0010011100010000
0010011100010000
0001001110011010
0000101001101110
0000010001010000
0000000111001110
0000000010110010
0000010010010110
0001000011010010
0001111000101010
0010000010101010
0001010000101000
0000011011010000
0000000110001000
1111110110100100
1111110101011101
1111111101001110
0000001100110010
0000010101101100
0000010101101100
0000010101101100
1111011101011100
0000011010010001
0000101000000110
0001111000010100
0010011100010000
0010001110011100
0001100011100100
0000111010000100
0000001001101100
0000101001011110
0001010101101110
0010001111110100
0010000100110000
0001001001010010
0000001111001110
1111101100101010
1111110110010100
1111101001111000
1111111011110110
0000110000011010
0001111011000100
0010000000100110
0001010010111110
0000001011000100
1111001000101100
1101101110110100
1110000111101100
1110011111001111
1111000000011011
1111001111100110
1111001110001110
0000011010010001
1110101011011000
1111001011111011
1110000100010100
0001101000001010
0010011100010000
0010011100010000
0001011011001010
0000110100000101
1111110010111110
0000000110100000
0000000000000000
0001101110101100
0010001000101110
0010000010001110
0001001110001000
0000111010100110
0000100000100100
0001011011001010
0001000111101000
0001111011101100
0001110101001100
0001001110001000
0000110100000101
0000111010100110
0000011010000010
1111100101111110
1111101100011110
1111011111011100
1101101010010000
1110001010110100
1111001011111011
1111011111011100
1111100011010100
0000000011001100
0000000011001100
0001011100011110
0010010101111000
0010001111100000
0000110110001101
0000001001100100
1111110000000101
0000101111110110
0000000011001100
1111110000000101
0001110110000000
0010011100010000
0001111100011000
0000111100100110
0000110110001101
0000011100101100
0000101111110110
0001111100011000
0001110110000000
0000010110010100
0000000011001100
1111010000001010
1111010000001010
1111111100110100
1111011100111100
1111010000001010
1110110000010010
1110111101000010
1111000011011010
1111010000001010
1110111010100100
1111111011101010
0000001000101100
0001011111100000
0010000110100100
0010011100010000
0001001110001000
0000011010000010
0000111100110000
0000110100000101
0001001001110010
0001011111100000
0010001010111000
0010010111111010
0001101000001010
0001010010011110
0000111100110000
0001000101011100
0001110000110101
0010010011100100
0010001010111000
0001001110001000
0000111100110000
0000001101000010
1111110010111110
1111100101111110
1111100101111110
1111100101111110
1111001011111011
1111001011111011
1111010100100110
1111010000010000
1101100011110000
1101100011110000
1101100011110000
1101100011110000
1101100011110000
1101100011110000
1101100011110000
1101100110000100
1101100101011010
1101101110011110
1111110001101100
0001110110000110
0010000110000010
0010010011101100
0010011010011110
0010010110001000
0010001010001000
0001110111100000
0001101010000110
0001001101110000
0000101011000010
1111010110100000
1101111111001100
1101101101000100
1101101011000010
1101101001011000
1101100111110110
1101100111000100
1101100111011100
1101100111000100
1101100111101110
1101100111110110
1101100111000100
1101100011110000
1101100011110000
1101100011110000
1101100011110000
1101100011110000
1101100011110000
1101100011110000
1101100101011100
1101100101001110
1101101100111000
1110111110110110
0000101111101010
0001001110011110
0010000011110110
0010010111100000
0010010001101110
0010001001101110
0001101000011000
0001001011100000
0000100110100110
1111100010110100
1110011111011001
1101110110001100
1110010101111010
1110101111010110
1110111110101100
1110110011110110
1110110000101110
1110111101000110
1111000010001100
1111000001100010
1111000000111110
1111000101101101
1101100011110000
1101100011110000
1101100011110000
1101100011110000
1101100011110000
1101100011110000
1101100011110000
1101100110111000
1101101011000010
1101110010010100
1111000101101010
1110001110101110
1110010000010010
1110001111100000
1110010111010100
1110011100110010
1110001101111100
1110000110111010
1110001011100110
1110001110101110
1110010010101000
1110011100000000
1111100011111000
0010011100010000
0010011100010000
0010011100010000
0010011100010000
0010011100010000
0010011100010000
0010011100010000
0010011100010000
0010011100010000
0010011100010000
1101100011110000
1101100011110000
1101100011110000
1101100011110000
1101100011110000
1101100011110000
1101100011110000
1111001110111010
1110101111101010
0010011100010000
0010011100010000
0010011100010000
1111001010011100
1111000101111110
1110010100110110
1101100011110000
1101100011110000
1101111110100010
1110100110101110
0001001011111010
0010011100010000
0010011100010000
0010011100010000
0010011100010000
1111100000110000
1101111010000100
1101100011110000
1101100011110000
1101110001001010
1101110001001010
1110101111101010
1110101011001101
1111110111000100
0010011100010000
0010011100010000
0010011100010000
0010011100010000
0010011100010000
0010011100010000
0010011100010000
0010011100010000
0010011100010000
0010011100010000
1101100011110000
1101100011110000
1101100011110000
1101100011110000
1101100011110000
1101100011110000
1101100011110000
1101100011110000
1101100011110000
1101100011110000
0000100101100000
1110100010010000
1110101101000100
0000110110011100
0000101110011010
0001010101011010
0010000010000000
0010011100010000
0000011101000100
0001001100010100
0001100101110000
0001101001011000
0001010011100100
0001100010001000
0010010001010110
0010011100010000
0010011100010000
0010001010000110
0010010001010110
0001111111001011
0001001111111100
0001000001011010
0000011101000100
1111111000101110
0000000000000000
0001001000101100
0001101001011000
0001100010001000
0001111111001011
0001110111111010
0001101001011000
0001110000101010
0001101001011000
0000111010001000
0000100100010110
0000100100010110
1111011011101010
1111100110100100
1110100101001010
1110001111010110
0000110100101100
0001000101000010
0001001000101100
0001000011001110
0000011001011100
0000111010001000
0001110000101010
0010011100010000
0001001111111100
0001011100101010
0001100010001000
0000110100101100
0000100110001010
0000110001000100
0000010100000000
1111011001110110
0000000000000000
0001001110001000
0001111001101110
0001100000010010
0010001011111010
0010001101101110
0010001101101110
0010001011111010
0001110110000110
0001010101011010
0001110110000110
0001100111100011
1111000111101100
0000011110111000
0000010000010110
1111101010001100
0000100100100110
0001100001010100
0010010110111010
0010000110110100
0001011000011010
0001100011000110
0001111101111010
0010011100010000
0001101000011110
0010000101000010
0010001000100110
0001011010001100
0001010001010000
0000100100100110
1111111111000111
0000010100100010
0000101001111110
0001100110101100
0001111100000110
0001011010001100
0001010110100110
0001110100111110
0010000011010000
0010001000100110
0001100100111010
0001011101110000
0001010011000010
0001001010000110
1111111101010100
0000001011100110
0000000010101100
1111110111111110
0001111001000100
1101100011110000
1101100011110000
0010011100010000
1101100011110000
1101100011110000
1101100011110000
1110001101011010
1101100011110000
1101111100010010
1110000001001100
1110001111111101
1110100001111100
1110101010000110
1110111111011000
1110111100000110
1111010110010010
1111011110011110
1111011011001100
1111101011100100
1111110010000110
1111111101100010
1111110111000000
0000001101111010
0001011010110100
0001010100010000
0000111011101110
0001000111001010
0001110001101110
0001101110011100
0010010000110100
0001111000001111
0001101100110100
0010000110111110
0001111000001111
0001011001001010
0001100100101000
0010010100000100
0010011100010000
0001101011001010
0001001000110100