0000000100110000
0001001011110000
0001011111111000
0001011101100000
1110111110111010
1110001010110100
1110010000101110
1110100000001000
1110000010100010
1101110111111000
1101110100010100
1110100110000010
1111001010101110
0000011000110110
0001100001000100
0001111111110110
0001111000110000
0000101110001010
0001101001010110
0010011001111000
0010011000101100
0001101000001010
0001001110001000
0001010001101100
0010011100010000
0010011011000100
0010001010100000
0001000111000010
0001001111010100
0001001111010100
0001111110101010
0001101011101110
1111010000000001
0000100011101110
0000101100101010
0000111011001010
1110101000111100
1110100001001000
1110000101001110
1110000001111000
1101111100010100
1101101010011100
1101110001001010
1110001101000010
1110011110111011
1111000111000110
0000010001110110
0001011110111000
0001011100101000
0001010001011110
0000010010111110
0001001101000000
0010000011101100
0010010101100100
0010001100101000
0001110100000100
0001110001110110
0010000001011110
0010011100010000
0001111101000000
0001101100010000
0001011011100010
0010000000010110
0001111101000000
1111010001101100
0000011001111101
0000111011100100
0000111101100110
1110011101110010
1110010100101000
1101110100000010
1110000100010100
1110001101100000
1101101110111100
1101110011000010
1101110111000110
1110001001011010
1110100111111100
1111011011111000
0000101100010010
0001100011010000
0001100101010010
0000100110001010
0000111101100110
0001110100100100
0010010011000110
0010011100010000
0010001010111100
0001110110100110
0001111100101100
0010001011111110
0001110010100000
0001100000001100
0010000000110010
0010000100110110
0010001001111100
1111011011000100
0000100000001100
0001010110001100
0001001001111000
1110111010111000
1110011111011010
1110010110111001
1110001110011000
1110000011000000
1101110011110110
1101100101101010
1110001001101000
1110010110111001
1110110011010010
1111110100101000
0000111010101110
0001101111101111
0001110111010011
0001010001011100
0001000111000010
0001010011010110
0001111000001111
0010001111111100
0010001111000000
0010000010101100
0001111111110110
0010001000011000
0001110111010011
0001011110101100
0001110100011101
0010011100010000
0010010111100000
1111011011011000
0000111010010010
0001011111011010
0000110101001000
1110110011001010
1101101101000010
1101110111010110
1110001000111000
1110001111000100
1101110011001110
1101100100110010
1101110101010010
1110100101110000
1111000001100110
1111100100101010
0000110010000010
0010010000111010
0010011011001110
0001111010001110
0000101010110100
0001001110111010
0001110111001000
0010011000001000
0010011100010000
0010000111101000
0010001010101110
0001111101010100
0010000010011110
0001110011000000
0001100110101000
0010000101100100
0010010001111100
0000000001101010
0000100011000010
0000111001010010
0000011100010110
1101110110101010
1101110011010100
1101111110011100
1110010110111010
1110000010111000
1101111110011100
1110001001100100
1110010110111010
1110010011100101
1110100011001000
1110110111001010
1111111100000110
0000110010100101
0001011000011010
0001010010110110
0000111100101000
0000101110001010
0001101010001110
0010000000011100
0010011100010000
0010000110000000
0001001011000100
0010011000111010
0010010010010000
0001100011100010
0001101010001110
0001101001000110
0001100110111000
0000101101010100
0001010000100000
0000000110000110
1111110101110110
1101111000000010
1110001100010110
1101111010110000
1110001111000010
1110100110000010
1110110011100100
1110111111110000
1101111100000110
1110001010111110
1110111010010110
1111001011111011
1111100101101000
0000110001011000
0001111110100000
0010001010101010
0010000010100010
0001001100011100
0001010011001100
0001110110011000
0010001010101010
0010011100010000
0001111101001000
0001010000100000
0001011110000010
0001011110000010
0001001000011000
0000110010101110
0000100001001010
0001100010101100
0001100010101100
0001100010101100
0001001010000000
0000011000101010
1111011111000110
1110111110001110
1111101111100100
1111010110111000
1111001110101010
1110111110001110
1111010110111000
0000100000111010
0001110011001000
0010010100000010
0001110011001000
0001011010011110
0001100010101100
0010001011110100
0010011100010000
0010010100000010
0001011010011110
0001001010000000
0000101001001000
0010010100000010
0010010100000010
0001101010111010
0001010010010000
0000100000111010
0000111001100100
0001100010101100
0001110011001000
1111011000111100
0000011101010100
0000001001110000
0000110000110100
1111110110010000
1110110001111000
1110110001111000
1110110001111000
1110001010110100
1110000001000100
1101101101100000
1110001010110100
1110011110010110
1110101000001000
1111001111001100
0000110000110100
0000001001110000
0000011101010100
0001100001101010
0010010010100000
0010011100010000
0010001000101110
0001101011011100
0001110101001100
0010001000101110
0001111110111100
0010010010100000
0001100001101010
0001010111111000
0001100001101010
0001110101001100
0001100001101010
1111101110010000
0001010101001110
0001100110111110
0000111100011000
1110100111001110
1110111000111110
1111000011101000
1111010101011000
1110111100100010
1110100111001110
1110111000111110
1110111100100010
1111000111001100
1111100011100110
1111011000111100
0000010101010100
0001011111111000
0001100110111110
0001000111000010
0001001110001000
0001011000110010
0001111100010010
0001110001101000
0010011000101100
0010010001100110
0001101010100010
0010011100010000
0010011000101100
0001101010100010
0001101110000110
0001101110000110
0010010101001010
1101100011110000
1101100011110000
1101100011110000
1101100011110000
1101101000111110
1101101000111110
1101110010100000
1110011010101110
1110010101101110
1110001101100010
1110100001100010
0001010110000100
0001101110001010
0001001110110100
0000110000110100
0000110111001100
0000110110111110
0000010110000001
1111100100111111
1110100000001011
1110001110000000
1110010101010000
1110010000111100
1101111110000110
1101110000010000
1101101011101100
1101101001101010
1101100011110000
1101100011110000
1101100011110000
1101100011110000
1101100011110000
1101100011110000
1101100011110000
1101100011110000
1101100011110000
1101100011110000
1101101001110000
1101101010000000
1101101110011100
1110000110110100
1110000010101010
1101111110010110
1110011110100100
0000101111111010
0001101111011010
0001110011010100
0001110001111000
0010010010000110
0001100100100110
0000110000100100
0000000010001010
1110011011000010
1110000110111100
1110001011011001
1110000110110100
1101111100110010
1101110111011100
1101101110110110
1101101011001100
1101100011110000
1101100011110000
1101100011110000
1101100011110000
1101100011110000
1101100011110000
1101100011110000
1101100011110000
1101100011110000
1101100011110000
1101110000011110
1101101011000010
1101110010010100
1101101100000100
1101101100100110
1101101100000100
1110000000011000
1110100000011000
1110011001011000
1110010111110101
1110011100000000
1110010110110010
1110011011011110
1110100010010000
1110011000010110
1110010110110010
1110101011101000
1110100100010100
1110001110011100
1111001001110100
1111011100100100
1110101010100101
1110011111001000
1101100011110000
1101100011110000
1101100011110000
1101100011110000
1101100011110000
1101100011110000
1101100011110000
1101100011110000
1101100011110000
1101100011110000
1110101111101010
1101101000001110
1110010000011011
1110010100110110
1101101000001110
0010011100010000
0010011100010000
0010011100010000
0001111000100010
1101101100101100
1101100011110000
1101100011110000
1111000101111110
1110110100000110
0000101100101010
0001010000010110
1111010011010110
1101110101100110
1110000111011110
1101111110100010
1110001011111100
1111000001100000
1111000001100000
1101100011110000
1101100011110000
1101100011110000
1101100011110000
1101100011110000
1101100011110000
1110010010110010
1110001010011110
1110010001101110
1110001011001111
1110010110010000
1110010010011100
1110010001011000
1110010010110110
1110010000111010
1110000111000100
0000001100101000
0000010110111110
0000100000111100
0000100100110110
0000101010001010
0000110101000000
0000111110100100
0001001100111100
0001011001010000
0001011011011000
0000001010011010
1111001000110110
1110101101001010
1111100101000110
0001010010101110
0001101110110000
0001101111111100
0010011100010000
0001000111110010
0000101110011100
0000101110011100
0000110110111010
0000110110111010
0001010000001111
0001110010000010
0001111010011110
0001110010000010
0010000010111010
0010010011110100
0010010011110100
0010011100010000
0010011100010000
0010011100010000
0010001011010110
0010000010111010
0010010011110100
0010010011110100
0010010011110100
0010010011110100
0010010011110100
0010010011110100
0010001011010110
0010001011010110
0010000010111010
0010000010111010
0010000010111010
0001111010011110
0001011000101100
0000110110111010
0000000100001110
0000101001001000
0000011000101010
0000011100110010
1111101111100100
0000100101000000
0000111001100100
0001001010000000
0010000011100110
0001111111011110
0001100010101100
0001010010010000
0001000001110010
0001101010111010
0001111011010110
0001110111010000
0001100110110010
0001001110001000
0001101111000010
0001111111011110
0010000111101100
0010011100010000
0010001111111010
0010001111111010
0010000111101100
0001110011001000
0001101010111010
0001110111010000
0001101010111010
0001101010111010
0001100110110010
0001000101111010
0000100101000000
0001001010111000
0001000111101000
0000011101010100
0000000000000000
1111011100001100
1111111100110000
0001010001011000
0010011100010000
0001111011101100
0001010100101000
0001010001011000
0000100000100100
0001010100101000
0000110000110100
0000110111010110
0001000001000110
0001010001011000
0001000001000110
0000110000110100
0000101101100100
0000100011110100
0000100000100100
0000010000010010
0001000111101000
0000101010010100
0001000100011000
0000101010010100
0000011101010100
0000110111010110
0000110000110100
0000100011110100
0000000011010000
0000100100101100
1101100011110000
1101100011110000
0010011100010000
1101100011110000
0000011111010000
1101100011110000
1101111101110010
1101100011110000
1110001011101010
1110110110111000
1111010100110010
1111101100000100
1111101000101110
1110111010001100
1111001110001000
1111011011011100
0000101011001110
0001100011101110
0001010110011100
0001100011101110
0001000101110100
0000111000100010
0001011101000110
0000110001111000
0001001001001000
0001011001110000
0001000101110100
0000011010100110
0000000011010100
0000010111010010
0001110001000010
0010011100010000
0010011000111100
0000111111001010
0000111011110110
0001000010100000
0001000010100000
0001000010100000
0001001100011110
0000010011111100