1111001101100101
0000000101110010
0000101101011110
0001111011001100
0010011000111100
0001101101111110
0000010110010100
0000100000010000
1111111011111000
1111101110101000
0000001110000100
0000000111011100
0000010100101010
0001011111000100
0001111011001100
0010000000001010
0001000010111110
0000111111101010
0001011010001000
0010011100010000
0010010111010010
0001010000001100
0000100001111010
0000100101001100
0000111100010110
0000110010011011
0000111111101010
0001010001110110
0001101101111110
0001101101111110
0000001110000100
0000001110000100
1111001000011000
1111110001100010
0000011100001100
0010000011111000
0010010111101100
0001000010010100
0000010000000000
0000010011000100
0000000010010010
0000000010010010
1111111111010001
1111111111010001
0000111001001010
0010000101011000
0010011100010000
0001010110001000
0001000110111000
0001010100100110
0001110011000110
0001111101110000
0010000010010110
0001010100100110
0001000110111000
0001000011110110
0001000101011000
0001010000000010
0001100011110110
0001110000000010
0001101011011110
0001100000110100
0000100010010100
0000010000000000
1111001010110000
1111110110011010
0000000010101000
0001110101110110
0001111011000101
0001000011001110
0000101010110010
0000010111100100
0000000010101000
1111011101111110
0000011100110100
0000010111100100
0001001000011100
0010011100010000
0010010001110010
0001111110100100
0000110101010000
0001110010010110
0001101110110110
0001101110110110
0010000010000100
0001001000011100
0000110111000000
0000111100001110
0000111111101110
0000111000110000
0001001111011100
0001011000001010
0001001000011100
0000101010110010
0000001110110110
0000000010101000
1111001000001100
1111110010111110
1111111010011010
0001010111011100
0001111100101000
0010000100000100
0001000001000110
0000000011101110
1111000110010110
0000000111011100
0000011111101000
0000010110010100
0001010001110110
0010011000100010
0010011100010000
0001000010111110
0000110100000101
0001110111000100
0001111100101000
0001111110100000
0001000110101100
0001010011101110
0001001100010000
0001010011101110
0000111101011000
0001010101100100
0001010011101110
0001001010011010
0000111111010000
0000101100101010
1111111100010010
1111011110100010
1110111101100010
1111010101101100
1111000111111000
0000111001110101
0010011100010000
0010010101010110
1111111101011010
0000010000011010
1111101000101100
1111011110010110
0000111111000010
0001001001011000
0001010111001100
0001011100010111
0001000101111100
0000010101100110
0000001011001110
0000110001001110
0001011010101010
0001101011111010
0001000111101010
1111111111001000
0000010010001000
0000101000100100
0000011110001101
0000010101100110
0000101010010100
0000010111010100
1111101010011010
1111001101000100
1110101010100010
1111001101000100
1111000111010010
1111100011001000
1111011111001010
0001010110100110
0010010110010010
0010011100010000
0001010110100110
0000101000110100
0000101000110100
0000001000111110
0000110000110010
0001101010100000
0010011000010010
0001111000011100
0000101110110010
0000100000110110
0000100010110110
0001100110100000
0001111010011010
0001010100100110
0000111000101110
0000010000111010
1111111111000000
1111111101000001
1111111111000000
0001100000100010
0001111000011100
0000110100110000
1111101101000110
1111011101001010
1111000011010010
1111001111001110
1110111101100000
1111011101100010
1111101010011000
0000001111001110
0001010000111100
0001110100001100
0001110010100110
0001010100001000
0000101111010010
0001011101110000
0010001101110100
0010011100010000
0010000100001110
0000110000111000
0000001101101000
0000001101101000
0000110100000101
0001101101110010
0001110101110010
0000111111010100
1111100000110000
1111100111001010
1111100010010110
1111101101100100
0000001010011010
0000101101101100
0000110100000101
0000001101101000
1111000111000110
1110111000101100
1111011111001010
1111001010010100
1111001011111011
1111111100000000
0000011100000010
0001101100001100
0010001100001110
0001001100001000
0000010100000010
0000100100000100
1111100011111110
1111110011111110
0000011100000010
1111110011111110
0000010100000010
0001111100001011
0010000100001110
0001111100001011
0000111100000110
0000110100000101
0001001100001000
0010010100010000
0010011100010000
0001111100001011
1111111100000000
0000110100000101
0000111100000110
0000001100000010
0000101100000011
0001000100000110
0001011100001010
0001001100001000
0000011100000010
0000100100000100
1111011011011100
0000000011010100
0000110001111000
0010000001101010
0010011100010000
0001111011000000
0000010111010010
0000011101111001
0000000011010100
1111110110000010
0000001001111110
1111111100101100
0000100100100100
0001101101101110
0010001000010100
0001111011000000
0000111000100010
0001100111000100
0001110100010110
0010001110111100
0010001110111100
0001101101101110
0001001100011110
0000111000100010
0001010011001000
0001100000011010
0001100000011010
0001100111000100
0010000001101010
0010001000010100
0001010011001000
0000011101111001
1111001000000100
1111110010100000
0000010101001110
0010000101000110
0010011000011010
0000111011110011
0000000101110010
0000001101100000
0000000001111100
1111111110000100
1111111110000100
0000001001101010
0000111011110011
0010001000111110
0010011100010000
0001011010101010
0001000011100000
0001010010111100
0001101101111110
0001111101011000
0001111101011000
0001001011001110
0000111111101010
0001001011001110
0001001011001110
0001000111011000
0001011010101010
0001111001100010
0001101010000110
0001000111011000
0000011001000011
0000001101100000
1101100011110000
1101100011110000
1101100011110000
1101100011110000
1101100011110000
1101100011110000
1101100011110000
1101101000011100
1101100111111100
1101101010111010
1110000100000010
0000000010011110
0001110010110110
0010010011111000
0010010011111000
0001011001101110
0000111000001011
0001011110001010
0010000001011000
0001101110011010
0000010111101010
1111010000111100
1110000110100000
1101110001110100
1101110001010100
1101101011101000
1101101001011010
1101101001001100
1101101000011100
1101101011101000
1101101001111010
1101101010101010
1101101011011000
1101100011110000
1101100011110000
1101100011110000
1101100011110000
1101100011110000
1101100011110000
1101100011110000
1101101010101100
1101101010000110
1101101111101100
1110000011101000
1111110100100110
0001100010101100
0010001000000100
0010010001111110
0001010100011110
0001011010010110
0001110000100001
0010001001100000
0001101011110010
0000100110010010
1111111111011110
1110110010010100
1110010011111001
1110100110000010
1110000110001000
1101101111111100
1101101110101000
1101101110010000
1101101101010100
1101101100011110
1101110100001110
1110001101101010
1101100011110000
1101100011110000
1101100011110000
1101100011110000
1101100011110000
1101100011110000
1101100011110000
1110000000111010
1101101110001010
1110010010000110
1110111001101100
1110001011010100
1110001100011000
1110001101011010
1110010110110010
1110101011101000
1110011110000100
1110010001100100
1110001010010010
1110001101011010
1110001111100000
1110101010000100
1110111100110100
1111011100100100
0000000111110100
0000001100100000
1110111001001010
1110111111011010
1111000010100010
1110111100010010
1110100110111101
1111100111100000
1111110110000110
1101100011110000
1101100011110000
1101100011110000
1101100011110000
1101100011110000
1101100011110000
1101100011110000
1101110101100110
1110110100000110
1111011100010010
0010011100010000
0010011100010000
0010011100010000
0001011101110000
1110010100110110
1101110001001010
1110010100110110
1110011101110010
1110101011001101
1110111101000010
0000101100101010
0010011100010000
0010011100010000
0010011100010000
0010011100010000
0010011100010000
1111010111110100
1101101100101100
1101100011110000
1101110001001010
1110010000011011
0010011100010000
0010011100010000
0010000111011000
0010000111011000
0010001000001010
0010001001100110
0010001001100110
0010001100100000
0010001101010010
0010001110011000
0010010101110100
0010011100010000
1110100011101100
1110100011101100
1110110001111010
1110111110011110
1110111110011110
1111001011110010
1111001100000110
1111001000111010
1110111111000100
1110101110100010
1111001011111011
1110010001101110
1101111000010010
1111011100111100
0001000001110000
0001111010101100
0010011100010000
0001000101000000
1110101100101010
1111010001001000
1111110101100110
1111010001001000
1111111010110010
0000010100110110
1111111010110010
0000001010011010
0000110100000101
0000111001010010
0010011100010000
0000011111010000
0000010100110110
0000000101001110
0001011000100010
0000111001010010
0000111001010010
0001011101110000
0001110111110001
0000011010000010
0000001111101000
1111100101111110
0000001010011010
0000001010011010
0001000011101110
0000110100000101
0000100100011110
0001110111110001
0001100010111110
0001000011101110
0010010001110110
0001110010100110
1110011110101110
1111111101000100
0000100110010100
0000001000110110
0000111000000000
0000010100101000
0001010101100000
0001111000110111
0001111000110111
0001100111001100
0010011100010000
0001101101000110
0000001110110000
0000110010000111
0001011011011010
0001011011011010
0001011011011010
0001010101100000
0001111110110010
0001000011110100
0000001110110000
1111110111001010
1111011001101100
1111011111100100
0000001110110000
0000010100101000
0000001000110110
0001111000110111
0001011011011010
0000110010000111
0000110010000111
1111001101111001
0000110010010001
0001011000010100
0001100000011101
0000101100110110
0000111010011100
0000110010010001
0001001010101110
0010000011110010
0001110011100000
0001010101100101
0010011100010000
0001011101110000
0000101111100100
0000101111100100
0001000010100100
0001010010111000
0001001010101110
0000110101000000
0000010001101010
1111101000111011
1111000010110110
1111010011001010
1111011011010100
1111101110010110
1110110010100100
1111111001001110
0000011100100010
0000101111100100
0000100100101100
1111111011111100
1111100000110000
1110110101010010
0000010100101110
1101100011110000
1101100011110000
0010011100010000
1101100011110000
1101100011110000
1110000011000000
1110001000001111
1101100011110000
1110000110011110
1110100110000010
1111110001110010
1111101000010100
0000000001100110
0000110100000101
0000111010011010
0000111101100100
0000011110000000
0001010011101010
0000110100000101
0001010000100000
0000100001001010
0000011110000000
0000011010110110
0001010011101010
0001010011101010
0001011101001000
0001000111000010
0001011001111110
0001001101010110
0001111100101100
0001111001100010
0001100110100110
0010011100010000
0010011100010000
0010001100011110
0001110011001110
0001110110011000
0001010000100000
0001000111000010
0000000100110000