1111001011011101
0001100001110000
0001100010100000
0001010011101100
0001001100010010
1111100000001010
1111101001000010
1110111100101000
1111000111101110
1110110101001110
1111000000010100
1111011110101100
1111101010100010
1111010101110010
1111101011010000
1111000100000011
1111110001111100
0000011000011100
0001000100001000
0001111010001100
0010011000100100
0001111011101010
0010011100010000
0010001100101100
0001011001100110
0001000001001010
0000011111110110
0000001101010110
0000100011100010
0000001110000100
0001010100011010
0001010000101101
1111001000010000
0001000010000010
0000111110001100
0001011100011110
0001010011011100
1111101101000000
1111011110110100
1111001010001100
1110111101010100
1110100111011011
1110100010010000
1111011001000010
1111000101101101
1111100011010100
1111010011111000
1111100101010000
1111011100111000
0000001111001010
0000111010010011
0010000010011110
0001111101111110
0010001100001010
0001111011011000
0010011100010000
0010001011100000
0001000011111110
0000111010111110
0000101110101110
0000110011001110
0000101110000100
0001010010110010
0001111100000001
1111010001111111
0000111111100000
0000110010110000
0001100110100000
0001001011100110
1111100110001000
1110111001000110
1111000001110110
1110101001101010
1110101011101011
1111000000100000
1111001111010010
1111001100100110
1111001111111100
1110111110011110
1110111010011100
1111100110001000
1111110101100110
0000110110110010
0001101101111000
0010011100010000
0010011011100100
0010010010110110
0010001000110000
0010000100101110
0001010000010100
0000111000001000
0000101110101110
0000110010000100
0000110010110000
0001010111000010
0001100111110110
1111010110010000
0000101111001010
0001001110110100
0001101110011100
0000110000100000
1111001100110100
1110100000011000
1110100101110000
1110110101010000
1110010110111100
1110100011101110
1111001110001010
1111001100110100
1110110001111000
1110111000101000
1111000101011010
1111010110010000
1111110011001110
0000100111000100
0001101101110010
0010001001011010
0010010101100000
0010010001011110
0010011100010000
0010000100101100
0001001100000110
0000101001110000
0000101111001010
0000110000100000
0000100110011000
0001010100001011
0001100001101010
1111011100011010
0000100110100110
0001110110110010
0010000011100010
1111111110111000
1110100111111100
1110100011011100
1110100001001100
1110010011101111
1110000000111111
1110010111011110
1110110010011100
1110101010111100
1110101010111100
1110101010111100
1110110100101100
1111000111011010
1111011011101010
0000011000010110
0001010110100100
0001111111000001
0010010110010000
0010001110110000
0010011100010000
0001110000110010
0001000110000100
0000101111100110
0000010111100110
0000011101100110
0000010111100110
0001001100000100
0001100111000010
1111100101000110
0000110000100111
0010011100010000
0010011010011000
1111000000010010
1110111001101010
1110110111110010
1110111111010110
1110011101010110
1110100101110110
1111000001001110
1110110100111100
1110110010001000
1110111010100110
1110110000001110
1110110100111100
1110011111001111
1110011110010010
1111011111011100
0000110010100000
0001010110011000
0001101100000110
0001111010010000
0001101111111000
0001000101011010
0000010100010100
0000000011010100
1111010100000110
1111000000010010
1111100000011000
0000000001011010
0001011001001101
1111101000101100
0001000001010100
0001011111101000
0001011100001000
1110011000001110
1110111000111000
1111010111001100
1111101100001100
1110101100000010
1110011010100100
1110100000011000
1111001011100010
1110110111101110
1110011111001111
1110101110011000
1111100100000000
1111010011101100
1111111100100000
0001001000010010
0001111101111100
0001111010011100
0010000110000110
0010011100010000
0001110100100110
0000000111000000
1111110111110110
1111101110100000
1111110011001100
1111010100110110
1111101000101100
0000100111101010
0001001000010010
1111110101100110
0010011100010000
0010010001110110
0001011101110000
0000111110100000
1111101011001010
1111010110010110
1111110101100110
1111101011001010
1110110111000110
1110110111000110
1111101011001010
1111110101100110
1110100010010000
1111101011001010
1111101011001010
1110001101011010
1101111000100110
0001001000111010
0001101000001010
0000011111010000
0000011111010000
0001010011010110
0001110010100110
0000110100000101
1111101011001010
1111110101100110
1111101011001010
1111110101100110
0000000000000000
0000111110100000
0001001000111010
1111011010000000
0001100001001000
0001100001001000
0001010000001111
0001010000001111
1111110011010110
1111100010011100
1101110100101010
1111001001000110
1111011010000000
1111101010111001
1111100010011100
1111100010011100
1111001001000110
1111110011010110
1111110011010110
0000011101100100
0000110110111010
0010000010111010
0001111010011110
0010011100010000
0010010011110100
0001110010000010
0010010011110100
0001000111110010
0000110110111010
0000000100001110
0000111111010110
0000111111010110
0001000111110010
0000110110111010
0010000010111010
1111101000010100
0000011100011010
0010000100100100
0010001001010100
1111100011100110
1110110100010000
1110111000111110
1110100001010100
1110101010110010
1110100001010100
1110000000001010
1110001001101000
1110101010110010
1110101111100000
1111000111001100
1110001110011000
1110111101101110
1110100110000010
1111000111001100
0001010101001110
0001011110101100
0010001001010100
0010001110000010
0010011100010000
0000100101111000
0000010010111100
0000100001001010
1111110110100010
1111010101011000
1111011110110110
0000111000110100
0000111000110100
1101100011110000
1101100011110000
1101100011110000
1101100011110000
1101110010001000
1101110000010100
1101101111001000
1110000001000110
1110010011000010
1110000001000110
1110001010000100
0001100001100110
0010001010010010
0010000011101110
0010001100101100
0001111011111100
0010011000101010
0001111011111100
0001011010011010
0000110010010001
1111110001101000
1110110010110010
1110001100011111
1101111001111010
1101110100100000
1101110010001000
1101110111100000
1101100011110000
1101100011110000
1101100011110000
1101100011110000
1101100011110000
1101100011110000
1101100011110000
1101100011110000
1101100011110000
1101100011110000
1101110010000000
1101110001101110
1101110010100100
1101111101011110
1110011001111110
1110010100011000
1110001110110010
0000011010100100
0001011100010000
0001111001000010
0010000001111110
0001110110110010
0010010011000010
0001001100010100
0000010000001110
1111100010011000
1110110101101010
1110011000110110
1110000011000100
1101111000101110
1101110111100110
1101110101101000
1101111010011010
1101100011110000
1101100011110000
1101100011110000
1101100011110000
1101100011110000
1101100011110000
1101100011110000
1101100011110000
1101100011110000
1101100011110000
1101110110000100
1101110101011100
1101111010001000
1110011010011100
1111000100101000
1111101000000010
1110110001010110
1110010010101000
1110100001010110
1110100011100100
1110100100000010
1110100001000100
1110101001010010
1110011001010000
1110000100111100
1101111100110000
1101111100110000
1110010001110110
1101111111111000
1110001100011000
1110000110001000
1101110110100000
1110010000100010
1101100011110000
1101100011110000
1101100011110000
1101100011110000
1101100011110000
1101100011110000
1101100011110000
1101100011110000
1101100011110000
1101100011110000
0000000000000000
1110001011111100
1110011001010100
0001011001010010
0001101111100101
1110111000100100
1111010011010110
0010011100010000
0000010110010100
1101110101100110
1101101100101100
1101100011110000
1101100011110000
1101111010000100
1110101011001101
1110110100000110
1110000111011110
1101111010000100
1101110101100110
1101101100101100
1101101000001110
1101111010000100
1110010000011011
1101100011110000
1101100011110000
1101100011110000
1101100011110000
1101100011110000
1101100011110000
0000000011111110
0000001000100000
0000001010010010
0000001101100101
0000010011011110
0000010110010000
0000011000010010
0000011000011110
0000010001100000
1111110110011110
0000110100011100
0000111010001100
0000111101010100
0001000100101100
0001001011000000
0001001110010010
0001010011011100
0001100010101100
0001101100001110
0001100010110100
1110010101110000
1111101011110011
1110001100000001
1110111000101110
0000101001111100
0001010011110110
0001011011111110
1110011111101010
1111111011011010
0000000111101010
0000011101000110
0000111101010010
0000101111100000
0000011110101000
0001100010000010
0010001000010110
0010011100010000
0001110010111000
0001001111101010
0000101001011000
0000110101101000
0001000011011010
0000110101101000
0000011110101000
0000100001101100
0000100100110000
0001000100111100
0001010010101110
0000101101111110
0000111101010010
0000110010100100
0000101101111110
1111111110011110
0000110111001010
0000110111001010
0000101101111110
0000011000100000
0000010011111010
1111110010001110
1111000001001100
1110110010001000
1111001101100101
1111101011111010
1111011111001100
1111011011010000
0000001001010100
0000100000110100
0000100001110100
0001110011000110
0010011100010000
0001110000001010
0001110111000010
0001101111001100
0000001101001110
0000100111101100
0001100111010110
0001100100011001
0000010001001010
0000101111100000
0001010011110000
0000111011010010
0000111001010100
0000000110011000
1111111100100100
1111111100100100
1111101000111110
0000010100000110
1111111011100110
1111101000000001
1111011001010100
1111011100010000
1110110110000010
1111110010011100
0000011010101000
0000010111101000
0000010001100110
0000001111100011
0000001101100100
0000001110100100
0000100110101100
0000101100101110
0010010111001110
0010011100010000
0010000101001000
0001111000000100
0001000010110100
0000011110101010
0001011001111100
0001110000000010
0000011010101000
0000110100110000
0001111111001000
0010000011001000
0001010000110111
0000110101101111
1111111010011110
1111110000011101
0000000010100000
0000001000100010
1111011010010100
1111111110100001
1111110010011100
1111011101010110
1110100100000100
1110010010001010
1101100011110000
0010011100010000
1101100011110000
1101100011110000
1101100011110000
1101100011110000
1111011011100010
1101100011110000
1111010011010110
0000000010110010
1111010000100100
0000000000000000
0000100100010010
0000011001001000
0000001101111100
0000011001001000
0001000000001100
0010011100010000
0000111010100110
0001011001010010
0000010110010100
1111111101001110
0000010011100010
0000001101111100
1111110100110110
0000001011001010
1111100110111000
0000001000011000
1111110111101000
0000001101111100
0000011001001000
0000011110101100
0000000010110010
0000001000011000
0001001110001000
0001011100000011
0000000101100110
0000010110010100
1111111101001110
1110111101000010