1101110100000100
0000001110111100
0000011101011100
0000010011011110
0000101011000010
1111101011101001
1111011011010100
1110111000000000
1110101101001000
1110100111101100
1111000000001010
1110111111010000
1111101000111011
1111110110100000
1111101010101111
0000000111101100
1111111011111100
0000101100110110
0000100011110010
0010000011110010
0010000000001010
0001111000000010
0010000011110010
0010001100110110
0010011100010000
0001100011001100
0001100101000000
0001010011110010
0001001101011100
0001001001110100
0000101101110000
0000110101000000
1101110011000100
1111111011000010
0000000011001010
0001001011001100
0001010011010100
1111110011110111
1111100110010110
1110101100101100
1111000101111010
1110010100011000
1110111010001110
1111001011010100
0000000100000100
1111101010110110
0000011000110010
0000001001011110
0001001010010100
0001000100111010
0010011100010000
0010011100010000
0001101001110100
0001110101100010
0001111110100010
0010010101111100
0001001110110100
0001010110111010
0000101100100110
0000110100101100
0000011100011000
0001000110101100
0000110001000110
0001010010011010
1101101111100110
1111110101101010
0000000001011110
0010000011100110
0010000111100100
1111111000100110
1111111000100110
1111011111111110
1111100100111000
1111000100010111
1111001001010010
0000000100011100
0000001111010010
0000111101100111
0001001001011100
0010001100011110
0010010111010100
0001100011000100
0001111010101110
0001100000001000
0001110011110101
0001110011110101
0010011100010000
0001110001111000
0001001001011100
0000101011111000
0000101110110100
0000011000001001
0000101100110110
0000101101110110
0000111011101001
0001000000100100
1101110010101100
1111101010001000
0000101010001000
0010001100010000
0001111010001000
0000100001100110
0000001011001100
0000001111011110
1111101100010010
0000001010001000
0000001010001000
0000111111011110
0001110110111010
0010011100010000
0001100011101110
0001011000000000
0000111110011010
0000111101010100
0000110000100010
0001011000000000
0001001100010000
0001101000000000
0001100100110010
0001110000100001
0000111011001100
0000101111011110
0000001010001000
0000001010001000
0000011001000011
0000110101111000
0001000001100110
0001011110011000
1101110100010000
1111100010110010
0001001001101100
0010001101000000
0001101000001010
0001001110110000
0000100010010100
0000110111111010
0000111100111110
0001001001101100
0010011100010000
0010001101000000
0001010001010100
0001000101111000
0000100010010100
0000000000000000
0000000101000101
1111111000011000
0000010101100110
0000011001011010
0000101111000000
0010001001001100
0010011100010000
0001010000000010
0001000000110010
0000101100011110
0000011011111011
0000001010001010
0000011000001000
0000111111100010
0001000101111000
0001101001011100
1101100101001100
1111101001111000
0001001111001100
0010001011001000
0001001100010110
0001100000010011
0001010111110000
0001100011001100
0010011100010000
0010001111011010
0000111000011000
0000100111010000
0000001110111110
1111111011000000
1111100100001100
1111010111010110
1111100001010100
1111101000011110
1111100100001100
0000010000011010
0000000010001000
0000100111010000
0000000110011010
0001000011110010
0000001110111110
1111100010110000
1111010011000100
1111100001010100
1111101110001010
1111101111100110
0000011000111110
0000001001010010
1101111100011110
1111110111111110
0000101001011000
0001100100101010
0000101111100100
0000110011010000
0000110010000010
0000110110111110
0010011100010000
0010001110101010
1111011011100100
1111011111010010
1111110110110000
1111100000100000
1110101011011000
1111000001101000
1111110100010010
0000001001010000
1111100100001110
1111111001001110
1111100010111110
1111011011100100
1111101011101001
0000100110111010
0000000110110010
1110111111001010
1110111011011100
1110001110111110
1110000110010110
1111010001101100
1111111110001010
1111111100111010
1101100011110000
0000011000010011
0000101101001000
0000010001011000
0000100110001100
1111101110101000
1111100000110000
1110110000001000
1110111110000010
1110111110000010
1111001011111011
1111011001110100
1111111100100010
0000000011011110
1111001011111011
0000010001011000
1111111100100010
0000100110001100
0000100110001100
0010000000011110
0010010101010100
0001100100101100
0001111001100010
0001011101110000
0010011100010000
0010010101010100
0001011101110000
0001100100101100
0000011111010000
0001000001111110
0000011111010000
0000111011000010
1110101011111000
0000011110000011
0000101010000100
0000100100000100
0000110110000110
1111111010000001
1111111010000001
1111001111111100
1111000011111010
1110110111111000
1111001111111100
1111010101111100
1111110011111110
0000001100000010
1111110011111110
0000011110000011
0000011000000010
0001000010000110
0000100100000100
0001111000001100
0001111000001100
0010010000001110
0010010110010000
0010000100001110
0010011100010000
0001011010001010
0001111110001100
0001101100001100
0001100000001001
0001001110001000
0001010100001000
0001011010001010
1101100011110000
1111101001000010
0001000100111100
0010000101010010
0001100101000110
0001000100111100
0000100000001010
0000111011110000
0000101001011000
0000101101111110
0001111100000110
0010000000101100
0001110010111000
0001101001101100
0000100000001010
0000010010011000
0000011011100100
0000000000000000
0000110111001010
0000010010011000
0000111011110000
0001111100000110
0010011100010000
0001010010101110
0001001001100010
0000011011100100
0000100100110000
0000001101110010
0000000100100110
0001001001100010
0000110111001010
0010000101010010
1101100011110000
1101110011101100
1101111111101000
1101110011101100
1101101100011000
1101110110010100
1110010010110110
1110000100010000
1101110001101100
1101111101101000
1111100110011110
0000000010111111
0000100001100000
0001001011010100
0001111111000100
0010010110010010
0001011001111010
0000011001100010
1111101001001000
1111011101001010
1111000101111100
1110110010000010
1110000001100110
1101111010010100
1101110011101100
1101110011000000
1101100011110000
1101100011110000
1101100011110000
1101100011110000
1101100011110000
1101100011110000
1101100011110000
1101100011110000
1101110100010010
1101111010011100
1101110100111100
1101110010010110
0000110101001010
0010011100010000
0010011100010000
0000011110110010
1111011011101100
1111101110100000
0001001101110100
0001110111100111
0010001100011000
0010000101001110
0010010010100010
0001001100100000
0000010011001000
1111101010111100
1111010000101010
1111000011011000
1110100111100000
1110000001111010
1110000101001000
1101111101101100
1101111100101110
1101100011110000
1101100011110000
1101100011110000
1101100011110000
1101100011110000
1101100011110000
1101100011110000
1101100011110000
1101110100100100
1110001000001100
1101111001101000
1101111000100100
1110000000011000
0010000100010010
0010010110100000
0010010001110100
0001100101000001
1111001110100000
1111010001110000
1111111101100000
1111100100100000
1110100111010001
1110010111101000
1110000100111000
1101100111100000
1101101101001000
1101101010000000
1101110101111110
1101111110010100
1101110111100010
1110000100000010
1110000001111100
1101111011101100
1101100011110000
1101100011110000
1101100011110000
1101100011110000
1101100011110000
1101100011110000
1101100011110000
1101100011110000
1110111000100100
1101101000001110
1101101100101100
0000010001110110
0010011100010000
0010011100010000
0000011111010000
1111010111110100
0010011100010000
0010011100010000
0010011100010000
1111001010011100
1110100010010000
1110011001010100
1110100110101110
1110101111101010
1111010111110100
1111000101111110
1111000101111110
1110010100110110
1110011001010100
1110011001010100
1101110001001010
1101101100101100
1110010000011011
1101100011110000
1101100011110000
1101100011110000
1101100011110000
1101100011110000
1101100011110000
1101100011110000
0001100000100010
0001100000100110
0001011110000000
0001011111001010
0001100001000101
0001011101011100
0001100010110000
0001100110101010
0001101111010000
0010010011110000
0001111011011000
0001110111111011
0001110111110100
0001110101010010
0001110011001010
0001101001100010
0001100001010010
0001010000011110
0000011110000000
1111110100011110
1110000011000000
1110111010001010
1111101111011110
0000100111111000
0001011010001000
0001110000100000
0010000100100110
0010011100010000
1110000001010110
1111010000000100
1111001001100100
1111010100001100
1111010010011100
1111101011111000
1111100110100100
1111101010000110
1111110010011000
1111110110100010
0000001110110010
0000011000010010
0000101011110100
0000110100101100
0001110110011000
0001111100111000
0001101011101110
0010000100100100
0001111111110110
0010000100100100
0010010010110010
0010011001010010
0010011100010000
0001110001101000
0001011001111110
0001001111010100
0001011110000110
0001011010100100
0001100001000100
0001010010010010
0000110100101100
1111111101101000
1110010010000010
1110011100010100
1110100100111000
1110111010000010
1110101101011100
1111000100010100
1111010011101110
1111000110100110
1111101011101110
1111100111001010
1111111110000000
1111111110000000
0000100110100100
0001000011101100
0001100111001000
0001011110100100
0001100000110110
0001100111001000
0001101000010000
0010000000010000
0010010101011010
0010011000110100
0010011100010000
0001001110100100
0001010101111110
0001001101011010
0001001011001000
0001101001011010
0001001111001000
0001001101011010
0000101000110110
1111111111101110
1111100111101000
0000001101001000
1111110110000000
1111100110011000
1111011000000000
1111101000111000
1111101010110000
1111111000100000
0000001101001000
0000110101101111
0001001011101000
0001011111101000
0001001101100000
0001110100111000
0010011100010000
0001110010011000
0010001000010000
0010000110011000
0001010110010000
0001101001000000
0001100110100000
0001110111011000
0001110110110000
0001010111100000
0000111100101000
0000111010001000
0000100101100000
0000110110010111
0000110100100000
0000010110100000
0000000000000000
1111001110000000
0010011100010000
1101100011110000
1101100011110000
0010011100010000
1111100000110000
1101100011110000
1101100011110000
0000001010011010
1101100011110000
1111010100100110
1111001011111011
0000110001001100
0001000101011100
0001001110001000
0000111001111000
0010000010001110
0001100101010010
0001001000010110
0010000101000110
0001111001100010
0001001110001000
0000101000100000
0010000101000110
0001101011000100
0010001101110010
0010011100010000
0010011100010000
0001101101111110
0001010001000001
0001010110110100
0001100010011000
0000110110111110
0000110001001100
0001011001101100
0001001110001000
0001001110001000
0000110100000101
0001011111100000
0001001110001000
0000010111001010
1111100011000100