1110100110000000
1111111101100000
0000011010110111
0010001111001000
0010011100010000
0001001001110000
0001001100111000
0001100010001000
0001111110111000
0010010110101000
0001101010010000
0000110110010111
0000010011011000
0000101011110000
0001010010100000
0010001001100000
0001111110111000
0001000100110000
0000110001011000
0000111111101111
0000110111101000
0000110010101000
0000101110111000
1111101111001000
1111110001101000
0000011110000000
0000100011000000
1111010011101001
1111011110010000
1111110010111000
1111011011001000
1111101010110000
1110100011010010
1111111010100010
0000011110011110
0010001001101010
0010001001000000
0001010101000010
0001011110000000
0001111010111000
0010010110011110
0010011100010000
0000111111001110
0000111001011100
0000010111011010
0000100110001100
0001010100011000
0001101111010110
0001100111101000
0001001000001100
0000101011111110
0000100011101000
0000011011111010
0000100101100010
0000001110011100
1111011111100110
1111011001110100
0000010000011000
0000100001101100
0000010110001000
1111000000110010
1111000101111100
1111101110010110
1111110001100100
1110011010101000
1111110000100000
0000011011011100
0001110100111000
0001101001100100
0000111101011100
0001001010100010
0001101000011000
0010011100010000
0010001100001010
0000101011100010
0000101001001010
0000001010110000
0000010010100000
0000110001100000
0001011011110110
0001011011010000
0000110000010011
0000011101001110
0000010011101100
0000010001010010
0000001101101110
0000000000000000
1111010111011100
1111011001010000
0000001101001000
0000100011110010
0000001000010110
1111010101101010
1110101111100000
1111110011011111
1111111011110100
1110101011011110
1111110110011110
0001000100110000
0001101100001110
0001101010111010
0001000000110100
0001001101111110
0010010101000000
0010011100010000
0001101001100110
0000110111100110
0000010100101110
0000001110001010
0000100000100100
0001001000000010
0010000001111100
0001110110110000
0000111110001010
0000011010000000
0000001011100000
0000011010101010
0000101011110000
0000010111111111
1111010011100110
1111100110000000
0000101101101110
0001000010110010
0000110011000000
1111101001010100
1111001001101110
1111100110101010
0000001110001010
1110101100001110
1111101111010000
0001000101011010
0001110100100110
0001101111110100
0001010000010110
0001101001101010
0010011100010000
0010001101001110
0001010000010110
0000010100001100
0000010100110110
1111111100010000
1111111100111100
0000111001000110
0001101111110100
0001101100011000
0000101011011010
0000000111001100
1111110101011010
0000001111011000
0000100000011110
0000010100001100
1111001110011100
1111110111011100
0000111100100010
0001011010100110
0001000010000000
1111110001010100
1111010001110110
1111110110110010
0000001101010110
1111000110111100
0000000111000010
0001010111110010
0010011100010000
0010000110010100
0001110011000000
0010001001110100
0010010001101110
0010001000111100
0000011100111110
1111110001111110
1111000000110100
1110110111001010
1110111111111010
1111110000001100
0000101011111000
0000101011000000
1111010011001110
1110100010111100
1110001101111000
1110011000011010
1111001111101110
1111000101001100
1110000110000000
1110100101100110
0000000001110000
0001000101010110
0000101011111000
1110111101010010
1111000001101100
1111110000001100
0000000001110000
1110101101001110
1111110010101100
0000110110100000
0001110000101010
0001011010000010
0001000011011100
0001111110011000
0010011100010000
0001011010110110
1111101110101000
1110110111101110
1110100101001010
1110101100011100
1110101110110110
1111101101110110
0000001010111010
0000000010110100
1111010011001100
1110000101101010
1101110111111100
1110001001101100
1110101011101000
1111001011111011
1110110000011110
1101111000110000
1110101011101000
1111011101101100
1111001110010110
1111010100110100
1111010111001110
1111101000001100
1111011101101100
1110101110001010
0000000000000000
0000001110111000
0001111110100000
0010010100110100
0000111011100010
0001001010011010
0001001010011010
0010001101011000
0010011100010000
0001111110100000
0000010110010100
0000110100000101
0000011101110000
0001101111100101
0010010100110100
0010010100110100
0001001010011010
1111111000100100
0001000010111110
0000111011100010
0000110100000101
0000101100101010
0000001110111000
1111111000100100
0000011101110000
0000011101110000
1110111101000010
1111010011010110
0000000111011100
1111101001101100
1111101001101100
1111000010001111
0000010010001010
0000101111010000
0010001101101110
0010011100010000
0000111101110001
0001100010001000
0001110000101010
0001101001011000
0010010100111110
0001111111001011
0000101111010000
0000101111010000
0000101111010000
0001000101000010
0001110111111010
0001111111001011
0000111101110001
0000111101110001
0000101111010000
0000111101110001
0000111101110001
0000010010001010
0000000011100111
0000001010111010
0000100111111110
0000001010111010
1111100110100100
0000000011100111
1111101101110110
0000010010001010
0000011001011100
1110110110000000
1111101011011100
0001101010111010
0010011100010000
0010001111111010
0001001110001000
0001101111000010
0010000011100110
0010000111101100
0000101001001000
1111110111110010
1111011111000110
1111001010100010
1111010010110010
0000010000011100
0001001010000000
0001000101111010
0000001100010110
1110101001101010
1110110001111000
1111101011011100
1111111011111000
1111110011101010
1110110001111000
1110111110001110
0000001000001110
0001001110001000
0000111101101100
1111100011001110
1110111110001110
1111101111100100
1111101011011100
1101100011110000
1101100011110000
1101100011110000
1101100011110000
1101100011110000
1101100011110000
1101100011110000
1101100101110010
1101100101100100
1101101111100000
1111010001010010
0001111000010100
0001111000010100
0010000001011100
0010010001111100
0010010100111110
0001010000110110
0000010111101000
1111111011010010
1111010110010000
1110110010100110
1110010111111000
1101111100101010
1101110011010000
1101101111000110
1101101011000010
1101100011110000
1101100011110000
1101100011110000
1101100011110000
1101100011110000
1101100011110000
1101100011110000
1101100011110000
1101100011110000
1101100011110000
1101100011110000
1101100011110000
1101100011110000
1101100011110000
1101100101100000
1101100101011100
1101110000000000
1111101111010010
0001111111110010
0001111010001010
0010010011010110
0010010110110100
0010010100110000
0001010110001100
0000010100100100
1111100000011110
1110101101100000
1110011001011000
1110001111100000
1101110101001100
1101101111010010
1101101101001010
1101101010011100
1101100011110000
1101100011110000
1101100011110000
1101100011110000
1101100011110000
1101100011110000
1101100011110000
1101100011110000
1101100011110000
1101100011110000
1101100011110000
1101100011110000
1101100011110000
1101100011110000
1101101010000000
1101110000010000
1110010011001000
1110001110111110
1110010010101000
1110001001010000
1110010010001010
1110010001101110
1110011110101110
1110010100001101
1110000100001010
1101111111111000
1101110010001100
1101101010110010
1101110001011010
1101111011101100
1101110111000000
1101111100001110
1101111001101000
1101100011110000
1101100011110000
1101100011110000
1101100011110000
1101100011110000
1101100011110000
1101100011110000
1101100011110000
1101100011110000
1101100011110000
1101100011110000
1101100011110000
1101100011110000
1101100011110000
1101100011110000
0000001000111100
0010011100010000
0010011100010000
0010011100010000
1101100011110000
1101100011110000
1101100011110000
1101100011110000
1101111110100010
1110101111101010
0000101100101010
0000110001000110
1110011001010100
1110011001010100
1110100110101110
1110101111101010
1101101100101100
1110000011000000
1101100011110000
1101100011110000
1101100011110000
1101100011110000
1101100011110000
1101100011110000
1101100011110000
0010011100010000
0010011100010000
0010011100010000
0010011100010000
0010011100010000
0010011100010000
0010011100010000
0010011100010000
0010011100010000
0010011100010000
1101101111000010
1101110101110100
1101110111000000
1101110110000100
1101110101010110
1101110100100110
1101110000110110
1101110000001010
1101110111101000
1110100000111000
0000101011110000
1111101011110011
0000001010000110
0001110111011000
0010000100100110
0001111110100000
0001110101010100
0010011100010000
0001000010111110
0001111010110010
0010011100010000
0001111010110010
0010010110101010
0001111010110010
0001100100011100
0010000101111100
0010000101111100
0001100100011100
0001011110111000
0001011110111000
0000100111000100
0000100001011110
0000100111000100
0000011011111010
0000100001011110
0000000101100110
1111110100110110
1111011110100010
1111101001101100
0000011011111010
0000010110010100
0000011011111010
0000011011111010
1111111010011010
1111011110100010
1111101111010000
1111101111010000
1111001101110010
1111101001101100
1111001101110010
1111100101010000
0001100001001000
0001110111101010
0001010101111000
0010011001011100
0010001011010110
0001001010100110
0010010110101000
0010011100010000
0001110010000010
0010000000000110
0001101100011000
0000100011001100
0000011101100100
1111111110100110
1111110110001010
1111011111101000
1110101010001000
1110100001101100
1110101100111100
1111000011011110
1111000110010010
0000000001011010
0000010111111100
0000000001011010
1111010001100100
1111001110101110
1111010100011000
1110110101011010
1111000000101010
1111100010011100
1111000011011110
0000000101011000
0001001000110000
0010001100000110
0001100110011000
0010011100010000
0001111110101000
0001100011101100
0010011001100100
0010011100010000
0001110110100010
0001111011111100
0001110001001010
0000111011010010
0000111101111110
0000100000010100
0000100000010100
0000011010111100
1111110101001110
1110101001110010
1111000100101110
1111101111110110
1111111101010100
0000100011000010
0000110000100000
0000100101101110
0000000010101100
0000000000000000
1111110010100010
1111010111100110
1111000010000010
1111100101000100
1111010111100110
0001101110101110
1101100011110000
1101100011110000
0010011100010000
1101100011110000
1101100011110000
1101100011110000
1101111101110010
1101100011110000
0000010101100100
0000101000011010
0010000110101100
0010011100010000
0001100011101100
0000111011010010
0001001000110000
0001110110100010
0001101110011100
0001000011010110
1111111010101000
0000101000011010
0000100101101110
0000111101111110
0000011101101000
0000100011000010
0001001011011100
0000100101101110
1111101101001010
1111110101001110
0000001000000110
0000011010111100
0000010101100100
1111110010100010
0000010000001010
0000101011000110
0000011000010000
1110110111010000
1111100101000100
1111101010011100
0000001101011110
1111101101001010