1110100111000100
0000000000000000
0000000001111000
0000110001011010
0000101111111111
0001010100010000
0001010011110010
0010011011010100
0010011100010000
0001100010110110
0001100011010100
0010001011010100
0010010000111110
0001010000111100
0001010101001100
0000100110100110
0000110000111100
0000101000000000
0000110011110001
0000010010010110
0000100010010110
0000101010010110
0000111010110110
0001000000000000
0001010000111100
0000101111111111
0000111000011110
0000100100101110
0000110101001100
0000100000000000
0000110011010100
0000100001111000
1110101111100111
0000000100001000
0000000010010010
0000110101011110
0000110000011100
0001010100111101
0001011000101000
0010011100010000
0010011000001000
0001110110110010
0001110000010111
0010001111111010
0010001011110100
0001101111111100
0001101011110011
0001001111111100
0001001100110000
0001000011101000
0000111110100110
0000110110110100
0000110011101000
0001001100110000
0001001010000000
0001011010000000
0001011001000110
0000110111110000
0000111000001011
0000101110001010
0000101110001010
0000110101000000
0000110101000000
0001000000111000
1110111000011110
0000000101010001
0000000100011000
0000110010000010
0000101011000000
0001001110100100
0001100100111100
0010011100010000
0010010011011110
0001111010011110
0001110000110100
0010001100111000
0010000011101010
0010001101110010
0010000110010100
0001100100100000
0001011000001110
0001010001001011
0001000101010110
0001011010110110
0001001101010000
0001101011111101
0001100010010100
0001111010011110
0001101101010010
0001000101010110
0000111001000100
0000111011010000
0000101100010110
0000111011101100
0000101010100011
0001001100011000
1110110111011110
0000000011001000
0000000000011100
0000101111011110
0000101000010001
0001010100001010
0001111000011100
0010011100010000
0010001010110010
0001011010011100
0001001101000000
0001011010000000
0001011110000010
0010000000000010
0001101100110010
0010001011101100
0001111001010110
0001101110001000
0001011000001100
0001100111110111
0001011100101011
0001110000010111
0001110000010111
0010000100111110
0001100110111110
0001010111010100
0000110101101110
0001000101011010
0000110101010010
0001000010010000
0001000010010000
0001001110110010
1111000110110010
0000100000010110
0000011110010110
0001001110101000
0001011001000011
0010010001110100
0010000110110110
0001111011111010
0001101111111110
0001001000001010
0000111011001110
0000111110001100
0000110011010000
0001000101101010
0001000010001100
0001111001011010
0001110001011110
0010011100010000
0010010010110010
0001110101011100
0001101000011111
0001101111011110
0001100100100010
0001111110111010
0001110011011100
0001111111011000
0001110100011100
0001100100000010
0001011000100100
0001100000000010
0001010000101000
0001001001101010
1111100101011110
0001010010110100
0001010011010110
0010001111111010
0010001100101110
0010011100010000
0010010111111110
0000110010101010
0000101011001010
0000101110111010
0000101101010010
0000100000111110
0000100010000010
0001000011110100
0001000111100100
0001011010110110
0001011100111111
0010000111111000
0010010111111110
0010001111011000
0010011011001100
0001111100101000
0010001011000110
0001111100000110
0010001111111010
0010000010100010
0010010111111110
0001110001011000
0010000111010110
0001101000110010
0001110110001100
0001110101101010
1111010011011100
0001010011010010
0001010011111100
0001100100000100
0001011110010010
0000101110011111
0000100110110000
0000010010000110
0000010000110010
1111110100011001
1111110111100110
1111010100000110
1111011000101000
1111101001011010
0000000001111100
0000000001111100
0000100101011100
0000101001111110
0001010001010101
0010001011011110
0010011100010000
0001111011010100
0001111000000101
0010000001110010
0001111000110000
0010001101011010
0010010011110110
0010000101000000
0010000100011000
0001100000001110
0001110000111111
0001011110111010
1110100011010101
1111111000000100
1111111101010110
0000100111101110
0000100111101110
0001001100110100
0001010010000110
0010010110111110
0010011100010000
0001101100100101
0001100010000000
0010000001110010
0010000111000100
0001011100101011
0001001100110100
0000000010101010
0000010010100010
0000100010011100
0000101101000010
0000010010100010
0000100010011100
0000010111110110
0000100111101110
0001000010001110
0001011100101011
0001000010001110
0000010010100010
0000010111110110
0000110010010100
0000101101000010
0000110010010100
0000011101001000
1110100001001110
0000000010100100
0000000010100100
0000110101110010
0000110101110010
0001010100100010
0001010100100010
0010010111001000
0010011100010000
0001100011111010
0001100011111010
0010000010101000
0010000111110000
0001001111011010
0001011001101010
0000110000101010
0000110000101010
0000101011100010
0000110101110010
0000001100110100
0000100001010100
0000110000101010
0001000000000010
0001000000000010
0001000101001010
0000100110011100
0001001111011010
0000111010111010
0000110101110010
0000101011100010
0000101011100010
0000100001010100
1111011000001110
0000110101111110
0000110101111110
0001101011111101
0001101001000111
0010010000111000
0010001011001110
0000111000110100
0000110011001000
0000100100111100
0000100100111100
0000000010110110
0000001000100010
0000111011101001
0000111110100000
0001010101001110
0001011010111010
0010001011001110
0010011100010000
0001100011011100
0001101001000111
0001101001000111
0001110111010011
0001101011111101
0001111010001010
0001111010001010
0010000101100010
0001100110010010
0001101110110010
0001010101001110
0001101011111101
0001011000000100
1101100011110000
1101100011110000
1101100011110000
1101100011110000
1101100011110000
1101100011110000
1101100011110000
1101100110111000
1101100110011100
1101111111110110
1111011000110110
0000010001011110
0000101111000010
0000111011111101
0000110111000100
0000101100111100
0000111010111010
0000111110101000
0010001010011010
0001000010001100
0000010011010000
1110110110011000
1101110011101010
1101101000000100
1101100111010100
1101100111000010
1101100111010100
1101100011110000
1101100011110000
1101100011110000
1101100011110000
1101100011110000
1101100011110000
1101100011110000
1101100011110000
1101100011110000
1101100011110000
1101100011110000
1101100011110000
1101100011110000
1101100100111110
1101100100111010
1101110000101000
1111010001110010
0000101001011110
0001011110100000
0001110111110110
0010010011000010
0010001100111000
0001110011100110
0000011101111001
1111110010100000
1110110011010110
1110010100110000
1101111101100010
1101101001010100
1101100101111100
1101100101000010
1101100100110010
1101100100111110
1101100011110000
1101100011110000
1101100011110000
1101100011110000
1101100011110000
1101100011110000
1101100011110000
1101100011110000
1101100011110000
1101100011110000
1101100011110000
1101100011110000
1101100011110000
1101101100000100
1101110101011100
1110101100101010
1110100110011010
1110100100011110
1110100100011110
1110100010010000
1110100011001000
1110100011001000
1110100001110010
1110100111001010
1110010110101000
1110100000000001
1110010101110000
1110101100000000
1111001011111011
1110110111000100
1101111110110100
1101110111100010
1101101101001000
1101100011110000
1101100011110000
1101100011110000
1101100011110000
1101100011110000
1101100011110000
1101100011110000
1101100011110000
1101100011110000
1101100011110000
1101100011110000
1101100011110000
1101100011110000
1101111110100010
0001000111011100
0010011100010000
0010011100010000
0010011100010000
1110011001010100
1110100010010000
1101101100101100
1110001011111100
1110010000011011
1111000101111110
1111001110111010
1111110111000100
0001010000010110
0010011100010000
0010011100010000
0001010100110011
0001000111011100
1101101000001110
1110111000100100
1101100011110000
1101100011110000
1101100011110000
1101100011110000
1101100011110000
1101100011110000
0010011100010000
0010011100010000
0010011100010000
0010011100010000
0010011100010000
0010011100010000
0010011100010000
0010011100010000
0010011100010000
0010011100010000
1110000011100010
1110000000111000
1110000100101110
1101111001000110
1101110101000010
1101100111111010
1101100011110000
1101100101101010
1101100100011010
1111010000110000
1110000011000000
1111100010100110
1111011000110110
0000001010111000
0000100010000010
0001001110111100
0001011101000110
0010011100010000
0000000000000000
0001010100100010
0001100110011110
0010011100010000
0010011100010000
0010000111110000
0001111101100000
0001100001010110
0000111010111010
0000111000010101
0000101110000110
0001001111011010
0001101001000010
0001110000101110
0001011001101010
0001010001111110
0000110101110010
0000010100100000
1111100110011000
1111110000101000
0000000111101100
1111111000010100
0000010001111100
0001000000000010
0001000010100110
0000110000101010
0000011110110000
0000100001010100
1111110000101000
0000011100001100
1111100110011000
1111100110011000
1111110110110100
0000100100110000
0001000101110110
0010001101100010
0010011100010000
0010001001111000
0001110101101010
0001011000010000
0001000000010110
0001001001100010
0000110011011110
0001000010001100
0001100110111100
0001011010000100
0000110111001010
0000111100101010
0000100001000110
0000000011101100
1111111000101010
1111110011001000
1111111000101010
1111101000000110
0000000111010110
0000010000100010
0000101101111110
0000011011100100
0000000011101100
1111111010100000
0000000011101100
0000000011101100
1111010111100101
1111001010101100
1111110101111010
0000011100110000
0000111010010011
0001111000100000
0010011100010000
0001110000101110
0010001000000010
0001001110100000
0000100100100010
0000111110111110
0000011000000110
0001001001110110
0001101101100110
0000111101011010
0001000110110000
0000101100010100
0000101101111000
0000011011001110
1111110101111010
0000010011011100
0000010001111000
1111111101101010
1111111111001110
0000010101000000
0000100001011100
0000100010111110
0000000101011100
0000010110100010
0000001110110010
1111111101101010
1111100011010000
1111001111000010
1111100000101000
1101100011110000
1101100011110000
0010011100010000
1101100011110000
1101100011110000
1101100011110000
1110001101011010
1101100011110000
1111011010111100
0000010100111100
0000101000010001
0000110001111100
0001001110111100
0000001110011111
0000000001101000
0000100001110100
0000101000010001
0001000101010000
0010011100010000
0010000101101100
0010011100010000
0010001000111010
0010010101110100
0001111111010000
0001010101011000
0000011011011000
0001010010001010
0001110101100110
0010010101110100
0000011110100110
1111101110010010
0000001110011111
0000001011010010
1111111011001010
0000010001101110
0000111011100110
0000101110101110
0000000001101000
1111100001011010
1110101010101000