1110110011011100
0000001111011110
0001000011010010
0000111101000110
1111100110011110
1110110011011100
1110010101010000
1110010100011110
1110011010101011
1110001011001100
1110011011011101
1110111000110110
1111100110011110
0000110011110100
0001100000101100
0001111010001110
0001001110111010
0000011110001010
0000101100000110
0001010110101000
0010010101010010
0010011100010000
0001111000101010
0001011011010010
0001100101010101
0010000001001100
0001111101010100
0001010011100010
0001000110011000
0001100101010101
0001100100100011
0000011110111100
1110100101111110
0000001101011011
0001001010001010
0001000111011010
1111100100110000
1110101100111000
1110100001110110
1110000010110010
1101111011111010
1101101111011110
1110010001111110
1110001111001110
1111001000011110
1111010000110000
0000110000100111
0001101111011010
0001110000110010
0000110101011110
0000110001010100
0000101111010000
0001111111111101
0010011100010000
0010001101110000
0001111001000100
0001110001011110
0010000100110010
0010000010101110
0001111000011000
0001111111010010
0001111101001110
0000111101110000
0000100100111010
1110100010110000
0000001011001000
0000111100001010
0000110001010100
1111001010001110
1110010100110000
1110000010111100
1101110110001110
1101100101000010
1101110000011110
1101101111110110
1101111101001110
1110100101111100
1110110001011010
1111111101110010
0001000110010110
0001110010111000
0001101110011100
0000101110110010
0000100000110010
0001001000010000
0010001000100010
0010011100010000
0010000000010000
0001101001010110
0010000111010000
0010001001001010
0001110101011100
0001100010111110
0001011101111000
0001001110100110
0000001101101100
1111000010100010
0000100100011000
0001010001101001
0001000110101000
1111010111111100
1110100101110100
1110010010001110
1110010010110110
1110000110100110
1101111010011000
1110001001101010
1110101000010000
1110100101110100
1111010000100110
1111110100000100
0000100110110110
0001010110100010
0001110000001101
0001001101111110
0000110110001000
0001010011011110
0010000001010110
0010011100010000
0010000100011010
0001100111000010
0010000000101110
0010010001010000
0010001001010010
0001100101110100
0001100010001010
0001000110000010
0000011000001001
1111000010000010
0000101011110010
0001011100111100
0001001110001000
1111010011100100
1110010011100101
1110001110110110
1110000001011000
1101101101110110
1101101011001010
1101111100101010
1110001010110100
1110011111000010
1110110111010000
1111011010111110
0000101101001000
0010001100110000
0010011100010000
0001100001101010
0000111111010100
0001011100111100
0010001100000110
0010001111011110
0010001011011010
0001110000011110
0010000110101100
0010011010001110
0010011100010000
0010001011011010
0010000001111110
0001011000001110
0000100011000010
1110111100101100
0000011110100000
0001011110101000
0001000010000100
1110111100101100
1110000100110010
1110000100001010
1110000010010000
1101111110011100
1101101111001100
1110000100001010
1110000011100001
1110000000111111
1110011001110000
1111000001110001
0000000110010110
0001001100001110
0001111101001000
0001101000001010
0001000000001010
0001000011010100
0010000000111100
0010001101000000
0001111010100110
0001100101000000
0001111111000001
0010010010101110
0010011100010000
0010000011011110
0001110110110010
0001100010011100
0000101000101010
1111101100011010
0000011001000011
0001111001101000
0001100000001000
1111100011010100
1111011111101010
1110100010101000
1110110100110110
1110110000010010
1101110101111110
1101101111100110
1110010100000011
1110011110111110
1110001010111100
1110100101010110
1111011100111100
0001000001001010
0010010011001000
0010011000100110
0001101110101100
0001011111001110
0010010111101100
0010011100010000
0001100011110000
0000101110111010
0000111010110000
0001001110110100
0001110111110100
0010000100100100
0001111010100010
0000100101110100
1111101011100000
0000000000000000
0000111110100000
0001001000111010
0000111110100000
1111101011001010
1111000001100000
1110001101011010
1111100000110000
1111000001100000
1110101100101010
1111001011111011
1111001011111011
1111110101100110
0000111110100000
0001011101110000
0001110010100110
0000101001101010
0000101001101010
1111110101100110
0000011111010000
0000110100000101
0000001010011010
0000010100110110
0000011111010000
1111010110010110
0001011101110000
0001010011010110
0000101001101010
0010010001110110
0010011100010000
0001101000001010
0001101000001010
1111001011111011
1111101011111110
0000110100000101
0000101100000011
1111011011111100
1111011011111100
1111001011111011
1110111011111010
1111000011111010
1111000011111010
1110000011110101
1111001011111011
1111011011111100
0000111100000110
0001110100001100
0001101100001100
0000110100000101
0000011100000010
1111110011111110
0001000100000110
0010001100001110
0001111100001011
0001001100001000
0001010100001000
0000011100000010
0001000100000110
0001011100001010
0001001100001000
0001101100001100
0010011100010000
0010010100010000
0001000100000110
1110111110000010
1111111100100010
0000110000100111
0000100110001100
1111010010111000
1110100010010000
1110001101011010
1101110001101000
1101110001101000
1110001001111100
1110000110011110
1110011110110010
1110101100101010
1111010110010110
0000000110111100
0000111011000010
0001010110110100
0001011101110000
0001010011010110
0000110111100100
0001010110110100
0010000111011010
0010011100010000
0001110110000100
0001111001100010
0001110110000100
0010000011111100
0001101111001000
0000111110100000
0001001100011000
0001001111111000
0000010100110110
1101101001011100
1101101001111000
1101101010111010
1101101011001000
1101101011010110
1101101101101010
1101101011010110
1101101110000100
1101101101000010
1101101011111110
1101110101000010
0000101010111000
0010011001000110
0010001110110000
0001101100000000
0001010111100100
0001000111110000
0000110111111100
0000100100100100
0000001001011000
1111100000111010
1110110001101110
1110010000101000
1101110011110000
1101101100100110
1101101011110000
1101101100001100
1101100011110000
1101100011110000
1101100011110000
1101100011110000
1101100011110000
1101100011110000
1101110000010100
1110001110000110
1111011111000010
0000011111110111
0000011101001100
0000101010001010
0000100000001000
0001011011100000
0000110100111100
0000000101010110
1110111101110010
0000110000010010
0010000000111110
0001111110100110
0001111110101100
0001010011011010
0000110110000010
0000011000010010
1111111100110110
1111100101110010
1111000010110100
1110001100011100
1101111111001100
1101110000011000
1101101100000110
1101101011001010
1101101010010100
1101100011110000
1101100011110000
1101100011110000
1101100011110000
1101100011110000
1101100011110000
0000100010111000
0001111010111010
0010000011010000
0010011100010000
0010011100010000
0010011100010000
0010011100010000
0010011100010000
0010011100010000
0010011100010000
0001111110100100
1111010001100100
1110110000111110
1110110010101010
1110110100001110
1110100111101111
1110100011000010
1110101001010010
1110110010010000
1110101110010111
1110100101110000
1110000100100100
1110001111100000
1110100100010100
1110010000100010
1110011000111000
1110000000111010
1101100011110000
1101100011110000
1101100011110000
1101100011110000
1101100011110000
1101100011110000
0010011100010000
0010011100010000
0010011100010000
0000111010000010
1110010000011011
1110000111011110
1101111010000100
1101101100101100
1110001011111100
0000110101100100
0010011100010000
0010011100010000
0010011100010000
1101101000001110
1101100011110000
1101110001001010
1101100011110000
1101100011110000
1101101100101100
1101110101100110
0000110001000110
0001001011111010
1111001110111010
1110010100110110
1101111010000100
1101111010000100
1110001011111100
1101100011110000
1101100011110000
1101100011110000
1101100011110000
1101100011110000
1101100011110000
1111100110001000
1111101011110110
1111100101000010
1111100011101110
1111100111111010
1111101010101000
1111100100110110
1111011101011010
1111001110011110
1110111110011010
0000001011100110
0000010100011010
0000011000111001
0000100001010100
0000100101011010
0000101011111000
0000110001110010
0000111101100100
0001001010001110
0001010011000100
0000001100100000
1111101111011110
1110101111001100
1110111101110010
0000101100000000
0010011100010000
0001101110010110
0000111110100000
1110000011001010
1110010111011110
1110100100001010
1110101100011010
1110100000101010
1111000101001010
1111010001001110
1111110100000110
1111100110001010
1111010010011110
1111011110001110
1111010001001110
1111100001000100
0000001001010110
0001000110111010
0001001000001100
0000111001111010
0001100111111010
0010000101011010
0010011100010000
0010011000001000
0010000100001000
0001101011101110
0001100111010010
0001011000101100
0001001001011100
0001000010011110
0000100100111110
0000100011011000
0000100000100010
0000011000100110
1111101010100110
1101111110001110
1110011100011100
1110101010111110
1110111110101010
1111000010110110
1111000110100110
1111001000111100
1111001111111110
1111001111000010
1111101010111010
1111110110001010
1111101100000110
1111110101011110
0000001101100101
0000101001011110
0001001001010100
0001001101010100
0001100101101010
0010000001000100
0010001110001100
0010011100010000
0010011010101000
0010001111100110
0010001100100100
0001111010000100
0010000000011000
0001110100101010
0001110110000100
0001101011000100
0010000010010000
0001111101110010
0001101001001100
1101101001010100
1110001011011110
1110100111110100
1110110011011110
1110110011001100
1110110001111000
1111100000110000
1111110100010110
1111101011100110
1111110010110000
0000011110101110
0000000001110110
0000000111001010
0000100010001010
0001001010011010
0001011001110010
0001010100011110
0001011111000100
0001111101100010
0010010111001110
0010011001000100
0010011100010000
0010010101000110
0010001110001110
0001101101101000
0001101101101000
0001101100100101
0001100111110100
0001100010000000
0001101110001010
0001101011000000
0001010001010100
1101101011010110
1101100011110000
0010011100010000
1101100011110000
1101100011110000
1101100011110000
1101100011110000
0010011100010000
1101100011110000
1111111110110000
0000110101101111
0000100001110000
0000111000010000
1111111001110000
1111101111110000
1111100101110000
0000100001110000
0001101111010000
0010011100010000
0010001101010000
0010011100010000
0000111000010000
0001101100101111
0010010010010000
0001001100010000
0000101110010000
0000111101010000
0001001100010000
0000000011110000
1111110100110000
1111001100110000
1111100011010000
1111110100110000
1111101111110000
1111101000010000
1111110100110000
0000000001010000
1111100000110000
1111111100010000
1110111011010000
1110011000010000