1110011011001001
1111001001011111
1111100001010010
0000000110100001
0001010010110000
0001111010101100
0010001001011100
0010010101100010
0010011100010000
0010010110001110
0001011001001000
0000101101110100
0000010110101010
0000000110111000
0000000101001100
0000001001100100
0000110010100010
0001101010010000
0001101010111010
0001001100000010
0000100001000100
0000011110101110
0000011001101100
0000100101000110
0001001010000000
0001011000000111
0001110001010010
0001111011010110
0001110101010100
0001100100110111
0000111010111010
1111111100001000
1110011010110110
1110101011111100
1111100111001010
0000010001111000
0001000111011010
0001100101001010
0001111100100110
0001111111011100
0010011100010000
0001111110001010
0001010000111010
0000100110110010
0000001111010110
0000000110100000
1111111111100010
0000010100011010
0001001110101100
0001011000110100
0001000101001100
0000011010011100
1111111011000110
0000000001011100
1111110111010010
1111110101000100
0000010110101000
0000110111100100
0001010011110000
0001110111001110
0001101011110011
0000111000100010
0000011110100100
1111011011001000
1110011000110100
1110110010111000
1111110001011100
0000010001010100
0001001000100010
0001100101111110
0001111010110100
0001111101010010
0010011100010000
0010000101010000
0001011010000000
0000110101110100
0000001100001000
0000001100101110
0000011100101100
0000111011010110
0001000111000000
0000100011101110
1111110110101010
1111101110000100
1111100011000010
1111011011111110
1111100000010000
1111101100001110
0000000000011110
0000101000010100
0001001011111010
0001010110010110
0001000110101100
0000001001010110
1111100011101000
1111100011111100
1110010110111001
1111000010111010
1111100010011010
0000010011010010
0001010110001010
0001110100000100
0001111101011000
0001111000110111
0010010011010000
0010011100010000
0010011000101110
0001100010000100
0001001111101110
0001101000011111
0001111011001000
0001010111011100
0000001010101000
1111101101000010
1111010011000000
1111010100010010
1111000110110010
1111010000011010
1111001101100010
1111011100101000
1111111000100110
0000011111100000
0001010100100100
0001011010010110
0000100111111000
0000000010100100
1111110110000010
1111000010111010
1110010001101010
1110111011010010
1111010100000100
0000101010111100
0001011110001010
0001100011011100
0001011111001000
0001001101010100
0001101110000000
0010010101010100
0010011100010000
0001111010001110
0001111111001011
0010001110101110
0001111100001110
0000010111110010
1111011100010100
1111000111001100
1110111100010010
1110111100101000
1110101111000100
1110110011000010
1110101000110010
1110101110000100
1111001110011100
1111101111001010
0000101010111100
0000101101111010
0000001010100011
1111100010100110
1110111101100110
1110001101011000
1110011111011110
1111000011111010
1111011101011010
0000101100110100
0001100110010110
0001100000100010
0000111111011000
0000111000011110
0001001001100100
0010000000001110
0010010110011100
0010001001010100
0010010100111110
0010011100010000
0001011010101100
1111101111111110
1110101010000010
1110100010011010
1110011100100100
1110011010110000
1110100001010100
1110010110011000
1110011000001100
1110011110000010
1110101011111000
1111100001000011
0000001000000000
1111101001000100
1110110011100000
1110001111011111
1101111011110010
1101101010010100
1110010111110110
1110110110111010
1110111110111010
0000011101011010
0001000100111000
0000110001111101
0000100010111000
0000011101011010
0000000111111101
0001000101101110
0001101010101100
0010011100010000
0010010110110010
0001111010001110
0001000000010000
1111010000111110
1110011001111100
1110010010110010
1101111100111100
1101110111000100
1110010010011000
1110000010000000
1101111000010110
1110011001000110
1111001011100000
1111010011111010
1110111110111010
1110001011101010
1101110111000100
1101100110010010
1101111000010110
1101111001001010
1110001000100000
1111011000001010
1111010010000010
0000001001001100
0001011110111110
0010010000000000
0010010000000000
0001110111100000
0010011100010000
0010010110001000
0001000110011110
0000111010001110
0000011011100100
1111110000101100
0000001001001100
0000001111010100
0000100111110110
0001110001010110
0001110001010110
0001010010101110
0000110100000101
0000110100000101
0000100111110110
0001000110011110
0001110111100000
0010010110001000
0010010000000000
0001101011001110
0001110111100000
0001110001010110
0000100001101100
0000001111010100
1110010001001110
1111011011000100
1111011011000100
0000000010110110
0001011000000100
0010000101100010
0010000101100010
0001111111110110
0010010110100100
0010001011001110
0001000001010110
0000110101111110
0000011111010000
0000001110001110
0000001110001110
0000010011111000
0000111011101001
0001101001000111
0001101110110010
0001011101110000
0000111011101001
0000110101111110
0000110101111110
0001001100101110
0001111010001010
0010010110100100
0010011100010000
0001111010001010
0001111111110110
0001101110110010
0001000001010110
0000010011111000
1110000110011110
1110110010101010
1110101100010110
0000100100010100
0001100000010010
0001100110100110
0001010110110100
0001000111000010
0001100110100110
0010011100010000
0010011100010000
0001100110100110
0001100000010010
0010001001010100
0001111111110110
0000100111011110
1111000010011100
1110111100001000
1111000010011100
1111000101100110
1111001111000100
1111010010001110
1111001111000100
1111001111000100
1111011110110110
0000001011000100
0000110111010000
0000111101100100
0000011010110110
0000001110001110
1111101110101000
1110011100100100
1101100011110000
1101100011110000
1101100011110000
1101100011110000
1101100011110000
1101100011110000
1101100011110000
1101100011110000
1101100110010000
1101100111011100
1110001011001111
0000101010010010
0001101101000010
0010001101110000
0010010010001100
0010001010011100
0001010011100000
0001011010101010
0000010110100010
1111101011100110
1110111101111010
1110011000110010
1101111000011110
1101110001100000
1101101110000000
1101101011010010
1101101000100110
1101100011110000
1101100011110000
1101100011110000
1101100011110000
1101100011110000
1101100011110000
1101100011110000
1101100011110000
1101100011110000
1101100011110000
1101100011110000
1101100011110000
1101100011110000
1101100011110000
1101100101000110
1101100101010010
1110001010010000
0000110010101010
0010010010100110
0010010001111010
0010000100101110
0001111001000100
0001110101101100
0001110010001100
0000010001000100
1111010101011000
1110011011111110
1110000010010000
1101101011100110
1101101010100110
1101101000100010
1101100111110010
1101100110011010
1101100011110000
1101100011110000
1101100011110000
1101100011110000
1101100011110000
1101100011110000
1101100011110000
1101100011110000
1101100011110000
1101100011110000
1101100011110000
1101100011110000
1101100011110000
1101100011110000
1101101010000000
1101101100000100
1101111100001110
1110100010011110
1110100000111010
1110011101110010
1110011010001100
1110011101010100
1110101001011000
1110011011110001
1110010100011100
1110101100010000
1110101011000000
1110100010101010
1110010101001110
1110100100010100
1110011000010110
1110011000111000
1110011110000100
1101100011110000
1101100011110000
1101100011110000
1101100011110000
1101100011110000
1101100011110000
1101100011110000
1101100011110000
1101100011110000
1101100011110000
1101100011110000
1101100011110000
1101100011110000
1101100011110000
1110101011001101
0010011100010000
0010011100010000
0010011100010000
1110100110101110
1101100011110000
1101101100101100
1110000111011110
1110010100110110
1110011101110010
1110010000011011
1101110001001010
1101101100101100
1110111101000010
1110010100110110
1101111110100010
1101100011110000
1101100011110000
1101110001001010
1101100011110000
1101100011110000
1101100011110000
1101100011110000
1101100011110000
1101100011110000
0010011100010000
0010011100010000
0010011100010000
0010011100010000
0010011100010000
0010011100010000
0010011100010000
0010011100010000
0010011100010000
0010011100010000
0001001111101010
0001010011010110
0001001111111000
0001001100000000
0001000110101110
0001000010101010
0000110001100000
0000010111010010
1111100110101110
1110001100010010
0000101111111010
0001110011110100
1110000011000100
1111101001011000
0000110101111000
0000001110100010
0001000101100000
0010011100010000
0000010001101010
1111000110000010
0000101101011000
0001000100000010
0001010011001010
0000110010011010
0001110001011010
0001011000001110
0010010100101100
0001010000101010
0010001000000110
0000111001111110
0010000011000100
0001111000111110
0000100000110000
0000100011010010
0001010011001010
0001111000111110
0000110010011010
0000100101110100
0000111111000000
0000010100001010
0001001001000110
0001101100011000
0010011100010000
0001000001100010
0000001010000110
0000111100011110
0000110010011010
0000000000000000
1110110100011010
1110010110001010
0000011111101110
0000110010100010
0000010011111110
0000011101011000
0000101011011110
0001111001000000
0001110100010011
0001000101010100
0010000000000100
0001010101110000
0010010010110110
0001101010111010
0010001001011100
0001000111101010
0001010101110000
0000101101110100
0001010101110000
0001000101010100
0000101001001000
0001000101010100
0001101101010000
0010000010011010
0001011000000111
0001101000100100
1111110111110010
0010000100110000
0001111011010110
0000100110110010
0000111011111010
1111011011100110
1111011011100110
1110010000011011
1111100110000110
0000010110010100
0001111111101100
0001101101110100
0010010101000110
0010011100010000
0010001000100110
0001111010010100
0010000001011110
0010001111110000
0010011010011110
0001110110110000
0001101101110100
0001101111100101
0001101010010000
0001000100110000
0000101001111110
0000111000010000
0000111101100110
0000110100101100
0000100100100110
0000001111001100
1111111011100010
0000000000111001
0000001111001100
0000101000001100
0000010110010100
0000001000000010
0000010000111110
0000010000111110
0000100010110100
1110010010001100
1101100100000100
0010011100010000
1101100011110000
1101100011110000
1101100011110000
1101100011110000
1101100011110000
1101100011110000
1101100011110000
1110110001111000
0000000000000000
1111101110101000
0000000101110010
0000101000100000
0000101011011010
0010011100010000
0010010011100100
0000100101101000
0000000010111001
0000110001001100
0001000101011100
0000101011011010
0000010001011000
1111101011110000
0000000010111001
0000010111001010
0000110100000101
0000100010101110
0000100101101000
0000100010101110
0000001011100100
0000010001011000
0000011111110110
0000010111001010
1111101000110110
1111101110101000
1111110111010100
1111100000001010
1111111010001110
1111111010001110
1110110111101010