1111001111111010
0000010011110000
0001011110010110
0001010111101000
0001000111001110
0000011001000000
0000000001111000
1111111000111010
1111110101111100
1111101110011110
0000010101010000
0000001111010010
0000011101011110
0000101011101000
0001000101000000
0001011001001000
0001111100001011
0010010101100010
0010010100000010
0010011100010000
0010010001110100
0010001100100110
0001111111001010
0001100000100110
0001001111011100
0001010000001100
0001001110101100
0001010011001010
0001010011111010
0001100011100100
0001110100101110
0001010111101000
1110111000100100
0000001100101100
0001000100110010
0000110010000110
0000110000000100
0000000101111111
1111101011010100
1111100001010010
1111011111111100
1111010011010000
1111101111010100
1111110111010100
1111111110101010
0000001010000001
0000101100000011
0001000100000110
0001010010001000
0001101011011111
0010011100010000
0010011010010000
0010011000010000
0010000111100100
0010001010001110
0010010100010000
0001101000001010
0001011100110100
0001011000110100
0001011010001010
0001010111011110
0001111110111000
0001110111100010
0001111100001011
1110110011001100
0000000101100110
0000111000110010
0000100000000100
0000000010000100
1111110101001000
1111100000100000
1111001000111110
1111001101101100
1111000110000010
1111100010010010
1111100011011110
1111101000001010
1111111000101010
0000010111001111
0000101010101010
0000111001111110
0001010010000110
0010000100001000
0010001110001000
0010011100010000
0010001000010000
0010010111100010
0010011001111010
0001110011000100
0001011100101011
0001010010000110
0001010110110100
0001010010000110
0001110000101011
0001101111100010
0001110001010010
1110110000111110
0000001111100011
0000111010101010
0000011111000111
1111101110101000
1111101011000100
1111011001000110
1111000010010110
1110111000110000
1111000100101110
1111010000000110
1111011100000110
1111100010101010
1111101100010000
0000000100110010
0000011101111100
0000110101010010
0001001000011100
0001110001001010
0010010110010000
0010011011000100
0010011100010000
0010011011000100
0010010010101010
0001111101101110
0001100111100011
0001011000100101
0001011111110010
0001011111001100
0001101100111110
0001110110100010
0001110100110000
1110101000111000
0000010001011100
0000101101101100
1111111101000001
1111100010100100
1111010101010110
1111000100100000
1110100110011111
1110110110101100
1110101111011110
1110111101111010
1111000110010101
1111011000010110
1111100110110000
1111111010000001
0000001110011100
0000100110011110
0001000100100000
0001101100110010
0010001111101000
0010011001110110
0010011100010000
0010011100010000
0010010010101000
0010000100001110
0001110000010111
0001100010100100
0001100101100100
0001100110001010
0001101110100100
0010000010011010
0001111111011010
1110101000001000
0000101011110000
0000111001000000
0000011110100000
1110111100000000
1110111001110010
1110011111010100
1110000011011000
1110010111001110
1110001111111000
1110010010110100
1110001111111000
1110101101010010
1110110110110110
1111000110010010
1111100010111110
1111111011111110
0000001111000100
0001010010000000
0010001000011010
0010010010101100
0010011100010000
0010011010000010
0010010011011100
0001101011101110
0001010000100000
0001000100000000
0001001101100100
0001001101100100
0001010010000000
0001101011000000
0001110100100010
1111000011000000
0000110100000101
0000111010111100
0000010010100000
1110011010100100
1110011110000000
1101111111110110
1110001100111000
1101110101100100
1101101011111110
1101100011110000
1101111000010100
1110001001011100
1110010101110010
1110100001011100
1111000001101000
1110111101100010
1111100001110110
0000001010111110
0001001011011000
0001110011110100
0001111100000001
0010010011010110
0010011100010000
0001101000110110
0000101101001110
0000110100110010
0000100000001110
0000010111111111
0000101011111000
0000101111010010
0001000100100010
1111100101000100
0000011010111100
0001000110000010
0001100110011000
1111001111100000
0000000101011000
1111111010101000
1111111010101000
1110100100011010
1111001111100000
0000100101101110
0000000101011000
0000011010111100
0000111011010010
0000111011010010
0001000110000010
0010000110101100
0010000110101100
0010010001011110
0010011100010000
0001011011100110
0001110001001010
0001110001001010
0001100110011000
0000111011010010
0001100110011000
0001011011100110
0001000110000010
1111101111110110
0000100101101110
0001000110000010
1110111001111110
1110110001111000
0000010111011100
0000111110100000
0000001111101000
0000111110100000
0000010111011100
0000000000000000
1111110000011000
1111101000100100
1111100000110000
1111111000001100
0000000111110100
0000001111101000
0000011111010000
0000111110100000
0001011101110000
0010000100110100
0010000100110100
0010001100101000
0010010100011100
0010011100010000
0010010100011100
0001011101110000
0001001110001000
0001001110001000
0000111110100000
0000010111011100
0001010101111100
0001100101100100
0001010101111100
0001011101110000
0001011101110000
1110011101110000
0000001110011111
0000100101000100
0000000100110110
1111001110000100
1110110111100000
1110100111011011
1110010111010010
1110100000111110
1110010111010010
1110100000111110
1110101101110110
1110110100010010
1111011010111100
1111011010111100
1111101110010010
0000011110100110
0000101110101110
0001011111000010
0010001000111010
0010011100010000
0010011100010000
0010011100010000
0010010101110100
0001111100000001
0001100010010000
0001011011110100
0001100101011110
0001100101011110
0001101000101110
0001111111010000
0001111000110100
1101100011110000
1101100011110000
1101100011110000
1101100011110000
1101100011110000
1101100011110000
1101100011110000
1101100011110000
1101100011110000
1101110111010000
1101111110000010
0001100101101100
0001011111111010
0001100000000110
0001011111010000
0001100101110110
0001011101101110
0001001100000110
0000101001001100
1111111000001111
1111001010101000
1110110101011100
1110100010111110
1110001011011010
1101110000001000
1101101011011000
1101100011110000
1101100011110000
1101100011110000
1101100011110000
1101100011110000
1101100011110000
1101100011110000
1101100011110000
1101100011110000
1101100011110000
1101100011110000
1101100011110000
1101100011110000
1101100011110000
1101100011110000
1101100011110000
1101101010000000
1101101100001100
1111111000111010
0000100011011110
0001010000001110
0010010000000000
0010000011000010
0001110101001000
0010000100101110
0010001001111010
1111111111101110
1110001100111110
1110001001011110
1110000010101010
1101110110001110
1101101100110000
1101101101011010
1101100011110000
1101100011110000
1101100011110000
1101100011110000
1101100011110000
1101100011110000
1101100011110000
1101100011110000
1101100011110000
1101100011110000
1101100011110000
1101100011110000
1101100011110000
1101100011110000
1101100011110000
1101100011110000
1101110001010010
1101101110001010
1110001100110100
1110010011111100
1110011111100100
1110110110010100
1110101111101000
1110110110110010
1110101100111100
1110100110101100
1110010111100010
1110000111000000
1110010101010110
1110000000111010
1110110011011100
1111100011111000
1111110000011000
1101100011110000
1101100011110000
1101100011110000
1101100011110000
1101100011110000
1101100011110000
1101100011110000
1101100011110000
1101100011110000
1101100011110000
1101100011110000
1101100011110000
1101100011110000
1101100011110000
1101100011110000
1101100011110000
1101110101100110
0010011100010000
0010011100010000
0010011100010000
1101101100101100
1101100011110000
1101100011110000
1101100011110000
1101101000001110
0001001011111010
0010011100010000
0010011100010000
1110110100000110
1110111000100100
1110011101110010
1110010100110110
1110101011001101
1101100011110000
1101100011110000
1101100011110000
1101100011110000
1101100011110000
1101100011110000
1101100011110000
0001011000010100
0001010110110100
0001011001110100
0001011011010000
0001011011001010
0001011011011110
0001011100010010
0001011011100100
0001010100011000
0000011011111011
1111110101111111
1111110111011110
1111111100000010
0000000001101110
0000001100011000
0000010100111100
0000100100000100
0000110110101110
0001001001010110
0001100001011110
1111000001100000
1111100000110000
1101101011111100
1110100101100010
0000000111110001
0000011100000101
0000011101100000
0010011100010000
0010011100010000
0001110101100100
1111100110101100
0000101000001100
0000011100010010
0000101000001100
0000101000001100
1111101111101000
0001001000111010
1111101111101000
1111100011101110
0000011111010000
0001000010111110
0000101000001100
1111100011101110
1111111110100001
0000001010011010
1111010100110110
0000110100000101
0000101000001100
1111000000000000
1111001110111010
0000000111011100
1111101001101100
1111011010110100
0000001010011010
0000001010011010
0000010110010100
1111000101111110
0000010000011000
1110111101000010
1110011111010010
0010011100010000
0001110110100100
0000100010010110
0000111010101110
0000111100111100
0001101001010010
0001011110001100
0001010111100010
1111110001100110
1111111100101100
0000110100000101
0001111111011100
0001001100011110
0000100000001000
0000111000100010
0000101101011100
0001000101110100
0000111111001010
0000001110011010
0000010101000100
0000110110010100
0000010010110110
0000000111110000
0000110110010100
0000110001111000
1111100100010010
1111101000101110
0000001001111110
0000001001111110
1111011101101010
1111001001101100
1110011000111100
0010011100010000
0010010000111000
1111111111000100
0000110010001100
0000110111110111
0000000010110110
0001001000111010
0001011001111110
0000011011011110
0000010000000110
0001000011010000
0001101100111001
0000111111011100
0000110111110111
0000010101110010
0000011101010110
0000011111010000
0000000110101000
0000110000010010
0000011111010000
0000101000101110
0000100100111100
0000000100110000
0000000000111100
0000010011111000
0000000110101000
1111111111000100
1111110111011110
0000010010000000
0000001110001110
1111111001011000
1111000010011100
1101100011110000
0010011100010000
1101100011110000
1101100011110000
1101100011110000
1111000001100000
1110000011000000
1101100011110000
1101100011110000
1111011000000110
1111110001001100
1111101110111010
1111111000000011
1111111000000011
1111101000000100
1111111010010100
1111111000000011
0000111100011011
0001100000111011
0001110111110000
0010011100010000
0001101100010110
0010001010000000
0001111110100110
0001110000111010
0001111100010100
0001001010001000
0001011100010111
0001010011010000
0000110101100110
0000100111111010
0000100001000100
1111111110111000
0000011110110010
0000001110110100
0000000011011010
0000011010001110
0000010001000110
0001000001000000
0000110101100110
1111111100100110