1110111010111110
1111011100111000
1111010011001100
1111010000110000
1110110110001000
1110101010000000
1110001111010110
1111000100101010
1111000100101010
1110101010000000
1111001001100000
1111000010001111
1110111111110100
1110111010111110
1111100100001010
1111011100111000
1111100001101110
1111110010101100
0000001101010100
0000011011110110
0000011001011100
0000010010001010
0000001111110000
0000000110000100
0001011111101100
0010010000001000
0010011100010000
0001111111001011
0010000110011100
0001100010001000
0001100110111110
0001000010101000
1110110100111010
1111100001100100
1110101000110000
1110100000101000
1111000101001010
1111001001001110
1111010001010100
1110101000110000
1110001100010110
1110010000011011
1110010100011100
1110000100001110
1111001001001110
1110001000010010
1110110100111010
1111000001000110
1111100001100100
0000010010010000
0000110110110010
0000001010001010
0000000010000010
1111110101110110
1111101001101100
1111000101001010
0000101110101100
0001000111000010
0001101011100100
0010011100010000
0001111111110110
0001100111100000
0000110110110010
0000011010011000
1110001111111110
1110111111001010
1110111100001100
1110000100001100
1111000010000110
1111100010100010
1111000010000110
1110000100001100
1111001101111001
1111001101111001
1110100001101010
1110111001010000
1101111011010110
1110100001101010
1111001101111001
1110110011010110
1111010011110011
1111110001010000
1111101011011000
1111010000110110
1111001101111001
1111000010000110
1111001000000000
0000011101011110
0001001111100110
0001101010001000
0001110010111110
0010010000011110
0010011100010000
0001100111001100
0001011110010110
0001000110110000
1110001010000000
1110100011100010
1111000011011010
1110010110110010
1110110000010010
1111000000001110
1111100011010100
1111100110100000
1110011001111110
1110000000011100
1110010110110010
1110100011100010
1111001100111110
1110110011011110
1110111101000010
1111000110100110
1111110000000101
0000010110010100
0000010011001000
0000000011001100
0000000000000000
1111101100111000
1111110011010000
0000011111110111
0001010010111010
0010001001001000
0010010010101100
0010011100010000
0001111111100100
0001000010111110
0001001001010110
0001001111101110
1110110110000000
1101111110000100
1110110110000000
1110100010010000
1111100000110000
1111110111110010
1111100111010110
1111111011000100
1111011010001010
1111100000110000
1110110010101100
1111111110010110
1111101010101000
0000000100111100
1111101101111010
1111110111110010
0000000001101010
0001000000001010
0001100111101000
0000110011000000
0000010010000110
1111110001001100
0000101001001000
0000001000001110
0001001101010100
0010000001111100
0001101110001100
0001110001100000
0010011100010000
0001110100110001
0001101110001100
0000101001001000
1110001000010010
1110000000001010
1110000100001110
1110001110011000
1110110000111000
1110111111000100
1110000100001110
1110111000111110
1111000101001010
1110100010101010
1110101010110010
1111011001011100
1111001001001110
1110110100111010
1110110100111010
1111010111011011
1111011111100010
1111111001111010
0001000111000010
0001000101000000
1111111011111100
0000000100000100
1111111101111110
0000101010101000
0001001011000110
0001010001001010
0001000111000010
0010001110000010
0010011100010000
0001111101110100
0000111000110100
1111101001101100
1110110011101000
1110011110100000
1110111010101100
1111100000010010
1111011011100110
1111001111110111
1111100000010010
1111110101011101
1111100111010110
1111010110111000
1111001111110111
0000001010100011
0000000001001100
1111111100011111
1111110101011101
1111111010001000
0000000101111000
0000100010000100
0000110010100010
0010000100110000
0001101101010000
0000110100111000
0001000000101000
0000100110110010
0010001011110100
0010001110001010
0001100110001110
0010000111000110
0010011100010000
0001110100010011
0000110111001110
0000100100011010
1111111011101010
0000011010000010
0000010101101100
0000010001011000
1111110111010100
1111111011101010
1111110111010100
0000010101101100
0000010101101100
1111101110101000
0000010101101100
0000010001011000
0000001000101100
1111101010010100
0000011010000010
0000010101101100
0000101011011010
0000111100110000
0000111000011100
0001000101011100
0001001110001000
0001001110001000
0001000001000110
0000111000011100
0001101100100000
0010010011100100
0010011100010000
0010010111111010
0010010011100100
0010000110100100
0010000010001110
0001101100100000
1111101011001010
0000011111010000
1111110101100110
1111100000110000
0000000000000000
0000010100110110
0000001010011010
0000010100110110
1111000001100000
1111100000110000
1111110101100110
1110100010010000
1111101011001010
1111000001100000
1111101011001010
1111010110010110
0000001010011010
0000011111010000
0001001000111010
0000101001101010
0000110100000101
0000101001101010
0000010100110110
0000010100110110
0001010011010110
0001111101000000
0001011101110000
0010011100010000
0010011100010000
0000101001101010
0000111110100000
0001010011010110
1111100100111010
1110001101011010
1111001011111011
1111010000000110
0000101011110000
0000111000010000
0000101011110000
0000100111100110
0000010110111010
0000001110100110
1111000111110000
0000010110111010
0000010110111010
0000101111111010
0000101111111010
0000101011110000
0000100011011010
0001001101000110
0010001011100110
0010000011010000
0001000000100110
0000101011110000
0001001101000110
0000100111100110
0001110110110000
0010000111011010
0001110010100110
0010000011010000
0010011100010000
0001110110110000
0001111111000110
0001001000111010
0010011100010000
0010011100010000
0010011100010000
0010011100010000
0010011100010000
0010011100010000
0010011100010000
0010011100010000
0010011100010000
0010011100010000
0010010100010000
0001000000000110
0010011100010000
0001000000000110
0000011100000010
1111101111111110
0000111100000110
0000111000000110
1110110011111000
1111000011111010
1111000111111010
1111001111111100
1101100011110000
1101100011110000
1101100011110000
1101100011110000
1101100011110000
1101100011110000
1101100011110000
1101100011110000
1101100011110000
1101100011110000
1101100011110000
0010011100010000
0010011100010000
0010011100010000
0010011100010000
0010011100010000
0010011100010000
0010011100010000
0010011100010000
0010011100010000
0010011100010000
0010011100010000
0010011100010000
0010000011010110
0000011000010010
0001000110010110
0000001110010100
0001000110010110
0000100111001110
0001011001000010
0001011110000000
1111101111001100
1111101000111110
1101100011110000
1101100011110000
1101100011110000
1101100011110000
1101100011110000
1101100011110000
1101100011110000
1101100011110000
1101100011110000
1101100011110000
1101100011110000
1110101100001000
1111000110101100
1111001100111100
1110110110000010
1111010010101100
1111100111000000
1110111000101000
1110110010011000
1110101100111010
1110111000101000
1110101101101100
1110110011111100
1111000101001000
1110100010110000
1111100100011000
1111000101001000
1110100101111000
1101111101010000
1110011111101000
1111000010000000
1110101111010000
1110100101111000
1101100011110000
1101100011110000
1101100011110000
1101100011110000
1101100011110000
1101100011110000
1101100011110000
1101100011110000
1101100011110000
1101100011110000
1101100011110000
1101111110100010
1101110001001010
1101111110100010
1101111010000100
1101111010000100
1101110101100110
1101100011110000
1101100011110000
1101100011110000
1110111000100100
0001001011111010
1110000111011110
1110000011000000
1101101100101100
1101110001001010
1101101000001110
1110000011000000
1110011001010100
1110100010010000
1110000111011110
1110001011111100
1111010111110100
1101100011110000
1101100011110000
1101100011110000
1101100011110000
1101100011110000
1101100011110000
1101100011110000
1101100011110000
1101100011110000
1101100011110000
1101100011110000
1111110011111000
1111110011111000
1111110011111000
0000001101111000
0000001101111000
1111111011010010
0000001110000111
0000111100100000
0001011001101000
0001111100111100
0010010001100110
0010010001100110
0010010001100110
0010010001001110
0010010001001110
0001101001101010
0001101001010000
0001101010000110
0001110011110101
0001100101110010
0010011100010000
1101111011101010
0001001101110100
0001100111111110
0001010010110010
0001000011110110
0000011111110000
1101100110010110
0000011100000100
0000111011110010
0000011011000001
1111000011001100
1110110101000100
1111010001111100
1111101010010010
0000100110100000
0001101100111100
0001101000011100
0001010100100100
0001111001011100
0010001001001110
0010010100011110
0010011100010000
0010000101010100
0001011010010100
0001000110011100
0000110011011010
1111010100110010
1111111100111100
0000100010011010
0000010101000110
0000010100011110
1111101001111000
1111011010001000
0000001000011010
0000010011101010
1111101100010110
1111101101001010
0000011110100000
1111110101100100
0000011110100010
0000111011001110
1111111001100100
1111001110000011
1111000100110010
1111000111111000
1111011110111110
0000010001001110
0001101101010010
0001101010111110
0000110010010110
0001101010100100
0010000101101110
0010011001011000
0010011100010000
0001111111110000
0001000111100010
0000111001011110
0000101011101000
1111101101001110
0000000011110000
0000000111011010
1111010010010010
0000000010001110
0000001001101110
0000011010101010
0001000101011010
0001000010111010
0000011101100100
0000101110001000
0000001010101100
1110111100100000
0000000001001000
0000001010111000
1111010011000010
1111001011100010
1111001001110110
1111010110111110
1111011100111110
1111011111100110
0001000001011000
0001011000011011
0000100100111010
0000111101110100
0001110010000110
0010000000010110
0010011100010000
0001110111101110
0001001100101000
0000111101000100
0000110010111110
0000101101101110
0000110100101010
0000000100001000
1111100101100110
0000100110100110
0001001000010100
0001001110101100
0001011111011000
0001100000100000
0000100011111110
0000000110100100
1111101101011100
1111000101001100
0010011100010000
1101100011110000
0010011100010000
1101100011110000
0010011100010000
1101100011110000
1101100011110000
0010011100010000
1101100011110000
1111011011101010
1111110101000110
0000000000000000
0000001110100010
0000010010001010
0000000111010010
0000011101000100
0000010101110100
0000101011100110
0001100010001000
0010000110011100
0001110111111010
0010011100010000
0001110111111010
0001110100010010
0001000001011010
0000011101000100
0000100111111110
0000010101110100
0000100000101110
0000011101000100
1111111000101110
0000001010111010
0000010101110100
0000010101110100
0010000110011100
0001111111001011
0001101001011000
0000110010111000
0000101111010000
0000010101110100
1111001001100000