1111111000011000
0001000101101100
0001110000101011
0001101011010000
0001110110101100
0010011000011100
0010011100010000
0000001101000011
1111101011110110
1111110101001000
1110110111000100
1111011001111000
1111101010001110
1111011111010110
1111100011101100
1111101000000010
0000101110110100
0000111110000100
0001001011001000
0001111010100000
0001110110101100
0000010110010100
0000100010010100
0001011010011000
0010010011000000
0010010000010010
0010010010011100
0010001000000110
0001111111011010
0001000101101100
0001000101001010
0001011011011110
1111101111101110
0000110100111100
0001100111100011
0001101001101000
0001011010101010
0010010010111100
0010011100010000
0000110011011010
0000010010010110
1111011111101110
1111101111101110
1111101011000110
0000000100111010
1111111101001010
0000010111000000
0000111100001100
0001100100111110
0001011101110000
0001101111010100
0000111010101000
0000010111100000
1111001101101000
0001010001010101
0001100110100010
0001011000000100
0001001111010010
0001011101110000
0001001111010010
0001000110100000
0000000000110010
0000111001100110
0000111111010010
0000000000010010
0001010001111110
0001111100110110
0010000011001000
0001110110100010
0010001100010000
0010011100010000
0000100111101110
0000001100010010
1111000101011100
1111011000111000
1111010110000000
1111111010000001
0000000011001010
0000010010000000
0001001011101100
0001111010100010
0010001001011010
0000111100110110
0000010011001000
1111001010100110
1110101110000010
0000000100010010
0000111100110110
0001001101011010
0001100000110110
0001101000110110
0001000011101100
0001000000110110
0000001000010010
0000101111001000
0001001110100100
0000111001010110
0010010001111100
0010001111001110
0010011100010000
0001010001110010
0000111000010000
0000001000011100
0000011000101110
0000010101011110
1110000001101010
1110110101110100
1111001000110110
1110110111011100
1110110000011000
1111101000111011
1111110001100110
1111110111000010
0001000110011000
0000110001101110
1110110110010110
1110101100000010
1110101011100001
1111001110010010
1111100111110100
1111111110101010
0000010001101010
0000011101000100
1111100010011000
1111001000110110
1111001100101010
1110111001101000
1110111011010000
0000101110010010
0010011100010000
0001110011111111
0010001110011100
0000111111101100
0000111001000110
1111101101011000
1111010110100010
1111101101011000
1110010010101000
1110001111101001
1111000011111010
1110100010110111
1110101101101010
0000011010011100
0000011100110101
1110100100101010
0000100111101010
0001001011001000
1111100111111110
1110100111000100
1110101101000100
1111000011010100
1111011010110000
1111111110110100
0000001001101000
1111110000111111
1111011101110000
1111000100100000
1110101010000100
1101111010000000
1101110011111110
0000011001101000
0010011100010000
0010001000110100
0000010000011110
0000101010011000
0001001010110000
0000010001000000
1111100110111010
1111000101011100
1110111001100100
1110101101101100
1111010000010000
1111011110010010
1111100000111110
1111110011110111
0000011101111110
0000100011111010
0000011100111000
0000001100101100
1111000110100010
1110101110110010
1110100011111110
1111001010010100
1111110101011110
1111110011010100
0000000101101010
0000011000100100
0000011100010110
0000001101001110
0000010010101000
0000011100111000
0000111100001100
1111011011010100
0010011100010000
0010010000011000
1101110000010110
1111001001110100
0000100101011010
0000001000110000
1111011100101100
1111000111000010
1110100001010010
1110011101110010
1110101011110000
1111011000100000
0000010001001000
0001001001000100
0001000111101010
0000100110000110
0000111110100100
0000011111110100
1110110010110000
1110110110111100
1110011000111000
1111000011100010
1111100101110010
0000000101111100
0000001110010110
0000101101000110
0000110001010010
0000011100010100
1111110100011110
1111100000001100
1111111000101010
1111101101101000
0000101101111110
0001100101000110
0000101101111110
0010000000101100
0010010011000100
0010000000101100
0000001001001100
1111100100011100
1111100100011100
1111001000110110
1110111111101010
1110111111101010
1111010010000010
1111101101101000
1111010010000010
0000000000000000
0000110111001010
0001011011111001
0010010011000100
0010000000101100
0001010010101110
0000010010011000
0001011011111001
0010001001111000
0010011100010000
0010010011000100
0010011100010000
0010010011000100
0001101110010010
0001110111100000
0010000000101100
1111011011010000
0000101101111110
0001001001100010
0000110111001010
0001101110010010
0001100101000110
0001100101000110
0000101101111110
1111110110110100
1110110110011110
1110110110011110
1110111111101010
1110111111101010
1111101101101000
0000000000000000
0000001001001100
0001000000010110
0001011011111001
0010001001111000
0010011100010000
0010010011000100
0001100101000110
0000001001001100
0010000000101100
0010010011000100
0010010011000100
0010001001111000
0010011100010000
0010001001111000
0001010010101110
0001010010101110
0001100101000110
0000110000110100
0001111110111100
0010011100010000
0010010111011000
0001100110100010
0001000100011000
0000110000110100
0000111010100110
0000011101010100
1110000101111100
1111100010101100
1111001111001100
1111001010010010
1110101101000000
0000000100111000
0000110000110100
0000110101101110
0001100001101010
0000110000110100
1110011001011110
1111001010010010
1110100011001110
1110111011101000
1111001010010010
1111100111100110
1111011000111100
1111011000111100
1111111011001000
1111101100011110
1111001010010010
1111100010101100
1111100111100110
1101100011110000
1101100011110000
1101100011110000
1101100011110000
1101100011110000
1101100011110000
1101101001010100
1101101000000100
1101101001000000
1101101001111010
1110111011010010
0010001100110110
0010010110011010
0010011001001010
0010001110101100
0001011111100010
0000101100000011
0000011000101010
1111111000100110
1111111100010100
1111100110001000
1110011011100010
1101111010111000
1101101011011110
1101101001000000
1101101011001010
1101100011110000
1101100011110000
1101100011110000
1101100011110000
1101100011110000
1101100011110000
1101100011110000
1101100011110000
1101100011110000
1101100011110000
1101100011110000
1101100011110000
1101100011110000
1101101100010110
1101101111010110
1101101111101110
1101111110010100
1111010001101110
0010001001001100
0010000000110000
0010001000010000
0001111000001010
0001001011101010
1111110011001100
1111100110011110
1111001110100010
1111010100101110
1110111110110100
1110001110111100
1101111001000100
1101101110100110
1101101100101110
1101101111101110
1101100011110000
1101100011110000
1101100011110000
1101100011110000
1101100011110000
1101100011110000
1101100011110000
1101100011110000
1101100011110000
1101100011110000
1101100011110000
1101100011110000
1101100011110000
1101110100011010
1101101110001010
1101111011101100
1110001110011100
1111100101011100
1110011111101000
1110110001111000
1110110010011000
1110101110110000
1110010111110101
1101110011000110
1101110010010100
1101101010011000
1101101011111100
1101101100001110
1101101101001110
1110000110100000
1101110111011010
1101110011010000
1101110111011010
1101100011110000
1101100011110000
1101100011110000
1101100011110000
1101100011110000
1101100011110000
1101100011110000
1101100011110000
1101100011110000
1101100011110000
1101100011110000
1101100011110000
1101100011110000
1110101011001101
1110100110101110
1101111110100010
0010011100010000
0010011100010000
0010011100010000
1101110101100110
1101110001001010
1101110101100110
0010011100010000
0010011100010000
1101100011110000
1110111000100100
0010010111110010
1111110111000100
1110010000011011
1110000011000000
1110000011000000
1101111010000100
1111001010011100
1101100011110000
1101100011110000
1101100011110000
1101100011110000
1101100011110000
1101100011110000
1101100011110000
0010000110100100
0010000110010100
0010000111001010
0010001001001100
0010001010101110
0010001100101100
0010001111100100
0010001111110000
0001111010010110
0001000001001010
0001110111111011
0001110100001001
0001110001010110
0001101011100110
0001100001000101
0001010110101010
0001000110010010
0000110010100100
0000011111000000
1111111110000100
1110011110000110
0001000101110110
1110110101010010
0010001011000010
0010001011110010
0010000111001000
0010001000101000
0000000001010100
1110110010111110
1111000110110010
1111000010011001
1111110101000000
1111101110011010
1111100011011010
1111110010110010
0000001111011001
0000101110001110
0001110100100111
0001110100100111
0001000010000010
0010001111000010
0010011100010000
0010001111000010
0001101001101000
0001011010001110
0001001111001110
0000100011001110
1111100001001101
1111110010110010
1111111001011010
0000010110000000
0000100011001110
0000100101011010
0000110010101000
0001000110011100
0000111111110100
0000011110110011
0000000100011010
1111111101110100
1111000100100110
1111001011111011
1111100110101000
1111111100000000
1111111001010100
1111101001010100
1110110001001110
1111011110101000
1111011011111100
1111110011111110
0000111100000110
0001111100001011
0000110100000101
0010001100001110
0010011100010000
0010011100010000
0001101001100000
0001110100001100
0001011100001010
0000111001011100
1111111001010100
1111110001010100
1111111100000000
0000100001011000
0001011001011110
0001101001100000
0001001100001000
0001101110110110
0001001110110010
0001010100001000
0000111001011100
0000100001011000
1111101011111110
0000110000010110
0001001111110100
0001000100100100
0001001111110100
1111111100101000
1111101000011010
1111111110111000
0000000001001000
0000100111010110
0001011111100100
0001101101000010
0001000100100100
0001111010100010
0010011100010000
0010001010010000
0001101010110010
0001110110000010
0000110100110110
0000011100000101
1111001011001010
1111011010111010
0000011100000101
0000100010110110
0000110000010110
0001011000110100
0001001111110100
0001010010000100
0001000000000100
0001001101100100
0000111001010110
0000100101000110
0000010101010110
0010011100010000
1101100011110000
1101100011110000
0010011100010000
1101100011110000
1101100011110000
1101100011110000
1110010010101000
1101100011110000
0000110010111010
0001011001100001
0000110110011100
0000111001111100
0000100001010110
0000011101110110
0001110010001000
0010011100010000
0000110110011100
0001001011100000
0000001100010010
0000101011111000
0001101011000110
0001001111000000
0000011010010110
0000011010010110
0001000000111110
0000110010111010
0000001000110010
1111111010101111
0000101000011000
1111111010101111
0000010110110100
0000101000011000
0000001100010010
1111101001001100
0000001111110100
0000011010010110
1111111010101111
0000001100010010
1111101001001100
1111100010001010