1110011100111010
1111010001111010
1111111000011000
1111111110101000
0000010110111000
0001101110001010
0001110100011010
0001111011000000
0010010010001100
0010011100010000
0001101111001110
0001010110101000
0001010101111010
0000110001001100
0000100000111010
0000011111001100
0000100100000010
0000111000110100
0001101100110010
0001100010110000
0001010000011000
0000100000100100
0000010001101010
0000010000010010
0000001011011100
0000001001000000
0000001110111010
0000100011010110
0000110001001100
0000110111000110
0000101110000110
0000100000100100
1110100101110000
1111001111110111
0000000000000000
0000000010100100
0000100010011100
0001111000110110
0001111111100100
0001110101000010
0010001110110110
0010011100010000
0001100111111110
0001011110000100
0001011000111110
0000110001000110
0000100110111010
0000011110101000
0000011100011000
0000111110001100
0001101110010110
0001011110011000
0001001100100010
0000010101000010
0000001101000011
0000001111111011
0000000011110100
0000000011001100
0000000010001110
0000010111111010
0000011110101000
0000100110010000
0000011000010000
0000011011011100
1110100110000100
1111010010010000
0000001100000100
0000001101000110
0000101010101100
0010001101111110
0010010010101110
0001101011101000
0010001101111110
0010010110011110
0010011100010000
0010001101101000
0001011000010000
0001000010110100
0000111000010010
0000110010001010
0001000100001100
0001011011101010
0001111000100010
0001010111001110
0000110111010000
0000011001101100
0000000101010001
1111110100100110
1111110110010100
1111101001000100
1111101001101110
0000011011101110
0000010101100110
0000011111000111
0000011101011010
0000011100000100
1110100000011010
1111001001100100
0000001010011110
0000010100110000
0001000100010010
0010010000100010
0010000111101100
0001100001011000
0010000000001110
0010000111010100
0010011100010000
0010001010100000
0001111010100100
0001100101010010
0001010111011100
0001101111111001
0010000010000000
0001010000000000
0000110110000110
0000010111111100
0000001010110100
1111111011001110
1111100110010010
1111011011101010
1111010111000010
1111100011000110
1111101011010000
1111111111110101
0000011100001100
0000100001001010
0000010110100010
0000000010101010
1110011100010000
1111000010101100
1111110100010010
0000011000011010
0001111011100011
0010001111111100
0001111111011010
0001101111101010
0001110111101110
0010001000101010
0010011011111000
0010011100010000
0001111010110100
0001101001000111
0001111000110111
0010001001110100
0001110111010110
0000111101010100
0000010001000110
1111110110100110
1111110011100000
1111100111001110
1111000110100010
1111000101011000
1111001111011001
1111001110100110
1111100001000100
1111111010000010
0000000010001000
0000001110110100
0000001111111011
1111101101110000
1101111010011010
1110111101111110
1111011111100010
0000010110000000
0001011111001110
0010010111111010
0010001101011100
0001001100100000
0001011001100100
0001101110111100
0010001000101000
0010011100010000
0010000011110110
0001101001101100
0001110111001110
0010000110000010
0001111010010000
0000101010100000
1111110100000001
1111011110101010
1111010010111000
1111000000001010
1110110001010110
1110111101100010
1110100010100000
1110101011001110
1110111001101000
1111010100001100
1111100101001100
1111101000010000
1111100100010100
1110111001001100
1101110110101000
1110111011000000
1111001001001010
1111100111010000
0001001100101010
0001010101100000
0001010110101100
0001000010000010
0000110111011100
0000101100110100
0001011010110100
0001111000110111
0010001100010110
0010010000011110
0001101101101010
0001110010011000
0010011100010000
0001111000110111
0000011101011110
0000000100101110
1111010101100100
1111010011110011
1110111100110010
1110110100100010
1110101000110000
1110101000001010
1110110110111000
1111001100001000
1111101101001000
1111101100100010
1111000010101100
1110101110101000
1110110001111000
1111110111010100
1111010100100110
0000001000101100
0001001110001000
0001111001100010
0001111001100010
0010011100010000
0010010011100100
0001110000110101
0001101000001010
0000100010101110
0000011010000010
1111110111010100
0000000000000000
0000010001011000
0000001000101100
1111101110101000
0000110100000101
0001000101011100
0000010001011000
0000011010000010
1111100101111110
1111110111010100
0000011010000010
0000001000101100
0000000000000000
1111000011010000
0000010001011000
0000011010000010
0000101011011010
0000011010000010
1110010001011110
1110110111100110
1111101100111100
0000000011110100
0000001011011100
0001100110111010
0001110110001000
0010000101011000
0010000101011000
0010011100010000
0010001101000000
0010000101011000
0001001000011010
0000011010101100
0000010011000100
0000110001100010
0000100010010100
0001010111101010
0010011100010000
0010001101000000
0001010111101010
0001001000011010
0000101001111010
0000100010010100
0000010011000100
0000010011000100
0000100010010100
0000100010010100
0001001000011010
0000010011000100
0000110001100010
1111111100001100
1110100000110100
1110111001111110
1111110011011100
0000010111010110
0010000110101100
0010010001011110
0010000110101100
0001110001001010
0001101001111110
0001110100110000
0010011100010000
0010010101000100
0010001010010010
0001110001001010
0001110100110000
0010001010010010
0010000011000110
0000101001010100
0000000001110010
1111111010101000
1111100001011110
1111011101111000
1111010110101100
1110110110011000
1111011010010010
1111100001011110
1111101000101010
0000000001110010
0000001100100100
0000011010111100
0000001100100100
1111110011011100
1101100011110000
1101100011110000
1101100011110000
1101100011110000
1101100011110000
1101100011110000
1101101111001110
1101101010001010
1101101111101010
1101101100111010
1101111010101010
0000100110111100
0010000101110100
0010010100111010
0010010100111010
0010001011110000
0001110001001100
0001000001100010
0000110011010100
1111100010101100
1110111111110110
1110001110110100
1110001001110010
1110000101001100
1101111101011010
1101110101101000
1101101111001110
1101101111101010
1101101101110110
1101100011110000
1101100011110000
1101100011110000
1101100011110000
1101100011110000
1101100011110000
1101100011110000
1101100011110000
1101100011110000
1101100011110000
1101100111000110
1101100110010010
1101100110110110
1101100111000010
1101110110000000
0000101110110000
0010001110101000
0010001010111010
0001101101010100
0001100001110010
0000111111110110
0000011100000100
1111110011101110
1110111001001100
1110011011101000
1101110111100000
1101101110001100
1101101101100000
1101101010110010
1101101001011000
1101101000011100
1101101000001000
1101100111010010
1101100011110000
1101100011110000
1101100011110000
1101100011110000
1101100011110000
1101100011110000
1101100011110000
1101100011110000
1101100011110000
1101100011110000
1101110110001010
1101100111111010
1101111100110000
1101111011101100
1110001010010010
1110101101010100
1110101110011100
1110101001000100
1110100001101110
1110011110100111
1110010101011110
1110011100100000
1110010110100010
1110001110111110
1110011001011000
1110011111011001
1110001100011000
1110101010000100
1110001100011000
1110100011010010
1110001101111100
1101111100001110
1101101101101000
1101100011110000
1101100011110000
1101100011110000
1101100011110000
1101100011110000
1101100011110000
1101100011110000
1101100011110000
1101100011110000
1101100011110000
1111000101111110
1101101000001110
1101101100101100
1110101111101010
0010011100010000
0010011100010000
1101101100101100
1101101100101100
1101101000001110
1101110001001010
1101110001001010
1101101000001110
1110000011000000
1110010100110110
1110011101110010
1111010011010110
1110001011111100
1101111110100010
1101111010000100
1101111010000100
1101100011110000
1101101000001110
1110001011111100
1101100011110000
1101100011110000
1101100011110000
1101100011110000
0010011100010000
0010011100010000
0010011100010000
0010011100010000
0010011100010000
0010011100010000
0010011100010000
0010011100010000
0010011100010000
0010011100010000
1101110000100100
1101101110011100
1101101010010110
1101100110000100
1101100101001100
1101100100100000
1101100011110000
1101100011110000
1101100011110000
1101100011110000
1110101100101010
0000111110100000
1101111011000000
1110100101110000
0000100000100000
0001001101100110
0001101110100010
0010001000101110
1111010110111000
1111000011001010
0000010010000110
0000110011000000
0000100000111010
0000000000000000
0001000011011100
0000101100011010
0010011100010000
0000011111010000
0001000110101110
0001010000100110
0001000011011100
0000101110000100
0000000100111100
0000011011111110
0000010111000010
0000010010000110
1111011011110100
1111110110001000
0000011111010000
0000001110110100
1111111001011010
0000010010000110
0000000110100110
0000010111000010
0000000000000000
0000010101011000
1111011111000110
0000000011010010
1111000001100000
1101111110000100
0000000000110100
0000010100000010
0000010100000010
0010001100001110
0001100100001010
0001100010100100
0001001111010100
0001110010100110
0010011100010000
0001010111010110
0000010000110100
0001001101101110
0001110100001100
0001101100001100
0001000111010100
0001010100001000
0000101100000011
0000111010100000
0000010010011100
0001100000111110
0000100000110110
0000101101101100
0001000101101110
0000100100000100
0000010010011100
0000010010011100
0000100100000100
0000110000111000
1111111000110010
0000001101101000
1111111010011010
1111001000101110
1111100101010110
1111111101100100
0000100011001000
0010011100010000
0010000101010000
0001100100100010
0010000010110100
0001011000011010
0001101000001010
0001101011110011
0001010011100100
0001011111101100
0001010011100100
0000010111000000
0001010110000000
0001100110111110
0001001101100010
0001000001011010
0000101010011001
0001001011000110
0000110111101101
0000011111100000
0000100011001000
0000011101000100
0000001010111010
0000001100001000
1111111001111100
0000000111010010
1111100110100100
0000001100001000
1111100111110010
1110100001100010
1101100100110000
0010011100010000
1101100011110000
1101100011110000
1101100011110000
1101100011110000
1110100010010000
1101100011110000
1101100011110000
0000001101000010
0000000101001110
0000101001101010
0000011111010000
1111110010111110
0000010010001110
0010011100010000
0010010001110110
0000111011111010
0001111010011010
0001110010100110
0000010111011100
0000101110111000
0000101100010010
0000011010000010
0000100001110110
0000000111110100
1111101101110010
1111111101011010
0000101001101010
0000001111101000
1111011000111100
1111101000100100
0000000101001110
1111111101011010
1111100000110000
1111110101100110
1111101101110010
1111000110101110
1111101000100100
1111110101100110
1110001010110100