1111101111100100
0001010000011000
0001001101000000
0001100111100010
0001110000001010
0010011100010000
0010001111001010
0000111111100010
0000101001111000
0000011011010010
0000000111110110
0000101000011000
0000100010011000
0000111111001100
0000111011110011
0001010100011110
0001011110111100
0001111000110000
0001011110111100
0001101010100010
0001001010000000
0001011000001110
0001010111011110
0001101010001010
0001000101100010
0001000000101010
0000011001110010
0000011011101010
0000000100100000
0000000101111110
0000000110010110
0000001110001110
1111110000100010
0001001011011010
0001000001011000
0001010010011000
0001110111100000
0010011100010000
0010000100101010
0010000100010010
0001011000111110
0000110100100110
0000110011110100
0000111110010010
0001100001000100
0001101101000011
0010001010011110
0010000101011100
0001100111101010
0001011101100110
0001010110101000
0001010010000000
0001001011000010
0001010011100010
0001100001011110
0001001011110100
0000110011110100
0000101101101000
0000010001000010
0000010111111110
0000010100111000
0000011101110010
0000010111100110
0000010000101000
1111011011100010
0000101000010000
0000011001111000
0000101101111010
0001011111000010
0001101101110010
0010011011111000
0010011100010000
0000110111010110
0000100111100000
0001001000000000
0001010111000110
0001101101000010
0000110010011011
0000111011111010
0000000001101100
0000000010000110
1111110000010100
1111110110110000
0000011011000001
0000001011100010
0000100111100000
0000101100110010
0000110100010110
0000001110100100
0000001110100100
0000001101011010
0000000000111100
1111110001011100
1111100001111110
1111100000000100
1111101111111100
1111011011011110
0000100100001000
0000100111110010
0000111110000101
0001111010001010
0001111101000000
0010011100010000
0010001101001110
0001110001001110
0001011000011110
0001100011110110
0000011111010000
0000011101101000
0000000011101010
1111110000001100
1111011001011100
1110111011000000
1111000001111011
1111001011010000
1111000110110010
1111011001110110
1111101010100000
0000000110000110
0000110000101100
0000110011100010
0000011100000000
0000000011010000
1111101011101110
1111100101001110
1111011001000010
1111010010100010
1111110111111000
1111011011011010
0000011011110110
0000110111111010
0001000010000010
0001111110010110
0010001001110110
0010011100010000
0010000111100010
0001111101111000
0001011001100001
0000101100111000
1111101000110001
1110110000001010
1110100101100100
1110101001101110
1110010110110110
1110011001100110
1110001110100100
1110000011111111
1110001110000110
1110010001110010
1110000001001110
1111000010000110
1111101110110000
0000101110010000
0000100111110100
1111110111100000
1111010011100110
1110101110010100
1110010110110110
1110100000100000
1111001111111010
1111111011010010
0000110100011001
0001001110011000
0001100001001111
0010001001011000
0010011011110010
0010011100010000
0001110001110000
0001001011100010
0000101111101100
1111010001110000
1110111110011000
1111000110111000
1110100001001000
1110010110010000
1110000111101000
1110001110101110
1101111100110010
1101110100110000
1101111110001100
1101110010011000
1110010000001000
1110011111001111
1110110001101000
1111101001010110
1111110001011000
1111001100000101
1110100000101010
1110100000101010
1110001010111100
1110100100111010
1110010100011000
0000111000111000
0010011100010000
0001100010101010
0000100111100110
0001111011110110
0001010110011010
0000110110101110
0000110010011010
0001010011100010
0001101100101110
0000000100010100
1110110110100100
1110100011001000
1110010110111001
1110011011111011
1110011011001100
1110001111101100
1110001110001110
1110010110111001
1110000010101110
1110000110010100
1110010011010010
1110000110010100
1111010111101100
0000101110000110
0000100100101110
1111010111101100
1110110010111110
1110111000000000
1110101011110000
1110010111100110
1111001100001010
1111101101101000
0001101110010010
0001101110010010
0001110111100000
0010011100010000
0010011100010000
0001110111100000
0001000000010110
0000010010011000
0000100100110000
1111101101101000
0000100100110000
0000011011100100
0000110111001010
0000011011100100
0001010010101110
0010001001111000
0010011100010000
0010010011000100
0001101110010010
0000101101111110
0001010010101110
0001001001100010
0001010010101110
0000010010011000
0000110111001010
0000110111001010
0000010010011000
0000001001001100
0000001001001100
0000001001001100
0000010010011000
1111011011000100
0000111011101001
0000111011101001
0001100011011100
0001111111110110
0010011100010000
0010010000111000
0001010010011000
0001010010011000
0000111011101001
0000110101111110
0000110101111110
0000111011101001
0000111011101001
0001000001010110
0001000001010110
0001001100101110
0001101001000111
0001011101110000
0001011000000100
0001001100101110
0001011101110000
0001101110110010
0001101110110010
0001101001000111
0001011000000100
0000110101111110
0000011111010000
0000001000100010
0000011001100100
0000001000100010
0000011001100100
1111100011100110
0000101010101000
0000111000110100
0001001010100100
0010000110111100
0010000011011010
0010011100010000
0001111100010010
0010010001100110
0001011111111000
0001011000110010
0000011000110110
1111110101010110
1111101010101100
1111010001110110
1111010101011000
1111010001110110
1110110001111000
1111001110010010
1111000111001100
1111000000000111
1111001110010010
0000000111000110
0000100011100000
0001010001101100
0001010101001110
0000001110001110
0000000011100100
1111100011100110
1110111100100010
1111010101011000
0000001110001110
1101100011110000
1101100011110000
1101100011110000
1101100011110000
1101100011110000
1101100011110000
1101100101101100
1101100110000010
1101100110110000
1101100110100000
1101110000001000
0000111111011000
0010000000010000
0001111000001110
0001101010011000
0001101010110000
0001010000110100
0000011101101000
1111101010010100
1111001010010110
1110110001011000
1110001010001100
1101111011100010
1101110101110010
1101110000001000
1101101011111010
1101101001011010
1101101000010100
1101100011110000
1101100011110000
1101100011110000
1101100011110000
1101100011110000
1101100011110000
1101100011110000
1101100011110000
1101100011110000
1101100011110000
1101100011110000
1101100101111110
1101100110001110
1101100111000100
1101101000010010
1101110110001010
0000011011110110
0001000111100000
0010000000100010
0010001000011110
0010001000000010
0001010101110010
0000010101001110
1111011110101000
1110110011001100
1110010010101010
1101111000011110
1101110001110100
1101110010111110
1101110000110000
1101101110101100
1101101010101010
1101101001000100
1101100011110000
1101100011110000
1101100011110000
1101100011110000
1101100011110000
1101100011110000
1101100011110000
1101100011110000
1101100011110000
1101100011110000
1101100011110000
1101101111110000
1101110010010100
1110000001111100
1110101101001100
1111010100110000
1110001100111100
1110010010000010
1110010100000011
1110010111011100
1110011010100100
1110001101001110
1110001101100000
1110000001100100
1101111110011100
1101110010100000
1101101000110110
1101111111111000
1101111101010000
1110010100001101
1110101011000110
1110011010011100
1110001000001100
1101100011110000
1101100011110000
1101100011110000
1101100011110000
1101100011110000
1101100011110000
1101100011110000
1101100011110000
1101100011110000
1101100011110000
1101100011110000
1111110111000100
1101101000001110
1111001010011100
0010000001011110
0010011100010000
0010011100010000
1111000101111110
1110101111101010
1110111000100100
1110001011111100
1110100010010000
1111101001101100
1110011001010100
1101111110100010
1110011001010100
1110000111011110
1101111110100010
1110010100110110
1110000011000000
1101110001001010
1110000111011110
1111000001100000
1101100011110000
1101100011110000
1101100011110000
1101100011110000
1101100011110000
0010010011110010
0010010100000010
0010010101110010
0010010110011100
0010011000110000
0010011011101010
0010011100010000
0010011100010000
0010011100010000
0010011100010000
1111010100111110
1111010111110010
1111011001010100
1111010010001010
1111001000110000
1110111011100100
1110100111100000
1110011010101100
1110100101110010
1111100011010100
1110010101110000
0000101111110010
1101111010001000
1111000011001010
0000111010101100
0000100100011010
0000011010000110
0000101101100100
0000010001100010
1111100011010010
0000011011010100
0001000101011000
0001100101100110
0000101001010110
0001001101110010
0010011100010000
0001110010001110
0001001101110010
0001110010001110
0001001101110010
0001100100001100
0001101000011010
0001000001001010
0001001111001100
0000110101111100
0000111100111110
0001000101011000
0001000011111110
0001001101110010
0001101001110100
0000110000010110
0001000010100100
0001010111100110
0000101010110000
0000011111100010
0000100101001000
0001000001001010
0000111100111110
0000101010110000
1111000001101000
1111110000000000
1111111100001100
0001001011011110
0010000110111010
0001100110111010
0001001011011110
0001110111101010
0001001100111110
0000101001111010
0010001101000000
0010011100010000
0010010110001010
0010000000110100
0001100000110100
0001010111101010
0000111100001110
0001010110001000
0001010100100110
0010010100101000
0001010011000110
0001111100010000
0000111010101100
0000010011000100
0000100011110100
0000101001111010
0000100011110100
0000010111101000
0000100011110100
0000010011000100
0000011001001010
1111111001001000
1110100000101110
1111000110100010
0000000010101100
0001001101001110
0000101101110100
0000001000000110
0000001111010010
0000011011110110
0000111110110110
0001111101101110
0010011001100100
0001101001000100
0010001011001100
0010010001011110
0001110011110101
0001010001101110
0001000010011100
0001111001001110
0001111010001000
0010011100010000
0010010010011000
0001110011110101
0000101110101100
0000010101100100
1111111100011010
1111011111101100
1111110110001000
1111100101111110
1111100000100100
1111110000101110
1111101000101010
1111011110110010
1110100111000111
1101100101000110
0010011100010000
1101100011110000
1101100011110000
1101100011110000
1101100011110000
1101100011110000
1101100011110000
0010011100010000
1110101111101100
0000001010001110
0001000111100100
0001010011010000
0001000100101000
0010000001111110
0010011100010000
0001011100000000
0000001101001010
1111111110100010
1111111011101000
0000100100100000
0001000001101110
0000011000110100
0000011000110100
0000000100011000
0000101010010110
0000100001100110
0000001010001110
1111101101000010
1111101010000110
1111111011101000
0000001010001110
0000011011110000
0000100100100000
0000101101010010
0000101101010010
1111111110100010
1111110101110010
1111011110011010
1110110010100110
1101111000001100