1110011110000100
1111100011000110
1111101010100010
1111111101101010
0001000000110110
0001110000011010
0010000000101110
0010011100010000
0010001100110110
0001111110111000
0001100100110000
0000010101111010
1111110001100010
1111101111101100
1111011101111100
1111000010111010
1110111111001010
1111010001010111
1111100000110000
1111101100011010
0000000111000000
0000100011111010
0000110111100000
0000010111110010
1111110100110100
1111100101111001
1111011010001110
1111100110010110
1111110000001010
0000011000010000
0000101010111010
0000000100001100
1110110001100000
1111011010110110
1111100111101110
1111111111010001
0000011101111110
0001010001100010
0001110111000110
0010011100010000
0010000101100000
0001101101100110
0001010100100100
0001000001001110
0000100110101100
0000001000010110
1111111000011010
1111110001111110
1111101101011010
1111100010110100
1111110101000000
0000011001011010
0000101001010110
0001000011100000
0000101111110010
0000101010011110
0000010111100000
0000000110011100
0000000101101100
0000000111001110
0000001111001010
0000110110101000
0001000100101010
0000110101011110
1110111010000010
1111011111010110
1111111000101000
0000000101110110
0000100010100110
0001101000111100
0010001000000010
0010011100010000
0001110100001110
0001110010010010
0010000111010000
0001011010001100
0000100110111000
0000110110110100
0000100110000110
0000011110101110
0000010011110100
0000100001011100
0000101101111000
0001000000111010
0001000100110010
0000111100101000
0000011111011110
0000010111010100
0000001101001110
0000001010000110
0000000111110001
0000010000101110
0000011011001110
0001001001011110
0001001010101000
0000100111101010
1110111011001000
1111100000000100
0000000011101100
0000000000001110
0001000101110000
0001110000110010
0010011100010000
0010011011110100
0001111101011010
0010010001110100
0010001011010100
0010000111011000
0001101110101000
0001100001001000
0001001111010100
0001001001010000
0001100001100100
0001011100110010
0000110110100001
0000100001010000
0000010000101110
1111110011001100
1111101000110001
1111100111011100
1111100101010010
1111101010000100
1111101111101100
1111111001010000
0000001110100100
0000100111010110
0000111010011101
0000010100001101
1110011110001100
1111001110101110
1111111010010100
1111110111110110
0001011011111000
0001101110101100
0010000011100000
0001101101001100
0001100011010010
0001110011101000
0010011100010000
0010010110010100
0010001011111010
0001110001001010
0001110101101000
0001100110110000
0001011001011010
0000010000000110
1111000101110100
1110111000111100
1110111000111100
1110011110101100
1110011011101110
1110010010010100
1110011000010000
1110101101000010
1110111011111010
1110110011100000
1110111000111100
1111111100010010
0000011111111100
0000010000100110
1110010000110110
1111010010111010
1111110111010010
1111110111010010
0001001110111010
0001011001101010
0001100111011110
0001000010100110
0001000000000010
0001001100110110
0001110111111000
0010001111011100
0010011100010000
0010000100001100
0001110011110010
0001001001010000
1111110111010010
1111010101011110
1110111000110010
1110010101111110
1110010100111100
1110001111110100
1110010000110110
1101111001110010
1110000001011110
1110100000001100
1110010100011010
1101111000010000
1101111100110110
1110011100101000
1111010110000000
1111011100101010
1110011110010000
1111011000110000
0000000010110110
1110110111001110
1111101110001010
0000000010001000
0000010110110110
0000010111100010
1111110110000000
0000000011100100
0000011101010000
0001110100010010
0010011100010000
0010011000101100
0001110101000000
0000111010100000
1111001110110010
1111011101000010
1110101101111100
1111000001001110
1110111101101010
1111000101100000
1110111010000110
1101101111111000
1101110111101110
1101111011010010
1110000111011101
1110011101100010
1101111100000000
1110001101001000
1110100100101100
1110110111111100
1110111000001110
0000011101100100
0000011101100100
0000100110000000
0001010000001111
0001111010011110
0010011100010000
0010011100010000
0010011100010000
0010001011010110
0001100001001000
0000001100101010
0000100110000000
0000011101100100
1111100010011100
1110111000001110
1101110100101010
1111000000101010
1111001001000110
1111110011010110
0000000100001110
0000110110111010
0000101110011100
0000000100001110
0000000100001110
1111110011010110
1110011110111000
1111001001000110
1111101010111001
0000010101000111
0000011101100100
1111111011110010
1110110111000110
1111101110101000
1111101110101000
0000010001011000
0000101101001000
0001110010100110
0001110010100110
0010011100010000
0001110010100110
0001101011101000
0001000001111110
0000100110001100
0000000011011110
1111010010111000
1101101010101100
1110111110000010
1110110000001000
1111110101100110
0000000011011110
1111110101100110
0000001010011010
0000100110001100
0000111011000010
0000001010011010
0000001010011010
1111100000110000
1111111100100010
0000000011011110
1111110101100110
0000111011000010
0001000001111110
1111110101100110
1110101011010010
1111010000111100
1111111110001000
0000001101001100
0001100011110001
0001110010110110
0001111110001000
0001100011110001
0001100111100010
0001111010011000
0010011000100000
0010011100010000
0010001101001100
0001111110001000
0010000001111010
0001101011010100
0001010000111100
0000010000111100
1110111010010110
1111001001011010
1110111010010110
1110000101101000
1110101111000100
1110110110100110
1111000101101010
1111100000000000
1111100000000000
1111010100101100
1110111010010110
1111101011010010
0000110010110110
0000100111100010
1101100011110000
1101100011110000
1101100011110000
1101100011110000
1101100011110000
1101100011110000
1101100011110000
1101100011110000
1101110001111110
1101101110101100
1110001100110010
1111110101111000
0001001001101000
0010001000100100
0010010101001000
0010000110010110
0001011110011010
0001001010001010
0000101110110010
0000000101110000
1110111110000100
1110010011011000
1101110101010000
1101110011000100
1101110000111000
1101110001011100
1101100011110000
1101100011110000
1101100011110000
1101100011110000
1101100011110000
1101100011110000
1101100011110000
1101100011110000
1101100011110000
1101100011110000
1101100011110000
1101100011110000
1101100011110000
1101100011110000
1101100011110000
1101101000010110
1101101000010010
1101111000110010
1111010110110000
0001010011100100
0010010110111100
0010010000101100
0001111100110100
0001001010111000
0000101111011100
1111111010010110
1111001001000010
1110010111101100
1101110010110010
1101101001110000
1101101001001110
1101101001000100
1101101001011010
1101100011110000
1101100011110000
1101100011110000
1101100011110000
1101100011110000
1101100011110000
1101100011110000
1101100011110000
1101100011110000
1101100011110000
1101100011110000
1101100011110000
1101100011110000
1101100011110000
1101100011110000
1101110001010010
1101100111111010
1101111100001110
1110001100011000
1110010101110000
1110010101001000
1110010101011100
1110010101110000
1110011100101000
1110011011101100
1110011011000100
1110010100000011
1110101101000010
1110001000011001
1110000111101100
1101110000110000
1101111011001100
1101101010000000
1101100011110000
1101100011110000
1101100011110000
1101100011110000
1101100011110000
1101100011110000
1101100011110000
1101100011110000
1101100011110000
1101100011110000
1101100011110000
1101100011110000
1101100011110000
1101100011110000
1101100011110000
1110000111011110
1110000111011110
0010011100010000
0010011100010000
0001110100000100
1110000111011110
1101101000001110
1110101011001101
1110111000100100
1110010100110110
1111001010011100
1110110100000110
1111010111110100
1111101110001010
1101110101100110
1101100011110000
1101100011110000
0000001000111100
1101100011110000
1101100011110000
1101100011110000
1101100011110000
1101100011110000
1101100011110000
1101100011110000
0010011100010000
0010011100010000
0010011100010000
0010011100010000
0010011100010000
0010011100010000
0010011100010000
0010011100010000
0010011100010000
0010011100010000
0000000010101100
0000000000100010
1111111011101000
1111111011111100
1111111101000001
0000000000010111
0000000010000000
1111111100000010
1110111100111100
1101100011110000
1110110101000000
0000100001000110
1101111111000110
1110010000110100
1110110000010010
0000000000001011
0000010111001100
1110110000100100
1111110110110100
0000000111010110
0000000111010110
1111101101101000
1111111100010100
0000100100110000
0001101110010010
0001011011111001
0001010000110111
0001101110010010
0001100001011100
0000101111110010
0000111110100000
0001000101110110
0000110011011110
0001000111101100
0001010100100100
0010011100010000
0000101111110010
0000100010111100
0000111001000000
0001001011011000
0001000010001100
0000110101010100
0000100100110000
0000010111111010
0000101100001000
0000100001000110
0000010110000100
0000100001000110
0000010000100010
1111101111011110
0000000111011100
0000000101010100
0000110001111101
0001100010110110
0001100111000110
0001000000110110
0001100000101110
0010001001001000
0001101111100101
0010000010110000
0001011100011110
0010000111000000
0010011100010000
0010010101111000
0000111000010101
0001111000001000
0001010110000110
0010000111000000
0001000010111110
0001100010110110
0000011110110011
0000111110101110
0001111010010000
0001001101100110
0001010110000110
0000110001111101
0000111000010101
0001100000101110
0000110100000101
0001000000110110
0000100011000100
1110101001111010
1111101011101100
0000111110101100
0001010101101000
0010011100010000
0010010011011100
0001011100101011
0001001011000010
0000011101001000
0000101101000010
0001000101110000
0001010000010110
0000111011001010
0001010011111000
0001000101110000
0000100100001100
0000111011001010
0000101101000010
0001101001000100
0000010010100010
0001000101110000
0000100111101110
0001010000010110
0000001101010000
0000110000100100
0000011110111010
0000101110110010
0000011110111010
0000100100001100
0000101001100000
0000100101111110
0000010111110110
1110110001011100
1101100101010100
0010011100010000
1101100011110000
1101100011110000
1101100011110000
1101100011110000
1101100011110000
1101100011110000
1101100011110000
1111000000000111
1111100111001010
0000010001110000
0000001110001110
1111001110010010
0000111111111001
0001110101001100
0010011100010000
0001100011011100
0000100111000100
0000100011100000
1111101010101100
0000000011100100
0000000111000110
1111111100011100
0001000011011110
0000100111000100
0000110101010010
0000101110001010
0000110001101110
0000001010101010
0000010101010100
0000010101010100
1111101010101100
1111100111001010
0000001110001110
1111100111001010
1111010001110110
0000000011100100
1111101110010000
1111011100100000
1110011100100100