1110110011010010
0000010101111100
0000100111000000
0001001001100110
0000010101011100
1110011111101010
1110010100010100
1110011011000010
1110100100010100
1110010110011000
1110011100000101
1110111001100000
1110111111101100
1110101111001010
1110110000001100
1111001100000110
1111001001000000
1111100001110011
0000001010000100
0000101100101011
0001010111000010
0001110101000000
0001011011001010
0001011100101110
0001101000100110
0001100111100011
0001001111110100
0001110011111110
0010011100010000
0010010010011100
0010001000101000
0010010010111100
1111000000110010
0000100001111000
0001011101100100
0001111100011010
0000100110011100
1111110000010100
1110010100010010
1110100001011100
1110111001101110
1110010010010010
1110011111111100
1111000010110100
1110110101001010
1110111110110010
1110110111001100
1111010111100101
1111100101001100
1111100010101010
1111111001011100
0000101101000000
0001010010011100
0001011110000100
0001110011010010
0001101100001110
0001101100001110
0001101000101100
0001010110111110
0001111100011010
0010011100010000
0010011100010000
0010010010001000
0010010011001010
1110101100101110
1111111000110001
0000111100000000
0001001110111010
1111101101010100
1111001110001000
1101101100100010
1110010010010110
1110100000011010
1110001011110000
1110001011110000
1110001100101001
1110100111000000
1110101100101110
1111000101010100
1110111011101010
1111010010100000
1111011101111100
1111100100100010
0000100001101000
0000101000101010
0001010111101100
0001000110000110
0001010101100000
0001010110110100
0001001111110010
0000111011001000
0010001011000110
0010011100010000
0010000000001000
0001111110110100
0010011010111100
1110101111001001
1111111010111110
0000111001101000
0001001011100110
1111101111100100
1111000101100000
1101110000011110
1110011111010110
1110101100111100
1110100110011000
1110100000001110
1110010000000010
1110100110011000
1110110101010010
1110110101101110
1110101110010000
1110111101001010
1111001000100100
1111011100010010
0000000000001110
0000010000000000
0001000100001010
0000111011011000
0001010000110111
0001011110011100
0001011001001100
0000101010010010
0010000101000010
0010011100010000
0001100111001110
0001100101000001
0010000111101010
1110110000001010
0000000110011010
0001001001011100
0001011111001000
1111110111001000
1111010010101010
1101111001011100
1110010011100101
1110100011010110
1110000101010010
1101111101111000
1110011011111100
1110100111110010
1110110010101000
1110100100010100
1110010110100010
1110111000100010
1111011101100000
1111101100010010
0000011000101010
0000110010010001
0001101011011100
0001000100000010
0001000100000010
0001000110111110
0001000110000000
0001010010010100
0010000000101010
0010011100010000
0010000011100110
0001111101101100
0010001100011110
1110110111101100
0000110111010100
0001000010000100
0001110110010000
0000111111110100
1110011111111000
1110101000111100
1110101101011110
1110111011101010
1110010010010000
1110001000000101
1110011111111000
1110100100111110
1110101100111010
1110101000011000
1110110000010100
1111010110010100
1111011000000010
0000000010100100
0000110000100000
0001011001010100
0001011011100110
0000111101100010
0001000010101000
0000111110101010
0001000001100000
0001100001110110
0010011000110110
0010011100010000
0001111011111100
0001101101110000
0001110111011000
1110011001110100
0001111000011110
0001110011101011
0000101101101110
0000100111011000
1111001100101110
1110110000111000
1111110000100000
1111110110000100
1110010001111000
1101101000100010
1110101110100001
1110110110011100
1111010001011110
1111011111000000
1111110000100000
0000011100001110
0000100111011000
0001010011111000
0001101110001000
0010010110101100
0001110001010100
0000101101101110
0000111111001110
0001110011101011
0010001000011000
0010010110101100
0010011100010000
0001110100100000
0001011000101010
0001011101011100
0001100011110001
1111001011111011
0000001110001110
0000010111101100
0000001110001110
1111110001110010
1111011110110110
1110111000111110
1111000010011100
1111010101011000
1111000010011100
1110011100100100
1111101000010100
1111111011010000
1111011110110110
1111011110110110
1111101000010100
1111001011111011
1111110001110010
0000010111101100
0000101010101000
0000000100110000
0000101010101000
0000000100110000
1111101000010100
0000000100110000
0000010111101100
0000001110001110
0001100011011100
0010011100010000
0010001001010100
0001100011011100
0001100011011100
1111100011100110
0000110001101110
0000111000110100
0001010101001110
0000111000110100
1110110001111000
1111010101011000
1111010101011000
1111000111001100
1111010101011000
1111100011100110
1111101010101100
1110100011101010
1111001110010010
1111010101011000
1111110001110010
0000000111000110
1111111000111010
1111111000111010
0001000111000010
0001110001101000
0010001110000010
0001111000110000
0001100011011100
0001110001101000
0001110001101000
0001110001101000
0001111111110110
0010011100010000
0010011100010000
0010001110000010
0010001110000010
1110111100000000
0000000101100000
0000111100101010
0001010010101110
0000001100111000
1111100100011100
1110101101010010
1111010101101110
1111011101000100
1110001111111000
1110000100110110
1110110100101000
1110110100101000
1110010111001110
1111100100011100
1111101111011110
1111100000110000
1111111010100000
0000010000100010
0000110101010100
0000111001000000
0001100101000110
0001001111000010
0001100001011100
0001000000010110
0000111001000000
0001001111000010
0001110111100000
0010010100111010
0001110011110100
0010000010100000
0010011100010000
1101100011110000
1101100011110000
1101100011110000
1101100011110000
1101100011110000
1101100011110000
1110000000011010
1101111001000000
1101111011110010
1101111001111100
1101110101010100
0001001100110000
0010000111111010
0010010000001110
0001101001011010
0001100001000101
0001011010100110
0001010001011000
0001001010111000
0000111100000110
0000100100000100
1111001111111100
1101111011110010
1101111000000110
1101110110010000
1101110101010100
1101100011110000
1101100011110000
1101100011110000
1101100011110000
1101100011110000
1101100011110000
1101100011110000
1101100011110000
1101100011110000
1101100011110000
1101100011110000
1101100011110000
1101100011110000
1110000010001010
1110001001001100
1110110011110000
1110010111101100
1110001110110010
0001000011110110
0010000100011010
0001100111110110
0001101111010110
0001110011000110
0001010111000000
0001000011011000
0000111011011010
0000010011101010
1111110101010000
1110110011110000
1110000011100100
1110000100100000
1110000011000110
1101111100000100
1101100011110000
1101100011110000
1101100011110000
1101100011110000
1101100011110000
1101100011110000
1101100011110000
1101100011110000
1101100011110000
1101100011110000
1101100011110000
1101100011110000
1101100011110000
1101111011001000
1101110001010010
1110100010110000
1110011010011100
1110100010110000
1110111011110000
1111000110101100
1110100000011010
1110111011110000
1111001101011110
1111000000111110
1110110101100100
1110011011001001
1110011100011100
1110110010000010
1110000010001000
1101101111011000
1101101111011000
1101110001011110
1101101111111010
1101100011110000
1101100011110000
1101100011110000
1101100011110000
1101100011110000
1101100011110000
1101100011110000
1101100011110000
1101100011110000
1101100011110000
1101100011110000
1101100011110000
1101100011110000
1111011100010010
1110111000100100
1111010011010110
1101110001001010
0000110101100100
0010011100010000
1101100011110000
1101100011110000
1101111110100010
1101101100101100
1101100011110000
1101100011110000
1101101000001110
1110000111011110
1110011101110010
0000010001110110
1110000011000000
1101101100101100
1101101000001110
1111110010100110
1101100011110000
1101100011110000
1101100011110000
1101100011110000
1101100011110000
1101100011110000
1101100011110000
1111101111000100
1111101001101011
1111100010110010
1111100001010010
1111100000100000
1111100001111010
1111101011011010
1111101100000110
1111100111101101
1111101101001100
0001110110101000
0001110100111000
0001110110000010
0001111000110110
0001111111100110
0001111110101110
0010000001100010
0010000010001100
0010000011111110
0001110110110100
1110011001111010
0001000100000000
1110010000101010
1110111010110000
0000110001001000
0001100101000100
0001101011100110
1110010110100010
1111100100001010
1111111100111010
0000010010100100
0000001100011000
0000001101111100
0000101011010100
0000111010110010
0000100011100110
0000111101111000
0000110110001010
0000111101111000
0001000100000100
0000111111011100
0000111101111000
0001110100000010
0010011001001010
0010011001001010
0010011100010000
0001010110101000
0000111111011100
0000111100010110
0000100011100110
0000101100111000
0000101100111000
0000000001100100
0000011110111100
0000001111011110
0000000111110000
0000100011100110
1111100100001010
1111101010010110
1111000101001110
1111100000110000
1111011001100110
0000111000010000
0000011000000110
0001001111011110
0000101101100010
0000110010111010
0000111000010000
0000110001000110
0001101111100101
0001101100000010
0001010011000010
0001101111100101
0001101010010000
0010001101111110
0010000001011110
0010011100010000
0010010011010100
0001010001010000
0001001101101100
0001000001001100
0001000010111110
0000111111011010
0000011011101100
0000010010110000
1111111101010100
1111111011100010
1111111011100010
0000001111001100
1111011110111110
1111100111111010
1110101011001101
1111101100101100
1111101000111110
0000000001111000
0000001111100011
0000011101010000
0000110010011011
0000101111111100
0000110001001100
0000010101110010
0000101101011100
0001001100100100
0001001010000110
0001100000100000
0001011100110000
0001111111101000
0010011100010000
0010000000111000
0010001111110100
0010000011010110
0001010100000001
0001000011110110
0000101111111100
0000110110001010
0000101111111100
0000110100111010
0000011010110010
0000101110101100
0000101000011110
0000000011001000
0000100100101110
1111110111111010
1111011111000000
0000011101111100
1101100011110000
1101100011110000
0010011100010000
1101100011110000
1101100011110000
1101100011110000
1111000110101110
1101100011110000
1111110111010100
0000001000101100
0000011010000010
0001010010011110
0001011111100000
0000111000011100
0001011011001010
0000101111110000
0010011100010000
0010001111001110
0010000110100100
0010011100010000
0001110101001100
0001110000110101
0001010010011110
0000011010000010
0001101000001010
0010001010111000
0001101000001010
0000101011011010
0000001000101100
0000001000101100
0001010110110100
0001010110110100
0001010110110100
0000101011011010
0001001001110010
0000101011011010
0000101011011010
0001001001110010
0000001101000010
1110100100110110