0000100100110000
0010001000001100
0010001110111000
0010001000001100
1110111110110100
1110101101010010
1110111010101010
1110000011100001
1101111110100000
1101111011001010
1101111010010100
1101101011010010
1110001110011000
1110001011000010
1110100111011100
1110110101101000
1110101011100110
1110110101101000
1111010001001110
0000000010100000
0000101010101000
0001100000000110
0010011100010000
0010011000111010
0001100000111011
0001001111011000
0001110101110100
0010000100110110
0010000001100000
0001110011010100
0000111111100000
0000110111111110
0000001101010110
0001001110100110
0010010000011100
0010001101010110
1110110011111010
1110110010000010
1110101000101110
1110001001000010
1110011000100100
1110010101011100
1110000010001100
1110010000011110
1110001101011000
1101101101101100
1110010110000100
1110100001010000
1110101111100010
1110100100111110
1110011110001010
1111011110001010
1111110111101000
0001001100000110
0010011100010000
0001111111000100
0000001001101000
0001001010111000
0000101011001100
0000111110011100
0001111011111100
0001101011110010
0000110101001000
0000110101101111
0000011111011000
0001011001010000
0010011100010000
0010010011001000
1110101100010000
1110111000011100
1110110000100000
1101110110000010
1110011101101000
1110001011111110
1110001100100100
1110001000010100
1110101100010000
1110101111010011
1110111001101010
1110110101011000
1110110000100000
1110111110100000
1110110010010110
1111001001011111
0000100001110100
0000100101011110
0001001101000100
0001100111010000
0001011000101000
0000110001101010
0001101111001100
0001101010111010
0010000011111000
0001011100010010
0001000101110000
0000010110110110
0000101000000000
0001101000010010
0010011100010000
0010001110100100
1110111000100010
1110011101001100
1110111100101010
1111001010010100
1101111111000110
1110001010101110
1110001000000000
1110011001110010
1110100100101110
1110001110110110
1110100010101010
1110111010100110
1110011000011010
1110101100111010
1110100100000010
1111000010110100
1111010010100010
0000001111011000
0001010101000111
0001100101100010
0001001000110100
0001000011010110
0001000010000000
0001111111100010
0001111010000100
0000110100010100
0000100101111100
1111110110000110
0000101000110010
0010001101101110
0001010010110010
1111111100011001
1101111111001110
1110000011010000
1110011111100000
1110110000011110
1110011101111000
1110001010100000
1110000111010011
1110101001001100
1110100101001010
1110011011011110
1111000011110110
1110100100010110
1110101001001100
1110111010001010
1110100101111110
1110101110110110
1111100011010110
1111110001111001
0000010110001110
0000111000001000
0000111010100010
0001110001011100
0010011100010000
0010011010101000
0010011001110100
0001001101111100
0000101110011100
0000101011001100
0000010110101010
0010011100010000
0001110100100000
0000000100011000
1110111110011010
1110010111011100
1110010111011100
1110010001000100
1110001100010101
1101111010000000
1101110101010000
1110100001110010
1110101100111010
1110100100001010
1110110010011110
1110101001101110
1110110110011100
1110111101100110
1110110100000100
1110100110100010
1111000110010110
1111111110000000
0001000011001100
0000111010011100
0001011011000010
0001011101011100
0001101010111100
0001100000100111
0000011111011010
0000011001110110
0000001100010100
1111010110010000
1111011111010010
0001101110110110
0001000111110010
1111110010011000
1110010101101110
1110001100101001
1110011000011101
1110101101010110
1110100111111001
1110100101001010
1110001100101001
1110101110010000
1111000100000011
1110100001100010
1110110100100110
1110101010100110
1110111000001110
1110101011100010
1110110011101100
1111001110111100
1111101100000000
0001001000101100
0010011100010000
0010011100010000
0001011000000111
0010010100111110
0001111011100010
0000010001010000
1111101001010010
1111110010011000
1111101010001100
1111011011101010
0001011111100000
0010011100010000
0010000010001110
0000011010000010
1111100101111110
1111101110101000
0000101011011010
0000110100000101
1111110111010100
0000011010000010
0000011010000010
0000001000101100
0000010001011000
1111101110101000
1111011101010010
0000011010000010
0000011010000010
0000001000101100
0000011010000010
0001000101011100
0001000101011100
0001101000001010
0010011100010000
0010000010001110
0010000010001110
0001011111100000
0001110000110101
0001110000110101
0001111001100010
0001111001100010
0000011010000010
0001110000110101
0001001000011010
0010000101011000
0001100110111010
0001110110001000
0000100010010100
1111111100001100
1111011101101100
1110111111001110
1111010110000110
1111011101101100
1111101100111100
1110110111100110
1111001110011110
1111111100001100
1111100101010100
1111110100100100
1111110100100100
0000010011000100
0000011010101100
0000100010010100
0001101110100010
0001110110001000
0001011111010010
0001110110001000
0010001101000000
0001010111101010
0010011100010000
0010011100010000
0010001101000000
0010000101011000
0001111101110000
0000111001001010
0000101100010100
0001101101100110
0001001000010010
0001000011101000
1111000001000010
1110110011000010
1111000001000010
1110111100011000
1111001010011000
1111001010011000
1111001010011000
1111001111000010
1111001010011000
1111011000010110
1111010011101100
1110110111101110
1111001111000010
1111011101000010
1111001010011000
1110110011000010
1110101110011000
1111111101101010
0001010001101000
0001100100010010
0001011111101000
0000111010010011
0001010110010010
0010011100010000
0010010010111010
0000110101101000
0000010000010100
0000110101101000
1101100011110000
1101100011110000
1101100011110000
1101100011110000
1101101101011000
1101101100111100
1110100011100010
1110011100101010
1110011011010011
1110010110001110
1110000010100000
0001100010011100
0001101101000000
0001010011010010
0001010100001110
0001001101110010
0000101101101010
1111101000011000
1111001011111011
1111011100011100
1111100100010000
1110100100111010
1101101101011000
1101101100000000
1101101011100100
1101100011110000
1101100011110000
1101100011110000
1101100011110000
1101100011110000
1101100011110000
1101100011110000
1101100011110000
1101100011110000
1101100011110000
1101100011110000
1101100011110000
1101110101101000
1101110011110000
0000001011111111
0010011100010000
0001110101011100
0000110011111110
1110110011101100
0001100000111000
0010010100101000
0001110110111100
0001100110001100
0001011100010100
0000110000100010
1111101000100110
1111010110010100
1111011110010100
1111100111011100
1110101111100000
1101111110011010
1101111110011010
1101111001011100
1101100011110000
1101100011110000
1101100011110000
1101100011110000
1101100011110000
1101100011110000
1101100011110000
1101100011110000
1101100011110000
1101100011110000
1101100011110000
1101100011110000
1101110001010010
1101101010000000
1110101100001000
0000001010011010
0000101010101100
0000111001110100
0000001010111100
1101111111100100
1110001100000100
1110001100000100
1110001011001000
1110010011100101
1110000010000100
1101111010010000
1110001000101000
1101111100011100
1101111100011100
1110100001000110
1110100000001011
1110001011010100
1101111100110000
1101100011110000
1101100011110000
1101100011110000
1101100011110000
1101100011110000
1101100011110000
1101100011110000
1101100011110000
1101100011110000
1101100011110000
1101100011110000
1101100011110000
1101101000001110
0010011100010000
0010011100010000
0010011100010000
1111100101001110
0010011100010000
0010011100010000
1111101110001010
1110000111011110
1110000011000000
1101101000001110
1101110001001010
1101110101100110
1110010100110110
1101110101100110
1110001011111100
1101111010000100
1110101111101010
1110101011001101
1101111010000100
1110000111011110
1101100011110000
1101100011110000
1101100011110000
1101100011110000
1101100011110000
1101100011110000
1101100011110000
1101100011110000
1110001001101010
1110010000000111
1110001111010101
1110010011111110
1110010101110100
1110010110111001
1110010111111010
1110011001011000
1110010011011100
1110100001011100
0001111110000110
0001111100010000
0010000000110110
0010000001011010
0010000101101010
0010000110100000
0010000010010000
0010000100111110
0001111101111100
0001101100000110
1110101110110000
0000011101011010
1110101100110110
1111001001000000
0001011010000010
0010010110111010
0010011010101110
0010011100010000
1111010010010100
1111100100000000
1111111001011000
1111100011010000
0000000000000000
1111110011011111
0000100111000100
0001010111101110
0001101110100100
0010010100001010
0010011100010000
0010010100001010
0010000000010000
0001100011100000
0001011100001000
0001000110110000
0001111011110100
0001100001010010
0001100110011100
0001100110011100
0001011001001100
0001100111001100
0001011010101010
0001001110111000
0001100100111110
0001011000011011
0001011010101010
0001000011000100
0000110100010110
0000011111101100
0000101000100010
1111101110010100
1111001010001100
1111001001100010
1111001010110110
1111011111101110
1111011111101110
1111100010111110
1111110111001100
0000001000001010
0000110011001110
0001010101000111
0001101011111101
0001101101010010
0010000000110110
0010011100010000
0001001010101100
0000111111100101
0001010111110000
0010001100100110
0001110111101110
0001010101110010
0001011110010010
0001101010101010
0000111110010100
0000111011101100
0000111001110000
0000110000100110
0000110110011110
0000101100000010
0000111101101010
0000100000111100
0000011100011000
1111110000101010
1111000010111110
1111100101100110
1111001010110000
1111000010000110
1111001111111110
1111101111001000
1111111000101010
1111110001101110
1111111000101010
1111101101011000
0001010010101010
0001101100101000
0001110101010010
0010011100010000
0010010011100110
0001000101101100
0001000001010110
0010000111011110
0010010010101110
0001001101011110
0001010110001000
0001100011111110
0001000011000110
0001110000111110
0001110101010010
0001110111000010
0000101110010100
0000100011000100
0000101001111110
0000010000111000
0000000001010100
1110111001011100
0010001110111100
1101100011110000
1101100011110000
0010011100010000
1101100011110000
1101100011110000
1101100011110000
0000000000000000
1101100011110000
1110101010010100
1110110111110000
1110100011100110
0000001011110000
0000001000011010
0000101101011000
0000110111011100
1111111010111110
0000000101000010
0000000101000010
0001101001110110
0010011100010000
0001111110000000
0001011001000010
0000001111001000
0000001111001000
0000010010011110
0001000001100010
0000001000011010
1111111110010100
1111111010111110
1111101010001010
0000100011010010
0000111010110100
0000101010000000
0001001000010000
0000011001001100
0000000001101100
1111100110110100
1111111010111110
0000000101000010
1111101101100010