1110011000000000
1111110001001110
1111100110001000
1111111101001110
0000101111001010
0001010110111010
0001111001001000
0010000111011100
0001111101110000
0010000111111010
0010011100010000
0010011011110010
0001010100100110
0001010101100010
0000011100001100
0000010001000110
0000011010110100
0000011000000010
0000011101001000
0000101111001010
0001010110011100
0001000110101110
0001001001111110
0001000011100000
0000101111101000
0000100111110000
0000001100000010
0000100000011000
0000100111110000
0000111010010000
0001001011110100
0001001111000100
1110101010101010
0000000010001100
1111111001111000
0000001000111010
0001001010101010
0001101011001000
0001101101111010
0010000100100000
0001010111010110
0001100000000100
0010010001100100
0010011100010000
0001010010100110
0000100101000010
0000011001100010
0000010100011010
0000001110011110
1111111001000100
1111100101010000
0000010000000010
0000111110000000
0000110100000101
0001000100101110
0000100010101010
0000000010111110
1111111001111000
0000000100111100
0000001001101110
0000010000011100
0000000000001011
0000101110100010
0000111011001110
1110110011110100
0000000011011010
1111110000110110
0000001100111000
0001100010011000
0001101010100000
0010011010111010
0010010101111010
0001111010110010
0010000000101010
0010011001000110
0010010101111010
0010011100010000
0001110001110000
0001000010101110
0000110110100000
0000100000110010
0000011110100010
0000010110110110
0000111101010010
0001000110110010
0000111101101110
0001001010110110
0001000010101110
0000010101111100
1111111100001010
1111101010000100
1111101110001000
1111111110111000
1111111011101110
0000010101000010
0000101110110100
1110110111110000
1111111110110100
0000000001101100
0000010011111010
0001101001011000
0001111000001111
0010011001110110
0010001100111000
0001110101110110
0001100011100110
0001100010101010
0001110010111110
0001101110001010
0010011100010000
0010001001000100
0010000001011000
0001011011111100
0001001100000110
0001001111011100
0001010010110100
0001111101000100
0001100100100011
0001010000011001
0000100010110100
0000010001100010
0000001110101010
1111111110110100
1111100111010010
1111100110110100
1111101101000010
1111110001010110
0000001010110100
1110111001100100
1111100110000000
1111101111000110
0000100101000110
0001010101000100
0010010010001010
0001110100011000
0000100001100100
0000001101111000
0000000001110010
0000000110010100
0000000001110010
0000011001000000
0000110110110010
0000111101110110
0001001011011110
0001101110010100
0010000111100100
0010011001101110
0010011100010000
0010010000001000
0010010011001010
0010000100100010
0010000001100000
0001100011001100
0001010111100110
0001000011111010
0000111110110110
0001000110111100
0001000010011000
0001010011100100
0000100100000110
1110111111111100
1111100111011100
1111111000001010
0000101100110100
0000101101110110
0000011010000110
1111100001010110
1111000011011110
1110101001101010
1110110101010010
1111001000100010
1111001011000100
1111000101000000
1110110101010010
1111011100010010
1111100111011100
1111111111010001
1111111000101010
0000110101011100
0001111010010100
0010011100010000
0010001100100100
0001011010111010
0001101101001010
0010000010111100
0001111110011000
0001000100101000
0000101111010110
0000110011111010
0000110111111110
0001001110010000
0001011110111110
1111101101011110
0000101000001100
0001001111010110
0000110110111000
0000000111010110
1111101011011000
1110110111101010
1110110100001010
1110011101110010
1110001000000110
1110010001001100
1110010001111010
1110100101011110
1111001111011010
1111000010001000
1111010000001000
1111110101001010
0000000000010110
0000001111101110
0001110001100110
0010011100010000
0010010001000100
0010010001110000
0001111111100110
0001111010000000
0001001101010000
0000111000010010
0000011111000111
0000011001100010
0000110010101100
0001100101000001
0010000011110010
1110011110111000
1111101010111001
1111010001100100
1111001001000110
0000010101000111
0001000111110010
0001100001001000
0010010011110100
0010011100010000
0001100001001000
0010000010111010
0010001011010110
0010000010111010
0001011000101100
0000010101000111
0000100110000000
0000010101000111
1111111011110010
0000100110000000
0001010000001111
0001011000101100
0001010000001111
0000100110000000
0000010101000111
1111010001100100
0000001100101010
0000101110011100
0001000111110010
0000111111010110
0000011101100100
0000111111010110
0001010000001111
1110001111100000
1111011010100000
1111011010100000
1111111001110000
0000101011110000
0001000100110000
0001110110110000
0001111101000000
0001111101000000
0001110110110000
0010011100010000
0010000011010000
0001011101110000
0000110010000000
0000011111010000
0000011111010000
0000101011110000
1111110011100000
1111110011100000
0001000100110000
0001000100110000
0000111110100000
0000111000010000
0001010001010000
0000101011110000
0000011111010000
0000010010110000
0000100101100000
0000101011110000
0000101011110000
0000110010000000
0000111110100000
1110101001111110
1111010100001000
1111100101101010
0000001111110100
0000101111011010
0001110101101000
0001011101000100
0000001111110100
1111110000001100
1111111110010000
0000001111110100
1111111010101111
1111111010101111
0000001000110010
0000110110011100
0000111001111100
0001000111111110
0001100000100100
0010011000110000
0010011100010000
0010000000001010
0001101110100110
0001010010100000
0001110010001000
0001011001100001
0001011101000100
0000100100111000
0000111101011100
0001000111111110
0001010010100000
0001010010100000
0000001100010010
1101100011110000
1101100011110000
1101100011110000
1101100011110000
1101100011110000
1101100011110000
1101100011110000
1101100011110000
1101110000011100
1101101111010000
1101111110010110
0000111011100010
0010001010001000
0010010011001100
0001110100010110
0010000101010010
0001011101011000
0000110011101100
0000100010001010
0000001010100011
1111111011011110
1111001100010100
1110010111001000
1110000101000000
1101111100100010
1101110010111000
1101100011110000
1101100011110000
1101100011110000
1101100011110000
1101100011110000
1101100011110000
1101100011110000
1101100011110000
1101100011110000
1101100011110000
1101100011110000
1101100011110000
1101100011110000
1101100011110000
1101100011110000
1101101000010110
1101101000010110
1110011101110000
0001010100111101
0001111011001100
0001001000110010
0001001000111000
0001001101001010
0000100101110010
1111111110100110
1111001111101000
1110101100101000
1110010111100100
1101111111001010
1101110111011100
1101110001000010
1101101110100100
1101101110001000
1101100011110000
1101100011110000
1101100011110000
1101100011110000
1101100011110000
1101100011110000
1101100011110000
1101100011110000
1101100011110000
1101100011110000
1101100011110000
1101100011110000
1101100011110000
1101100011110000
1101100011110000
1101110001010010
1101101101001000
1110101011000110
1110111010111100
1110110011011100
1110101011101000
1110101110110000
1110101010011000
1110101101001100
1111001001010100
1110111000110000
1110111000011100
1110001100000100
1101110101101000
1110101101101100
1110011010011100
1101111001101000
1110011100000000
1101100011110000
1101100011110000
1101100011110000
1101100011110000
1101100011110000
1101100011110000
1101100011110000
1101100011110000
1101100011110000
1101100011110000
1101100011110000
1101100011110000
1101100011110000
1101100011110000
1101100011110000
1101101100101100
0010011100010000
0010011100010000
0010011100010000
1110010100110110
1110001011111100
1101110101100110
1110001011111100
1111000001100000
1111010011010110
1111011100010010
1111000101111110
0000000000000000
1110010000011011
1101111010000100
1110001011111100
1110000011000000
1110000011000000
1101100011110000
1101100011110000
1101100011110000
1101100011110000
1101100011110000
1101100011110000
1101100011110000
0010011100010000
0010011100010000
0010011100010000
0010011100010000
0010011100010000
0010011100010000
0010011100010000
0010011100010000
0010011100010000
0010011100010000
1110111100111100
1110111000101100
1110110111001010
1110110011001100
1110111001011110
1110111011110000
1110110011100010
1110011101101110
1110000001010110
1111010100011010
1110011001111010
0000011101011010
1110101001101000
1111001101001010
0001001100010100
0010000100110100
0010010011110010
0010011100010000
1111000101011010
1111011111011100
0000100000100100
0001101110101100
0001110101001100
0010001000101110
0010000010001110
0001001110001000
0001010100101000
0001100001101010
0001111011101100
0010000010001110
0001111011101100
0001101110101100
0010001000101110
0010011100010000
0010011100010000
0001110101001100
0010001000101110
0010010101110000
0001110101001100
0001001110001000
0001000111101000
0000110100000101
0000100111000100
0000100111000100
0000000000000000
0000010011100010
0000100000100100
0000100000100100
0000000000000000
1111010010011100
1111011010100100
1111110110111110
0000011000100010
0001010011111100
0001100110000000
0010000111100110
0001110010111100
0000111010001000
0001000001110110
0001000111000010
0001110000010110
0001100000110110
0001101011001100
0001011011101100
0001110000010110
0001101101110000
0010001111010110
0001100000110110
0010000010011100
0010011100010000
0001111000000101
0001011001000110
0001100011011100
0000110111100010
0000111100101100
0000110010011000
0000000011111000
0000011000100010
0000101111110010
0001001100001100
0000111100101100
1111100010010100
1111100000000010
1111111100011100
1111011100100000
0001000111000010
0001010101001110
0001100011011100
0001001110001000
0000101010101000
0000110001101110
0000110101010010
0001011100010110
0001110001101000
0001010101001110
0000010001110000
0000101110001010
0001110001101000
0010000110111100
0000100111000100
0001101010100010
0010011100010000
0001101010100010
0000101110001010
0001101110000110
0000010001110000
0000010001110000
0000011000110110
1111100000000010
1111110001110010
0000011111111110
0000110101010010
0000100111000100
1110111100100010
0001111111110010
1101100011110000
1101100011110000
0010011100010000
1110000011000000
1101100011110000
1110000011000000
1101111101110010
1101100011110000
0000010000110010
0000010000110010
1111011101001000
1111101100101000
0000001011100111
0000001001000010
0000000011111000
0000001011100111
0000010101111100
0010000101000000
0010000111100110
0010010111000110
0010011100010000
0001011001000110
0001100000110110
0001110101100000
0010010001111010
0001100110000000
0000011000100010
0000100010111000
0000111111010010
0000000011111000
0001011011101100
0001000001110110
0001000100011100
0000110100111100
1111110001110010
0000011011001000
0000010000110010
1111011101001000
1111110001110010
1111001000011110