1110101110100001
1111100100011100
0000000110110000
0001100110010110
0001110000001000
0001011110111110
0000101100101110
0000011111010000
0000011001001000
0000101001000100
0001111001111100
0010011100010000
0010011001110100
0001101010000000
0001011000110110
0001110110010000
0010001100010100
0010010011101010
0001011100100001
0001010010101110
0000100000011110
0000011110000010
1111111001010000
0000010100001101
1111110001111010
0000001010011010
0000001001001100
1111011101000100
1111000000111000
1110110101110110
1110011100001000
1110110101110110
1110010011101010
1111100111000000
1111110010011110
0000101001101010
0001011000100010
0001011001100110
0000110100000101
0000011111010000
0000101100110010
0001000011101110
0001010110011110
0010011100010000
0010010110000000
0001101001001110
0001011011101010
0001111010111010
0010001100101000
0010001111110000
0001101101011000
0000111111100010
0000111111100010
0000101101110110
0000101011110000
0000110010000000
0000110000111110
0000101011110000
0000100011011010
1111111000101110
1111011101101000
1111000111110000
1111000001100000
1110110010111010
1110000011111010
1111100110011000
1111100111011000
0000110011110000
0001011101111100
0001100110000000
0000111000110010
0000100111101100
0000101001101100
0001000010110100
0001100110000000
0010011100010000
0010000101001000
0001001001110110
0001010000110111
0001101101000010
0001111010000110
0001101000000000
0001010100111010
0000101010101101
0000010111101000
0000001100100100
0000011001101000
0000010110100110
0000101111101110
0000001110100100
1111111001011111
1111011110010110
1111110000011101
1111010111010100
1110110100001000
1110101011000110
1110100011101110
1111101100000100
1111100110110110
0000111111111110
0001010110000000
0001110101011100
0001010010110110
0000110100011100
0000110010010110
0001000111010100
0001100011100111
0010011100010000
0010001001011000
0001011000000110
0001011000000110
0001111110111000
0010000100001000
0001100010100100
0000111110111010
0000100101110000
0000011100010100
0000001011100010
0000011011010000
0000010110000001
0000001100100110
1111101100000100
1111110011011010
1111101111001110
0000000100001100
1111011101011010
1111000110010101
1110110111101010
1110100110110110
1111110000111111
1111101111111110
0001010010001000
0001100100001010
0001100001001010
0001010001001000
0000110010000110
0000111001000110
0001010000001000
0001111011001100
0010001111001110
0010011100010000
0001100111001010
0001111001001100
0010010110010000
0010001100001110
0001101100001100
0001000100000110
0000011110000011
0000010011000010
0000000100000000
0000010101000010
0000100100000100
0000011110000011
1111110001111110
1111011101111100
1111101110111110
0000000101111111
0000001001000000
1111011110111100
1111001000111010
1110110001011100
1111101101000010
1111110101001010
0001001111011110
0001010101110100
0000101011010110
0000100111110000
0000010010000100
0000010111011110
0000101011010110
0001100010011100
0010010100001000
0010011000101000
0001110101011010
0010001010001100
0010011100010000
0001101110001100
0000111000000000
0000100100001000
0000000101011010
1111111110001101
0000000110010100
0000001110011100
0000101101001010
0000101001100010
1111111111000111
1111100000011000
1111100000011000
0000000101011010
0000010010000100
0000011100111010
0000010101101100
1110101000101100
1111100100011100
1111110010001110
0000101100110100
0000100101111010
1111110001000100
1111110011011000
1111001101011100
0000000010010100
0000010010011000
0001001111010010
0001111001110010
0010011100010000
0010001011000010
0010000110011010
0001010111010100
0000010100101100
1111111011011010
1111010011001100
1111001010000000
1111001011001010
1111001101011100
1111101001000010
1111101101101000
1111100010001000
1111000000110100
1110010010110110
1110010100000000
1110111000110010
1111100011010010
0000110011101100
0001000100111100
1111101011111110
0000000100000000
0000011100000010
0001110100001100
0001101100001100
0001011100001010
0001010100001000
0001010100001000
0001000100000110
0001010100001000
0001111100001011
0001111100001011
0001111100001011
0001111100001011
0010000100001110
0010001100001110
0010000100001110
0010011100010000
0010000100001110
0001111100001011
0000110100000101
0000101100000011
0000101100000011
0000111100000110
0000011100000010
0000111100000110
0001000100000110
1111100011111110
0000000100000000
1111111100000000
1111100011111110
1111100011111110
1110101010000100
1111011000111100
1111110000011000
0001001110001000
0000110110101100
0001001110001000
0000110110101100
0000100111000100
0000100111000100
0000110110101100
0001100101100100
0001110101001100
0010011100010000
0001111101000000
0001011101110000
0001011101110000
0001010101111100
0001011101110000
0001001110001000
0001000110010100
0000110110101100
0000001111101000
1111011000111100
0000001111101000
0000000111110100
0000010111011100
0000001111101000
1111010001001000
1111000001100000
1111001001010100
1111000001100000
1111010001001000
1110100100010010
1111101111000010
1111101111000010
0001010001100010
0001100010100000
0000111001110000
0001000011111100
0000101000101111
0000101100001010
0000101111100100
0001100101111010
0010001011010010
0010011100010000
0001100010100000
0001101001010100
0010011100010000
0010000100011110
0001001010101110
0000100101011000
1111110101110101
1111111100100110
0000001010001011
0000000110110010
0000101000101111
0000011011001011
0000000011011010
1111101011101001
1111101011101001
0000000110110010
0000001010001011
0000000110110010
1111110101110101
1101100011110000
1101100011110000
1101100011110000
1101100011110000
1101100011110000
1101100011110000
1101100011110000
1101100011110000
1101101010001000
1101100111101010
1110010010100100
0000101010000010
0001101011000000
0010000100111110
0010001100010100
0001111010101010
0010000110101100
0010010110011000
0010000111101010
0001110101100010
0000011101110010
1110110001001100
1101101101100100
1101101010011000
1101101001111000
1101101010001000
1101110000100000
1101110111010110
1101110000100000
1101101110000010
1101101110000010
1101101011110110
1101101100000110
1101100011110000
1101100011110000
1101100011110000
1101100011110000
1101100011110000
1101100011110000
1101100011110000
1101100011110000
1101100110101000
1101100110010010
1110010001101000
1111100010110100
0001001110010100
0001101111100101
0010001010111100
0001011011111000
0001101000100110
0010000100000100
0010000111011010
0010011010101010
0000010100110000
1110100011111110
1101101010001010
1101100111010110
1101100111000000
1101100110110110
1110000001000010
1101111101000100
1110011110011010
1111100001010010
1111111101101110
0000000010111100
1111111110011000
1101100011110000
1101100011110000
1101100011110000
1101100011110000
1101100011110000
1101100011110000
1101100011110000
1101100011110000
1110000100000010
1101101011100100
1110101010100101
1110100110001010
1110101010110110
1110101001010010
1110100110001010
1110101001010010
1110100101011000
1110101001110000
1110101001110000
1110110011110000
1110110101000000
1110110111100000
1110011110100111
1110010001000100
1110000001011100
1101101111101110
1110011011011110
0000000100001010
0001011111010100
0010010111100100
0010001110001100
0010001111001110
0010010010111000
1101100011110000
1101100011110000
1101100011110000
1101100011110000
1101100011110000
1101100011110000
1101100011110000
1101100011110000
1101111010000100
0010011100010000
0010011100010000
0010011100010000
0010011100010000
1110100010010000
1101100011110000
1101101000001110
1101100011110000
1101101100101100
1101111010000100
0010000001011110
0010011100010000
0010011100010000
0010011100010000
1110100110101110
1101101000001110
0010010111110010
0010011100010000
0010011100010000
0010011100010000
0010011100010000
1110010000011011
1110000011000000
1110000011000000
0010011100010000
0010011100010000
0010011100010000
0010011100010000
0010011100010000
0010011100010000
0010011100010000
0010011100010000
0010011100010000
0010011100010000
1101100011110000
1101100011110000
1101100011110000
1101100011110000
1101100011110000
1101100011110000
1101100011110000
1101100011110000
1101100011110000
1101100011110000
0000011011000110
1110101011011100
1110001010001010
1110101011110101
0000010001000100
0001011100000010
0001110010011010
0000011101111100
1111001001111010
0000001111000001
0000101010000100
0000011110000011
0000111001000110
0010000001001110
0010010011010000
0010000111001110
0010011100010000
0010010000001110
0001110101001100
0001110101001100
0010000111001110
0010001010001110
0001101001001010
0000100001000100
0000100001000100
0000100001000100
1111110111000000
1111001100111010
0000000101111111
0000000010111111
1111110111000000
1111110000111111
0000011011000001
0000000101111111
1111111101000001
1111111101000001
0000000101111111
1111111010000001
1111011000111100
1111000011111010
1111100000110000
0000010111111010
0000111001000000
0000000001110110
1111010010000010
0001100101000110
0010011100010000
0000011011100100
0010000110001100
0010001001111000
0001000000010110
0000101010010010
0001011101110000
0001100101000110
0000111001000000
1111110011001000
1111011101000100
1111011101000100
1111010010000010
1111010010000010
1111001110011000
1111100100011100
1111000111000000
1111010101101110
0000001001001100
1111001110011000
1111100000110000
1111110011001000
1111011101000100
1111100100011100
1111101111011110
1111010101101110
0000110001011010
0001110110110110
0010000100001110
0001100110110110
0000110001011010
0001101110110110
0010010100010000
0001011100001010
0010001110111010
0010011100010000
0001101110110110
0000111110110010
0000111100000110
0001011001011110
0001000110110010
0000100110101110
1111111110101010
1111101001010100
1111011001010010
1111111001010100
1111101011111110
0000101001011010
1110110001001110
0000010100000010
0000110110110000
0000101100000011
0000001001010110
0001010100001000
0000100110101110
0000010100000010
0000110100000101
0000100001011000
0001000110000110
1101100011110000
1101100011110000
0010011100010000
1101100011110000
1101100011110000
1101100011110000
1110001000001111
0010011100010000
1110001001100000
1110011011100111
1110100111101100
1111010000011100
1111000101111000
1111000111011000
1111001011111011
1111101011101001
1111101000100110
1111111100001110
1111111100001110
0000000000101111
0000010101111000
0000101100100001
0000101011000010
0000111011101000
0001000011001100
0001000100101100
0010010001101100
0010011100010000
0001110110100000
0001111111100100
0001111001100010
0001100010111000
0001001010101110
0001001010101110
0001000111101110
0001000000001010
0001001101110000
0000111110101010
0001000000001010
0000000110110010