1110111011010000
0000101011010000
0000110110110000
1111111111110000
1111000110010000
1110101000110000
1110011001110000
1110010010010000
1110001000010000
1110000101110000
1101110111010000
1110010010110000
1110010100010000
1110100010010000
1110111110010000
1111011011010000
0000001011110000
0001100000010000
0010010000110000
0010011100010000
0010001011110000
0010001110110000
0001101100101111
0001010110010000
0000100111110000
0000101011110000
0000101010001111
0000111000010000
0000010010010000
1110111010010000
1110000101110000
1111110110110000
1111111000001000
0001100111100010
0001100011101110
0001001100010110
1111100101101010
1110101110001110
1110100100011100
1110100011111000
1110001101100110
1110001101000100
1110010011100101
1101111110111100
1110101000001110
1110100110100110
1110101110110000
1111000000101100
1111101111111110
0000110100011100
0010001101000010
0010011100010000
0001111011000101
0001101100111110
0001011111111100
0000100001011100
0000100001011100
1111111101000001
0000011110001010
0000011110101110
1111001101001100
1101110001010110
1110001001010000
1111110101011010
0000010100011100
0001110011010110
0010001100111110
0001100101001010
1111011101111010
1111000111100100
1110111001011000
1110100110110110
1110011111001100
1101110111011000
1101101101100100
1101110000010010
1101111011110000
1110011010010010
1110100000110110
1111001101100101
1111111001001100
0001000111001010
0001111100101000
0010010101101110
0010011100010000
0001111111010101
0001110110000100
0001010111000000
0001001100101000
0000111101111010
0001000101100010
0000111010000110
1111000011110000
1110001011000010
1110001001111100
1111110010000110
1111110010110010
0001001111010110
0001101101101110
0000110001011110
1111010111110110
1111000001010100
1110101101101110
1110001100111010
1101111110101100
1101101000101010
1101101101000100
1110011011100111
1110100010111100
1110100001011110
1110101011010000
1110111001111110
1111111010101000
0001000100000110
0010000011110000
0010011100010000
0010000000010110
0010000000010110
0001101111101100
0001010000110100
0000111001110100
0000011100011010
0000100101001110
0000101001101000
1111010111010110
1110000010001000
1101110001111110
1111010110110110
0000000100101110
0001011111100010
0010000101010000
0000100010110010
1111010010100110
1110101111001110
1101110100010000
1101101100000000
1101110000101110
1101111110010010
1110010001001010
1110100100100110
1110100101001100
1110100100000010
1110111100110010
1111110101111111
0000000101111010
0010000010111010
0010010111100010
0010011011101010
0010011000101110
0010011100010000
0010010100100110
0001101100100000
0001001101110110
0000101011101000
0001010101100000
0001100001111000
1111111010000110
1110000100001100
1101110100010000
1111010111111010
1111110110110010
0001001010000110
0001011001000000
1111100010100010
1110101111111100
1110001100110100
1110011000101110
1110011101100000
1101110111011010
1101101001000110
1101111110100010
1110001101011010
1110011011000110
1110100001101010
1110100010110111
1110101111010110
1111101001000110
0000111101100110
0010001011000000
0010011100010000
0010010010001000
0010001010011010
0001110100011000
0001001110010010
0000101001011000
0000010110111010
0001000101111100
0001001010000110
1111010110101000
1110000100100000
1101111100001010
1110011101100000
0000011100110100
0000101001110100
0000011111010000
1111000000010010
1110011100100100
1110101001100100
1111010101011000
1111011000101000
1110011011110001
1111000001000110
1111000100010111
1110110000000100
1111001000011010
1111001001001110
1111001011101010
1110110100000110
1111000000010010
1111111111100110
0000100000111000
0000010111111100
0001110111101110
0010011100010000
0001110100011101
0000101101000100
0000100010100000
1111011101100000
1111110101110110
1111111111100110
1110101001100100
1101100110001100
1110000111011110
1110101100000000
1111010010111000
0000001010011010
0000101101001000
1111110101100110
1111000100111110
1111010010111000
1110110000001000
1110110000001000
1110111110000010
1110101001001100
1111001011111011
1111001011111011
1110110111000110
1111011001110100
1110110111000110
1111101110101000
0000010001011000
0001110010100110
0010011100010000
0010011100010000
0010000000011110
0010000111011010
0001011101110000
0001001111111000
0000100110001100
0000100110001100
0000100110001100
0001001111111000
0000111011000010
1111111100100010
1110111110000010
1111110101100110
1111001110111010
0001001011111010
0001001011111010
1111111011100010
1111010111110100
1111000101111110
1111000101111110
1110110100000110
1110110100000110
1110100010010000
1110101011001101
1110010000011011
1110101011001101
1110111101000010
1111101001101100
0000000100011110
0000110001000110
0010000001011110
0010000001011110
0010011100010000
0010010011010100
0010001010011010
0001011101110000
0001010100110011
0001001011111010
0001000010111110
0001011101110000
0001000010111110
0000000100011110
1110110100000110
1101111110100010
0000001101011010
0000010110111110
0000111011110000
0001100101000110
0000101001011000
1111010010000010
1110101000101100
1110001000100000
1110011111100000
1110001000100000
1110101000101100
1110101101010010
1110000011111010
1110000011111010
1110100100000111
1110110110011110
1111010110101000
1111110010001110
0001110111100000
0010010011000100
0010010011000100
0010001110011110
0010010011000100
0010011100010000
0001110111100000
0001001001100010
0000100000001010
0001100000100000
0001010111010100
1111010110101000
1101110001100010
1110011010111010
1111100100011100
1101100011110000
1101100011110000
1101100011110000
1101100011110000
1101100011110000
1101100011110000
1101100011110000
1101101001100100
1101101001100100
1101111001111110
1110111100111110
0000110010101000
0001011011000100
0001111100001011
0001111010000000
0010010001010100
0001111001010010
0001011000001010
0000110010010000
1111110111010000
1111000110011110
1110100110000010
1110000000100010
1101110000111000
1101101010010100
1101100011110000
1101100011110000
1101100011110000
1101100011110000
1101100011110000
1101100011110000
1101100011110000
1101100011110000
1101100011110000
1101100011110000
1101100011110000
1101100011110000
1101100011110000
1101100011110000
1101100011110000
1101101100001100
1101101100000000
1110001001001110
1111000110011010
0001101001011000
0001000101010010
0000011001111101
0000010111100100
0000110100111100
0000110000101010
0000010000101100
1111100111110000
1111000010110100
1110100011001100
1110001011101000
1101110110010100
1101101111110010
1101101100101100
1101100011110000
1101100011110000
1101100011110000
1101100011110000
1101100011110000
1101100011110000
1101100011110000
1101100011110000
1101100011110000
1101100011110000
1101100011110000
1101100011110000
1101100011110000
1101100011110000
1101100011110000
1101110111100010
1101101110001010
1110001010010010
1111110100000001
1111011001101000
1110100111000100
1110000110001000
1110010000000100
1110001000101010
1110001101110010
1110001000000110
1110000100011010
1110000010001110
1110010101110000
1110010111110101
1110010100101100
1110000011000000
1101110110100000
1101100011110000
1101100011110000
1101100011110000
1101100011110000
1101100011110000
1101100011110000
1101100011110000
1101100011110000
1101100011110000
1101100011110000
1101100011110000
1101100011110000
1101100011110000
1101100011110000
1101100011110000
1110100010010000
1111100000110000
0010011100010000
0010011100010000
0010011100010000
1111000001100000
1110000111011110
1101110001001010
1101110101100110
1101111010000100
1101110101100110
1110010100110110
1101110101100110
1110100010010000
1111010111110100
1111001010011100
1101111010000100
1101100011110000
1101100011110000
1101100011110000
1101100011110000
1101100011110000
1101100011110000
1101100011110000
1101100011110000
1101100011110000
1111000010101000
1111000110101000
1111000101001010
1111000100010111
1111000011110110
1110111100111000
1110101101110000
1110011110101110
1110011100100100
1110011110100111
0001010001101100
0001010010111100
0001010110000000
0001010110000010
0001010001001000
0001001100011100
0001001010111010
0001001100101110
0001010000010110
0001000001111000
0000111000010000
0000110101010100
1111010001011010
0000011000011010
0001100010101010
0010000010001000
0010000001110010
0001111101000000
0000000111000110
0000100101111000
1111101101000100
1111101000010100
1111011100100000
1111101000010100
1111111000111010
1111110100001010
0000111101100100
0010011100010000
0010011001111000
0001110110011000
0000111101100100
0000111101100100
0001000010010010
1111010101011000
1111000111001100
0000110110011100
0000111101100100
0001001011110000
0000001110001110
0010010000011010
0010001001010100
0010010010110010
0001011001111110
0001101111010010
0001110110011000
0001101111010010
0001001001011000
0001101100111001
0001110001101000
0001001011110000
0000000000000000
1111111101011010
1111011000111100
1111010011101110
1110111001101100
1111000110101110
1111010110010110
1111000100000110
0000010111011100
0001011101110000
0001011000100010
0001010101111100
0000110100000101
0000011111010000
0000001010011010
1110110111000110
1111011000111100
0000101100010010
0000100001110110
0001000001000110
0000000101001110
0001011101110000
0010011100010000
0010001010000010
0000110001011110
0001001000111010
0000110110101100
0001000011101110
0000100001110110
0000110110101100
0001010000101101
0000010111011100
0000000100100110
0000101101111110
1111011111110110
1111011111110110
1111001000110110
1111001111110000
1111100010001000
1111101011010100
0000110010100100
0010010111101010
0010001110011110
0010000010111110
0001000111001110
0000110111001010
0000110100110110
1111001000110110
0001011001101000
0010000000101100
0010000010111110
0010011100010000
0001100101000110
0000010110111110
0001011110001110
0001101001101100
0000100100110000
0000110100110110
0000000110111010
0000000110111010
0000001101110010
0000010100101100
1111111001000110
1111001011001010
1111101001011110
1101100011110000
1101100011110000
0010011100010000
1101100011110000
1101100011110000
1101100011110000
1110010010101000
1101100011110000
0001001011011000
0000101010010010
0000101010010010
0001100101000110
0001000111101100
0001010010101110
0001000111101100
0001000100000000
0001011101110000
0010011100010000
0001000100000000
0010000010100000
0001110011110100
0001110111100000
0001101000110010
0001000111101100
0001000100000000
0001001111000010
0001000111101100
0000110101010100
0000011011100100
0000011111010000
0001100001011100
0001110011110100
0001010110011010
0001010110011010
0001101000110010
0001010110011010
0010001001111000
0010001101100010
0000101101111110
0000000101100000