0000000010010110
0001101101011010
0001110000000110
0010011100010000
0001011011010110
0000000011101100
1111100101100100
1111011011100010
1111010010110110
1110110000101110
1111000110110010
1111000011011100
1111010000001010
1111000000000111
1111000000110000
1111101111100110
0000010000011010
0000101001110100
0001100010000010
0001110000110000
0010011011100110
0010010100001110
0001101000000100
0001110100110001
0010011100010000
0010001000001100
0001111010110010
0000111111111001
0000110001110110
0000111001111000
0000110011001100
0000110011111000
1111101011001010
0001000001010000
0001110000010111
0010001011110100
0001000010111000
0000001001111000
1111011100111010
1111001000000110
1110100010010000
1110011111100000
1110101100001000
1110110001100110
1110101100101010
1110110111101000
1111001101000000
1111101000011100
0000001100101000
0000010010000110
0000111101111011
0001011101110000
0010010110110010
0001110100001110
0010001011110100
0010000011100110
0010000101001110
0010011100010000
0010001011010000
0001010010110010
0000110001010110
0001000000101100
0000110011000000
0000110001010110
1111100010110010
0000101100110110
0001010111101100
0001101100011000
0000011101001110
1111111000011100
1111001101100110
1110110001011000
1110101011110101
1110011011101100
1110011100001100
1110110110111010
1110100100110010
1110011010001100
1111000101100011
1111001010000100
1111110100011010
1111101010010100
0000010010101010
0001001010100110
0001011110010000
0010011100010000
0010010101001100
0001101010010110
0001111101100000
0010001111101010
0001100010010010
0001010000001010
0000110010011010
0000100001010010
0000101110111000
0000101010010110
1111100011111000
0000101100110110
0001101001100100
0001110111100000
0000001011011010
1111100000100010
1110101000010010
1110010101010100
1110010100110010
1110000100000100
1110001010110000
1110011000101010
1101111111000010
1101111101111100
1110100011110100
1111001001001000
1111011001110110
1111111100111100
0000000110011010
0000101101111110
0010001110111000
0010011100010000
0010011100010000
0010001111011100
0010001110111000
0010000101111110
0010010010110010
0001010111001100
0000110110010100
0000011011000001
0000011100101100
0000100000000010
1111100000110000
0000101000111001
0001100111111110
0001110011111010
1111110110111010
1111010101111110
1110010100000011
1110010011011110
1110010001001110
1101111011000010
1101110111000100
1101111101010100
1101110100001110
1110000101010010
1110100110110011
1110010101110000
1110101101101000
1111101100001000
0000000010010010
0000011000011100
0001100111011010
0001101100100010
0010010011001010
0010010001011110
0010011100010000
0001110000100000
0001011110111000
0001001110111110
0000010011010100
0000010111010010
0000010010110000
0000010110001010
0000000110001100
0001010111011000
0001101001100100
0001110110100100
0000001011011000
1110111110101110
1110001101010110
1101110111111000
1110001010101110
1110011011101000
1110001111111101
1101111111101100
1101101100110110
1101111100011100
1110101010100101
1111000101110111
1111000101001110
1111010110000110
1111101110001000
0000100011011010
0001011000101100
0001101110110010
0010001001011010
0010001001011010
0010011100010000
0010000010010000
0000111111010110
0000100010000110
0000000011100100
1111111101000100
1111011100100110
1111010111011011
1111101001110010
0000110010111100
1111111110111110
1111001001101001
1110010100111110
1110001000101101
1110011111010000
1110011100100000
1110010111101110
1110011001110010
1110010100010100
1110101100111010
1110101111101010
1101111110011010
1101111000010000
1110001101011110
1110001101011110
1110101000001000
1111000001011100
1111111110010010
0000110011101000
0001000001010100
0001101000010010
0001111010000100
0010011100010000
0010011001100000
0001011001111010
0000000101001000
1111111100111100
1111101100100000
1111100100010100
1111111000001000
0000011001001100
0010011100010000
0010011100010000
0010010010001010
0001010101101100
1111100110110100
1111111010111110
0000000101000010
1111001000100100
1111010010101000
1110000010000000
1110100000001110
1110110100011010
1110111110011110
1110111110011110
1111100110110100
1111111010111110
1111111010111110
0000011001001100
0001010101101100
0001011111110010
0001000001100010
0001101001110110
0001111110000000
0010001000000110
0010001000000110
0001001011100110
0000101101011000
0000110111011100
0000100011010010
0000110111011100
0000110111011100
1111101101101000
0001011011111001
0001110111100000
0010001001111000
0001001001100010
1111100100011100
1111010010000010
1111010010000010
1111001000110110
1110101101010010
1110110110011110
1110110110011110
1110110110011110
1110011010111010
1110010001101110
1111010010000010
0000000000000000
0000100100110000
0001010010101110
0001010010101110
0001101110010010
0001100101000110
0000110111001010
0001100101000110
0010011100010000
0010010011000100
0000110111001010
0001001001100010
0000101101111110
1111010010000010
0000000000000000
0000100100110000
1111100110010110
0000110000111110
0001110010010010
0010001110010000
0000011110010100
1111011000010110
1101111111110000
1110000100011010
1110001001000100
1110000100011010
1110101001101110
1110101110011000
1110001101101110
1101111011000100
1110011011101110
1110101110011000
1110101001101110
1111000001000010
0000000111000000
0000100111101010
0001100100010010
0010000100111100
0010011100010000
0010000000010000
0010011100010000
0000111010010011
0000000010010110
0000110000111110
0000011001101010
1111101011000000
1111101011000000
1111101011000000
1101100011110000
1101100011110000
1101100011110000
1101100011110000
1101100011110000
1101100011110000
1101100011110000
1101101000001010
1101101011110010
1101110011000000
1110000111011101
0001010000101101
0010010111000100
0010010111000100
0010001100101110
0010000001111000
0010000001111000
0010000001010110
0001001101111000
0000011001111000
1110111101110010
1110010001100010
1101111001110000
1101101101110110
1101101011010000
1101101001101100
1101101001011100
1101100011110000
1101100011110000
1101100011110000
1101100011110000
1101100011110000
1101100011110000
1101100011110000
1101100011110000
1101100011110000
1101100011110000
1101100011110000
1101100011110000
1101100011110000
1101101010100100
1101101101100110
1111011010011000
1111110101110110
0000101100110010
0010000011011110
0010010011010110
0010010000101010
0010010111000000
0010001110011100
0001111011100010
0001001100011000
1111111101010100
1110101100101000
1110010000110110
1101111110111010
1101111001001100
1101110001011010
1101110001101110
1101101111100000
1101100011110000
1101100011110000
1101100011110000
1101100011110000
1101100011110000
1101100011110000
1101100011110000
1101100011110000
1101100011110000
1101100011110000
1101100011110000
1101100011110000
1101100011110000
1101101000111100
1101110001010010
1111010111111001
0001100001011000
1110011001100100
1101111101110010
1101111101011100
1110010010101000
1110110100101000
1110100110011010
1110010111111100
1110001000101000
1101110100010100
1101110111110000
1110011001100000
1110110000010100
1110111000101000
1110100001101110
1110011111101000
1101110101011100
1101100011110000
1101100011110000
1101100011110000
1101100011110000
1101100011110000
1101100011110000
1101100011110000
1101100011110000
1101100011110000
1101100011110000
1101100011110000
1101100011110000
1101100011110000
1110000011000000
0010011100010000
0010011100010000
0010011100010000
0010011100010000
1111000001100000
1101100011110000
1101100011110000
1101100011110000
1101100011110000
1101100011110000
1111000101111110
1111010111110100
1110101011001101
1101110101100110
1101110101100110
1110000011000000
1101111110100010
1101101100101100
1110111101000010
1101100011110000
1101100011110000
1101100011110000
1101100011110000
1101100011110000
1101100011110000
0000000001010010
0000000011000010
0000001001101100
0000001010111110
0000001110000010
0000010000001010
0000010010000010
0000010011110110
0000001011110110
1111100000111001
0001110111101110
0001111010011110
0001111000101101
0001111010111110
0001111110010110
0001111110011000
0010000011011010
0010001001101000
0010010001000110
0010001011010100
1110011110000110
0000010000100010
1111100110100110
1111011111111100
0000100101010100
0001001101000000
0001101001100110
0010011100010000
1110001111011111
1110110000010000
0000010100110000
0000001110001110
0000001100000010
0000101100110100
0000101110111110
0000101110111110
0000111100000110
0001001101100110
0001010110010100
0001011000100000
0001110000100001
0001101100001100
0001111001010010
0010001000100110
0010001010110010
0010011100010000
0010001111001000
0010001100111100
0001110100111010
0001101100001100
0001100001001111
0001000100110110
0000101110111110
0000110101100010
0000110011010110
0001001001001110
0000100110010000
0000100100000100
1111111010100010
1110100111100000
1101110011100010
1110101111100000
1111001011111011
1111000010011100
1111000111001100
1111010000101010
1111000101100110
1111010000101010
1110111101101110
0000010110000110
0000010001011000
0000011110000000
0000110111010000
0000111011111101
0000101010101000
0000111111001000
0001100110100110
0010001010111000
0010001111101000
0010011100010000
0010010001001100
0001110100110001
0001101001110000
0001001000100110
0001000010010010
0001010000100000
0001101011010100
0001011000011000
0001001101010110
0000101111010110
0000011110000000
0000000110010100
1111010110101000
1111100101110100
1111000010010110
1110101110000100
1110110011001010
1110110011001010
1110111011100110
1111010001100100
1111110011010110
0000101110011100
0000100110000000
0000010110110100
0001101001100100
0000111010010010
0000011101100100
0001000010101110
0001101011010000
0010011100010000
0010010010001000
0001100001001000
0001110000010110
0001100001001000
0001010101010100
0000100010101000
0000110001110110
0001000001000010
0001001001011110
0000111111010110
0000101011000100
1111111010000110
0000111111010110
0000101011000100
0001111001010100
1101100011110000
1101100011110000
0010011100010000
1101100011110000
1101100011110000
1101100011110000
1110011101000010
0010011100010000
1110110110111010
1111011010001100
1111110101111010
0000010100001010
0000000000000000
1111111101011110
1111110000111000
1111110011011010
0000001100100110
0000111001111110
0001101001110110
0001101110111000
0010011100010000
0001111000111110
0000110010011010
0000100011010010
0001011101010000
0001010011001010
0000001100100110
0000100101110100
0001011000001110
0000110111011100
1111111010111110
0000001100100110
0000011001001100
1111110011011010
0000010100001010
0000000010100010
1111111000011100
1111011100101110
1111011111010000
1110110100011010