1111111011010010
0001000110100110
0001010011110010
0000101101001100
1111010010110100
1111011100001110
1110011101001010
1110010111100010
1101111001011010
1110001001011010
1110001110000110
1110110101101000
1110101111000100
1111000111100010
1111111000011110
0001011001011010
0010010000000000
0010011001011100
0001101010011000
0001101110001000
0001111110001000
0001101011010100
0010010010110110
0010011100010000
0001001010011000
0000110101101010
0000100000111100
0000100011110010
0000101111000100
0001001001011010
0001110010110110
0001111001011100
1111000110110000
0000110110110100
0001001011010000
0000111110001100
1111001110000110
1111000101000110
1110101000011110
1110000111110001
1101101011111100
1101111110110000
1110001000100100
1110010000110000
1110101010111010
1110110011111010
1111101010101111
0000010111101110
0010001101100010
0010011100010000
0001110000000011
0001100101011100
0001001000000000
0001010111100010
0001111001000100
0001111110110100
0000111111110100
0000100100110100
0000010011101000
0000001111100010
0000100110011100
0000111100100010
0001110000111010
0001101111010000
1110111110000010
0001000110010100
0001100100101100
0001000011101110
1111001100110010
1111001011000100
1110001001111100
1110010010101000
1101110101001000
1101110100010000
1110000010001000
1110001010110100
1110011101000010
1110100010010000
1111010001001000
0000010001011000
0001111011001111
0010011100010000
0010001110011000
0001001101010000
0000111010001001
0001110010100110
0010001110011000
0001110110000100
0001010010011110
0000100111111100
0000001001100100
0000010111011100
0000100111111100
0001010011010110
0001101111111110
0001111110110000
1111011101100110
0001001011100100
0001101000000001
0000110100101000
1111000101110111
1111000000010100
1110010000110110
1110010101100110
1110001111010000
1101110001001100
1110001000001010
1110001001101110
1110010100110100
1110110000100000
1111010101101100
1111110100100010
0001101100110010
0010011100010000
0010010001111110
0001010111011010
0001000000011110
0001101010011010
0010000011101110
0001110001100010
0001000110110100
0000010011011000
0000000111100010
0000001001111000
0000011101101010
0000110110001100
0001100100110111
0001010000010100
1111110000001100
0001000110001110
0001100100111100
0000011000100110
1111000101001100
1110011110100100
1110001110110000
1110000101000110
1101111110111110
1101101101011010
1101101001111010
1101111110000110
1110010101110010
1110101001000110
1110111001110010
1111101111010100
0001011111101100
0010011100010000
0010010111111000
0001011101111100
0000111010110100
0001001110001000
0001100101110100
0001011111101100
0000110010000010
0000000000111000
1111110010110110
1111011100000000
1111101100101100
0000000110001010
0001000010101110
0001000000000110
0000000111000110
0001010110010000
0001110000111010
0000100001110000
1111011000011010
1110111100111010
1110011100011010
1110011001000110
1110000000111010
1101101100111010
1101110011100110
1110011110000110
1110101011011010
1110101011011010
1111001110011010
1111101111110000
0001010111111010
0010011100010000
0010011100010000
0001110001110000
0001000101100110
0001010101011010
0001110000111010
0001100001000101
0000010110000110
1111111010100110
1111101000010000
1111100010011010
1111110101100110
0000010001111010
0000101111111010
0001000001011010
0000000111001100
0001100000001000
0001101110100010
0000011110111010
1111000011011100
1110111010001000
1110100101110100
1110010100111000
1101111110000000
1101111011011110
1110001001000000
1110011101010110
1110110011010110
1110011101010110
1110101000010110
1111100100011110
0001011000100000
0010011001101110
0010011100010000
0010000000010100
0001011010001100
0001111011001110
0010000010110110
0001010101000111
0000011100011000
1111111000110100
1111011100000000
1111100110001010
1111110100100100
0000011011100010
0000110011010000
0001010110110100
0001101001110110
0010001000000110
0001011111110010
1111110000111000
1111010010101000
0000001111001000
1110111110011110
1111001000100100
1110110100011010
1111100110110100
1111011100101110
0000011001001100
0000001111001000
1111110000111000
0000100011010010
0001101001110110
0010001000000110
0001111110000000
0001110011111100
0010010010001010
0001111110000000
0001000001100010
0001111110000000
0010011100010000
0000110111011100
0001011111110010
0001000001100010
0000100011010010
0000101101011000
0001011111110010
0001011111110010
0001010101101100
1111111010101000
0001000110000010
0001010000110100
0000010000001010
0000000101011000
1111000100101110
1110001110110110
1110100100011010
1110001110110110
1110000100000100
1110001110110110
1110100100011010
1111001111100000
1111100101000100
0000000101011000
0001100110011000
0001011011100110
0010011100010000
0010000110101100
0001111011111100
0001110001001010
0001111011111100
0001010000110100
0001111011111100
0001010000110100
0001000110000010
0000111011010010
0000111011010010
0001010000110100
0001011011100110
0001111011111100
0001100110011000
1111010100010000
0001011101110000
0001101110011010
0000111000010000
1110111111011010
1110111011010000
1110100010010000
1110011110000110
1110011110000110
1101111000100110
1101111000100110
1101101100000110
1110010101110000
1110100110011010
1110111011010000
1111101001000110
0001100110000110
0010011100010000
0010001011100110
0001010001010000
0000111000010000
0001010001010000
0001110010100110
0001010001010000
0000110100000101
0000000110010000
1111111001110000
1111101101010000
1111110001011010
1111111001110000
0001001101000110
0001001101000110
1101100011110000
1101100011110000
1101100011110000
1101100110001010
1101100111101100
1110001101100000
1101111010011110
1101111110010000
1110000011010111
1110000110111000
1110000010001110
0001010100000100
0001111000110110
0001011100010111
0001010101001100
0001001100110110
0001000000111000
0000100111100000
0000010001110010
0000000011010000
1111110001010110
1111010011010010
1110010101010000
1101111100010010
1101110010010010
1101101010010000
1101100011110000
1101100011110000
1101100011110000
1101100011110000
1101100011110000
1101100011110000
1101100011110000
1101100011110000
1101100011110000
1101100011110000
1101100111101100
1101101001111010
0000110010001100
0010000100101000
0000000110010010
1111110011100100
1111000000011100
1110011010000000
0001000010100110
0010001100111010
0010001100101110
0001100011100110
0001000011110000
0000100111011110
0000001110111100
1111110111010100
1111101110010010
1111010011001100
1111000101100011
1110001100001011
1101111011001110
1101110010110000
1101101011010000
1101100011110000
1101100011110000
1101100011110000
1101100011110000
1101100011110000
1101100011110000
1101100011110000
1101100011110000
1101100011110000
1101100011110000
1101101010000000
1101101000011100
0001000000100100
0010010111000010
0010000011010000
0001001111101100
0000110011100100
1111110100100010
1110100001110010
1110001001010000
1110001001101100
1110000100010100
1110000011000000
1110000100110010
1101111100001010
1101110011101100
1101110110110100
1101101011001110
1101110110111100
1101110000011010
1110010000001100
1110001000111010
1110000111010110
1101100011110000
1101100011110000
1101100011110000
1101100011110000
1101100011110000
1101100011110000
1101100011110000
1101100011110000
1101100011110000
1101100011110000
1101101100101100
0010011100010000
0010011100010000
0010011100010000
1110101011001101
1111001010011100
0010001010011010
0010011100010000
0010011100010000
1111110010100110
1101100011110000
1101111110100010
1110011001010100
1101101000001110
1110100010010000
1101111110100010
1110000011000000
1110000011000000
0000110101100100
0000111010000010
1110100010010000
1111001110111010
1110011101110010
1101100011110000
1101100011110000
1101100011110000
1101100011110000
1101100011110000
1101100011110000
1101100011110000
1110100000010000
1110100100101110
1110101000101110
1110101100100110
1110101011000110
1110110001010000
1110110101000000
1110110101000100
1110101110000000
1110010010111010
0000011100001010
0000011110100010
0000011011011000
0000100001100100
0000100010001000
0000100010110100
0000100101111000
0000100111100100
0000101101110110
0000100101000110
0000111100011010
1111100000110000
1110010011110110
1111000011110110
0001011001011100
0010000110001000
0010011001000010
0010011100010000
1110011100011110
1111000111100010
1111000101011100
1111000111000000
1111110011101010
0000000010111000
0000010000000010
0000011011000100
0000010110110110
0000110001000110
0000101010010010
0000111101001100
0001000000010110
0000110111011010
0001001111000010
0001010000000101
0001011100001100
0001101111000110
0010011100010000
0010010100111010
0010000110001100
0010001001111000
0010001101100010
0001110100010110
0001101100011110
0001110001001100
0001101001110110
0001011110010010
0000111101001100
0000100101100100
0000011101101100
1111110010100110
1110100111110100
1111100010010000
1111011111000010
1111101000001010
1111110001010000
0000000101000101
0000011100001010
0001001011010100
0001001011110110
0000111010101100
0001101001010100
0001110110001100
0001010011010110
0001001110100010
0001100101100100
0001111101101100
0001110110001100
0001110100100110
0010010001100010
0010011100010000
0010000101110000
0010010011101100
0010011001000010
0010000000011000
0010000110110100
0001111101101100
0001110001111010
0001101001111000
0001100000110000
0001011011111100
0001001001101100
0000011101110000
1111101110100100
0000010110000000
0000011000110110
0000010011001000
0000100000010010
0000010100110110
0000111100110110
0001011111001000
0001101111101100
0001110100110110
0010011100010000
0010011100010000
0001101110100010
0001011111001000
0001011000010000
0001110000010000
0001110011101011
0010000101011010
0010001001111110
0010011000010000
0010001100110100
0010011011000110
0010001010100010
0010000100010000
0001101011101100
0001101000010000
0001100001111110
0001101111101100
0001010110100100
0001001010100100
0000110111001000
0000001010100011
0010011011011100
1101100011110000
1101100011110000
0010011100010000
1110100010010000
1101100011110000
1101100011110000
0000100100011110
1101100011110000
1111110110010100
1111110000110010
1111110011100100
1111111001000110
1111010101001000
1111111001000110
1111111001000110
1111011010101010
0001111101110110
0010011100010000
0001100100111100
0010010001001100
0000011010010001
0000011010010001
0000110011001010
0001000011110000
0000010001111110
0001001100000100
0001000001000000
0000100101010110
0000000100001010
0000000110111010
1111111011110110
1111111110101000
0000000110111010
0000111000101100
0001001100000100
0001001100000100
1111001100110110
1111110000110010
1111110011100100
1110011000010011