1110111100100010
0001001011110110
0001010011100010
0000110100110010
0001000010110000
1111111101100100
0000001100001110
1111110011000100
0000000010011100
1111100111111000
1111110011110010
1111011001001100
0000000011110110
1111111010000100
0000101011000000
0000101011000000
0001101100000000
0001110000111010
0010010011001010
0010011100010000
0001100010111100
0001111101100000
0001101110000110
0010001011011110
0010000100011110
0001110101110100
0001100101101110
0000110111100110
0000101101110010
0000110110111000
0001000010110000
0001001011001010
1111010111000100
0000111011010010
0000111010101110
0001100011001000
0001011110110100
0000010000101100
0000001100111100
0000001000101000
0000000101011000
1111111101110110
1111111101010100
1111111010000100
1111111010101000
0000000110011110
0000001000101000
0000001010010000
0000010001010000
0000111101011100
0001001000001100
0001111101000000
0010001100101000
0010001110110010
0010010010100100
0010010101010000
0010011100010000
0010010101010000
0001110010001110
0001001011011100
0001001100100000
0000111001101010
0001000110100110
0001001011011100
1111000101010100
0000100111111110
0000100011011100
0001010111101000
0001001101011010
1111101101100100
1111100001000110
1111010000000100
1111000000110000
1111011111111110
1111001110011000
1111001001010010
1110110111001000
1111011000100110
1111001001010010
1111101011111000
1111011101001000
0000000101111110
0000100100000000
0001001010000000
0001110101001000
0010011100010000
0001111111111010
0010001111001110
0001111001101010
0010011010100100
0001111110110000
0001010101111100
0000111000011100
0000101001101100
0000101101000110
0001000100010110
1111010100011100
0000101101101010
0000101011000010
0001010101010100
0001001010010110
0000000101011110
1111110111111010
1111000010001100
1110111001110110
1111100100000110
1111001110101100
1111010011111010
1110111100011100
1111010100111110
1111011101010100
1111111011100100
1111110110111000
0000001111111010
0000101111001110
0001000110001010
0010000011001110
0010010111100100
0010000011101110
0010011000000100
0010001100000100
0010011100010000
0001101011101110
0001101111011000
0000111101110100
0001001001110100
0001010110010110
0001100001110100
1111010001111111
0000100111110010
0000100100001000
0001001100101100
0001000000110000
1111111101001000
1111101100100000
1110111000100000
1110101100100010
1111001011001110
1110110011010100
1111000100011110
1111001001001010
1111011111100000
1111101001011000
1111111100101000
0000000000110010
0000010001011010
0000111100100100
0001001000100010
0010010000110100
0010011010101100
0010001111010000
0010010100011100
0010011010001010
0010011100010000
0001110011001100
0001110100001110
0001000010110100
0001000000110000
0001100110001100
0001100000111110
1111100001000000
0001001000001000
0000111111010000
0001010110000010
0001000010011100
0000000001111010
1111100100001010
1111101010100000
1110111010011010
1110111010011010
1110100010011000
1110110010001100
1111000010101000
1111001110101010
1111101011001000
1111101111100100
1111110011111110
1111110000110100
0000110000000100
0001000001001010
0010010011011010
0010010101111100
0010011100010000
0010010000111000
0010011010010110
0010010101010010
0001110101101010
0001000110110110
0001000111011110
0000110101110010
0001001101110100
0000111111010000
1111100110100100
0010011100010000
0010011010011100
0000110100101100
0000101000111000
1111111000101110
0000000000111001
1111100010111100
1111010000110000
1110111100110010
1110100111111001
1111000100111100
1111001010011010
1110111101101100
1111001110000011
1111001111110111
1110110011101100
1111101110110000
0000000101011100
0001101000011110
0010000101100010
0001111010101000
0010001010000110
0001101001011000
0010000111010110
0010001011000000
0001001000101100
0000010100000000
0000011101111110
0000011101000100
1111100101101010
0000000111010010
1111001001101010
0000101111100100
0000111101001010
0000101111100100
1111110010011011
1111000010110110
1111011110000010
1111011110000010
1111100100110101
1111111001001110
0000000000000000
1111101011101001
0000100001111110
0000110110010110
0000101000101111
0001000011111100
0001101100101100
0010011100010000
0010010101011110
0001101100101100
0000110110010110
0001010001100010
0001010001100010
0000101111100100
0001110011100000
0010000001000100
0001100101111010
0000010100010111
0000111101001010
0000100001111110
0001011000010100
0000111101001010
1110110101100110
0001011001010010
0001101000001010
0000110100000101
0001000010111110
0000011101110000
0000011101110000
1111011010110100
0000000000000000
0000000000000000
0000000000000000
1111110001001000
1111111000100100
0000000000000000
0000100101001100
0000110100000101
0001101111100101
0001101111100101
0010000101111100
0010000101111100
0001011001010010
0001111110100000
0001110111000100
0010011100010000
0010011100010000
0001100000101110
0000111011100010
0000011101110000
0000011101110000
0000000000000000
0000010110010100
0000110100000101
1111011110110110
0000110111010000
0000110000111100
0001010110110100
0001001010001100
1111101000010100
1111011110110110
1111101011011110
1111001011111011
1111001011111011
1111000010011100
1111000101100110
1111100010000000
1111011110110110
1111101011011110
1111111000000110
0000010001011000
0000010111101100
0000111101100100
0001010011101010
0010011100010000
0010001111101000
0010001111101000
0010000011000000
0010001111101000
0010000110001010
0001100000010010
0001010000100000
0001010110110100
0001010110110100
0001011001111110
0000110111010000
1101101001100100
1101101001111000
1101101101100010
1101101101001110
1101101110001000
1101101100100110
1101101101001110
1101101011000110
1101101110001000
1101101011000110
1101110011101000
0000111010110100
0010001100101010
0010010011000110
0010010110001000
0010010111111110
0010010111101010
0010001101010010
0001110011000000
0000110001111100
0000000100110000
1111001000111000
1110101110111010
1110001001101000
1101101100100110
1101101011101100
1101101011011000
1101101010011110
1101101100000000
1101101010001010
1101100011110000
1101100011110000
1101100011110000
1101101000010110
1101101001000000
1101110100000000
1110000010010000
1110000101100000
1110000100101100
1110001010011110
1110001010000010
1110001000110000
1110000101100000
1110101100100110
1111010001101100
0001001100101000
0001110110101100
0001100110100010
0001000010000100
0001100001100000
0010001111111000
0001101110101010
1111010101010100
1110101001011100
1110001001111100
1110000001000110
1101110100110100
1101101100110010
1101101011110010
1101101011011100
1101101101100000
1101101001011100
1101101000000110
1101100011110000
1101100011110000
1101100011110000
1101110100000110
1101111011011000
0000011011010010
0010011001010100
0010011100010000
0010011100010000
0010011100010000
0010011100010000
0010011100010000
0010011100010000
0010011100010000
1111010001101100
1111010101010000
1111110100000100
1111101010101100
1111100001111101
1111100010111110
1111100101001100
1111101001001110
1110110111001110
1110001111000110
1101100111010000
1110000000111010
1110011101100100
1110011110000100
1110011111001000
1110010100001101
1110010010000110
1101111001101000
1101101101001000
1101100011110000
1101100011110000
1101100011110000
1101101100101100
0010011100010000
0010011100010000
0010011100010000
1101110001001010
1101110001001010
1101111110100010
1101100011110000
1101100011110000
1110110100000110
0010011100010000
0010011100010000
0010011100010000
1110001011111100
1110000011000000
1101101000001110
1110000011000000
1101111010000100
0001011101110000
0010010111110010
0010011100010000
0001110100000100
1101111110100010
1110011101110010
1110010100110110
1110000011000000
1101110101100110
1101110001001010
1101110101100110
1110111000100100
1101100011110000
1101100011110000
1101100011110000
0000110111100110
0000111100010100
0000111110010100
0001000100100000
0001000111011000
0001001001101000
0001001010011010
0001000101100010
0000111111001100
0000110000010000
0000101010010010
0000101110010100
0000101111101010
0000111001100000
0000111101110110
0001001010000000
0001011011111000
0001101011111101
0010000010111110
0010000111001100
1110000011000000
1111100010100110
1110101101101100
1110100010101010
1111010011100000
0000001011101010
0001000010101000
0000100001110110
1110011100000110
1111001100101110
1111000111011110
1111010100011100
1111011110111110
1111101110011000
1111101110110010
0000011101110010
0000011101011000
0000000110101100
0000110000011100
0000100001110110
0000110000110110
0000011101110010
0000101101100110
0000101100010111
0000101101001100
0001011000111110
0001010100111010
0000101100110010
0000111010111110
0001000101000110
0001000011111010
0001011010001100
0001101010110100
0010001001100110
0010011011110110
0010011100010000
0001110101110000
0001101110110110
0001101100011011
0000011101011000
1110001110101000
1110100011100000
1111001100111010
1111011000101000
1111010111001010
1111100100010110
1111111000110110
1111111000100000
0000001101110000
0000001001010110
0000001010110100
0000010101011100
0000000111100000
0000100111000010
0000111010011100
0000100011010110
0000100101111010
0000101010010100
0001000011100110
0000111010011100
0000111111111100
0001001110001110
0001011101010000
0001011110101100
0001111000101101
0010010010000000
0010011011001010
0010011100010000
0010000101001010
0010001000000110
0010000111011000
0000111111001100
1110010011101100
1110111010010100
1110111100000100
1111101000001100
1111110000011110
1111110000001000
0000000000010110
0000001011101110
0000100010001010
0000010010010010
0000010110000100
0000011010100100
0000110100110010
0000101101111000
0000110100000101
0000101011110100
0000110001101010
0000111100101110
0001000001001100
0000111011010100
0000111111001000
0001010111111101
0001010010110010
0001110000110010
0010000110100010
0010010010111100
0010011100010000
0010011010001100
0010010111110010
0010010110101110
0001111111111101
0000111111001000
1101110111011100
1101100011110000
0010011100010000
1101100011110000
1101100011110000
1101100011110000
1111100000110000
0010000111011010
1101100011110000
0000111010011100
0001010111000100
1111111110110100
0001010100101100
0000111111001110
0000000001001100
0000100000001110
0000101100001000
0000111010011100
0010010101000110
0001110001010100
0001000110011000
0010011100010000
0001111010110110
0000111000000100
0000111100110110
0001000001100110
0000011101110100
0000001111100000
0000010110101010
0000001111100000
0001001011001010
0000100010100110
0000010001111010
0000100010100110
0001000001100110
0001100000100111
0000110011010010
0000100010100110
0000101100001000
0000001111100000
1110100100001010