1110111101001110
0000111100110110
0000111110110110
0000111100001100
0000110111100110
1111010110111000
1111011101011110
1110111110100010
1110110010000010
1110110010000010
1110111000101000
1111001101101010
1111010000111110
1111001111101010
1111011010001010
1111100000110000
1111101101111010
1111111010011010
0000010010110000
0001000100000110
0001010101001100
0010011100010000
0010011100010000
0001101101100010
0001110011011110
0001111100000000
0010000011010000
0001011101000110
0001001000101100
0000101110011000
0000110110010010
0001000000110100
1110100001001010
0000011101010100
0000010101101110
0001011000101010
0001001000110010
1111000010111100
1110101100111000
1111001001001010
1110101110010000
1110010101011010
1110000001011010
1110110101001010
1110100101010010
1111001000011110
1111001110101100
1111101011101010
1111011001101110
1111110101010100
0000101001000010
0001000110101110
0001110101101000
0010011010111000
0010011000001000
0010010111011010
0010010101010110
0010011100010000
0010001000010000
0001111111010010
0001101001001100
0001010000011000
0001001111000000
0001100110011100
1110101110011110
0000001010111110
0000100011111000
0001001111110000
0000101111001010
1111001011100010
1110110110001100
1111000000110110
1110101110011110
1110101110011110
1111000110110010
1110111111000100
1111001010111100
1110111100000110
1110111011100000
1111000110110010
1111001100101110
1111100100011100
0000001001001100
0001000000010110
0001010111011110
0010001100010000
0010011100010000
0010011000101100
0010001110000010
0010000101101110
0010001011000100
0001111100001110
0001100000010110
0000111001001110
0000111001110100
0001011010011100
1110101001001100
1111110000100000
0001000111010100
0001011001111010
0000001000101100
1110101100111010
1110111000000100
1110101011000100
1110001010001100
1110000111101110
1110100001001000
1110101000100100
1110100110101110
1111000011010000
1111000110111110
1111001110011010
1110110100010110
1111010111101100
0000000100010110
0000100110011100
0001010011101110
0001111111101110
0010011001110010
0010011100010000
0010000111110010
0010001011100000
0010010010010110
0001110101001100
0001011011001010
0001000110000100
0001000100001110
0001010001001110
1110011000010011
1111100101011110
0000110111000000
0000101110010000
1111000000010001
1110110010100100
1110101101101000
1110101011011100
1110100011010000
1110011110010100
1110100000100000
1110111011111000
1111000000010001
1110111010110010
1110111111001010
1111000001111000
1111000110010000
1111000101001010
0000010100100010
0000110011001010
0001010010111010
0001111100011111
0010011100010000
0010010011100000
0001111101000100
0010001110000010
0010000110111010
0001110010000110
0001001100111010
0001000100101100
0000111110001000
0001001010001010
1110010000011110
1111100000011010
0000101010111100
0000010111001111
1111011001010000
1110110111110110
1110100001001100
1110100110100010
1110001110101100
1110000011010111
1110010110011100
1110101111100000
1110100101010110
1110100001110010
1111000000110010
1110110111010000
1110110000000110
1111001010111100
1111101000001010
0000100100111110
0001001110101110
0001110111010010
0010011100010000
0010001000100100
0010000011110100
0001111011011100
0001110111111000
0001100111001100
0000110011010010
0000100100111110
0000100110110000
0000110100011110
1110010111011100
1111010001101011
1111010111011011
1111011000001110
1110100010000110
1101111111101000
1110111101111110
1110111010101100
1110001010010100
1101110110101000
1110101011111100
1111010001101011
1110111001000100
1110110100001000
1111100001010000
1111001110011000
1111001011111011
1111010111011011
1111010100001000
1111111100010100
0000101111111110
0010010101101100
0010011100010000
0001010000110010
0001000110111100
0001110111010110
0001101010001110
0001001000100110
0000100011101100
0000011111100100
0000011010101010
0000000101010110
0000000111000110
0001100011011100
0001100011011100
0001000111000010
0000011100011010
0000011100011010
0000010101010100
0000000000000000
1110110001111000
0000000000000000
0000001110001110
0000010101010100
0000001110001110
1111110001110010
0000000111000110
1111110001110010
0000100011100000
0000011100011010
0000100011100000
0000111111111001
0001101010100010
0010011100010000
0010000110111100
0010010101001010
0001001110001000
0010001110000010
0010001110000010
0000111111111001
0001011100010110
0001110001101000
0000111111111001
0001101010100010
1111110010010010
0001011111111100
0001011111111100
0001001111100000
0001010100111101
0000010011001100
0000011110001010
1111101100110100
1111110010010010
1111111101010000
0000001101101110
0000001101101110
0000001000001110
0000001101101110
0000001101101110
0000001101101110
0000101110100110
0000100011101000
0000101110100110
0000101110100110
0001110101111000
0010011100010000
0010000110010100
0001100101011100
0010001011110100
0010011100010000
0001110101111000
0001011010011110
0001110000010111
0001010100111101
0000111111000100
0000111111000100
1110100010111010
1111110010101100
0000101110100010
0000011101111001
1111100010000111
1111000100001010
1111000100001010
1110111010001100
1110101100111000
1101100111000100
1110111101100000
1111000100001010
1110111101100000
1111010100110010
1111110010101100
1111100101011010
1111110010101100
0000001001111110
0000010011111100
0000100111111010
0001010110011100
0010010101100110
0010010101100110
0010011100010000
0010001110111100
0010001110111100
0010010010010010
0001110100010110
0001001111110010
0001000010100000
0001001001001000
0001010110011100
1101100011110000
1101100011110000
1101100011110000
1101110000000100
1101110000000100
1101101111011010
1101110100100110
1110101000011110
0001000000110110
1111010001111111
1110011100110100
0000110101110100
0001100000100110
0001100101110010
0001011011011010
0010000011101000
0010010011001100
0001111010100010
0000111011000000
0000000011010000
1111100010001100
1110010001110010
1101111101000010
1101111000100000
1101110000000100
1101100011110000
1101100011110000
1101100011110000
1101100011110000
1101100011110000
1101100011110000
1101100011110000
1101100011110000
1101100011110000
1101100011110000
1101100011110000
1101101101011000
1101101110110010
1101110000110010
1101111001110100
1110101001110000
1111010000000100
1110101110100100
1110010001111000
1111010010011110
0000010111010010
0000100010101100
0001000101011010
0001001101011100
0001000101100110
0001100001000101
0010001100100110
1111110100011001
1111001101110110
1110000001101000
1101110100011010
1101110001001100
1101101101110010
1101100011110000
1101100011110000
1101100011110000
1101100011110000
1101100011110000
1101100011110000
1101100011110000
1101100011110000
1101100011110000
1101100011110000
1101100011110000
1101110101100100
1101110110100000
1110000111101100
1110100000101100
1110101100001000
1101110100111100
1111001000010000
1111101010101000
1110101100100000
1111010010000000
1111101110000010
1111101111100110
1111001011101010
1110111111111100
1111000111110000
1111110111011010
1111000011011100
1111000100001110
1110111011010000
1110010111110101
1110000111001010
1101110100011010
1101100011110000
1101100011110000
1101100011110000
1101100011110000
1101100011110000
1101100011110000
1101100011110000
1101100011110000
1101100011110000
1101100011110000
1101100011110000
1110100010010000
1101110001001010
1110100010010000
0010011100010000
0010011100010000
0001010000010110
1110001011111100
1111010011010110
0000110001000110
1111110010100110
1110000111011110
1101101100101100
1101100011110000
1101100011110000
1101100011110000
1111010111110100
0000001000111100
0010011100010000
0000100011101110
1110110100000110
1110010100110110
1110000011000000
1101100011110000
1101100011110000
1101100011110000
1101100011110000
1101100011110000
1101100011110000
1101100011110000
1101100011110000
0000001010010010
0000010000101110
0000001111100110
0000011000101110
0000011000011000
0000011001010000
0000011011010010
0000011110000011
0000011010010000
0000011100111010
0010000010110010
0010001001110100
0010000111010110
0010001010100110
0010010000001010
0010001111001110
0010010100111100
0010011011111010
0010011100010000
0010011000011110
1110011100000000
1111101111011110
1110001101000100
1110100110110000
1111010100000100
1111110011011000
0000010000110110
1111101100011110
0000001110000000
1111101001011000
1111010000100110
1111011101100010
1111100011111110
1111101001011000
1111111001100010
0000110100110100
0010001011000000
0010010000011010
0010011011001100
0001110000000011
0001111111001010
0001111101000000
0001011000011000
0010011100010000
0010001001111100
0001101101111010
0001011010100010
0001100011001000
0001111011111100
0001101000100010
0001101000100010
0001010001111010
0000111010001100
0000110010101010
0000100111111000
0000001111000110
0000100111111000
0000011000110010
1111100111001110
1110100101011110
0000100101110110
1111001011000010
1111101001010100
1111110111100010
1111010110100110
1111101001010100
1111101111100010
0000001100111010
0000100100111100
0001001001011100
0010010100010000
0010001101001000
0010010110000010
0001111101000110
0001110110110110
0001111101111110
0010001011010110
0010001110111010
0001110010011010
0010000110111000
0010011100010000
0010000110111000
0010000000101010
0001011111101110
0001010101111010
0001010101000010
0001000001011100
0000111100000110
0000011001011000
0000100111101000
0000001000011110
1111011101101110
1111100111111110
1111111101110100
1111111100101110
1111111011101000
1111101011010000
1111110011111110
0000000001000110
0000101100110100
0000111111011000
0001010000110110
0010001100111100
0010010001010100
0010010001010100
0010010100100110
0001110000100001
0010011100010000
0010010010011010
0010000110011010
0010000000111100
0010001000100110
0010011000111110
0010001100111100
0001110111000110
0001010111011010
0001010011000010
0001000111000010
0001011011110010
0001010001111100
0000011101100000
0000010000011000
1111101100010110
1110111011001010
1111100110111101
1101100011110000
1101100011110000
0010011100010000
1101100011110000
1101100011110000
1101100011110000
1111011011100010
1101100011110000
0000001010000001
0000000111001010
0000001100111010
0000101111010100
0000111010110010
0000110010001100
0000101100011100
0001010100100100
0001010001101110
0001100010111010
0010011100010000
0010001101111010
0001100101110010
0010000010011100
0001011010010100
0001001011111110
0001101011011111
0001010100100100
0001010100100100
0001001011111110
0010001011000100
0001110001010000
0001010001101110
0000111101100111
0000110010001100
0000101001100100
0000101001100100
0001010100100100
0000111010110010
0000101111010100
1111011111000010
1110011111111110