0000011101001110
0010011100010000
0010001110001000
0010011001100100
0001111000101000
1111011011011000
1110111001110010
1111000101111000
1110101011000000
1110110101000100
1110110011000100
1110110101000100
1110111110011110
1111000011110110
1111010110101010
0000001001000100
0000111111100000
0001001011100110
0001001110111110
0000101111011000
0000001101000110
0000100110101010
0000101111011000
0000101000000000
0001000000001100
0001100001001000
0001100000011100
0000100110101010
0000000110011000
0000010110100000
0000001101110010
0000001101110010
0000001111000001
0001111000100010
0001101100000010
0010011100010000
0001111111111010
0000001110011110
1111100101101000
1111000001010110
1110010011011011
1110011011010110
1111000001111011
1111000111000000
1111011110110100
1111011001101110
1111000001010110
1110110101011010
1110111111000100
1110111011101010
1111110011110100
0000010011100100
0001000110000010
0001100010111110
0001110010110110
0001110101001000
0010000110001000
0010010010000010
0010010100111000
0001110001001010
0000101101000110
0000100000101000
0000011000101010
0000101011011000
0000010000101000
0001111100001110
0001101110111010
0010011100010000
0001111000100110
0000010010011100
1111010100110010
1110111101110100
1110010111001000
1110011010001010
1110011000111100
1110011111100110
1111100110010100
1111010010011000
1111011110011100
1110111010110010
1111011010110100
1111100010000111
1111110101011101
0000011100101110
0000100000010110
0001100001000000
0001101110111010
0001100000011010
0001011001110000
0010001100100010
0001101111100010
0001110011001010
0001000101110100
0001010110110000
0000111111001010
0001001111100000
0000011110010000
0010001100001100
0001111110100110
0010011100010000
0001111010010010
0000011000000110
1111010111010001
1111000010110110
1101110000101110
1110000101000110
1110011011010110
1110010101110010
1111100100001110
1111001111110100
1111110010011011
1111010010111010
1111010011100010
1111100001001000
1111111001110100
0000010000000100
0000011100011010
0001001010101110
0001001101001100
0010011001001010
0010010000100010
0001111011100010
0001101001000000
0010000110000010
0001100101111010
0001100100000100
0001000010000110
0001011100000010
0000010100000011
0010001010110010
0010000011001110
0010001111011100
0001111001111010
0000010100101010
1111111011000100
1110101110110101
1110010010010100
1110001101101010
1110101010001010
1110110101001110
1110111010011110
1111000100010111
1111000000111000
1111011011000100
1111011011000100
1111101110010000
0000001001000010
0000011100001110
0001000111111000
0001111001010110
0010011001111100
0010011100010000
0001111101011010
0010000011110100
0001110111000000
0001000010000100
0000100000010100
0000100001011110
0000011111101110
0001000000010100
1111101010011110
0010000010101000
0010001010010000
0001010111000000
0001100100000100
0000000001011000
1111101100000110
1110110011111010
1110100011100100
1110001000110111
1110001000110111
1110101011001101
1111001011111011
1111000101111010
1111011011101110
1111001100011110
1111011001000000
1111101110010010
0000010110000110
0000110101001100
0001011010110100
0010001011010110
0010011100010000
0010010000110100
0010010010111110
0010010001010110
0010010110010000
0001101101111010
0001010000011100
0001000000000110
0000101001001100
0000101000000110
1101110000010000
0001110101001000
0010010111010110
0001011100101010
0000111000010000
0000101010001000
1111011111001000
1111110010101100
1110110100101110
1110100011111000
1110101111010011
1110100010110010
1110101000001110
1110011001100100
1110010100101010
1110010010100000
1110101100000010
1111001110110100
1111100110101110
0000110011010110
0001110100100100
0010000001101000
0010010010011110
0010000001101000
0010001001110010
0010011100010000
0010000111000100
0001100001000000
0001000101110110
0000100111011010
0000010010001110
0000101011110000
0000100010101110
0010011100010000
0010010011100100
0010000010001110
0001111001100010
0000001000101100
1111011101010010
0000001000101100
1111011101010010
1111101110101000
1111100101111110
1111010100100110
1110111010100100
0000001000101100
0000001000101100
0000101011011010
0010000010001110
0010010011100100
0001010110110100
0001011111100000
0000111100110000
0001111001100010
0001101000001010
0001010110110100
0001011111100000
0000011010000010
0001010110110100
0001000101011100
0000011010000010
0001101000001010
0010001010111000
0001111001100010
0000011111010000
0010011100010000
0010001010011010
0010010011010100
0001101111100101
1111100000110000
1111010111110100
1111010111110100
1110100010010000
1110010000011011
1110110100000110
1111001110111010
1111110010100110
1111111011100010
1111000101111110
0000101000001100
0001111000100010
0001000010111110
0001011101110000
0000111010000010
1111110010100110
0000110001000110
0001000010111110
0000111010000010
0001010100110011
0010010011010100
0001011101110000
0000110001000110
0000110001000110
1111111011100010
0000001101011010
1111111011100010
1111110000011000
0001010101111100
0001000010011010
0001111101000000
0001011101110000
1111110000011000
1111001001010100
1110101101111110
1110000110111010
1110000011000000
1110011110010110
1110011010011100
1111000001100000
1110110101110010
1110101010000100
1110101010000100
1110011110010110
1110011010011100
1111000001100000
1110100110001010
1111001001010100
0000111110100000
0001001110001000
0001101001011110
0001100101100100
0010011100010000
0010010000100010
0001011101110000
0001011001110110
0000011111010000
0000010011100010
0000011011010110
1101100011110000
1101100110011000
1101100111001100
1101101111001100
1110101110001101
1111010010011100
1111010000111110
1111001101111001
1111001101111001
1111001011011101
1111001111110111
1111111101100100
0001101111100000
0010010100111010
0001101110111000
0001010000001010
0000111100000110
0000101101000100
0000011110001101
0000010101001110
1111111110101100
1111100101111001
1110010000100000
1101101001111110
1101100111001100
1101100111101010
1101101001101000
1101100011110000
1101100011110000
1101100011110000
1101100011110000
1101100011110000
1101100011110000
1101100011110000
1101101000110100
1101101011000000
1101110011011000
1110100110100100
1111000101110100
1111000111000110
1111010000010010
1111011001111100
1111011011000110
1111100110001000
1111111000010010
0001010001000100
0010010011111110
0001011011100010
0000111000111010
0000101001000010
0000011001010010
0000100010000010
0000010101101000
0000000000110100
1111100111011010
1110010010100010
1101111101111110
1101111011100100
1101110110100110
1101110011100000
1101100011110000
1101100011110000
1101100011110000
1101100011110000
1101100011110000
1101100011110000
1101100011110000
1101101011110000
1101110111001110
1110100011100000
1110000001001000
1101101101110110
1101110101101010
1101111010010110
1110100111101010
1110100110000110
1110100001011010
1110001101011100
1101111100011100
1110010110011110
1110010110011110
1110001100010101
1101111110110100
1101111001010000
1101111000100100
1101110010010100
1101110100110000
1101101110100000
1110101111010000
1111110010011100
1111101110110100
1111100010010100
1111010100010000
1101100011110000
1101100011110000
1101100011110000
1101100011110000
1101100011110000
1101100011110000
1101100011110000
1101111010000100
1110010100110110
0010011100010000
0010011100010000
0001010100110011
1111000101111110
1110010000011011
1110000111011110
1101110001001010
1110001011111100
0001110100000100
0010011100010000
1111100000110000
1101111010000100
1101100011110000
1101110001001010
1101111010000100
1101111110100010
1101110101100110
1110000111011110
1111001010011100
1111110010100110
1111001010011100
1110000011000000
1110001011111100
1111000101111110
1101100011110000
1101100011110000
1101100011110000
1101100011110000
1101100011110000
1101100011110000
1111101011011100
1111100001110100
1111100001001101
1111100000101110
1111100100010010
1111101001001110
1111110000001110
1111110000101100
1111110100000010
0000000001110010
0000110111010010
0000110111011010
0000111010011010
0000111101111000
0001000100110110
0001010000011110
0001100110101110
0001111100011010
0010000101010110
0010010001011100
1110001011010110
0000000111010110
1111101010001010
1111110001011010
1111110110110100
1111110111100000
0000010100101100
1101100011110000
0000111001000110
0001001111101100
0000110000010011
1111010011011100
1111001001011010
1111100000000000
1111111110001000
0000110110100110
0000001010101010
0000100000000000
0000100011110010
0000100101000010
0000111100111000
0000101010000010
0001000000101000
0000110101010110
0000001010101010
0001001111101100
0001011000011110
0001011001101110
0001001101001100
0001011110110000
0001110100000110
0001101000110010
0001110010110110
0010001011111100
0010011100010000
0010001000001010
0001001111101100
0000111010010110
0000001101001100
1111111010010110
0001000001100100
0001011010101100
0000111011000000
1111010010000110
1111001111111100
1111100111111110
1111100101110010
0000100111010110
0000100111010110
0000011001001000
0000011011010100
0000010011101010
0001000001100100
0001000011110000
0000101001100010
0001010001111100
0000111110010010
0001100000001001
0001111001010010
0001011011110010
0001101101010010
0001101100001100
0001110000100001
0001111000001100
0001111011011110
0010011100010000
0010010011100000
0010010000001110
0001010100001000
0001000000011110
0000010010100100
1111101010001010
0001000011010000
0001011011000100
0001000000001010
1111100010000000
1111010100100010
1111010111101010
1110111100110000
0000110001101010
0000110111110111
0000100110010010
0000101110100100
0000010011101010
0000101110100100
0001000010001110
0000111100000010
0000111111001000
0000110100110010
0001101001100010
0010000111100100
0001010010110010
0001101001100010
0001110100111011
0010001010101010
0010010010111100
0010001010101010
0010001011101100
0010011100010000
0001111100001011
0001000110011000
0000110000100111
0000100101010000
1111101111011100
1110000001011010
1101100011110000
0010011100010000
1101100011110000
0010011100010000
0010011100010000
1101100011110000
1110111100010010
1101100011110000
1111001111110111
1111011101100110
1111010101110001
0000000110111000
0000001010110100
0000000010111100
0000000110111000
0000010010101010
0000100110010100
0010000000101110
0010001110100000
0010000000101110
0010001100100010
0010011100010000
0001000101110010
0001110000111111
0001101101000110
0001000001110110
0001000001110110
0001010011100010
0000111111111000
0000110010000111
0000010110100110
0000100100011000
0001011011011010
0000101110001011
0000001110110000
1111110111001010
1111110111001010
1111100111011100
1111010111101111
1110010010111010