1111001000111100
0000001000011110
0000110101001100
0001000100010000
0010001011110010
0010000111000100
0001111000111100
0001010001111000
0001010100010000
0001101000011110
0001111000111100
0010011100010000
0010001100101110
0001100100001111
0000111111000100
0000111110100110
0000100001111000
0000011011010010
0000101011110010
0001001000111100
0001010010110110
0001010101101010
0001001000011110
0000101000000000
0000011001111000
0000100111000100
0000011101001100
0000001111000100
0000100000111100
0001000111100010
0001011000000000
0001011100010000
1111001100101100
0000001010001010
0000110111000000
0001000111101010
0010011100010000
0010010110101100
0001101011010000
0001010001011000
0001010110111010
0001101100101000
0001101100001100
0010010010000110
0001111011011100
0001001000100100
0000101101110000
0000101111101000
0000011100101010
0000001110010110
0000011110000011
0001000110101110
0001001101101010
0001011001101100
0001010000111010
0000011101001000
0000001110010110
0000000110111100
1111111100110000
1111111100110000
0000100001110000
0000101011111010
0000111111010110
0001000101010110
1111001100000110
0000000000100010
0001001011010010
0001110000001000
0010011000101000
0010000011010110
0010000101011010
0001011001010010
0001001111011100
0001100010001000
0010011100010000
0010001011101000
0001010111001110
0000100001001110
0000011001011100
0000011001011100
0000001011011010
0000000010100110
0000010100010000
0000101011000110
0001010011000100
0001100001000100
0001011001010010
0000011100100100
1111111110011100
0000000000000000
1111100101000000
1111110000111100
0000000111110001
0000011101000100
0001000110100110
0001011010010100
1111001000010110
1111110111011000
0001010001010000
0010001010011010
0010011100010000
0001111100000110
0001011100100100
0000110010010100
0001011011111110
0010001110100100
0010001101011000
0000110010111010
0000001010011010
0000000101101010
1111101011011110
1110111100011100
1111000110100100
1111010111110100
1110111101000010
1111100110000110
1111111100001000
0000100110011010
0000011111110110
1111101011011110
1111001110010100
1110110100101100
1110110101111010
1110110001001000
1111010000101100
1111110010100110
0000001111110010
0001000100001010
1111001110010000
0000001010110110
0001011001111100
0010011100010000
0010011001000100
0001011111000010
0000101000001100
0001100000010011
0001100001100100
0010000000110100
0000111111001000
1111110101001010
1111001100111110
1110110111111100
1110100010111000
1110100001101000
1110000000011100
1110001000110000
1110001000000110
1110010010111101
1110011110011100
1111011001000110
1111011011101010
1110111001001110
1110101011001101
1110011111000101
1110011011010000
1110001010101010
1110110110101010
1111101111011010
0000010100011010
0000111000110000
1111011100110010
0000000111001100
0001010011110010
0010011100010000
0010010001010100
0000010110001110
0000001010100110
0001100011100000
0001001100111100
0000010010110100
1110111100101010
1110100110000110
1110110010011000
1110011101001100
1110010011101000
1110011110100100
1110110001000010
1110000011111000
1101101111011000
1101110000110000
1110000100100100
1110011000011010
1110110001000010
1101110010001000
1110001000000000
1110010001100100
1110001111100000
1110001000000000
1110100010101010
1110011011001001
1111001110011100
1111011100110010
0001001110011110
0010011001100100
0010011100010000
0010001100001010
0001111000000010
1111010100011010
0000101000111001
0000110011101000
0000111111101110
1111001011000010
1110010110101110
1111010101110001
1111001100011000
1110110010111000
1111100011001011
0000001011011010
0000110011101000
1111011101110100
1110101010110110
1110011110110001
1110011010110000
1110111001100110
1110111001100110
1110011001011010
1111001111000010
1111011001110010
1110111110111100
1110010100000011
1111000101101010
1110010010101100
1110011101011010
1110100101011110
1111100011000100
0000010001011000
0001001011001110
0001010001000001
0010001010111000
0010011100010000
0010001010111000
0000111111101010
0001011100100110
0001011100100110
0001110011110000
0010010000101100
0001111111010100
0001000101011100
0001001011001110
0001000101011100
0000010001011000
0000100010101110
0000100010101110
0000100010101110
0000101000100000
0000000101110010
1111101000110110
0000101110010010
0000100010101110
0000010111001010
0000101000100000
0000110100000101
0000011100111100
0000100010101110
0001010001000001
0001010110110100
1110111110111010
1111101100011110
0000101101100100
0001000111101000
0001111011101100
0001110101001100
0001110101001100
0001100001101010
0001001110001000
0001100001101010
0010001111001110
0010011100010000
0010001111001110
0001101110101100
0001001110001000
0001000001000110
0000111010100110
0000101101100100
0001001110001000
0001101000001010
0001101110101100
0001101000001010
0001011011001010
0000100111000100
0000101101100100
0000110100000101
0000100111000100
0000111010100110
0001011011001010
0001101110101100
0010000010001110
0010001000101110
1111000110011100
1111111011111000
0001010010010000
0010000011100110
0010011100010000
0010000111101100
0001110011001000
0000110001010110
0001101010111010
0010000111101100
0010001111111010
0001001110001000
0000110001010110
0000101101001110
1111111011111000
1111011111000110
1111000010010100
1111101111100100
1111110111110010
0000000100001000
0000001000001110
0001010110010110
0001010010010000
1111100011001110
1111100111010110
1111010110111000
1111100011001110
1111100011001110
1111000110011100
0000001100010110
0000100101000000
0001001010000000
1101100011110000
1101100011110000
1101100011110000
1101100011110000
1101100011110000
1101100011110000
1101100011110000
1101100011110000
1101100110011110
1101101000001010
1110100011010101
0000110110011110
0001111111101100
0010011001000010
0001100101100010
0000011111100010
0000001000110000
1111111001011111
1111100011001100
1111000110101010
1110100000000100
1110000011111000
1101101011100100
1101100111101010
1101100011110000
1101100011110000
1101100011110000
1101100011110000
1101100011110000
1101100011110000
1101100011110000
1101100011110000
1101100011110000
1101100011110000
1101100011110000
1101100011110000
1101100011110000
1101100011110000
1101100011110000
1101100011110000
1101100011110000
1101100110101010
1101100111101000
1110111010111110
0001101001101110
0010010000111000
0001111011011000
0001000011011000
1111110111100010
1111011110001100
1111001110011110
1110110111100010
1110011111001010
1110000111100100
1101110100010010
1101101001001110
1101100111011010
1101100011110000
1101100011110000
1101100011110000
1101100011110000
1101100011110000
1101100011110000
1101100011110000
1101100011110000
1101100011110000
1101100011110000
1101100011110000
1101100011110000
1101100011110000
1101100011110000
1101100011110000
1101100011110000
1101100011110000
1101100111111010
1101110100011010
1110011000010110
1110010101110000
1110011010010000
1110010000001100
1110010000001100
1110001000100011
1110001001111100
1110001101011010
1110001000001100
1101111111111000
1101111100011000
1101110001010010
1101110100011010
1101101100100110
1101100011110000
1101100011110000
1101100011110000
1101100011110000
1101100011110000
1101100011110000
1101100011110000
1101100011110000
1101100011110000
1101100011110000
1101100011110000
1101100011110000
1101100011110000
1101100011110000
1101100011110000
1101100011110000
1101100011110000
1101100011110000
0010011100010000
0010011100010000
0010011100010000
1101111110100010
1101110101100110
1110001011111100
1111010111110100
1111101001101100
1110010000011011
1111011100010010
1111100000110000
1110010000011011
1110101011001101
1110010100110110
1101111110100010
1101100011110000
1101100011110000
1101100011110000
1101100011110000
1101100011110000
1101100011110000
1101100011110000
1101100011110000
1101100011110000
0010011100010000
0010011100010000
0010011100010000
0010011100010000
0010011100010000
0010011100010000
0010011100010000
0010011100010000
0010011100010000
0010001011111100
1101100011110000
1101100011110000
1101100011110000
1101100011110000
1101100011110000
1101100011110000
1101100011110000
1101100011110000
1101110010111010
1110010100110100
1110110000110110
0000000101100000
1111001110010000
0000011110010100
0001111010011010
0001111111011110
0010010010110000
0010011100010000
1110111100100010
1111101010101100
0000110001101110
0001000011011110
0001000011011110
0001110001101000
0001111111110110
0001100110111110
0001011100010110
0001101010100010
0001111100010010
0001101010100010
0001010101001110
0001011111111000
0001111100010010
0010010101001010
0010011100010000
0010000110111100
0001000011011110
0000111100011000
0000110001101110
1111110001110010
1111101010101100
1111110001110010
1111011100100000
1111100000000010
1111000011101000
1111101110010000
1111011000111100
1111100000000010
1111100111001010
1110011100100100
1111000011010110
1111111110001010
0010000010100000
0010001001111000
0001000111101100
0010010001001110
0010011100010000
0001100101000110
0000101101111110
0001100101000110
0010010001001110
0001011101110000
0001001111000010
0001010010101110
0001011010000100
0010001101100010
0010011100010000
0010010001001110
0000111001000000
0001011010000100
0001011010000100
0000001001001100
1111000111000000
1110111111101010
1111010101101110
1111000111000000
1111101011110011
1111101111011110
1111011101000100
1111100100011100
1111100100011100
1110010011100010
0000100010100110
0001000100000000
0010010101000110
0010011100010000
0001011001011110
0001110011101011
0010001001001010
0001100000100111
0000110011010010
0001001111111010
0001010010010100
0000111100110110
0000110000111010
0001000110011000
0000111100110110
0001001111111010
0001100111110010
0001001000110000
0000111000000100
0001100111110010
0001100000100111
0000011001000011
1110111001101000
1111010001011110
1110111001101000
1111100010001100
0000011101110100
0000011001000011
1111101011101110
0000001000010110
0000010110101010
1111011111110010
0000101011011110
1101100011110000
1101100011110000
0010011100010000
1101100011110000
1101100011110000
1101100011110000
1110000011000000
1101100011110000
0001101010011100
0001011000010100
0001011100110101
0000001111110110
0000011101011100
0001111000000010
0000110100000101
0010010111101110
0010011100010000
0001111100100100
0001011100110101
0001111000000010
0001010011110010
0000101011000010
0010000001000100
0001001010101110
0001010011110010
0001000110001100
0000010100010111
0001001111010000
0000101111100100
0000101111100100
0001101010011100
0000101011000010
0001010011110010
0000100001111110
0001101010011100
0010000101100110
0001100101111010
0001000110001100
1111000010110110
1111001011111011