1111011101111100
0000101001100100
0001110010101100
0001111000001100
0001000000000110
0000100110100100
0000011100100010
1111110000011110
1111100010111110
1111110010111110
0000000111000000
0000010001000010
0000100111100100
0001000101001000
0001010100001000
0010011100010000
0010010010110000
0001100001101010
0001011001101010
0001101110001100
0010001011101110
0010010111110000
0010010101110000
0001110001001100
0001011110001010
0001001110001000
0001011111001010
0001101010001010
0001111110001100
0001111110001100
0010000000001110
0010000011001110
1111010011101010
0000001000011110
0001011111101100
0001100011000110
0001111111001011
0001011000011010
0000101001011100
1111110111100010
1111111000000000
1111111111110000
0000010101100100
0000011110010010
0000101101010100
0000111011110110
0001110100000010
0010010100111110
0010001101101110
0010001010110100
0001111110101100
0001111001011000
0010000110111100
0010011100010000
0010001100110000
0001111010010110
0001011010110110
0001010101100000
0001100110000000
0001101101110000
0001101111101100
0010001011010010
0001110001001000
0001111000110111
1111001111101010
0000000111110100
0001010100011110
0001011101010000
0010000010011000
0001010111011010
0000100111100100
1111111111100000
1111110110101110
1111111100000110
0000001100001110
0000011110110000
0000101000100010
0000101111011000
0001100101100100
0001111100011111
0010011100010000
0010010010000000
0010001110100110
0001111100011111
0001111101111110
0010011000010110
0010000110110000
0001111000001000
0001011100110010
0001010011000000
0001011001010110
0001101001111110
0001110010110000
0010001101100110
0001110000110010
0001100110000100
1111010101111011
0000001011000101
0001011111110100
0001110011011100
0010010100000000
0001011101110000
0000000101011100
0000000011010110
1111011001100010
1111010111011100
1111111011000110
0000000010110110
0000000010110110
0000011010100110
0000111111010010
0001100110100010
0010011100010000
0010001111010110
0010010111000110
0010000000111000
0010001000101000
0010010010111100
0001110100011101
0001011101110000
0001001110010000
0001000010111000
0001000011111100
0001011001000110
0001111110110100
0001101010101010
0001101110010010
0001100100111110
1111100101110100
0000101010010100
0001111010010010
0001111110010100
0010010000001010
0001100111110111
1111111000001111
1111111100110110
1111100010111100
1110110110000100
1111100110111110
1111100010111100
1111101110011100
0000000010000000
0000101101110000
0001000111101010
0010010111101010
0010011001111100
0010011100010000
0010010000001010
0010010000001010
0010001110011100
0001110010010000
0001101000011110
0001001001011000
0000111010011010
0000101110010101
0001011111110100
0001110011111110
0010001001110110
0001110110010010
0001101001000010
0000000001010110
0001100101100000
0010001001100100
0010011000010000
0001110010110110
0001011010001010
1111000100100100
1110101000100010
1110011011001100
1110001111110100
1110100011001100
1111001111111100
1111000110100100
1110111011001110
1111010011111101
1111111000101010
0000111001011100
0001111011100010
0010011100010000
0010000110111000
0010000111100100
0010001001100100
0001011101011101
0000111100110000
0000010100101100
0000000100000000
0000010100000010
0000100000101110
0000111000000110
0001010010001000
0001000001011100
0000111010000110
1111110101011101
0001011001101100
0000011011110100
1111111000100100
1110111001001000
1110011100111100
1110010100010100
1110100111000111
1110110100011010
1110101010010000
1110000010010010
1110011001000000
1110011001110010
1110100100110000
1111010001011010
1111100100001100
0000101010101100
0001110101111000
0010001101011000
0010011100010000
0001110111011100
0001111001110010
0000111100101100
1111101111111100
1111111000100100
1111011010110100
1111001010010110
1110110101001110
1111101011010000
0000011011110100
0000001001110010
1111010010001100
1111110111010100
0010000010001110
0010000010001110
0000111100110000
0001001110001000
0000100010101110
0000010001011000
0000001000101100
1111011101010010
1111100101111110
0000000000000000
0000010001011000
1111100101111110
0000110100000101
0000011010000010
0001010110110100
0000100010101110
0001001110001000
0001001110001000
0001010110110100
0001011111100000
0010001010111000
0010011100010000
0001011111100000
0001011111100000
0000111100110000
0000110100000101
0000011010000010
0001000101011100
0000101011011010
0001111001100010
0010000010001110
1111101000100100
0000011111010000
0010000100110100
0010010100011100
0000111110100000
0000000000000000
0000011111010000
1111101000100100
1111100000110000
0000000000000000
0000000111110100
0000010111011100
0000100111000100
0000100111000100
0001011101110000
0010011100010000
0010011100010000
0001100101100100
0000111110100000
0001100101100100
0010001100101000
0010010100011100
0010001100101000
0001101101011000
0001010101111100
0001100101100100
0001100101100100
0001111101000000
0001110101001100
0010001100101000
0010001100101000
0010000100110100
1111011110001110
0000100001110010
0001100001001000
0001100101010101
0001011100111010
0000111011001000
1111011010000000
1110101111110001
1110001101111110
1110001101111110
1110110100000000
1110110100000000
1110101011100010
1111000000101010
1111001001000110
0000011101100100
0001100101010101
0010010011110100
0010010011110100
0001010100011110
0010001011010110
0010011100010000
0001101101110100
0000110010101100
0000111011001000
0000101110011100
0000100001110010
0000010000111010
0001011100111010
0001100101010101
0001101101110100
0000011001010110
1101100011110000
1101100011110000
1101100011110000
1101100011110000
1101100011110000
1101100111011100
1101100111000010
1101110001100010
1101101000011110
1101101000111000
1101110100100110
0001101100100100
0001011000110100
0001001101111010
0001001010110110
0000111011001110
0000010101001100
1111110111110010
1111100010110100
1111010000101110
1110100000011010
1101111101101010
1101110011011000
1101101100110010
1101101000000100
1101101000011110
1101100011110000
1101100011110000
1101100011110000
1101100011110000
1101100011110000
1101100011110000
1101100011110000
1101100011110000
1101100011110000
1101100011110000
1101100011110000
1101100011110000
1101101001011110
1101101000100100
1110100101100100
1111001011101000
1111110110101000
1110101110110101
0001001011111110
0001111001001100
0010000101001100
0010010000011010
0001110000100110
0000110000011101
0000001011011110
1111101011000010
1111000010110000
1110010111001110
1101111010111100
1101110100100100
1101101110100100
1101101110111110
1101101110001100
1101100011110000
1101100011110000
1101100011110000
1101100011110000
1101100011110000
1101100011110000
1101100011110000
1101100011110000
1101100011110000
1101100011110000
1101100011110000
1101100011110000
1101100110111000
1101100101110100
1110101100001000
0001000001000110
0001100101000001
0000100000110100
1110010000001000
1110010010000000
1110010000011100
1110011001001100
1110011001110100
1110001100000100
1110001010001100
1110000110101100
1101111001000010
1101110100001110
1101101010100100
1101110100011010
1110000000111010
1110010100101100
1110000011000000
1101100011110000
1101100011110000
1101100011110000
1101100011110000
1101100011110000
1101100011110000
1101100011110000
1101100011110000
1101100011110000
1101100011110000
1101100011110000
1101100011110000
1110001011111100
0010000101111100
0010011100010000
0010011100010000
0010011100010000
0010011100010000
0010011100010000
1101110001001010
1101110001001010
1101100011110000
1110011001010100
1110011001010100
1101110001001010
1110010000011011
1111101110001010
1111000001100000
1110001011111100
1101101100101100
1101101100101100
1101101100101100
1101101000001110
1101100011110000
1101100011110000
1101100011110000
1101100011110000
1101100011110000
1101100011110000
1101100011110000
0000111110011100
0001000010101110
0001001000100110
0001001100110100
0001010010110100
0001010101100101
0001011100101010
0001100101011110
0001101001111110
0000111110101110
0000001010101000
0000001010110010
0000001010001011
0000001001011100
0000000111110001
0000000100101000
0000000101101000
0000000010111100
0000000010101010
0000000101100110
1110101000100000
0000100010111100
1110100100001000
1111001100101010
0001000001111100
0001111000001010
0001111010011000
0010011100010000
1110100011101100
1111010000000010
1111110101001010
1111111010010100
1111110111001110
1111111110011100
0000001110111110
0000100111101110
0000011100011000
0000101101111010
0001010000111110
0001000101101000
0001111001001100
0010011100010000
0010011011001110
0010000011100000
0001100111101010
0001011111011010
0001011011010010
0001001010110010
0001001011110100
0001000101101000
0000101111111110
0000100110101100
0000101000101111
0000100011100110
0000011011010110
0000010000000000
0000000100101010
1111100110101110
1110110111010010
1110010010001010
1110100010111110
1110111011110100
1111000000110010
1111000101110000
1110111101010000
1111011100100000
1111101110010000
0000101000011110
0000011000001001
0000110011001000
0001111000000010
0001100101100100
0001111000000010
0010010100011100
0010010111010010
0010011000101100
0010011100010000
0010010000111000
0001111011100110
0001111101101110
0010000110111100
0001111000000010
0001101101011000
0001100111101100
0001110000001101
0001101011111101
0001011111001010
0001100101100100
0001100011011100
0001010000001111
0001000100111010
0000100001011000
1110100111011100
1111000100100100
1111010000011000
1111110011110100
1111011001110100
1111011100111110
1111101110010010
0000101011101100
0000111111011000
0001000100000110
0010010011100110
0010011100010000
0001001000110100
0001011110110110
0001100100011000
0001100110101110
0001010110001100
0001011101010010
0001011111101000
0001011110110110
0001011111101000
0001000101101010
0000101111101000
0000111111011000
0001000100000110
0000111010101010
0000110101001000
0000110101001000
0000010011010010
0000100010010000
0000010100000011
1111100001101100
0000010000110100
1101100011110000
1101100011110000
0010011100010000
1101100011110000
1101100011110000
1101100011110000
1111011011100010
1101100011110000
1110101101000110
1111000110100110
1111100011010100
0000000011001100
1111110110011100
0000011111110111
0000001001100100
0000111111110010
0001001111101110
0010011100010000
0010001100010100
0000100011000100
0000011001100000
0000100011000100
0000011100101100
0000000011001100
1111110110011100
1111010011010110
1111000000001110
1111110110011100
1111110000000101
1111101100111000
0000001001100100
1111100110100000
1111100011010100
1111100000001001
1111100011010100
1110111101000010
1111100110100000
1111001100111110
1110100000010110
1110001010000000