1110110110011110
0000010110100010
0001111010010000
0010011100010000
0010011011010110
0010011011110010
0001110000001000
0001000111101100
1111011000011110
1110110011010000
1110111000110010
1110100010101110
1110100101011110
1110011110100100
1110100010101110
1110101010111110
1110011011110100
1110011100110000
1110100100000111
1110100110110110
1110101001100110
1111100010100110
1111100001101010
1110100011001011
1110011010111010
1110011100010010
1110010110110000
1110010100011110
1110101010000100
1110011001000100
1110101111001001
1111011110000000
1110101010100101
1111101001010110
0000111010111100
0001001011101100
0010011100010000
0010011001011110
0010010100001110
0001111011011110
0001110101100010
0000111001111010
0000010001110010
1111101000101000
1111001111100011
1111011100110010
1111010110110110
1111010100011010
1111011001010010
1111011001010010
1111101000101000
1111110100001010
1111111100001010
0000101101010110
0000011000110000
1111010000001110
1111001111001100
1111001111001100
1110100111000100
0000000101111100
0000011011111010
0000011101101010
0000100000110010
0000000001011010
1110100001011010
1111010110110010
0000010000101000
0000011011001010
0001010101111110
0001101001000111
0010000001011010
0010011001101100
0010011100010000
0010011001000100
0010001000001000
0000101111010010
0000100011110010
0000100000111010
1111111110000110
0000000010010000
0000001101110000
0000011011011110
0000010100110010
0000101110101001
0001011100101010
0001100100000000
0000011110101100
0000000010010000
1111110110011010
1111010000000100
1111011101100000
0000010011100000
0001000101111110
0001010111100100
0000101011110010
0000001001100110
1110011100101010
1111001000111000
0000000110010110
0000001000101000
0000101000100000
0001110011111100
0001111011101101
0010011100010000
0010001011000000
0010010111011000
0010001111010000
0010000110011110
0001101000100010
0000111111100100
0000110101001010
0000111100000000
0000101111101000
0000110101100000
0001010100101110
0001110110001110
0010000011100010
0001100001000100
0001001010101000
0000100010010100
0000000111101010
1111111101111000
1111100000101000
0000111010000010
0001011111110010
0001100111100011
0001011011111000
0000101110010101
1110100110110000
1111010100101110
0000001110011100
0000001101101110
0000110011001000
0010000000000110
0010001010110010
0010011011100010
0001110010100100
0001100101101110
0001100000110000
0010001010011100
0010001110101110
0010011100010000
0010000000110100
0001110110110110
0001100011100110
0001011101001100
0001100001000101
0001110010100100
0001110110110110
0001101111101110
0001000001000010
0000011110011110
0000001011100110
1111110101001000
1111011111000010
1111100111100110
0000001011111100
0000110100001100
0001001011000000
0001000111000110
1110011111111100
0000000100000010
0000100001011000
0001000000101110
0010010110101100
0010001011000100
0001110000010000
0000110011000100
0000001010001000
0000000111000110
1111101110110100
0000011010010001
0000100111011100
0000111000001000
0001101000001010
0010001011000100
0010011100010000
0010000000111100
0001011001100000
0001011011000010
0001100011001000
0001100100001000
0001100000000100
0000110011100100
1111110011010110
1111100100001100
1111010011000000
1110110111101100
1110101101100100
1110101001100010
1111011100100110
1111111100011111
1111010100101100
0000101011010100
0001111100100110
0001111100100110
0001001101111110
0000100001001010
1111011101000010
1111100001001110
1111010001000110
1110101001000100
1110100000101100
1110101110011100
1111000110111100
1111000100100100
1111000000011000
1111110000001010
0000001000101010
0000011101100100
0001100110011110
0010001010111100
0010011100010000
0001111100100110
0001101010000100
0001111010110010
0000111111101000
1111110110110000
0000000011010010
1111011110010000
1110110110001110
1111100001001110
1111011000111000
1110101101110110
1111100011100110
0000011100011010
0010010101001010
0010011100010000
0001100011011100
0001110001101000
0001010101001110
0001000111000010
0000000000000000
1111101010101100
0000000000000000
1111111000111010
1111111000111010
1111110001110010
0000100011100000
0000010101010100
1111100011100110
1111110001110010
1111100011100110
1111110001110010
1111110001110010
1111100011100110
1111110001110010
1111110001110010
0000000000000000
1111001110010010
1110011100100100
1111000111001100
1111010101011000
1110101010110010
1111000111001100
0000000111000110
1111010111010001
0000101111100100
0010010101011110
0010011100010000
0010000111111000
0001110011100000
0001110011100000
0000011011001011
1111101011101001
1111010000011100
1111101011101001
1111011110000010
1111010111010001
1111111001001110
0000000000000000
1111110010011011
1111010000011100
1111101011101001
1111110010011011
1111110010011011
1111010111010001
0000010100010111
0000010100010111
1111010111010001
1111110010011011
0000000000000000
1111010000011100
1111100100110101
0000001101100101
1111111001001110
1111100100110101
0000001101100101
1110010111010010
1110111010110000
1111110100101110
1111101110010010
0000010001101110
0001100101011110
0001110010011000
0010000101101100
0001011011110100
0001010101011000
0001000101010000
0001110101100110
0001111111010000
0010011100010000
0010000010011110
0001101000101110
0001001011101110
0001010101011000
0001010101011000
0001101000101110
0001111100000001
0001111000110100
0000110101001010
0000010100111100
0000010100111100
1111101110010010
1111001110000100
1111010001010010
1111100111110111
0000110101001010
0001000101010000
0001001000100000
1101100011110000
1101100011110000
1101100011110000
1101100011110000
1101100011110000
1101100011110000
1101100011110000
1101100011110000
1101101001111100
1101101000011110
1110000101101100
0000000101011100
0001100111110000
0010010001010110
0000110110111110
1111101111101010
1111100101110000
1111100010010010
1111001100110000
1111000100010100
1110111001001100
1110100000101010
1101110111010100
1101101001111100
1101101000101100
1101100111111110
1101100011110000
1101100011110000
1101100011110000
1101100011110000
1101100011110000
1101100011110000
1101100011110000
1101100011110000
1101100011110000
1101100011110000
1101100011110000
1101100011110000
1101100011110000
1101100011110000
1101100011110000
1101100111010000
1101100110111110
1101110000010110
1110100110011111
1111100010000111
0001001010100100
0001000110001110
0010000001011010
0010000011001100
0001101100010001
0000001101001100
1111000010001100
1110001100000001
1101111001001100
1101101100011110
1101101001010010
1101100111111110
1101100111110010
1101100011110000
1101100011110000
1101100011110000
1101100011110000
1101100011110000
1101100011110000
1101100011110000
1101100011110000
1101100011110000
1101100011110000
1101100011110000
1101100011110000
1101100011110000
1101100011110000
1101100011110000
1101110100101010
1101100100110010
1101101110001010
1101110111000000
1110000001011100
1110001001110000
1110100010100000
1110101101101100
1110110000100100
1110110010001000
1110101010100101
1110010101001110
1110001000000010
1101111111011000
1110011101000010
1110100000101100
1101110100111100
1110001000001100
1101100011110000
1101100011110000
1101100011110000
1101100011110000
1101100011110000
1101100011110000
1101100011110000
1101100011110000
1101100011110000
1101100011110000
1101100011110000
1101100011110000
1101100011110000
1101100011110000
1101100011110000
1111001010011100
1101110101100110
0000110001000110
0000101000001100
0000110101100100
0001111101000000
1110010100110110
1110001011111100
1110000111011110
1111100000110000
0001010100110011
0010011100010000
1110111000100100
1111011100010010
1110111000100100
1110000011000000
1110000111011110
1101101100101100
1101100011110000
1101100011110000
1101100011110000
1101100011110000
1101100011110000
1101100011110000
1101100011110000
0010011100010000
0010011100010000
0010011100010000
0010011100010000
0010011100010000
0010011100010000
0010011100010000
0010011100010000
0010011100010000
0010011100010000
1111001101010000
1111001111110100
1111001110010010
1111011001101110
1111011101001010
1111011000101010
1111010010100110
1111001100010010
1110110101101110
1110100011011000
1110100100010110
0001000111101100
1101101110100000
1110001001001010
1110011010101011
1110100100111000
1110111101010010
1101100011110000
0000011011001011
0001111010010010
0001101110111110
0010010000111100
0010011100010000
0001010001100010
0010010011001100
0010011100010000
0010010011001100
0001100001011000
0001110011100000
0001110101110000
0001111100100100
0001110101110000
0000111000101000
0001111000000010
0001110001001110
0001110101110000
0001101110111110
0000101111100100
0010000001000100
0001101100101100
0001011111000110
0001100011100111
0001011010100110
0001100011100111
0010010101011110
0000111111011010
0000110110010110
0000110110010110
0000111000101000
1110100111101100
0000111001110010
0001101111010100
0001100010011110
0010001101010010
0010010001100100
0001110111111000
0001100010011110
0010000110110110
0010001101010010
0010011100010000
0001000010010110
0001100100100110
0010001011001000
0001101111010100
0001111110010010
0001110011100110
0001101011000010
0010010011101100
0001111100001010
0001011100000010
0001100010011110
0001110111111000
0010001101010010
0001110011100110
0001010101101000
0001111010000000
0010010001100100
0001100100100110
0001100110110000
0000101000101010
0001000010010110
1111111001100110
0000010101111100
0010000101000000
0010010001111010
0010001100110000
0001101101110000
0001001001100110
0001001110110010
0001100110000000
0010010111000110
0001101011001100
0010000010011100
0001101101110000
0010010100100000
0001011110010010
0001000001110110
0001100000110110
0010010100100000
0010011100010000
1111100111011110
0000100000010010
0000111010001000
0000111100101100
0001100000110110
0000101111110010
0001011011101100
0001001110110010
0001010001010101
0000110010011000
0000111010001000
0000101101001100
0000001110001110
1111011010100100
1101100100001010
0010011100010000
1101100011110000
1101100011110000
1101100011110000
1101100011110000
1110000011000000
1101100011110000
1101100011110000
1110110111110000
1111001011111011
1111000001110110
0000011001001100
0000001011110000
1111111010111110
0000011100100100
0000100110101010
0000101101011000
0001011100011010
0010000100101110
0010011100010000
0001010010010100
0001001011100110
0000111110001010
0001001110111110
0010011000111000
0001010101101100
0001110000100100
0001011001000010
0000111110001010
0000011100100100
0000011100100100
0000001111001000
0000011001001100
0000101101011000
0000100011010010
0000001000011010
0000000101000010
1111101101100010
1111010110000000
1110111110011110