1111100001101100
0001010101011010
0001010010010000
0001001001100110
0000110100010110
1111101000110010
1111011011011010
1111001101001110
1111000101010110
1111010010110000
1111000111101110
1111010101111000
1111000001011010
1111100101101000
1111100000111010
0000000010110000
0000101100011110
0001001000110100
0001110101101100
0010001010001010
0001111011001100
0010000011110110
0010001110111000
0010011100010000
0001110100000110
0001100101111100
0001001000000010
0001001000000010
0000110110101110
0000110111100000
0001011111101000
0001100110101110
1111011010000010
0000110010011011
0000101011100100
0001001011010100
0000111001111010
1111111000100010
1111011100100010
1111011011111010
1111000100111000
1111011000001010
1111000001110001
1111001111011100
1111000111111111
1111010000000100
1111110111010010
0000000000000000
0001010010001010
0001011100110000
0010011100010000
0010010001000010
0010010000011100
0010000011111110
0001101100010100
0001010111001010
0000110011101010
0000011100000000
0000001110010100
0000000100010110
0000011000010010
0000010110011010
0000101001000110
0001001000001110
1111111000010100
0001010110000000
0001011001101010
0010001001111110
0001101100101100
0000011001111101
1111110100101010
0000000011010010
1111101110110100
1111110011001100
1111110010011110
1111101100100110
0000001111110000
0000011010101110
0001001011000000
0010000100000110
0010011100010000
0001100011111010
0001111100110010
0001111001110110
0010000110010010
0001100100101000
0001101001000010
0000101010000101
0000100010000010
0000001001111000
1111111011111110
0000001000011010
1111111000010100
0000011100111010
0000100100001110
0000111011101001
1111110011010110
0001010111110110
0001110111000110
0010011100010000
0001101110101010
0000010000000100
1111111101011110
1111111100101000
1111101011101110
1111011010000000
0000000110110000
0000101101100110
0001000011100100
0000001011110100
0000010101111110
0000010000000100
0000010000111010
0000011011000001
0000001000011100
0000011011111000
0000111001011100
0001010110001010
0000100000111100
1111100111100000
1111100011010010
1111011100100010
1110111001111010
1110110001011100
1111010100000110
1111000100000011
1111011111000100
1111101010000010
1111110001000110
0001001110100010
0001111100000100
0010011100010000
0001011011000110
0000000111000011
1111101010110100
1111100110000110
1111111111001110
0000010110110010
0000100100111010
1111000100010100
1110111111101000
1110110110001100
1110101001101000
1110001101011000
1110110011110110
1111001001110100
1110111100011110
1111000011100010
1111101010000000
1111010111111110
1110101111001001
1110011101000100
1110111010001000
1110101111001001
1110000101100000
1101111100111000
1110000100101110
1101111011010100
1110001010001110
1110100011010110
0000011100111100
0001111001100010
0001111110010110
0010011100010000
0001001110001000
1111000001010100
1111101110101000
0001111001100010
0010000001010000
1111110100011100
1111101101101100
1110110110101100
1111001101110110
1111001010000000
1110100011011010
1110100101010110
1110111011100010
1110100111010001
1110001011010010
1110111101011100
1110011111100100
1110101111111100
1110110010110110
1111000010010010
1111001010000000
1110110100110010
1110101110000010
1110001111001011
1110010010000010
1101110001010000
1110001011010010
1110001110001100
0000100101010110
0010011100010000
0001001011011110
1111001110011110
1111010111100110
1101111101101010
0000000000101111
0000110100100110
1111101011011010
1110111101101100
1111100000110000
1111011001001000
1111000000110000
1110111100001010
1111101011011010
1111101011011010
1111111001001000
1110101110011100
1111011010101010
1111110110000110
1111101000011000
1111110011000010
1111110000000000
1111101000011000
1111110011000010
1111000110110110
1110101110011100
1110101110011100
1110111111001110
1110111010101000
1110111100001010
1111000101010100
1111011011010000
0001101110010010
0001101110010010
1111110110110100
0000010010011000
1111110110110100
1110011010111010
1110100100000111
1110111111101010
1110110110011110
1111011011010000
1110001000100000
1110101101010010
1111100100011100
1110111111101010
0000001001001100
1111101101101000
0000100100110000
0000110111001010
0001000000010110
0000100100110000
0001100101000110
0001010010101110
0001100101000110
0010011100010000
0010010011000100
0001000000010110
0000011011100100
0000101101111110
0000100100110000
0001010010101110
0000101101111110
1111100101111110
0001000111101000
0001000001000110
0001010100101000
0001000001000110
0000000110100000
1111100101111110
1111011111011100
1111010010011100
1111101100011110
1111011000111100
1111100101111110
1111000101011010
1111110010111110
1111011111011100
0000000110100000
0001000001000110
0001001110001000
0001110101001100
0010000010001110
0001110101001100
0010000010001110
0010010101110000
0010011100010000
0001110101001100
0001101000001010
0001100001101010
0001101000001010
0000111010100110
0000110100000101
0001111011101100
0001110101001100
1111100101001110
0001010100110011
0001100110101100
0010011100010000
0001101111100101
1111110111000100
1111101110001010
1111110010100110
1111100000110000
1111001110111010
1111101110001010
0000000100011110
0000101000001100
0001011001010010
0001100010001110
0000111110100000
0001000111011100
0000110001000110
0000101000001100
0000111110100000
0000110001000110
0001100110101100
0001000111011100
1111101001101100
1111100101001110
1111101110001010
1110110100000110
1110110100000110
1111110010100110
1111100101001110
1111101110001010
0000010001110110
1101100011110000
1101100011110000
1101100011110000
1101101000101110
1101101001011000
1101101111010110
1101110001000000
1101110010000000
1101101100000010
1101101111101010
1101110100010100
0001001110011110
0001111001100000
0001111111011100
0010001000000100
0010010101010100
0010010010010100
0001111010001010
0001100100111110
0000111100100110
1111000111101110
1110010100000110
1101111001010010
1101101110000000
1101101000101110
1101101011000010
1101100011110000
1101100011110000
1101100011110000
1101100011110000
1101100011110000
1101100011110000
1101100011110000
1101100011110000
1101100011110000
1101100011110000
1101101010111100
1101101010101000
1110011001111100
1110101100111110
1110101001100110
1110110000110010
1110110011010110
1110010100010111
0000100010100110
0010000110010110
0010010110010110
0001101001010000
0001001001010010
0000101100101011
0000010101001100
1111111111110000
1111011010101100
1110011111000101
1110000000000011
1101110010101000
1101101101100000
1101101100000100
1101101100100010
1101100011110000
1101100011110000
1101100011110000
1101100011110000
1101100011110000
1101100011110000
1101100011110000
1101100011110000
1101100011110000
1101100011110000
1101101011000010
1101101011000010
1110001010010010
0000110100000100
0001001111101100
0001000101010000
0001001011000000
0000011011000100
1110100111111110
1111000111001110
1111001100011100
1110101010100101
1110001000010110
1101110110111100
1101110110100000
1101110011110100
1101110100010000
1101101010011100
1101110001001000
1101110000010000
1101110101011100
1101101011000010
1101110100011010
1101100011110000
1101100011110000
1101100011110000
1101100011110000
1101100011110000
1101100011110000
1101100011110000
1101100011110000
1101100011110000
1101100011110000
1110011101110010
0000010110010100
0010011100010000
0010011100010000
1111100101001110
1101111010000100
1111110010100110
0010010011010100
0010011100010000
0010001110110110
1110100110101110
1111000001100000
1111101110001010
0000001000111100
1111011100010010
1110110100000110
1110100010010000
1110110100000110
1101111110100010
1101110101100110
1110000111011110
1110000011000000
1110110100000110
1101100011110000
1101100011110000
1101100011110000
1101100011110000
1101100011110000
1101100011110000
1101100011110000
1111110011111010
1111111100010000
0000000001001010
0000000100110000
0000001010001010
0000010000101100
0000011000110110
0000011111100000
0000100101010010
0000010111100000
0001100111110111
0001100111110010
0001100100100011
0001011111001100
0001011100110100
0001011000010110
0001001100010100
0000110001100000
1111110100010100
1111011000001000
1110001111100000
1111010111100101
1110001100100000
1110110011100000
0000111001011110
0010001000011100
0010000100010010
0010011100010000
1110101100111000
1111011101101000
1111010111011000
1111101001100000
1111101100101000
1111110001000000
0000000001111000
1111111001110000
0000001010101000
0000001001011000
0000101000000000
0001010011110000
0001110100010000
0010000110011000
0010010111010000
0001111101101000
0001110110001000
0001101100000111
0001110111011000
0010010010010000
0010011100010000
0010011011000000
0001110110110000
0001011011111000
0001001011101000
0000111100000000
0001000001000000
0000100100010000
0000100001110000
0000101010100000
0000011100110000
1111110001000000
1110100101000000
1110101110010100
1111010011000010
1111011001101000
1111011100011000
1111010110111000
1111100010111100
1111110110101100
0000010101111100
0000101000100100
0001000010010110
0001010101100010
0001100100110111
0010011100010000
0001111010010000
0001100011001110
0001100001100110
0001010100111101
0001010000000010
0001010111001010
0001100110100010
0001110000010111
0001001001011110
0001011110110110
0001100101011100
0001000010111000
0000111111000100
0001001000011000
0000011101100110
0000110011100010
0000101011010100
1111110101100110
1110100110110110
1111010010111100
1111000101110010
1111111001110000
1111100100101100
1111100001011010
1111011111011100
1111110101001010
0000001000001110
0000110110010010
0001010001010000
0001011111101110
0010000000101000
0010011100010000
0001111010000010
0001100100010110
0010000110100010
0001010100100010
0001001011010110
0001010011111000
0010000001010010
0001101110110110
0001000101011010
0000111010001110
0001000011011100
0001000000001010
0000010100000011
0000011111111010
0000011001010110
0000011010101010
0000010001011100
1111111111000000
0001010101110000
1101100011110000
1101100011110000
0010011100010000
1101100011110000
1101100011110000
1101100011110000
0000001111101000
1101100011110000
0000010001011000
0000110111100100
0001000001111110
0001011101110000
0001001100011000
0001100001001110
0001111001100010
0010000011111100
0001111101000000
0001110010100110
0001110110000100
0001100001001110
0010001110011000
0001010110110100
0001101011101000
0000000011011110
0001001000111010
0010011100010000
0010010101010100
0010000111011010
0001001000111010
0001110010100110
0010011000110010
0001000101011100
0000011111010000
0001011010010010
0000000110111100
0000011111010000
0000010001011000
0000101101001000
0000101101001000
1110111010100100