1111011000111100
0010010100111000
0010011100010000
0010010100001010
0010001111101110
0001100100001111
0000000000000000
1110110010101000
1110101001000010
1111011111100100
1111100111101101
1111011110000110
1111010110101110
1111010000000110
0000000100011100
0000000010111100
1111100101011110
1111101001001010
0000110101000100
0000111011101100
0000000101001010
1111100010100010
1111011000111100
0000011001000011
0000000110101000
1110100001101010
1101110101011100
1110000110011000
1110011011110001
1110101001110010
1110111000100000
1110110101100100
1110100101000000
0000000010101010
0001000000011000
0001111110000100
0001111011110110
0010011100010000
0010010010100000
0001010100010101
0000001111111110
1111011010010010
1111001110010010
1110111000000110
1110111100000110
1111000000000111
1111011101110100
1111010101110110
1110111110010100
1111111000011110
0001010000010110
0001001110100100
0000110110100110
0000011111111110
0000100011111110
0000111110100110
0000110101101110
0000011011100010
1111110111001000
1111010010101110
1111000110010010
1111001100000101
1111001111001100
1111000100111110
1110011011000100
1111100001001110
1111101101101100
0000010110110100
0001100101010010
0010001111110100
0010001111001000
0010011011111010
0010011100010000
0001010001010000
0000101001001000
0000001010000001
0000000100001010
0000001101110100
0000010001101000
0000000110001110
0000011000100010
0001001100011010
0010000110110100
0010001110000100
0001001110011110
0001000101011110
0000110110111110
0000101101010010
0001001001101000
0001010111110100
0001001011101110
0000010111110110
1111101001100010
1111000011001010
1110101010111110
1110001001000110
1110011001110010
1111101001010010
1111101110000110
0000000110111000
0001011111010110
0010011010100010
0010010011101010
0001101111001010
0010011011001110
0010011100010000
0010001010000000
0001010010111100
0000111010110110
0000111001110100
0000111011111000
0000110101000000
0001010110000010
0010010111110010
0010001110001000
0001111011111010
0001010011101000
0001000011001000
0000110000100010
0000110010100101
0000111110111110
0001010011101000
0001010110011000
0000110010100101
1111110011010010
1111001000100110
1111000100110100
1111010100101000
1110010101110010
1111101100110100
1111101101110100
0000010010110110
0001011000100100
0010000010010000
0001110101001110
0001011000111000
0001010110001110
0010001010100100
0010011100010000
0010010010111010
0001011101001110
0001000011100010
0001000011111000
0000111011111000
0001101010111000
0010010011111010
0010000111100100
0001011110001110
0000111010111000
0000110000111000
0000111000111000
0000101001100010
0000011111001100
0000110111110111
0001000111111000
0001001111111000
0000111010001100
0000001111110110
1111010101110100
1110110000110010
1110100010101110
1111111000010100
1111101011101001
0000011010001100
0001011001100000
0001110011001100
0001100100011110
0000111011011000
0001000000001100
0001000110010110
0001111101000110
0010011100010000
0010001110001110
0001011000110100
0000111110001000
0000110101001110
0001001111100110
0001100001000010
0001100111110111
0001010011000000
0000110101001110
0000110010100000
0000101111011010
0000111010101100
0001000100101000
0000110111111110
0000110101111001
0000110001110011
0000110001001000
0000001110100010
1111101010010000
1111001101110110
1110111000010100
0000101100010111
0000100010011010
0000011010000000
0001011101001110
0010011100010000
0001110100010110
0000101111100010
0000001101111010
0000101001110000
0000101001001110
0001101100011110
0010001010111010
0010010100111010
0001010101111000
0000011100101000
0000110100001111
0001000011100000
0001101110000010
0001100101000110
0001010010001100
0000100001010110
0000010010001000
0000000011111100
0000010001100110
0000111011000110
0001101111100101
0001011011101010
0000011000011100
1111111000011000
1111110001100100
1111101111011110
0000011101100100
0001111010011110
0001100001001000
0001101001100100
0001101001100100
0001010000001111
0000111111010110
0000100110000000
0000101110011100
0001011000101100
0001011000101100
1111101010111001
0000010101000111
0000110110111010
0001101001100100
0001000111110010
0001100001001000
0000111111010110
0010001011010110
0010011100010000
0001100001001000
0000001100101010
1111110011010110
0000111111010110
0000011101100100
1111111011110010
0000001100101010
0000001100101010
0000010101000111
0001011000101100
0001101001100100
0001100001001000
0000010011000100
0001111101110000
0001100110111010
0001111101110000
0001110110001000
0001010111101010
0000101001111010
0000001011011100
0000100010010100
0000101001111010
0000101001111010
0000101001111010
0000100010010100
0001010111101010
0001010000000010
0000101001111010
0001010000000010
0000110001100010
0010000101011000
0010011100010000
0001000000110010
0000001011011100
0000001011011100
0000101001111010
0001000000110010
0001000000110010
1111100101010100
0000010011000100
1111111100001100
0001001000011010
0001011111010010
0001000000110010
1110010110000010
1111100101000100
0000010011110000
0001011011100110
0001110100110000
0010010101000100
0010011100010000
0010001101111000
0000101100111010
1111100101000100
1111100001011110
1111000001001010
1111001011111011
1111001111100000
1111101111110110
1111101000101010
1111010110101100
0000100101101110
0001101001111110
0001101101100100
0001001001101000
0000110000100000
0000111110110110
0001010000110100
0001000110000010
0000111011010010
0000110111101100
1111101100010000
1111101100010000
1111100101000100
1111101111110110
1111010110101100
1101100011110000
1101100011110000
1101100011110000
1101100011110000
1101100011110000
1101100011110000
1101100110101000
1101100111100100
1101100111111100
1101110111001110
1110100001001100
1110101110111010
1111011001011110
0001110100100100
0001111011011100
0001101110000110
0001010011110000
0000101001001110
1111111111000010
1111011100010100
1111001000000110
1110100011000110
1110000100100100
1101111001101100
1101110011001110
1101110000101110
1101101101011110
1101101010110100
1101100011110000
1101100011110000
1101100011110000
1101100011110000
1101100011110000
1101100011110000
1101100011110000
1101100011110000
1101100011110000
1101100011110000
1101100011110000
1101100101101000
1101100101101110
1101100101100110
1101101010000010
1101111000010110
1101111010111000
1110001011011110
1111110011011111
0001001110110100
0001110011100110
0010001001001110
0001000000011100
0000001001111000
1111010101100000
1110101010011110
1110000000110110
1101110001011100
1101110001000100
1101101011100110
1101101010001110
1101101000101010
1101100111011000
1101100011110000
1101100011110000
1101100011110000
1101100011110000
1101100011110000
1101100011110000
1101100011110000
1101100011110000
1101100011110000
1101100011110000
1101100011110000
1101110000100010
1101101011000010
1101110100011010
1101110111000000
1110000000011000
1101111010010110
1101111101101100
1110001001011110
1110011011110001
1110101010000100
1110100011110100
1110100100111010
1110011110111000
1110100001010110
1110010110001100
1110001110100110
1110011000111000
1110101110001110
1110100101111000
1110001001110000
1110010001000100
1110000111001010
1101100011110000
1101100011110000
1101100011110000
1101100011110000
1101100011110000
1101100011110000
1101100011110000
1101100011110000
1101100011110000
1101100011110000
1101100011110000
1111001110111010
1101110101100110
1101110101100110
0000111110100000
0001010000010110
1101111010000100
0000101100101010
0000110101100100
1110111000100100
1101110001001010
1101100011110000
1101100011110000
1101101100101100
1101111110100010
1110001011111100
1110101011001101
1110011001010100
1110001011111100
1110101011001101
1110101011001101
1110000111011110
1101111010000100
1101100011110000
1101100011110000
1101100011110000
1101100011110000
1101100011110000
0000011001111010
0000011101001110
0000011011110110
0000100110010110
0000110100011100
0001000111100000
0001100011110000
0010001111111110
0010011100010000
0010011100010000
1110101000100010
1110101001101110
1110101100010100
1110110101010010
1111000011100010
1111011000101010
1111110001011100
0000001111110000
0000010000001110
1111000111111111
0000000110010000
0001100101000110
1101111001001000
1101111011010100
1101111011110000
1101111010111010
1101111010100110
1101100111101010
0001010100111010
0010001011010010
0010000111111000
0001101100101100
0001001110001000
0001110011100000
0001010001100010
0001111101101100
0001101001010100
0010011100010000
0010010101011110
0001010001100010
0001011000010100
0000001010001011
0001010001100010
0001111010010010
0001010001100010
0000010100010111
1111101000001110
0000000110110010
0000101111100100
0000100001111110
0000000110110010
0000100101011000
0000010100010111
0000000110110010
1111110101110101
0000101000101111
0000010100010111
0000011011001011
0000111001110000
1111001001101010
0001101110100010
0010001101000000
0010000001100100
0001110010010110
0001010000000010
0001101110100010
0000111100111110
0001111101110000
0010001001001100
0010011100010000
0010010000110100
0000101101101110
0001001100001110
0000001111010000
0001000000110010
0001100110111010
0000111001001010
0000010011000100
0000000111101000
1111111000011000
1111110000110000
1111111100001100
0000000000000000
0000010011000100
0000000000000000
1111000011000010
1111001110011110
1111111000011000
1111111000011000
0000000011110100
0000011010101100
1111100001100000
0001111101111000
0010011100010000
0010000110100100
0001111101111000
0000111100110000
0001011011001010
0000101011011010
0001110000110101
0010000010001110
0010000010001110
0001110101001100
0000111100110000
0001001001110010
0000000100010110
0000101111110000
0001010110110100
0001000001000110
0000110100000101
1111111011101010
1111010000010000
1111100001101000
0000001000101100
0000000000000000
1111110010111110
0000000000000000
1111110111010100
1110111110111010
0000000100010110
0000011010000010
0000010101101100
0000001101000010
1110101101100010
1101111100110110
1101100011110000
1101100011110000
0010011100010000
1110000011000000
1101100011110000
1110000011000000
1110000011000000
1101100011110000
0000010100110000
0000010110111100
0000111100000110
0000111100000110
0000011011010100
0001000100110110
0010000010000010
0010001000100110
0001111101101010
0010011100010000
0010000110011010
0001000100110110
0001001001001110
0001110111000110
0000100001111000
1111111000010110
0000110011010110
0001100111110100
0001001101100110
0000100110010000
0000010110111100
1111011001110000
1111100010100000
1111110110001010
0000000111101010
1111111010100010
1111100010100000
1111101101011100
1111010011001100
1111110001110010
1111110011111110
1111101001000100