1110111110101110
1111110111010000
0000111010100000
0001000110010110
1111110011110111
1110110010010100
1110111100011110
1110111001101010
1110111110101110
1111001111001000
1111000000011100
1111010000110100
1111011110111100
1111100000101000
1111110110001000
0000010010011000
0000100110001010
0001100111001000
0001101001111110
0010011100010000
0010001011111000
0010001100011100
0001101011000110
0001101001011010
0001001000101000
0000110011101110
0000111111000000
0001001110010010
0001010011010110
0010000001001000
0001101010100010
0000111111000000
1111000111111010
0000000010011010
0001010011010000
0001011101100000
1111111111011010
1110110011011000
1110111010000010
1111001001000110
1111000101011110
1111011100011010
1111011000001100
1111100010011100
1111100011000010
1111010111100110
1111101100000110
0000000101011100
0000010101101110
0001001100000000
0010000100101110
0010011100010000
0010011001110110
0010011001110110
0010010010100110
0001111111010010
0010000101010100
0001101000011000
0001011011101100
0001011000101100
0001100111110000
0001101111100101
0001111001111000
0001110000110100
1111000100101110
1111110000011101
0001001010001110
0001001101001110
1111010100010100
1110110011111110
1110110100100100
1111010100111010
1111000001001010
1111001000111100
1111000100101110
1111001011111011
1111011111000100
1111011011011110
1111010010100000
1111100110110110
0000010010100100
0000011111000111
0001010011110100
0010000100111010
0010011100010000
0010011001010000
0001111010001000
0010000110101100
0010000111111010
0001111110111010
0001010110001110
0001010010101000
0001010011110100
0001011101011010
0001100101001011
0001110100110000
1110111101011010
1111101111100010
0001000001010010
0000110011011100
1111101110001100
1111000010000010
1111000100000000
1111001001111101
1110110010111000
1110101010111100
1110101000111110
1110111010001000
1111001011111011
1111001000101000
1111001101111010
1111011111000010
1111101101100010
0000000111001111
0000111000000001
0001110001011010
0010011100010000
0010011011100110
0010010001000010
0001110110000000
0001110100000010
0001101001100000
0001100111100000
0001100010001110
0001010100011000
0001010010011010
0001010000011100
0001010001110000
1111000101000100
0000000001011000
0000110101011110
0000100010010000
0000001100010110
1110110010100100
1110111110111010
1110111010000110
1110110011010000
1110101111001001
1110101111110100
1111000011101100
1111000101000100
1111001011001110
1111011100011000
1111001101010010
0000000000000000
0000010010100000
0000111001100100
0001011011001010
0001101000110110
0010010000100110
0010010101011010
0010010100000010
0010011011100100
0010011100010000
0010001011110100
0001110100100000
0001100110001000
0001100011011000
0001101011100110
0001111110000110
1110100110110011
1111111101000100
0000100100011100
0000011000101110
1111111110110000
1110011110011010
1110101001010010
1110110001101010
1110101000011100
1110001101101000
1110111000011000
1110110101000010
1110101010001000
1111000000110000
1111000100111100
1111011010101110
1111101000001000
0000000010000110
0001001101100000
0001111110111100
0001111111110000
0010001000001010
0010011100010000
0010000011111110
0001111000001110
0010000010010010
0001100010011100
0001001101100000
0001000110110010
0000111110011010
0001010000000000
0001100011010010
1111111101011110
0001000111110010
0001011000101100
1111101010111001
1110100010010000
1110101111110001
1110111110111110
1111011000010100
0000000010100010
1111101001001100
1101111000000010
1111100010011100
1111110001101010
1111100111100000
0000000101111010
0000011011111000
0000111010010010
0000111101101010
0001110011101110
0010011100010000
0001100110001100
0001011101110000
0001110011101110
0010011010100100
0001011100000011
0001001011001010
0000101100110000
0000000101111010
0000000111100110
0000011011111000
0001110000010110
0001100001001000
1110111001100010
1111110000101100
0000110100000101
0000111010001110
1111111100111100
1111000101110010
1110111001100010
1110111001100010
1110111111101010
1110111111101010
1110111001100010
1111000101110010
1111010010000010
1111011110010100
1111110000101100
0000100001101100
0000110100000101
0001011110111110
0001100101000110
0010011100010000
0010000011110000
0010001001111000
0001101011001110
0001101011001110
0001011000110110
0001000110011110
0001000000010110
0001001100100110
0001100101000110
0010000011110000
0001100101000110
0001010010101110
1111101111101100
0000011001101010
0001001100111110
0001011010111100
0000100010111110
1111101011000000
1111111001000000
1111101111101100
1111110100010110
0000000111000000
0000000010010110
0000000111000000
0000010101000000
0000011001101010
0000101100010100
0000111010010011
0001001000010010
0001111011100110
0001110110111100
0010011100010000
0010001001100110
0010010111100110
0001101101100110
0001110110111100
0001001000010010
0001001100111110
0001001100111110
0001011111101000
0001011010111100
0010001110010000
0001111011100110
0001010001101000
1110111110011000
1111110110101000
0000111110100000
0001000100110000
1111100011111000
1110100010010000
1110111000001000
1111000111110000
1111000001100000
1111000100101000
1111010111011000
1111010111011000
1111010111011000
1111001110000000
1111010111011000
1111110000011000
0000001100100000
0000101000101000
0001100111001000
0001101010010000
0010011100010000
0010001100101000
0001111101000000
0001111001111000
0001110000100000
0001110000100000
0001010100011000
0001000100110000
0001011101110000
0001100000111000
0001101010010000
0001110011101000
1101100011110000
1101101100010010
1101101011111000
1101101101000110
1110111000100100
1111000001100000
1110001001000110
1101110001100100
1101110000110000
1110010100000011
0000010001000010
0001110111101110
0010010101110000
0010011001110100
0010001011001110
0001011010100000
0000011001100100
1111101000011110
1111010100111110
1110101111010000
1110011000100000
1110001000101101
1101110101001100
1101110001100100
1101101100101100
1101100011110000
1101100011110000
1101100011110000
1101100011110000
1101100011110000
1101100011110000
1101100011110000
1101100011110000
1101100011110000
1101101010100010
1101101010010000
1101110010111000
1110000101001110
1110001000111000
1101110100100100
1110111001100110
0001001111100100
0001111110001100
0001100010010110
0001111101010100
0001100001001110
0001110101001000
0010001101100100
0001001001100000
0000011101011100
0000001000100010
1111100000101110
1110111010000010
1110000110100000
1101110100011010
1101101101100000
1101101100000110
1101101010110100
1101100011110000
1101100011110000
1101100011110000
1101100011110000
1101100011110000
1101100011110000
1101100011110000
1101100011110000
1101100011110000
1101110101011100
1101101100000100
1101111111111000
1101101110101100
1101101110101100
1101101111001100
0000001001011000
0001100101100100
0001000001101000
0000001011111110
1111000011010010
1111000001000010
1111000111010010
1111001100101010
1111000101000100
1110111111101100
1111000111010010
1111011010111100
1111001101100010
1110110010010100
1110000011011100
1101111110010100
1101110100011010
1101100110111000
1101100011110000
1101100011110000
1101100011110000
1101100011110000
1101100011110000
1101100011110000
1101100011110000
1101100011110000
1101100011110000
1101110001001010
1101110001001010
1110010100110110
1110111101000010
1101101100101100
0010011100010000
0010011100010000
0010011100010000
0010011100010000
0010011100010000
0010011100010000
1111001110111010
1110100110101110
1111000101111110
1110100110101110
1101110101100110
1101111110100010
1101111110100010
0010011100010000
0010011100010000
0001010100110011
1101101100101100
1101100011110000
1101100011110000
1101100011110000
1101100011110000
1101100011110000
1101100011110000
1101100011110000
1101100011110000
1101100011110000
1101100011110000
1111111101101110
0000000000111000
0000000000101000
0000000000000100
1111111111011000
0000000001011000
1111111110100010
1111111011011100
1111111110000100
1111111111111110
0001001100010010
0001001011001110
0001001100101010
0001001110111000
0001010011001000
0001011001100001
0001100010011000
0001101110010100
0001111011000100
0001110100011101
1110110101000000
1111011110111010
0001100111001010
0001100001001110
0010000011011010
0010000011101100
0001100001101010
0010011100010000
1101110101001000
1110001011010010
1110100011011010
1110011110100111
1110100100011000
1110110110101100
1111001010111100
1111100101111110
1111110000100100
0000010001011000
0000010100010000
0001001010010010
0001011111100000
0001110111100110
0010001111101110
0010011100010000
0001111010100000
0001011001101100
0001011101100100
0001100010011000
0001101101000000
0001101010000110
0001110101101010
0001111110010110
0001101001000111
0001110001110100
0001111100011010
0010000000010010
0001011000101111
0001010010111100
0001000011100000
0000011110111000
1101111100100110
1110011011110110
1110011101011100
1110001011110100
1110010000101000
1110100101011110
1110110101011110
1111110010011000
0000001100000010
0000111100111010
0001010000001000
0001111101000000
0010011010101010
0010000001110100
0010000110101000
0010011100010000
0010001111011100
0001111000001100
0001101010100100
0001100110100100
0001111101000000
0001011111010110
0001110011010111
0010001110101000
0010001100001110
0001110010100110
0001011000001010
0001011101110000
0001010110100010
0001000011010100
0000101000111000
1111111100000000
1111111011000010
0000111010111100
0000100001011000
1111011001101010
1111100111110111
1111010100101100
1111101100110100
0000000101101100
0001011111111000
0010010011000010
0010011000000000
0010011011100010
0010000010101100
0001101000011010
0010011100010000
0010010101110110
0001100110111110
0001001110001000
0001011111111000
0001011011101000
0001010000001111
0001010110101010
0001011000000100
0001001100000000
0001000110010100
0001010000001111
0001000000101000
0000101111100110
0000010100100110
0000001100110010
0000011000110110
1111111101111000
0000000011000010
1101100011110000
1101100011110000
0010011100010000
1111100000110000
0000011111010000
1101100011110000
1111011011100010
1101100011110000
0001010011001100
0001000111000010
0000100110100100
0001001011000110
0001001111001000
0000110110110010
0001111111110110
0001100011011100
0001000111000010
0010001100000010
0010011100010000
0010010000000100
0010011000001100
0001000111000010
0001011011010100
0001110011101010
0001101011100100
0010010100001000
0000110010101110
0001010111010000
0001000111000010
0001011111011000
0001111011110010
0001101111100101
0001001011000110
0010000111111110
0001101011100100
0000101110101100
0001000111000010
0000001010001010
0001010111010000
0000011010011000