1101100110111110
0000100110110010
0000111001001000
1111110000111010
0000001010110010
1111001010001000
1110100100011010
1110100101011110
1110101001110010
1110011011110010
1110100100011010
1111001010001000
1111011100011100
1111011011011000
1111001100010010
1111011110100110
1111110010000000
0000001000101000
1111110010000000
0001001110101010
0001100111011100
0010000100100010
0001110001001010
0001100000111110
0001100111011100
0010000110101100
0010011011001100
0010010101110010
0010011100010000
0001111010110110
0001100010000100
0001000010110100
1101111100111010
0000001000100010
0000010000101000
0000001000100010
0000010110010100
1110111100001110
1110101101101000
1110100001011100
1110110110100010
1110100100101100
1110101111010000
1110011111000000
1111100100000000
1111010101011000
1111101101110000
1111101010100000
1111111101001010
0000001001010110
0001000000100010
0001010111010000
0001101111100101
0010010011010100
0001110010110110
0001011100111100
0001000000100010
0001111101011010
0001110001001110
0010011100010000
0010011011011100
0001110110000110
0001111111000001
0001011111011000
1101101101010110
1111101100011010
1111110011101000
1111111011100110
0000000101111111
1110100000100000
1110110000011110
1110011011101100
1110110010000100
1110000011101110
1101111001010110
1110000101010100
1111000010000101
1110101110111000
1111011011101000
1111010011101010
1111100000011100
1111100010110100
0000101101001010
0000110110110000
0001111010101100
0010001100010000
0001001100010100
0001011101111010
0001011011100000
0010010000010000
0001110101000110
0010011100010000
0010001100010000
0001101100010001
0001100110101100
0001011101111010
1101100111010100
1111110100100110
1111111101001010
1111101001111000
1111111001100110
1110100111100010
1110100100101100
1110011111101101
1110110111001110
1110100001110100
1110111010110010
1110101001101010
1111001010100000
1111000100000100
1111001110000100
1111010011000100
1111011001011110
1111101010100110
0000001110010010
0000101110011000
0001011100000010
0010010000110110
0001110101101110
0001101100011011
0001100011001100
0010001111011010
0010001101010010
0010010010010000
0010011100010000
0001001011101000
0001100011111000
0001000010010110
1101110010101000
1111111101110010
0000001110111000
1111100010010000
1111111111010001
1111001000001100
1110001101011010
1110011011100100
1111000001100000
1110110101100110
1110110101100110
1110101101011010
1110101011001101
1110101011111100
1110011010110101
1110111110100010
1110110000011000
1111100101111110
1111100010010000
0000100110101100
0000101111101000
0001111011100000
0010011100010000
0001101011001010
0001101110111000
0001010111110100
0001110111000100
0001110010100110
0001110011010100
0001111011100000
0001000101001100
0001010001110110
1101101101101100
0000000000000000
0000011001010010
1110110011001110
1111001101011100
1110101010001100
1110010011101000
1110011001111100
1110100001001010
1110011001111100
1110010100100010
1110101101110100
1110101111101000
1110100010000100
1110101001010010
1110110001011100
1110111110000100
1111000010100110
1111100101110100
0000000100100010
0000101100010000
0001001000010000
0010001101110100
0010000101101010
0010001001010010
0010011100010000
0010001110101100
0001110110010100
0001011101000010
0000110100011000
0000110100011000
0000010111011110
1110010000011011
1111000010111010
1111100111010110
1110111000010110
1111000000100100
1110110011101000
1110001110000010
1111011011100110
1111101010110110
1110101110111100
1111011011100110
1111111010001000
1111110000101110
1110111111011000
1111111000111101
1111111000111101
0000010001101000
0000011100001100
1111111110110100
0000010001101000
0000100111111100
0001011100110100
0010000011100110
0001101101010000
0010010100000010
0010011100010000
0001101100000110
0001111011010110
0001110110101010
0001010001000100
0001000101010100
0000111111011100
1110010000011011
0001001011111010
0001011101110000
0000011111010000
0000010110010100
0000001101011010
1111101001101100
1111100000110000
1110111101000010
1111010111110100
1111100000110000
1111101001101100
0000000100011110
0000001101011010
0000001101011010
1111101001101100
0000001101011010
0000001101011010
0000011111010000
0001001011111010
0010001010011010
0010011100010000
0010000001011110
0010000001011110
0001111000100010
0010001010011010
0001111000100010
0010010011010100
0001101111100101
0001100110101100
0001011101110000
0001000010111110
1110001101111110
0000010101000111
0000100110000000
1111101010111001
0000000100001110
1110100111010100
1110111000001110
1111000000101010
1110011110111000
1110011110111000
1111000000101010
1111000000101010
1110101111110001
1111011010000000
1110011110111000
1111011010000000
1111110011010110
0000010101000111
1111011010000000
0001011000101100
0001101001100100
0001011000101100
0000110110111010
0010001011010110
0010010011110100
0001101001100100
0010010011110100
0010000010111010
0010011100010000
0010000010111010
0000111111010110
0000110110111010
1110000000110101
0000001010111010
0000100000101110
1111011111010010
0000000111010010
1111011011101010
1110100101001010
1110011010010000
1111000101111000
1110111010111110
1111000101111000
1111011011101010
1110111010111110
1110111110100110
1110110111010100
1110101100011100
1110111110100110
1111100010111100
0000000111010010
1111111000101110
0001001111111100
0001001100010100
0010001010000110
0010010100111110
0001110111111010
0010011100010000
0001111011100010
0010000110011100
0001111111001011
0001001100010100
0001010111001110
0000101011100110
1101100011110000
1101100011110000
1101100011110000
1101100011110000
1101100011110000
1101100011110000
1101111100000010
1101111000110100
1110011111101010
1110011001001100
1110001111011111
0010000010010110
0010001010011100
0010010010100010
0001111011110111
0001011110101110
0001011000010000
0001001000000100
0001001100111010
0000101111110000
1111011101001100
1110011001001100
1110000101110000
1101111100000010
1101111101101010
1101100011110000
1101100011110000
1101100011110000
1101100011110000
1101100011110000
1101100011110000
1101100011110000
1101100011110000
1101100011110000
1101100011110000
1101100011110000
1101100011110000
1101100011110000
1101100011110000
1101101111111110
1101101111101010
1110111101111000
1111101010111100
1110101111111011
1111010101011010
0000000010110000
0001001110101000
0001110010011000
0010001110111000
0001110001110100
0000101111100010
0000101010000000
1111100001111010
1110100000100000
1110000100111000
1101111011100110
1101110100111010
1101110101001100
1101100011110000
1101100011110000
1101100011110000
1101100011110000
1101100011110000
1101100011110000
1101100011110000
1101100011110000
1101100011110000
1101100011110000
1101100011110000
1101100011110000
1101100011110000
1101100011110000
1101101010000000
1101101101001000
1110100111011100
0000110011100100
0000100001110110
1111000000011100
0000000000000000
0000001011011100
1111110110101000
1111011100000100
1111101110010010
1111101010001000
0000000011100111
1111011100100100
1111100010010100
1110110000100010
1110010111110101
1101111100110000
1101101111001100
1101100011110000
1101100011110000
1101100011110000
1101100011110000
1101100011110000
1101100011110000
1101100011110000
1101100011110000
1101100011110000
1101100011110000
1101100011110000
1101100011110000
1101100011110000
1101100011110000
1110000011000000
0010011100010000
0010011100010000
0010011100010000
0001111000100010
0001101111100101
1111111011100010
1110011101110010
1101100011110000
1101101100101100
1110000111011110
1110000111011110
1111101001101100
0000001101011010
1111101110001010
0000001101011010
1110100010010000
1101110101100110
1110010000011011
1101100011110000
1101100011110000
1101100011110000
1101100011110000
1101100011110000
1101100011110000
1101100011110000
1101100011110000
0000011100111110
0000011110110110
0000011100001100
0000011011101100
0000100010001010
0000100000001100
0000100000011000
0000100101000110
0000100111110100
0000100111101100
0001111010010010
0010000111101010
0001111111111100
0010000000000000
0010000010111010
0010000100101100
0001111100010100
0010000000111100
0010001011001000
0010001011001110
1101110110100000
1111001100100010
1110101010000110
1110101000000100
1111100011000100
1111111000100110
1111111111010010
0010000010001110
1110010101000110
1111100000011110
1111101010000100
1111001110101010
1111011011000000
1111100011001110
1111010101100000
0000010111010100
0001001100110000
0001001100110000
0001011010011110
0010001011110100
0010011100010000
0001011001000110
0001000000011010
0001101010111010
0001111110000110
0001000011001010
0001001110001000
0001101001100010
0001011110100100
0001001010000000
0001011011110110
0001010110010110
0001001000101010
0001001000101010
0001010111101110
0000011100110010
0000100110011000
0000000110110110
1111111101010000
1110111000101110
1110011001011010
1110001010101010
1111000111000000
1111001000010110
1111011001110010
1111001011000010
1111001111000010
0000000010000000
0000000011010110
0001001110011110
0001010111110110
0000111101000010
0010011100010000
0010011001100100
0001010001001010
0001000101000100
0010001001011110
0001111100000100
0000111001000000
0001101001010010
0001101001010010
0001001110011110
0001101110101010
0001100110100110
0001100110100110
0001000101000100
0000110010010001
0000101011100110
0000110111101010
0000001100110000
0000011011100000
1111110101111100
1111100000110000
1111100111110100
1111110101111010
0000000011000010
1111110101111010
1111110000111000
0000000101000010
0000000001000000
0000100000010000
0000011001001100
0001000010100010
0001000101100100
0001111010111110
0010011100010000
0001101101111000
0001000111100100
0000111111100000
0001110001111010
0001101101111000
0001010111101100
0010000100000100
0001011110110000
0010000000000010
0001010000101010
0001001000100110
0000011100001110
1111111101111110
0000110000011000
0000111001011110
0000110000011000
0000000110000100
1111101100110110
0001110110110000
1101100011110000
1101100011110000
0010011100010000
1101100011110000
1101100011110000
1101100011110000
1110110111000110
1101100011110000
1111011110101100
1111000111101011
0000001111011000
0000010111000100
0000010100100000
0000011110110000
0001000010100110
1111111000010100
0000010100100000
0000001010010000
0010000000000100
0010000111110000
0010011100010000
0010010100100100
0001001010010010
0001000111101110
0001010111000110
0000101011100010
0001011001101010
0001001010010010
0000111101011110
1111111010111000
0000100110011100
0000001100110100
1111110101110000
0000101110000110
0000110011001110
0000110000101010
0000011110110000
0000001010010000
0000010100100000
1111110000101000