1110011010101110
1111101001000110
1111111010011010
0000011111000010
0001010111000010
0001110000011110
0001010101000000
0000111110100110
0000110010011000
0000011010111110
0000101110010100
0000100101001010
0000111001100000
0001010011111110
0001110000011110
0010010010000100
0010011100010000
0010001100111110
0001100110010100
0001111000101000
0010000010110100
0001111100101100
0010001100111110
0001101111011110
0001100110010100
0001010111000010
0000111101100110
0000111001100000
0000111110100110
0001000111110000
0001000110110000
0001010001111100
1110100110101010
1111101010100000
1111111100101010
0000010110011110
0001100010111010
0001110001010000
0001010001101110
0001010100100100
0001000011011000
0000110111111010
0000110001001110
0000110001001110
0001000100010110
0001101011011111
0001110100001000
0010011100010000
0010011001011000
0001101101011100
0001011110001000
0001110101000100
0001110110111110
0010001100111110
0001110011001010
0001110110111110
0001011011010000
0001010111011100
0001001010000100
0000111101100111
0001000000100000
0000111111100100
0001001010000100
0001001101111000
1110111010001000
1111110111010000
0000010110010100
0000101010101100
0001111100001110
0001111111001000
0001111001010100
0001101011101110
0001000111110100
0000110101011000
0000111101001010
0001000100111010
0001001001110000
0001110100011101
0010001001110100
0010011100010000
0001111011001111
0001111111001000
0001110100011101
0001110001100100
0010000100111110
0001111101001100
0010010010100010
0001101001110010
0001100110111000
0001001100101010
0001000001000010
0000111100001010
0000111000010010
0001000010000000
0001001001110000
0001001001110000
1110110101110110
1111101100001110
0000001011111000
0000011001101110
0001100000111010
0001010000000101
0001101010110100
0000111001010110
0000111101010100
0000111111010010
0000110100011001
0000111110010100
0001101001110100
0001101001110100
0010011100010000
0010000111011110
0001110011101110
0001010001000110
0001010101000100
0001101010110100
0001101100110010
0010000001100100
0001110001101110
0001100110110110
0001000110001110
0000111001010110
0000101110011110
0000100110100100
0000101011100000
0000101011100000
0000101011100000
0000110101011010
1110110101100000
1111100100100100
0000001010101010
0000101111100110
0001011101100010
0001100011001000
0001101001110110
0001100101011000
0001010010010100
0001010000000101
0001000000011010
0001010001001110
0001101001110110
0010011010000000
0010011100010000
0001110010110100
0001100010000000
0001100011001000
0001001110111110
0001100010000000
0001101110010100
0010001001001110
0010000010100000
0001011011010010
0001000110000000
0000111010110100
0000100100011010
0000100100011010
0000100010001010
0000011011011100
0000011111111100
0000100101100010
1111000110101110
1111111010110010
0000101110111000
0001001100110100
0001100110111000
0010000000111010
0001110011111000
0010001101111100
0001011000100010
0001001110001000
0001001000111010
0001101001011110
0010001000101110
0010011100010000
0010001111001110
0001111001000110
0001100000010110
0001000101000000
0000110010110010
0001010111010000
0001101001011110
0010000000111010
0001111011101100
0001101100000100
0001000010011010
0000101000011000
0000010010001110
0000001110010100
1111110100010010
1111110010111110
1111110101100110
1111111101011010
1111010110000010
0000001010001000
0000101011011010
0000101001111110
0000110100000101
0001101011000100
0010001100010110
0010001001011100
0001001011001110
0000101000100000
0000101111110000
0000110101100010
0001011111100000
0010010111111010
0010011100010000
0000100111000100
0000011011100000
0000001101000010
1111110101111000
0000011100111100
0001001011001110
0001100011110100
0001011111100000
0001010011111010
0000011100111100
1111011110101110
1111010100100110
1111011011110110
1110110100110010
1110110001111000
1110110111101010
1111001001000010
1110010011010100
1111001001101010
1111100100110101
0000000000000000
0001000011111100
0001011111000110
0001010001100010
0000101000101111
0000010100010111
1111110010011011
0000001101100101
0000001101100101
0000100001111110
0001000011111100
0001001010101110
0010010101011110
0010011100010000
0010000111111000
0000110110010110
0001100101111010
0001110011100000
0001111010010010
0010000001000100
0001111010010010
0001011000010100
0000111101001010
0000110110010110
0000101000101111
0000101111100100
0000111101001010
0000101111100100
0001001010101110
1110100001001000
1111100100000110
1111101111010000
0000010000110000
0001011001010010
0001101010000010
0001001110001000
0000111101011000
0000110111110100
0000110010001110
0000110010001110
0000100111000100
0000110111110100
0001010011101110
0001101111100101
0010001011100000
0010011100010000
0010000000010110
0001011110111000
0001111010110010
0001110101001100
0010010001000110
0010001011100000
0001101010000010
0001001110001000
0001011110111000
0000110010001110
0001000010111110
0001000010111110
0001001000100010
0001010011101110
0001001110001000
1110111101000010
1111110000100010
0000010110010100
0000110001110010
0001001101010010
0001100101010100
0001100101010100
0001110110011110
0001100101010100
0001011110011100
0001000010111110
0001100101010100
0001110011000010
0010011100010000
0010001011000110
0001101000110000
0001101000110000
0001011110011100
0000111000101010
0001101000110000
0001101000110000
0010000000110010
0001101000110000
0001100001111000
0001000110011010
0000101110011000
0000100100000100
0000011001110000
0000001111011110
0000000001101110
0000010010111000
0000101110011000
1101100011110000
1101100011110000
1101100011110000
1101100011110000
1101100011110000
1101100011110000
1101101010001010
1101101001000000
1101111000001000
1101111111101100
1110111101101010
0000001011111100
0000111000110000
0001100100011000
0010001011101010
0010011001111100
0001100000010011
0000110100111110
0000101000001010
0000010100000011
1111111111001000
1111010110000110
1110011111111110
1101110010010100
1101101011010100
1101101010101110
1101101001100100
1101101011000010
1101101011000010
1101101000011010
1101101011000010
1101101001010010
1101101001010010
1101100011110000
1101100011110000
1101100011110000
1101100011110000
1101100011110000
1101100011110000
1101100111000100
1101100110011110
1101101101101010
1101110101011010
1110111000011010
0000101001010010
0001100001100110
0010010010011010
0010011011000010
0010010010101010
0001110000111111
0001010001001010
0000101101010000
1111110011000000
1111010011000000
1110100000010110
1110000000110101
1110100111110110
1110110011110000
1110010011111110
1110100110010110
1111000110011110
1111010110000100
1111100110100100
1110110111101000
1111000111100001
1111010111100010
1101100011110000
1101100011110000
1101100011110000
1101100011110000
1101100011110000
1101100011110000
1101110011111110
1101100111111010
1101111010001000
1110010000000000
1110110111000100
1111001010111000
1111010111011000
1111010001111010
1111001010111000
1110110001111000
1110110101110010
1111000101011010
1110111001101100
1110101111100010
1110100101011000
1110101001010010
1111010100010000
0010011100010000
0010011100010000
0010011100010000
0010011100010000
0010011100010000
0010011100010000
0010011100010000
0010011100010000
0010011100010000
0010011100010000
1101100011110000
1101100011110000
1101100011110000
1101100011110000
1101100011110000
1101100011110000
1110101011001101
1110010100110110
1111111011100010
0010011100010000
0010011100010000
0010011100010000
0010011100010000
0000111010000010
1101100011110000
1101100011110000
1101101100101100
1110010000011011
0000010001110110
0010011100010000
0010011100010000
0010011100010000
0010011100010000
0010011100010000
0000001000111100
1110011101110010
1110100010010000
1110100110101110
1110100110101110
1110010000011011
1111100000110000
1110111000100100
1110010000011011
0010011100010000
0010011100010000
0010011100010000
0010011100010000
0010011100010000
0010011100010000
0010011100010000
0010011100010000
0010011100010000
0010011100010000
1111001110111100
1111001110111100
1111010001111100
1111010001000010
1111001111101110
1111001101111001
1111001100101100
1111000011011110
1110110010010010
1110001110010110
1110011110000110
1110011110100100
1111000000101000
1111111101001010
0001010110000010
0010000000101100
0010011011100110
0010011100010000
1111110000111000
0000110000101110
0001101101001110
0001101001110110
0001000100111000
0000110100000101
0001000001100010
0001101001110110
0010011100010000
0010001110110100
0010001110110100
0010010101100010
0010001110110100
0001100011001000
0001001110111110
0001011111110010
0001101001110110
0001010010010100
0001010010010100
0000110100000101
0000011111111100
0000011001001100
0000100011010010
0000010010011110
0000010010011110
0000010101110110
0000101010000000
0000110100000101
0000111110001010
0000011100100100
0000000101000010
1110100000001110
1110100110100000
1111111110011110
0001101011101110
0001100010100110
0000010110110000
0000000111100110
0000101000111110
0001110100110100
0010011001001110
0001101110110000
0001101011101110
0010011100010000
0001110100110100
0001001010010110
0000110010000100
0001011001100000
0001011111100100
0001011111100100
0001001101011000
0000111011001010
0000010000101100
0000111011001010
0000101100000000
0000101000111110
0000000001100010
0000000100100100
0000100101111100
0000011001110010
0000110101000110
0000101000111110
0000000100100100
1110111110110010
1111101100110000
0000101000101010
0001100000010011
0001101101001010
0000111011111100
0000100100011000
0000110011011000
0001100110110000
0010011100010000
0001101101001010
0010000000011100
0010010101110110
0001110111111000
0001010011011110
0001000000001110
0000111110000100
0001101111010100
0001010011011110
0000111110000100
0000100110100010
0000000110011010
0000110011011000
0000110011011000
0000110101100000
0000011001101100
0000100010010000
0000110011011000
0001000000001110
0000010101011010
0000011101111110
1111111011101110
1110111101101010
0000100001010010
1101100011110000
1101100011110000
0010011100010000
1110000011000000
1101100011110000
1110000011000000
1110001000001111
1101100011110000
1110010011100110
1110011110000100
1110100100000010
1111000000011110
1110111101011110
1110101110100001
1111000110011100
1111000000011110
1111011110010110
1111010010011010
1111010011111010
1111100101110110
1111011011011000
1111011011011000
0000000010010000
0000100000001010
0000100110001000
0000111100100100
0000110110100100
0001000111000010
0000111100100100
0001010000000000
0001001011100000
0001010001011111
0001001101000000
0001000010100010
0010010000010010
0010011100010000
0001111000011000
0001010101111110
0001001011100000
0000101010101000