1111100111011110
0000110101111100
0000110100000101
0001001111101010
0000011001011110
1111010010011110
1111000010000110
1111000000010001
1110110100000110
1110101011001110
1110110100000110
1111000100111010
1111011000000100
1111011011010110
1111101101000110
0000001111101010
0000101100001010
0001000111101100
0001110011101000
0010001000101000
0010001111101000
0010000100011100
0001111100111110
0010011100010000
0010011000100000
0001111101111000
0001100101001000
0001011001000000
0001100010110010
0001101110111100
0001101001010110
0001110110111000
1111011111000010
0000101100010111
0000101001100000
0001010101101100
0001000011001010
1111010110001000
1110111101100010
1111010010111100
1111000100101010
1111010001001010
1110111011011010
1111000100101010
1111011011110110
1111011101101000
1111110100110010
1111110000110110
0000010101111010
0000100010000010
0001010100111101
0001110111001100
0010011100010000
0010000100011000
0001010110000100
0001010100111101
0001101011011100
0001001111010010
0001011011110000
0001001101110110
0001010111011110
0001011000111001
0001011101001100
0001110001100000
1111011101110000
0000101001110100
0000100011101000
0001001111110110
0000111110011000
1111010111111010
1111001101111110
1111100010100010
1110111110111010
1111000101000100
1110111011001000
1111000011101100
1110101011000011
1110110010100100
1111110100101100
1111110100000001
0000001000111010
0000001100101100
0001001111001010
0001100110011110
0010011100010000
0010001111111010
0001010010100110
0001001110110100
0001101101010100
0001011001011100
0001010110010110
0001100000111110
0001110001110000
0001101011111100
0001111001101010
0001111111011110
1111101000100000
0000111011100100
0001010101111100
0001110101100100
0001001100010000
1111010011011000
1111001101010000
1111001111111000
1110110101111100
1110100011011111
1110110111101100
1110101001001100
1110110001000110
1111001000110110
1111010001101000
1111110001101110
1111101100011100
0000010001011000
0000111101010100
0001101011111010
0010010010100110
0010011100010000
0001110000110000
0001110000110000
0001100001110010
0001110010100000
0001110101001000
0001101100010110
0001101110000110
0001110110011100
0010000010110000
0010010011111010
1111100111111100
0000110010101110
0001101101101000
0001111101000000
0000010111100100
1111001000001010
1110011111101101
1110010101111110
1110011011000100
1110001100001110
1110000000011100
1110000100000010
1110010001110110
1110010111100001
1110101000011010
1110110100101100
1110111101011010
1110100001001110
1111100110111010
0000100111011100
0001011010001010
0001100011011000
0001010010011110
0000100110111100
0001000010000110
0001011111110100
0001010000111100
0001001101111000
0001011000101000
0001011110110010
0010000101101110
0010011100010000
1111110000111111
0000101110001000
0001111001011110
0001111011000100
1111010100000000
1110100111001110
1110011011000110
1110001101011000
1101111100000000
1101111101100100
1110000010110110
1101111011011110
1101111000110110
1110011001100000
1110011010000010
1110011111110100
1101111011011110
1110100100000010
1111001011000010
1111111101101000
0001000110010110
0001100010010010
0001000111111100
0000111101011010
0001000011101110
0001011110000100
0001011001110110
0001101100110100
0001101001000111
0001101111011110
0001111111110010
0010011100010000
0000010001011000
0001000110000000
0010011001000000
0010001011111110
0000000110100000
1111001110000110
1110110111010100
1110010010011010
1110100010101101
1101111001011100
1110000011001110
1110011100001100
1110001000000110
1110100000100000
1110110000010000
1110101101000000
1111001101000000
1111010110001110
1111110011100010
0000111101110110
0010001001110100
0010011100010000
0010001010010110
0001110111010110
0001111100110010
0010011001000000
0010010101110000
0001111011101100
0001101110101100
0001101001010000
0001111001000000
0010010001011010
1111101011111110
0000101100000011
0000100100000100
0000101100000011
0000010100000010
1111011011111100
1110101011111000
1111000011111010
1110111011111010
1110010011110100
1111001011111011
1111010011111101
1111011011111100
1111100011111110
1110111011111010
0000001100000010
0000001100000010
0001000100000110
0010000100001110
0010001100001110
0001110100001100
0001101100001100
0000100100000100
0010000100001110
0010011100010000
0001110100001100
0001100100001010
0000011100000010
0000000100000000
0001010100001000
0001111100001011
0001111100001011
1111101110101000
0000111100110000
0001000101011100
0001001110001000
0000000000000000
1111001011111011
1111010100100110
1111001011111011
1110101001001100
1110110001111000
1110110001111000
1110000110011110
1110110001111000
1111100101111110
0000010001011000
0000011010000010
0000100010101110
0000011010000010
0000111100110000
0010001010111000
0010001010111000
0001010110110100
0010010011100100
0010011100010000
0010010011100100
0010001010111000
0001101000001010
0001101000001010
0001110000110101
0001111001100010
0010001010111000
0010010011100100
1111011010101000
0000110010111100
0000111101001010
0001101001010100
0001000111010110
1110111111011110
1111001101000100
1111010011110110
1110100100010010
1110100000111010
1110111100000100
1110110001111000
1110100000111010
1110110101010010
1111010000011100
1111100001011100
1111101111000010
0000100101011000
0000101000101111
0001111101101100
0001110011100000
0010011100010000
0010010010000100
0010000111111000
0001101100101100
0010000100011110
0001100010100000
0001110110111000
0010000100011110
0010001011010010
0010000001000100
0001111101101100
1101100110011010
1101100110110110
1101100110110000
1101101110001100
1101111100110110
1101111110010010
1110000001100000
1110000110001010
1110001011111100
1110011000100110
1110111101000000
0000110010000111
0010010100110100
0010010110111010
0001111010111100
0001011110010100
0001010101001100
0000111001001110
0000010001011000
1111111011000100
1111110101010010
1111010100001110
1110001110001010
1101111000111110
1101110001001100
1101101010001100
1101100111101000
1101101000011010
1101100011110000
1101100011110000
1101100011110000
1101100011110000
1101100011110000
1101100110001110
1101100110010100
1101100110001110
1101101111001010
1101111111110000
1110000001001000
1110110110000100
1111011101110010
1111110000001110
0000000001001110
1111111100011100
0000100011111010
0001110001111110
0001010100110011
0001010010111100
0001000001101010
0000010000111100
1111110010110010
1111001110110100
1110111101110000
1110111001111110
1110101101100010
1101111010101110
1101110010000110
1101101110001100
1101101001100000
1101100111001100
1101100111010000
1101100011110000
1101100011110000
1101100011110000
1101100011110000
1101100011110000
1101110100011010
1101111000100100
1110000001111100
1110001010010010
1110010011001000
1111101110010010
0001010010110100
0001110010100100
0001110001100010
0001111001010110
0000101101110100
1111000000010001
1111010011010101
1111011010100000
1111011001111000
1111000000111000
1110101001001000
1110010010101000
1110100010010000
1110100001000110
1110110010011100
1110011000010011
1110000111101100
1110101101101100
1110111101010100
1110110010011000
1110000110001000
1110000110001000
1101100011110000
1101100011110000
1101100011110000
1101100011110000
1101100011110000
1101110101100110
1101110001001010
1111010011010110
0010011100010000
0010011100010000
0010011100010000
0010011100010000
0000000000000000
1111011100010010
1110111101000010
0010011100010000
0010011100010000
1111100101001110
1111000001100000
1101100011110000
1110000011000000
1110001011111100
1110001011111100
1101111110100010
1101110101100110
1101110001001010
0010011100010000
0000111110100000
1110100010010000
1110111000100100
1110100110101110
1110101011001101
1111101110001010
1101100011110000
1101100011110000
1101100011110000
1101100011110000
1101100011110000
1111110110010000
1111110110000110
1111111000111010
1111111011011000
1111111101001000
0000000001000010
0000000111011000
0000001111000100
0000010011110110
1111100110110011
0001110011000100
0001110010111000
0001110011110101
0001110001011100
0001110011010110
0001110000111000
0001110001010010
0001110001110110
0001110111000110
0010001100001100
1110010001100110
0000100001000110
1111110101101000
1111100100001000
1111100111010110
0001000011101100
0010010100011100
0000010110001000
0000101010101101
0000100101110000
1111001010110100
1111000101010100
1111011111110000
1111101101000000
1111110011000100
1111111000100100
0000010000110100
0000101101011110
0000110111011000
0001100010011000
0001110110001110
0010010010010110
0010010111110110
0010011001100000
0010011100010000
0010000000101100
0010000101000110
0010000000101100
0001111110100000
0010001111000010
0010001111100100
0001110011011110
0001110001110100
0001100010111100
0001010001010010
0001100000101110
0000100110110110
0000101011110100
0000101100111010
1111100110011000
1111010010011110
1111001101001010
1110010011001000
1110100110010010
1110110011100110
1110110010100010
1110100010100100
1110111101101110
0000000001010110
0000010011111110
0000010011011100
0001101001101100
0001101000000100
0001010101011011
0010010100010000
0010010100110010
0010011100010000
0010010001000100
0010000011110000
0010010101111000
0010001101111000
0010000001101000
0010000111100000
0010001001101000
0010011001000100
0010000000100100
0001101001101100
0001110001101010
0001000011010110
0001000001110000
0000111110100100
1111101110001010
1111111010011100
1111111010011100
1111010101100010
1110100011011111
1110110001001000
1110110010101000
1111000010010100
1111101000001110
0000110100100110
0001000011010000
0000111001001000
0001100110101010
0010000100011110
0001101001001100
0001111010111000
0010000111100010
0010000011111110
0001110111110110
0010001110100110
0010010001101000
0001111101011010
0010011100010000
0010001111000110
0001101001101100
0010000011011110
0001110110110110
0001110110110110
0001110111110110
0001010000111010
0001010001111010
0000110111101000
1111101111010100
1101111101101100
1101100011110000
0010011100010000
1101100011110000
0010011100010000
1110100010010000
1111000001100000
0000101110111000
1101100011110000
1111100000110000
0000000011011110
0000001111000001
0000001111000001
1111110111111010
0000000011011110
0000101000100000
0000111011000010
0010010000101100
0010000010110010
0001000001111110
0010011100010000
0010010011000000
0000011000010011
0000000101110010
0000101010110100
0001001000111010
0000011100111100
1111110101100110
0000010110000000
0000101010110100
0000100110001100
0000001010011010
1111110011010010
0000001111000001
0000001111000001
1111101100010100
0000000001001010
1111101110101000
1111100111101101
1111010010111000
1111000000010110