1110101000001000
1111110010000110
0000011000010000
0010000111100100
0010010101000110
0001011011011100
0001010011000110
0001011001011110
0010011011000100
0010011100010000
0001011000010000
0000100101011000
0000010000010100
0000001011111100
0000011101011010
0000111110000010
0001110001101110
0010000101001100
0001001011111100
1111110110000100
1111010011011111
1111010100010010
1111001110101100
1111011101000000
1111101011010100
1111110110110110
1111111101001110
0000010011000110
0001000000011010
0001010101011110
0000111110110100
0000100010001100
1110101011111100
1111100001111110
0000110101011100
0010010001110010
0010011100010000
0001001101001110
0001001111001110
0001100011011010
0001111010110010
0001011000100000
1111111000100010
1111101000011010
1111011111111100
1111001011110010
1111010001000010
1111011111111100
0000000111000011
0001001010011010
0000111101000110
1111001001011000
1110011000001010
1101110001011110
1101101010100110
1110000100011010
1110000000110010
1110010001101110
1110110011001100
1110110100110100
1111001000100100
1111100011100100
1111100101100110
1111100000010110
1111001011011000
0000010000001110
0001110100101100
0010010111100000
0010011000010010
0001001110101110
0001110110010010
0010010000000000
0010011100010000
0000100111111100
1111100101111010
1111001110100100
1111001001110100
1110110000000110
1110110010000100
1110111000011010
1111000001000110
1111110000100100
0000000111100010
1111100001111101
1110000101011000
1101111110010000
1101110000011010
1110001101101100
1110010000000100
1101111101110110
1110101001110010
1110101111010100
1110101111010100
1110111000110100
1111010010100000
1111011010110100
1111010000001110
0000101011011110
0010010110101010
0010011100010000
0010001010001010
0001001010011110
0010010101110010
0010010010010110
0001011011010000
1111110110000110
1110110110110100
1110101100100000
1110101111000100
1110010000111100
1110000101110000
1101111111101110
1110011001100100
1111101100001100
0000000100010100
1111100100011100
1110001000110010
1101110010110100
1110000010010100
1110001001001100
1101110100100010
1110001001101000
1110111000111110
1111000111101000
1111000100100110
1111001110000100
0000000001101110
1111110100011001
1111001000111100
0000010101100000
0010010100011000
0010001100000000
0001011111011100
0001001000010110
0010011100010000
0010000001100000
0000100100101100
1110101011100110
1110001001100000
1110000111011010
1101111000101110
1101110111101100
1101101001000000
1101111101011100
1101111010110100
1110100101110100
0000001011100010
0000001011100010
1110111111100000
1101111011010110
1101111011111000
1101101111010010
1110000000000100
1110000010001010
1111001101101010
1111010111101000
1110110001010110
1110110011011100
1111000000100100
1111101001111111
1111100001100100
0000010000100000
0001110101100100
0010011100010000
0001100001111110
0001101001001100
0010011000001000
0010010010011100
1111111110011100
1110011101100000
1110001101100010
1110000100110001
1101111111000110
1101101110000100
1110010001001000
1110100001001000
1110011101000000
1110110110110010
1111110000000000
0000000011100111
1110111011011010
1110010101010000
1110001110100100
1110010101110010
1110011010011010
1110111010011000
1111110011000110
1111110010100110
1110111101011110
1111000101001110
1111100111110000
1111110011000110
0000101011001110
0000001011100111
0001100110001110
0010001001111110
0001001001111110
0001011111100110
0010010100110010
0010011100010000
0000110110000010
1110100010111010
1110001111110100
1111101101101110
1111010011111101
1110011010100110
1111101001100100
1111100010000111
1111110101001100
1111100111111010
0001111001010110
0001011000000110
1111100010000111
1110101001100100
1110111011000010
1111100010000111
0000001101010100
1111111011110110
1111001110001000
1111100010111010
1111010111010010
0000010110011100
0000111111001010
0001011101000110
1110111011111010
0000010100000010
0001001100001000
0010010100010000
0010011100010000
0010000100001110
0001010100001000
0001011100001010
0001111100001011
0010000100001110
0001101100001100
0000101100000011
0000001100000010
0000000100000000
0000000100000000
0000101100000011
0001001100001000
0001000100000110
0000011100000010
1111010011111101
1111100011111110
1111101011111110
1110110011111000
1110111011111010
1111111100000000
1111111100000000
0000011100000010
0001010100001000
0010000100001110
0010001100001110
0010000100001110
0001011100001010
1110111011111010
0000001100000010
0001000100000110
0001110100001100
0001110100001100
0001011100001010
0001001100001000
0001110100001100
0010011100010000
0010010100010000
0001101100001100
0001001100001000
0001000100000110
0000111100000110
0001000100000110
0001101100001100
0010001100001110
0010001100001110
0001011100001010
0000001100000010
1111111100000000
0000000100000000
1111110011111110
1111111100000000
0000000100000000
0000001100000010
0000101100000011
0001011100001010
0001111100001011
0010000100001110
0001111100001011
0001001100001000
1110111010000110
1111110011101010
0001011110100100
0010011100010000
0010010100000010
0001000101111010
0001101010111010
0001110111010000
0001111011010110
0001000101111010
0000000000000000
1111101011011100
1111010010110010
1111001110101010
1111010110111000
1111101011011100
1111110111110010
0000001100010110
0000000100001000
1111010110111000
1110111010000110
1110000100101010
1110001100111000
1110101101110000
1110100001011100
1110011001001110
1110111010000110
1111000110011100
1111000010010100
1111110111110010
1111101111100100
1111101011011100
1101100011110000
1101100011110000
1101100011110000
1101100011110000
1101100011110000
1101100011110000
1101100011110000
1101100011110000
1101100101011110
1101100110000110
1110101110100110
0001011001010100
0001110100111010
0001110011101011
0001000001100100
0000011101001100
0000000111000011
1111100110000011
1111001010000100
1110101110101110
1110010101101110
1101111111011110
1101110110110100
1101100011110000
1101100011110000
1101100011110000
1101100011110000
1101100011110000
1101100011110000
1101100011110000
1101100011110000
1101100011110000
1101100011110000
1101100011110000
1101100011110000
1101100011110000
1101100011110000
1101100011110000
1101100011110000
1101100011110000
1101100011110000
1101100110010110
1101100110110000
1110101101011000
0001010110110000
0001010101100100
0000111011101001
0000011011000000
1111110100000110
1111010001011000
1110111011101110
1110100110001000
1110010111010000
1110000001111010
1101110101000000
1101110000011100
1101100011110000
1101100011110000
1101100011110000
1101100011110000
1101100011110000
1101100011110000
1101100011110000
1101100011110000
1101100011110000
1101100011110000
1101100011110000
1101100011110000
1101100011110000
1101100011110000
1101100011110000
1101100011110000
1101100011110000
1101100011110000
1101100100110010
1101111001101000
1101111111111000
1110010110101000
1110001001111010
1110000000100010
1110000011001100
1101111111000010
1101110111110000
1101110010110000
1101101011000010
1101110010010100
1101110000101010
1101101111110100
1101101010000000
1101100011110000
1101100011110000
1101100011110000
1101100011110000
1101100011110000
1101100011110000
1101100011110000
1101100011110000
1101100011110000
1101100011110000
1101100011110000
1101100011110000
1101100011110000
1101100011110000
1101100011110000
1101100011110000
1101100011110000
1101100011110000
1101110001001010
0010011100010000
0010011100010000
0010011100010000
1110010100110110
1110011101110010
1110011001010100
1110001011111100
1101101000001110
1101100011110000
1101110001001010
1101101100101100
1101110101100110
1110000111011110
1110001011111100
1101100011110000
1101100011110000
1101100011110000
1101100011110000
1101100011110000
1101100011110000
1101100011110000
1101100011110000
1101100011110000
1101100011110000
0010011100010000
0010011100010000
0010011100010000
0010011100010000
0010011100010000
0010011100010000
0010011100010000
0010011100010000
0010011100010000
0010011100010000
1101111011111010
1101110111011000
1101101111101010
1101101100100010
1101101100101000
1101101001110110
1101101001111000
1101101001010100
1110000000100001
1110110100010010
0001001011000000
0001111011001010
1110111110010110
1111110000110100
0000100100110110
0001010101010110
0010001010011100
0010011100010000
0000111100000110
0001101100001100
0001111000001100
0010000100001110
0010011100010000
0010011100010000
0010000100001110
0001100110001010
0001110010001100
0001010100001000
0001000010000110
0001010100001000
0000111100000110
0000110110000110
0001001110001000
0001111000001100
0001110010001100
0001110010001100
0001100110001010
0000110110000110
0000000101111111
0000000000000000
0000101010000100
0000101010000100
1111111010000001
1111110011111110
0000010010000010
0000010010000010
0000000101111111
0000001100000010
0000000101111111
1110010011110100
0000100110000100
0001011010100110
0010000100101000
0001100010011110
0010000100101000
0010001100100000
0001001010110110
0001100101000110
0001111010001000
0001011101001110
0000110011001110
0000111000011110
0001010010101110
0001110111100000
0010011100010000
0010011001101000
0001000101100110
0001101100111110
0001010101010110
0000011011100100
1111010010000010
0000100110000100
0001010111111101
0001000101100110
1111100001110100
1111101110111100
0000000011111100
0000100000110100
0000101101111110
0000110011001110
0000101000101110
1111001111011010
0000110001101110
0001111111110110
0010010101001010
0001101010100010
0010000110111100
0010010001100110
0000111100011000
0001000011011110
0001111100010010
0000111000110100
0000000011100100
0000000011100100
0000110101010010
0001011100010110
0010011100010000
0010000011011010
0001000111000010
0001100110111110
0000011100011010
1111110001110010
1111000111001100
0000010101010100
0000100011100000
0000011100011010
1111001010101110
1111000111001100
1111111100011100
1111011100100000
1111111000111010
0000011000110110
0000011000110110
1111100111001010
0000010010001110
1101100011110000
1101100011110000
0010011100010000
1101100011110000
1101100011110000
1110000011000000
1101111101110010
1101100011110000
0000001100011010
0000000111011100
0001010110110100
0010011100010000
0010011100010000
1111110011100110
1111010101110110
0000111110000000
0000111001000010
0001100101101100
0001001100111000
0000101111001000
0000111110000000
0000111001000010
0000000010011110
0000010001011000
0001010110110100
0000001100011010
0000000010011110
1111110011100110
1111101001101100
0000011011010010
0001011011110010
0000110100000101
0000001100011010
0000010001011000
1111100100101110
0000011011010010
0000000010011110
0000000111011100
1111111101100010
1110010101010110