1110010111110110
0000011100001110
0000100010101110
1111111010001110
0000000010001010
1111000100101100
1111011101010010
1110011111000101
1110101000011110
1110000110011110
1110101010101010
1110011111110010
1111001001000010
1110111111101000
1111101001100100
1111101101001100
0000001111111010
0000010101101100
0001010100101000
0001101000001010
0001100001101010
0010000110100100
0001011110110000
0001111101001010
0001110110101000
0010011100010000
0010001001011100
0001010011001100
0001001101011010
0001001100101100
0001001001000100
0001000010100100
1110100111100110
0000010111001000
0000011010001110
0000001111011001
0000010011000010
1111101110100010
1111110010001000
1111010010010000
1111011101000100
1110111010000110
1111000011111001
1111010100110100
1111100111110111
1111100110010100
1111111110111110
1111110001000110
0000010011000010
0000011111110111
0001001110101000
0001011101100010
0010001110011000
0010001000001110
0001110001000100
0001110000100100
0010011011001110
0010011100010000
0010000111001100
0001110101101100
0001011000111001
0001011100000000
0001011000111001
0001100000001000
1110110100100110
0000010101010100
0000001101001000
0000101110111110
0000011110000011
1111011100100000
1111000101100011
1110111100010000
1110101010110010
1110110110010000
1111000001001100
1111010001000010
1111000011111010
1111010011110000
1111010100110110
1111100001111101
1111110010111000
0000001010111100
0000110110000110
0001100000001001
0001111001010010
0010011010000100
0010001101100000
0010000100110000
0010010000001110
0010011100010000
0010001010001110
0001111110110000
0001101011000110
0001100100100010
0001011111100110
0001101100001100
1110111010001110
1111111010101000
0000110100010010
0001000110010110
0000000011000110
1110101010011000
1110101100101010
1110100111100101
1110101110111010
1110101001010000
1110110101001000
1111000110000100
1111001011101110
1111000111001110
1111010000110100
1111010011000100
1111101001101100
1111111011001100
0000101010101010
0001001101001000
0001110111100010
0010011010000000
0010010111101110
0001111111011100
0010001110101100
0010011010100100
0010011100010000
0010001100011100
0001111000000101
0001101001011010
0001101011000110
0001110110111110
1110111110111010
1111101100110010
0000100111000100
0000011011111010
1111101001000100
1110100010011000
1110110001010000
1110110110001110
1110100111111110
1110100010011000
1110010100001000
1110101100010010
1110111110111010
1111000110010110
1111000101101110
1111001001011100
1111100100000110
1111110010111110
0000010110010100
0000111110000000
0001101101001000
0010010100110100
0010010111010010
0010000111110010
0010010001101110
0010011011000000
0010011100010000
0010001110100110
0001111101111000
0001110010000110
0001110011010100
0010000010110110
1111000001011010
1111110000010000
0000001111110000
0000011100101010
1111111001111100
1110101111101010
1110110110111010
1110011010101011
1110000100110110
1110000000000000
1110001100111100
1110010100001101
1110011100010010
1110100111100110
1110111101011000
1110100111100110
1110111000100010
1111001111111110
1111101001000000
0000100011001000
0001010010110010
0010011010101000
0010011100010000
0010001000111000
0010010100111110
0010011000001110
0010010000111100
0010000100110110
0001101100100101
0001010101001100
0001011110000100
0001010000010110
1111110000100111
0000011100100110
0000000111101100
1111100100100000
1111001000111110
1101110110011110
1101111101000100
1110000101111000
1110001011011001
1110011111001010
1110111111000110
1111010010111000
1111001000111110
1110111111000110
1110100001011000
1111100011011010
0000000011010100
0000010100111010
1111100001001101
1111101100001100
0000010010101110
0001010000010100
0001001110001000
0001110010011100
0010011100010000
0010000100000010
0001101100111100
1111111100101100
1111110010110010
1111111101110100
0000101010111010
0000101001110100
0000000000000000
0000101000101111
0000110110010110
0000110110010110
0000110110010110
1111101011101001
0000000000000000
1111101011101001
1111011110000010
1111000010110110
1110110101010010
1111100100110101
1111010000011100
1111011110000010
1111110010011011
0000000110110010
0000001101100101
0000011011001011
0001011000010100
0001011000010100
0001001010101110
0001110011100000
0001101100101100
0001000011111100
0010011100010000
0010010101011110
0001100101111010
0001011000010100
0001101100101100
0001011111000110
0001000011111100
0001010001100010
1110101011001101
0000011111010000
0000101000001100
1111111011100010
0000000100011110
1110110100000110
1111000101111110
1110000111011110
1110011001010100
1110010000011011
1110100010010000
1101101100101100
1110101011001101
1110110100000110
1111100000110000
1111010111110100
0000001101011010
0000000100011110
0000110001000110
0000101000001100
0001101111100101
0010000001011110
0000110001000110
0000111010000010
0010001010011010
0010011100010000
0001011101110000
0001000010111110
0000110001000110
0001000010111110
0000101000001100
0001000010111110
1111100000110000
1111111100100010
0000011111010000
0000101101001000
0000011000010011
1111011101010010
1111011101010010
1111011101010010
1110111110000010
1110100101101110
1111001111011001
1111001011111011
1111010010111000
1111100000110000
1111100000110000
1111100100001110
1111111100100010
1111101011001010
0000100010101110
0000111110100000
0001110010100110
0010000000011110
0010011100010000
0010000011111100
0010011000110010
0010010101010100
0010011000110010
0010000011111100
0001011101110000
0001100100101100
0001101000001010
0001101111001000
1101100011110000
1101100011110000
1101100011110000
1101100011110000
1101100011110000
1101100011110000
1101101011111000
1101101100101110
1101111000101100
1110010100111010
1110111010111110
0001100011011010
0001111001001100
0001011111111110
0001001110011100
0001000010011110
0000111010010110
0000010100101110
1111000110100000
1110101000100100
1110010011001100
1110001000100000
1101111000010010
1101110100011100
1101101110000000
1101101111101110
1101100011110000
1101100011110000
1101100011110000
1101100011110000
1101100011110000
1101100011110000
1101100011110000
1101100011110000
1101100011110000
1101100011110000
1101100011110000
1101100011110000
1101100011110000
1101100111101010
1101101000011000
1101111001101110
1110011101100010
1110011101101000
1111000010000010
0001000011011010
0001111010111010
0001011110011000
0000101011001010
0000001000110100
1111101001100100
1111000000111000
1110001111011100
1101110100000110
1101101110110110
1101101011110000
1101101010011110
1101101000011000
1101101001000010
1101100011110000
1101100011110000
1101100011110000
1101100011110000
1101100011110000
1101100011110000
1101100011110000
1101100011110000
1101100011110000
1101100011110000
1101100011110000
1101100011110000
1101100011110000
1101110001010010
1101101100000100
1110010111110101
0000111100111100
0000000111110100
1110010101010010
1111010011010110
1111111010101000
0000000001100100
1111111000100100
1111100011011110
1111010011000100
1111100010101100
1111100000110000
1110010101110000
1110000001110100
1110010100101100
1110000111001010
1110000100000010
1101111011101100
1101100011110000
1101100011110000
1101100011110000
1101100011110000
1101100011110000
1101100011110000
1101100011110000
1101100011110000
1101100011110000
1101100011110000
1101100011110000
1101100011110000
1101100011110000
1101110101100110
0010011100010000
0010011100010000
0010011100010000
1111100101001110
0010011100010000
0010011100010000
1110010000011011
1101101000001110
1101110001001010
1101111010000100
1110010000011011
0000011010110010
0010011100010000
0001011101110000
1110010100110110
1101111110100010
1101110001001010
1101110101100110
1110010100110110
1101100011110000
1101100011110000
1101100011110000
1101100011110000
1101100011110000
1101100011110000
1101100011110000
0000000111111100
0000010000001100
0000011010010001
0000100101111100
0000101011010000
0000110011001100
0000111001000000
0000111000011010
0000101111111110
0000001001001000
0001101111101000
0001110001110000
0001110100001001
0001101111111001
0001110011011010
0001111001011100
0010000010101110
0010001101011000
0010011001100000
0010010111111000
1110011001111010
1111101101101000
1110100000111000
1110011001111010
1110111111100000
1111111010000001
0000100001111000
0010011100010000
1111001110100010
1111011110010000
1111101010110100
1111100110000110
1111010001101100
1111000011100010
0000010010000100
0000100001110000
0000011000010110
0001101000011100
0001111111111101
0001011011111000
0001110101000000
0001000001001010
0010000001100100
0010011100010000
0010001111101100
0001010000110111
0001000111011100
0001011011111000
0001110000010010
0001011000101110
0001011000101110
0001000010110000
0000011011011110
0000110110001100
0001011011111000
0001001101101110
0000010110110010
0000011001111010
1111110111011000
1110101000110110
1111011101110110
1111011100111100
1111111000010000
1111101011100000
1111110101100010
1111101001101100
1111111001001010
0000001110000111
0000111100100110
0001001101000000
0001011001110000
0001001111101110
0001110110000000
0001010100010010
0000111101100000
0001100001000010
0010011100010000
0010000011101010
0001011001110000
0001010000101000
0001011110010010
0001101011111101
0001011101011000
0001001101111010
0000101110111010
0000111111010100
0000111100100110
0001001000011100
0000111111010100
0001000110100110
0000010011100110
1111111011111010
1111111110111100
1111101000011110
1111100100001100
1111110001000010
1111100010000010
1111011100101100
1111100110010100
0000010001001000
0000010110011110
0000101100111100
0001000000001110
0001000011011100
0010011011001100
0010000010100100
0001001010111010
0001111010000000
0010011100010000
0010011011001100
0001100000010011
0000111111001010
0001010101101000
0001101011000010
0001010011011110
0000110000001001
0000111110000100
0000011111000010
0001000101100100
0000101001110000
0000111010111000
0000010111100010
0000010011010000
1111100000111110
1110011001001010
1101100011110000
1101100011110000
0010011100010000
1101100011110000
1101100011110000
1101100011110000
1110111100010010
1101100011110000
0001000101011100
0000110001001100
0000110001001100
0000111111101010
0000011111110110
0000110001001100
0001010011111010
0001011001101100
0001100101010010
0001101011000100
0010011100010000
0010000010001110
0010010011100100
0001111001100010
0001001000010110
0001111100011010
0010011001010110
0001011100100110
0001100010011000
0010010000101100
0010010011100100
0001101000001010
0001010110110100
0000101110010010
0001000101011100
0001101000001010
0001101101111110
0001011001101100
0000101110010010
0000001011100100
0000010100010000
1110110100110010