1110100001110110
0000001001110000
0000100000110110
0000011100111000
0001010110111110
0001000101111000
0000100111101000
0000000110100100
0000001001010110
1111110011011111
1111101100101100
1111111111000000
0000001101010110
0000010010100000
0000101001100110
0001100100001000
0010011100010000
0010001010010110
0001100001010110
0001001111011010
0001010010001110
0001101101010010
0010010011000110
0010010101000110
0010011000101010
0010000000011000
0010001000110000
0010001001111100
0001111001101000
0001001011011100
0000110110010110
0000011100000100
1110011111001100
0000000011101010
0000010110000100
0000001101001110
0000111110101100
0001010000101101
0001000011010010
0000010110011100
0000010101101010
0000000101111100
0000000001010110
0000010001000100
0000011100001100
0000111001101110
0001101100010100
0001111111111000
0010001110011100
0001101100101110
0001001001110100
0001001001011100
0001011001100001
0010000110011010
0010011100010000
0010010110111000
0001111100110100
0001111101111110
0010000001011010
0001111010001000
0001010110000110
0000110000001000
0000100000110010
0000100001111100
1110011000011110
1111110111111010
1111111101101100
1111110101001110
0001010010010110
0001100111100010
0001010111110000
0000100111010000
0000101101011010
0000011011010100
0000110011100100
0001001101010110
0001110111101100
0010001101101000
0001111010000000
0001010000000100
0001001011011100
0001001011000010
0001001111101010
0001001110111010
0001100111111010
0010010011110010
0010011100010000
0010000100011000
0001111111000000
0010000110101100
0010000101100010
0001100110000000
0001000000010010
0000111011010010
0000111001010110
0000100111101000
1110100101011010
0000000111001111
1111111001001110
0000100110000010
0001011110101010
0001101101100110
0001011100110101
0000111100010000
0001000010001000
0001110000110010
0010000110111110
0010000000101000
0001101010111000
0001001001110100
0000111101100110
0000111101100110
0000111111011010
0001001011101000
0001110111001000
0001110110001110
0001110011111100
0010000001100010
0001100111101101
0001111010010010
0010001010100110
0010011100010000
0010001111001000
0001101110000100
0001100101000000
0000111110000100
0000001001000100
1111011010111000
1111100111100110
0001000101100100
0000110010010110
1111110101000110
1111010011010110
1110111110000100
1110101100111100
0000010100110000
0001101010011010
0010000011010110
0001101001111010
0000001111000100
0000000001000010
0000001110000010
0000101100101010
0000101001100010
0001000010111110
0001100111010100
0010001101101110
0010011100010000
0010011001101010
0001100100001100
0000110110100000
0000110000010010
0001010101101010
0001110000001000
0001110011110000
0001111100000100
0001010011000100
0000000101001100
1110111101000010
1110001101010010
1111101100101000
0001001000000100
0000110101011110
1111111100101010
1111010000110000
1110010100010100
1110000000001010
0000001111110000
0001101100001110
0001111010101100
0001010111000010
0000101100101011
1111111111001110
0000011101101100
0000101000000010
0000101110001110
0000111110001111
0001100001011000
0010011100010000
0010010100000000
0010001111010110
0001111101110010
0000110010111000
0000100010111000
0001011000000100
0001100100011110
0001111100001110
0001110011111110
0001011000100101
1111110110011100
1111000010010010
1110010100010100
1111101000001000
0001010000101100
0001001111100000
0000001000001010
1111100110111010
1111001111111100
1111000101101010
1111111011011110
0001001001011100
0001100000011010
0001100010001110
0001001011110110
0000100010110000
0000100010001010
0000011101111001
0000011111101110
0000100011111110
0001011010111110
0001011001110000
0001010110001000
0001100101010000
0001000000111110
0000000100100010
0000101001011010
0001011111001100
0010001011010100
0010011000101000
0010011100010000
0001101001011110
0000110100010010
1111100001011110
1110110011100010
1110100010010000
0000000110010000
0000011001000000
0000100101100000
0001001011000000
0000111110100000
0000101011110000
0000001100100000
1111111001110000
1111110011100000
1111100111000000
1111101101010000
0000000110010000
0000011001000000
0000101011110000
0001011101110000
0010001111110000
0010000011010000
0001010111100000
0001010111100000
0001100100000000
0001101010010000
0010000011010000
0010010110000000
0010011100010000
0001110110110000
0001111101000000
0010000011010000
0001110000100000
0001100100000000
0001000100110000
0000001100100000
1110011100000000
0000000110010000
0000011111010000
0000100101100000
0001011101110000
0001010111100000
0000011111010000
0000000000000000
0000000000000000
1111110011100000
1111001110000000
1111110011100000
0000000000000000
0000000110010000
0000011001000000
0001100100000000
0010001001100000
0010001001100000
0001101010010000
0001001011000000
0000111000010000
0001100100000000
0010001001100000
0010011100010000
0010001111110000
0001111101000000
0010000011010000
0010001111110000
0010000011010000
0001001011000000
0000111000010000
0000010010110000
1110101000110010
0000000111010010
1111110001011110
0001001111111100
0001110000101010
0001000001011010
0000110110100000
0000101111010000
0000101111010000
0010010001010110
0010011100010000
0001101101000000
0001010111001110
0000110110100000
0000101111010000
0000110010111000
0000100111111110
0000110010111000
0001111011100010
0001110100010010
0001111011100010
0001011010110110
0001001100010100
0001100010001000
0001101101000000
0010010100111110
0010010001010110
0010010100111110
0001111111001011
0000010010001010
1111001101001000
1110110011101100
1101100011110000
1101100011110000
1101100011110000
1101100011110000
1101100011110000
1101100011110000
1101100011110000
1101100011110000
1101100101110100
1101100101010010
1111001010001110
0001000011111000
0001110101110100
0001100110100000
0010000001111100
0000010101100010
0000000101100110
1111000111011100
1110101100101110
1110100111100101
1110100101010100
1110101011100110
1101111100001110
1101101111011000
1101101101101110
1101101100101100
1101100011110000
1101100011110000
1101100011110000
1101100011110000
1101100011110000
1101100011110000
1101100011110000
1101100011110000
1101100011110000
1101100011110000
1101100011110000
1101100011110000
1101100011110000
1101100011110000
1101100011110000
1101100100110010
1101100100101010
1111000010100100
0000001011001100
0001111000110100
0001101000110110
0010000110100010
0001001111101110
1111110001001010
1110010100111100
1110000100010000
1101111111101110
1110000011101000
1101111001110100
1101101111001000
1101101011001010
1101101001101110
1101100111110100
1101100011110000
1101100011110000
1101100011110000
1101100011110000
1101100011110000
1101100011110000
1101100011110000
1101100011110000
1101100011110000
1101100011110000
1101100011110000
1101100011110000
1101100011110000
1101100011110000
1101100011110000
1101111100110000
1101101011000010
1110110110100100
1111010111101100
1111100010000000
1111011010001100
1111001000011000
1111001101000100
1110110100011000
1110110011001000
1110011011000100
1110001011001111
1110010010101000
1101111010011110
1110001101111100
1110101100001000
1110100110111101
1110100010110000
1101100011110000
1101100011110000
1101100011110000
1101100011110000
1101100011110000
1101100011110000
1101100011110000
1101100011110000
1101100011110000
1101100011110000
1101100011110000
1101100011110000
1101100011110000
1101100011110000
1101100011110000
1101101000001110
0010011100010000
0010011100010000
0010011100010000
1110000111011110
1101111010000100
1110001011111100
1110111101000010
0001101111100101
0010010011010100
1101100011110000
1101100011110000
1111010011010110
0000110101100100
1111001010011100
1110010100110110
1101111010000100
1110110100000110
1101100011110000
1101100011110000
1101100011110000
1101100011110000
1101100011110000
1101100011110000
1101100011110000
0010011100010000
0010011100010000
0010011100010000
0010011100010000
0010011100010000
0010011100010000
0010011100010000
0010011100010000
0010011100010000
0001011001001010
0001011101000100
0001011100111110
0001011001111000
0001011100001101
0001011100100110
0001011001101100
0001010101010100
0001001101101110
0001000001011000
0000110010001110
0000010100110110
0000100001000110
1111100100101000
0000000001001110
1111110010100101
0000001111100000
0000111010111110
0010011100010000
0000010011100010
0000110101101110
0001010111111000
0001010111111000
0001000100011000
0000110101101110
0001001001010000
0001010011000000
0001100001101010
0010000011110110
0001111010000100
0010011100010000
0010001101100110
0010001101100110
0001110101001100
0001100110100010
0001110101001100
0001100110100010
0001001110001000
0000110101101110
0000000000000000
1111110001010110
1111110001010110
1111001010010010
1111000000100010
1111100010101100
1111100010101100
0000000100111000
0000000100111000
1111100010101100
1111000101011010
1110100011001110
1111100100010010
0000100000110000
0001010011001010
0000101101011000
0000011110010000
1111110101111010
0000011011101110
0000111111000000
0010000101100100
0010000000100010
0001011101010000
0010001111101010
0010011100010000
0010001000000110
0010001000000110
0001000100000010
0001000110100100
0000011110010000
0000010100001010
0000000101000010
1111100110110100
1110111110011110
1110110100011010
1110000100100000
1110110100011010
1110101111010110
1111001101100110
1111101001010100
1111101011110110
1111011111010000
1111010101001010
1110100010110000
1111110111011100
0000110101100000
0001011110001100
0001001010111010
0000011001101100
0000010111100010
0000101111000110
0001000100100000
0010000110110110
0010000000011100
0001100100100110
0010010011101100
0010011100010000
0010001001000000
0010001011001000
0001010111110000
0001001101000100
0001000010010110
0000110011011000
0000011011110100
0000001110111110
1111110001000010
1111010000111010
1110101010011000
1111010011000100
1111001110110010
1111011011101000
1111101110111000
1111110011001010
1111110101010100
1111110111011100
1111001110110010
0001000111100110
1101100011110000
1101100011110000
0010011100010000
1110000011000000
1101100011110000
1101100011110000
1101111101110010
1101100011110000
1111000011000000
1111011101110010
0001001110111000
0010000111011010
0001111110100000
0001010100110011
0001111000100010
0001110010100110
0001111000100010
0001110010100110
0000101110001000
0001101001101010
0001110101100100
0010011100010000
0010010110010100
0000000100011110
1111110101100110
0000101000001100
1111111110100001
0001010001110110
0001001011111010
0001001000111010
0000100010001110
1111010100110110
1111010100110110
1111111011100010
0000110100000101
0001010001110110
0000111010000010
0000011001010100
1111101111101000
1110100101001110