1111010001111111
0000001001000100
0001100010010000
0001111111111101
0010011100010000
0010010010000110
0001111000101101
0001100110100110
0000101110110010
0000000001110011
1110111000100110
1110101100010000
1110110010110010
1110101011100010
1110101100111110
1110100111001100
1110100101000000
1110100101101110
1110011111111100
1110100001011000
1110101010000110
1111000101101000
1110110010000100
1110100100010010
1110010111001110
1110010010111000
1110001001011100
1110001101000110
1110101101101110
1110101100111110
1111000100111010
1110110010000100
1110110111001000
1111100010001010
1111111100100000
0000001100000110
0000100110011110
0001110101000000
0001101000101000
0001101011010100
0010011100010000
0010001001011100
0000111010111010
1111111101100110
0000000101101010
0000001001111100
1110101010110000
1111001001111101
1111001110010000
1110111111001100
1110110010010010
1111011001100010
1111111000001100
0000100010001010
0000100010101100
1111100111000000
1111010110110110
1111010011101001
1110101011110101
1111100000000000
1111011101010100
1111111010111000
0001000001111000
0000111000001110
1110111001100000
1111100010000111
1111110100001010
1111111001001110
0000101101101100
0001101000111010
0010000101101100
0010001011111010
0010010000111110
0010011100010000
0010011011101100
0001100110101010
0000100110010110
0000011011000100
0000000110110010
1111110101010010
1111101010000000
1111100010000111
1111110110111110
0000000000000000
0000101000101000
0001010010010110
0001000100010000
1111111101110000
1111100100111100
1111100000111110
1111100000111110
1111010000101000
1111100010000111
0000000100100000
0000110100011110
0001000000010100
1111000101110000
1111100101110000
1111110111010000
1111110011010000
0000011110110000
0000111011010000
0001111101010000
0001101010010000
0001111100010000
0010001110010000
0010011100010000
0010001101110000
0001011111010000
0000101001110000
0000011011010000
0000001001010000
0000000111001111
0000000010010000
1111111011110000
0000010110010000
0000101001110000
0001000011110000
0000110010010000
1111110100110000
1111100010010000
1111011010110000
1111010100010000
1111100001110000
1111011011010000
1111110001010000
1111111111010001
0000001101010000
1111100001011010
1111111110110110
0000001000111110
0000000011111010
0000011101001110
0001011011110100
0001111010001100
0001101011111100
0010000100110010
0010001011001110
0001111010001100
0010011100010000
0010010010001000
0010000011011010
0001010110010010
0001000101010000
0000110100001111
0000110011110001
0001000010111110
0000111111101111
0001100100100011
0001100100000101
0000101000010001
0000000110001110
1111101101011000
1111001011010100
1111011000101010
1111101000010100
1111111010101111
1111111101011110
0000010100111100
0000101100011010
1111100000110110
0000000100010010
0000000001101000
0000000101011000
0000100010011000
0001101110101000
0010010000011100
0001011011010010
0001100001101110
0001100101011110
0001000111111100
0001101000101110
0001110011011100
0010000011100100
0010011100010000
0001110000110000
0001100010110100
0001010010001010
0001000010100110
0000110110001101
0000110000010011
0000110000111000
0000100111001100
0000010100111100
0000000011110000
0000001011010010
0000001010110000
1111111010000110
1111111000011110
0000001000000100
0000010001101110
0000101111010000
1111000110111100
1111110001000010
1111111011101110
0000000010110110
0001001000110010
0001101110100110
0010001110101100
0000110100000101
0000100010010000
0000010111100010
0000000000101110
0000010000011010
0001001000000100
0001000111010110
0001010110010110
0001011101011101
0010011100010000
0010010101110110
0001111111101110
0001110000101110
0001010111110000
0001100101010100
0001011110001100
0001010110010110
0000100000110100
0000010110110110
0000001001010010
0000010001110110
0000011000010000
0000001011011010
0000110000100010
0001001000000100
0000000000000000
0000111100110000
0010011100010000
0010000010001110
0010011100010000
0001111001100010
0001010110110100
0000111100110000
0001000101011100
0000100010101110
1111010100100110
1111010100100110
0000000000000000
0000001000101100
0000000000000000
1111010100100110
1111100101111110
1111010100100110
1111010100100110
1111110111010100
1111110111010100
1111110111010100
1111101110101000
1111011101010010
1111110111010100
0000000000000000
1111110111010100
1111100101111110
1111010100100110
0000010001011000
0000010001011000
1111011101010010
0000011101110000
0000110100000101
0010000101111100
0010010100110100
0010001101011000
0010011100010000
0010001101011000
0001101000001010
0000011101110000
0000000000000000
1111011010110100
1111110001001000
1111010011010110
1110110101100110
1111111000100100
1111101001101100
0000000000000000
1111110001001000
1111101001101100
1111100010010000
1110110101100110
1111100010010000
1111010011010110
1111100010010000
1111111000100100
1111111000100100
1111011010110100
1110111101000010
1111100010010000
0000000000000000
0000010110010100
0000011101110000
1110110010111000
1111011010011010
1111101110001100
1111110010001010
0000100101100110
0001110100101100
0001110000110000
0010000000100100
0010010000011000
0010010000011000
0010011100010000
0000111101010100
0000101001100010
0000100101100110
1111100010010110
1111111010000100
1111110010001010
1110111010110010
1111101010010000
1111101110001100
1111110010001010
0001011001000000
0001001101001000
0000000001111110
1111100110010010
1111101010010000
1111110110001000
1110111110101110
1111100010010110
0000000101111100
0001000001010010
0000110101011010
1101100011110000
1101100011110000
1101100011110000
1101100011110000
1101100011110000
1101100011110000
1101100011110000
1101100011110000
1101101100100000
1101101101000000
1110101111001100
0000101111001110
0001110000011100
0000110001101010
0000100001100110
0000000000000000
1111100100110000
1111001111110100
1111000101100110
1111000100001000
1111000010001100
1111000111100010
1111000111100010
1111000100001000
1110110111011110
1110110001101000
1110011101101100
1110000000111111
1101110101010010
1101110000011010
1101101110111100
1101100011110000
1101100011110000
1101100011110000
1101100011110000
1101100011110000
1101100011110000
1101100011110000
1101100011110000
1101100011110000
1101100011110000
1101101010111110
1101101010010100
1110000011011110
1111001110111110
0001001010010110
0001111101101010
0010000000100010
0001111100010101
0001100100101010
0000101100000011
1111111110010000
1111100000011100
1111001011001000
1111000001001100
1110110110100110
1110101001011110
1110010110101110
1110001010110110
1110000000111010
1101110111011110
1101110100010000
1101110011001000
1101110001011000
1101100011110000
1101100011110000
1101100011110000
1101100011110000
1101100011110000
1101100011110000
1101100011110000
1101100011110000
1101100011110000
1101100011110000
1101110110100000
1101101100000100
1110000000111010
1110000011101100
1110011001100100
1110101010100101
1110100110000100
1110100011111110
1110110011111100
1110101011101000
1110101001111000
1110110001001010
1110011100010100
1110000110011100
1110001000001100
1110101011000110
1110001000001100
1101110110100000
1101110110100000
1110100000001011
1110111101010100
1110111010001100
1110101011000110
1101100011110000
1101100011110000
1101100011110000
1101100011110000
1101100011110000
1101100011110000
1101100011110000
1101100011110000
1101100011110000
1101100011110000
1101110001001010
1110011001010100
0001001011111010
0000110101100100
0001011001010010
1111110111000100
1110011001010100
1101110101100110
1101110001001010
1101101000001110
1101110001001010
1101110101100110
1110000111011110
1110000111011110
1101110101100110
1110110100000110
1110100110101110
1110010000011011
1110001011111100
1101111010000100
1101100011110000
1101110101100110
1110000011000000
1101100011110000
1101100011110000
0010011100010000
0010011100010000
0010011100010000
0010011100010000
0010011100010000
0010011100010000
0010011100010000
0010011100010000
0010011100010000
0010011100010000
1111001110100100
1111001110111010
1111001011110010
1111000011110010
1111000010111100
1111000100100100
1111000111000010
1111000100000000
1110100111011011
1101111101101110
1110111111011010
0000001011000010
1110000111111110
1110011100000000
1110111111110000
1111100011001011
0000101110110010
1101100110010110
1111110011011000
1111110001011100
0000000100110110
0000001000110000
0000010100010111
0000000010111001
0000011110000110
0010011100010000
0001110101011100
0001001010101110
0000011010001110
0000111111000110
0000100001111110
0000011000010000
0000100011111010
0000111011001100
0000100111110010
0001001000110010
0000110001100000
0000100011111010
0001101101101010
0001001100101010
0000100101110110
0001100010000010
0000110111010100
0000110001100000
1111110011011000
0000101001101110
0000000000111110
0000101111100100
0000011000010000
1110101011100100
0000000000000000
1111101001011010
0000000101101010
0000110110100110
0000110110100110
0000111010010110
0000110010110110
0001110000111100
0010011100010000
0001001011010100
0000011100001111
0000010010110100
0000011010010110
0000110010110110
0000101111000100
0000011110001000
0001000011110010
0001000111100010
0000001111000100
0001001011010100
0001011010011000
0001000101101010
0001011111111111
0000110110100110
0000111110001000
0000111000011110
0000100101101010
0000101001011010
0000011100001111
1111110110100110
1111110100101110
1110011100001111
0001100010100110
0001110001011110
0001101111100101
0001001100010000
0000101110011111
0000001011001010
1111111110001000
0001011001010010
0010011100010000
0001000110101100
0001011110111000
1111111100010010
0000100111000100
0000111011100010
0000100101001100
0000011101110000
0001010000000000
0001101111100101
0001011001010010
0000011111101000
0001010101100100
0001001100010000
0000100111000100
0000100011010110
0000100011010110
0000001001010100
0000101110011111
0000100111000100
0000100001011110
0000000001111000
1111011100101010
1110001000111100
1101100101101100
0010011100010000
1101100011110000
1101100011110000
1101100011110000
1110000011000000
0010011100010000
1101100011110000
0010011100010000
1111101001010100
0000000000000000
0000011011101110
1111111010111110
0000000101000010
0000010100001010
0000001010000110
0000110100111100
0000101010110110
0001110110011100
0010001101001000
0001101001110110
0010000000100010
0001000110100100
0000101111111000
0001001110001000
0001111011100000
0001000001100010
0001000100000010
0001001001000110
0001100100110100
0010000011000100
0010011100010000
0001011010101110
0001011000001110
0001001011100110
0001100111010100
0000110100111100
0000100000110000
1111111010111110
0000000101000010
1110110110111010