1111011001100010
1111101000100110
0000010000010000
0001000010101000
0010000010111000
0010011100010000
0010011001011110
0001111111010100
0010000010011110
0001111001010110
0000010101000010
0000010011000010
0000010011110110
0000000011001100
0000011110100010
0000101110011010
0001000001110110
0001000101110100
0000101111001100
0001000000101010
0000110100110000
0000110001111101
0001000001110110
0001100011111011
0001111110100000
0010000000000110
0000111100010001
0000001101111000
1111010001001110
1110110011000100
1110101100101110
1101111110010100
1111011101011010
1111100100100010
0000010011111110
0001000111000000
0001111101001110
0010011100010000
0010001101111110
0010000001001000
0010010000001000
0001111111000000
0000011000101000
0000011100001100
0000001111101100
0000001100001000
0000100010010000
0000100001001100
0000111100101010
0001100010110100
0001110100101010
0001011101000110
0001000001101000
0001010101111110
0001101010010100
0001111111010101
0001111011000100
0001100111011110
0000100010100110
0000000011001110
1111000100011100
1110110111100110
1110100110011111
1101101111100010
1111001000010011
1111010101100010
1111111110011100
0001000111010100
0010000000001100
0010011100010000
0010000100011110
0010001011111000
0010001100101010
0001111010110000
0000101100011010
0000001010001000
0000000101011110
0000000001111100
0000010011111000
0001001101100010
0001111011100010
0001110110110110
0001001101100010
0000101100011010
0001010010100110
0001100010001100
0001010100111100
0000011011010010
0000001100110110
1111111101010010
1111100101001001
1111011001011100
1111000101111100
1110110110010110
1101111010110000
1101100100001000
1111000100010000
1111011100000000
1111110111111110
0001001110001000
0010010001001010
0010011100010000
0010010001001010
0001101111110100
0010010000110000
0010001111001110
0001100010000010
0000100110010010
0000001111101100
0000100010110110
0001010111101100
0001111010001010
0001110001110000
0000110001000010
0000001001100100
0000010110111110
0000100111110110
0000110000100111
0000000000000000
1111001010110010
1111110001110110
1111111001111000
0000000001111010
1111011010011110
1111000100010000
1110010000001100
1101110010101100
1101100100111010
1111001110110000
1111101110100010
0000010010111010
0001100010000000
0010001100101110
0010011100010000
0001101000101100
0001010100001110
0010000111011010
0010011011100010
0010010011110010
0001010010000110
0001010110010110
0001110111111000
0001110010111100
0001001001010010
0000000100110010
1111101011101100
1111101001001110
1111110101111100
0000000001010000
1111110010110000
1111001010001010
1111101101011110
0000010010100010
0000101110110010
0000101100101010
1111100111011110
1110100000100000
1101110011101000
1101110100000000
1110001101011010
1110110000111100
1111010001001000
0000010001000010
0001110011000100
0010010100001100
0010001101000110
0000101110011010
0000011010000010
0001110000001101
0010011100010000
0010011100010000
0001100100110110
0001111100000100
0001111111110110
0000111110000010
1111010110010110
1110110001011010
1110101110000110
1110101010110010
1110110010010110
1110100011001100
1101111000100110
1110001100000001
1110010000010001
1111100001101100
1111110100001010
1111100011001000
1111001001000100
1110010100000011
1101100111100010
1101101101001110
1110111000111110
1111000011000100
1111100000100010
0000010001000010
0001101100111000
0001101000010000
0001010011011110
0000001010000110
0000001111010100
0000111010101000
0001111010110000
0010010101010100
0010011100010000
0010010111000100
0001111100011110
0000011001001000
1110110001101110
1110001101010110
1110001011000010
1101100111110010
1110000010011000
1110000101010000
1110000010011000
1110000010011000
1101110100100000
1110110101110010
1110111001110100
1110100010101110
1110100010001000
1101101111010100
1101111110111010
1110001000101110
1111001100010100
0000001110111000
0000011101110000
0000010110010100
0001000010111110
0001110111000100
0010011100010000
0010011100010000
0001011001010010
0001110111000100
0001101000001010
0000010110010100
0000000111011100
0000010110010100
1111111000100100
0000000111011100
0000010110010100
0000100101001100
0000110100000101
0000000111011100
0000010110010100
0000010110010100
0000010110010100
0000000111011100
0000010110010100
0000101100101010
0000111011100010
0000000111011100
1111110001001000
1111001011111011
1111101001101100
1111010011010110
1110010000011011
1111110000101100
0000000011000100
0000001111010100
0000100001101100
0001100101000110
0010011100010000
0010010110001000
0001011110111110
0010000011110000
0001110111100000
0000100001101100
0000010101011100
1111111100111100
0000001111010100
0000001001001100
0000001111010100
0001001100100110
0001000110011110
0000111010001110
0000101101111110
0000001001001100
0000010101011100
0000010101011100
0000100001101100
0010000011110000
0010000011110000
0001011000110110
1111111100111100
1111100100011100
1111001011111011
1110111111101010
1110011010111010
1110100111101100
1111010111010001
1111011110000010
0001000111010110
0010010010000100
0010011100010000
0001101100101100
0001101001010100
0010001110101010
0010010101011110
0001011111000110
0000101100001010
0000000011011010
0000001101100101
0001110000000110
0001111010010010
0001001110001000
0000000000000000
1111111001001110
0000000000000000
0000101000101111
0000100001111110
1111010111010001
1111000010110110
0000000000000000
0000010100010111
0000010111110010
1111101011101001
1111010000011100
1110010110101100
1110001100100000
1110001001001000
1101100011110000
1101100011110000
1101100011110000
1101100011110000
1101100011110000
1101100011110000
1101100110001110
1101100111011010
1101110110010010
1101110000110000
1110000001001110
0001100010110000
0010010001001010
0010001011101000
0010010101111110
0001110111100111
0001011100000010
0001011001101100
0000111010011101
0000011100000101
1111011111011000
1110011000010011
1110000000110010
1101110111010100
1101101111000000
1101101000010010
1101100111000110
1101100111110110
1101100011110000
1101100011110000
1101100011110000
1101100011110000
1101100011110000
1101100011110000
1101100011110000
1101100011110000
1101100011110000
1101100011110000
1101100011110000
1101100101100100
1101100110000010
1101111011010000
1101110101100000
1101111001100110
0001000111100000
0001101110100110
0001110010001000
0010010101111010
0010001001011100
0001010000010010
0000110100110110
0000001110010010
1111101110001110
1110111011011110
1110000011010111
1101110001111010
1101101101100010
1101101011000100
1101101000111110
1101100110101110
1101100110100000
1101100011110000
1101100011110000
1101100011110000
1101100011110000
1101100011110000
1101100011110000
1101100011110000
1101100011110000
1101100011110000
1101100011110000
1101100011110000
1101100110111000
1101110000010000
1101110000010000
1110100011010010
1110010111010100
1110011001001010
1110100011101010
1110011001111010
1110011000000110
1110010100101100
1110001101011010
1110010010010110
1110000101100110
1110001101001010
1110000100110100
1110000110111010
1110000110001000
1110001010010010
1110010010101000
1110101010100101
1110001010010010
1101101111001100
1101100011110000
1101100011110000
1101100011110000
1101100011110000
1101100011110000
1101100011110000
1101100011110000
1101100011110000
1101100011110000
1101100011110000
1101100011110000
1101111010000100
1111010011010110
0010011100010000
1111101001101100
0010011100010000
0010011100010000
1101100011110000
1101100011110000
1101111110100010
1101111010000100
1110001011111100
1110001011111100
1101111110100010
1111100000110000
1110110100000110
0000010110010100
1101111110100010
1101100011110000
1110001011111100
1110111000100100
1110010100110110
1110111101000010
1101100011110000
1101100011110000
1101100011110000
1101100011110000
1101100011110000
0010011100010000
0010011100010000
0010011100010000
0010011100010000
0010011100010000
0010011100010000
0010011100010000
0010011100010000
0010011100010000
0010011100010000
0000111101001010
0000111111010110
0001000001111000
0001000001101110
0001000001101000
0001000000101110
0000111000010101
0000011110011000
1111100111010100
1110011110100010
0000111000010000
0001000000010110
1101110010110010
1111000101101010
0001001110011000
0001011110011110
0001101111010010
0000011111010000
1111101001000110
0000001110100110
0001111001100010
0010001110011000
0010011100010000
0010010001001000
0001000110001000
0000111101110100
0001110011111110
0001111010111010
0001010101011010
0000111100011010
0001100100101100
0001111010111010
0000111101110100
0000100110001100
1111111111010100
1111110001011010
1111110100001100
0000000000101100
1111110100001100
1111101001000110
1111101010011110
0000000010000110
1111110000000010
1111111011001000
1111101010011110
1111101010011110
1111100110010100
0000001011110100
0000011011000110
1110101011111111
1110110100101000
1111001010100010
0000110001010110
0001111110000110
0010011100010000
0001011110100100
0000100000111010
1111111001001010
0000101111111110
0000111101101100
0000010001110100
1111111101010000
0000001111000100
0000000100001000
1111011111000110
1111101100110100
1111100101111110
1111011011000000
1111001011111011
1111100111010110
1111010110111000
1110110111010110
1110111111100110
1111010001011010
1111011001101000
1111001101010010
1110101111001001
1111000111110101
1111010101100000
0000001001100110
0000011111100010
1110010101000110
1111101111001110
1111101101111010
0010000001001000
0010011100010000
0010001010001010
0010000110010100
0001001110110010
0000001111100000
0000100010111000
0001000100011100
0000011001110100
0000010010000110
0000011100011010
0000101001010100
1111110011000110
1111100011100110
1111100001000000
1111100011100110
1111000011010100
1111000100100110
1110110101000110
1111000100100110
1111000101111000
1111110000100000
1111010110101100
1111000111001100
1111010111111110
1111011111101110
1111010101011000
0000011111000000
0000000010100110
1110101010110010
1110111011111100
1101100011110000
1101100011110000
0010011100010000
1101100011110000
1101100011110000
1101100011110000
1110110111000110
0010011100010000
1111110001001000
1111111011000010
0000100010101110
0000010110010100
0000011011010010
0001111110100000
0010011100010000
0010001111110110
0001000000011110
0000100111101100
0001000101011100
0001000000011110
0000110110100100
0000100111101100
0000100101001100
0000100000010000
0000111001000010
0001010001110110
0001000010111110
0001101111100101
0001101101001000
0001101111100101
0001010001110110
0001010110110100
0001101111100101
0001010110110100
0000111011100010
0001001111011000
0000111011100010
0000011101110000
0000100000010000
1110111111100010