1110101100100100
1111110101010110
0000001000111000
0000111110001010
0001111001101000
0001101111111000
0000100000110110
0000100010101000
0000011011100010
0000001110001110
0000011000110110
0000100010101000
0000110000110100
0001001010100100
0001111010100000
0010011100010000
0010011001100110
0001110111110110
0001101100010100
0001111010100000
0001111000110000
0001110010100010
0001000100011000
0000110010100101
0000101001101110
0000100001110000
0000010111000101
0000011010101000
0000000011100100
0000000000111000
0000000101010100
1111111011100100
1110001011011110
1111100100101000
1111110011101010
0000110110101110
0010000011100010
0010001000110110
0000100101111110
0000011011011000
0000010101001100
0000000110001100
0000010010100010
0000011100001111
0000110000100100
0001011110011110
0010001011011110
0010011100010000
0010001100011000
0001101001111100
0001100010111000
0001111011100110
0001111000000100
0001100001000101
0001000011000110
0000101000100101
0000100011010100
0000001110000111
0000000110001100
0000000000111000
1111111000000100
1111111101010110
1111110111001100
1111111011100110
1110010110000110
1111100000110000
1111110010111110
0000100000001000
0001110110000100
0010000010001110
0001001001110010
0000111000011100
0000100111000100
0000010011111110
0000011110011000
0000100111000100
0001000001000110
0001100111010100
0010011100010000
0010010000000110
0001111101111000
0001100001001110
0001100111010100
0010000000011110
0010000000011110
0001011000100010
0000111111011000
0000110110101100
0000100111111100
0000010110100100
0000100001000000
1111111100100010
0000000101001110
0000011010111010
0000001101111000
0000011111010000
1110010011101000
1111011110011010
1111100100010010
0000000000000000
0001100110100000
0001101111101110
0001101110000100
0000110100111100
0000011010000010
0000010110101100
0000100000110000
0000101010000000
0001100010010010
0010001011011100
0010011100010000
0001110001011010
0001010001011111
0001010011001010
0001100010010010
0010000011000100
0001110101100110
0001011110111100
0001000010011000
0000110100111100
0000110000101110
0000100001100110
0000011101011010
0000000101000010
0000001111001000
0000100010011100
0000101101011000
0000110100111100
1110010111111111
1111101110011100
1111110010111101
0000011101010010
0001100011100000
0010001010010000
0010001100111100
0001011000101110
0001000010001100
0000111010000110
0001001000100000
0001101100100010
0010011001100100
0010011100010000
0010001011001000
0001001110110100
0001010100001110
0001100000110100
0001111001001000
0010001000011100
0001111101101000
0001011001100110
0000111001001100
0000110001000110
0000101011101100
0000011110001010
0000010010011110
0000001000100100
0000001001011110
0000100100011110
0000101100100110
0000110111011000
1110111010111110
1111111001101010
1111110110010000
0000010101100110
0001011011111000
0010010110010100
0010011100010000
0001101110100010
0001001011110010
0000111111000110
0001010001101110
0010001110101100
0010011100010000
0010010101011110
0001001100101010
0000111111111100
0000110100000101
0000111111000110
0001010111101010
0001101110100010
0001100110000100
0000111011101110
0000100100110110
0000010111010010
0000010100110000
1111110111111110
0000000010001000
0000000101100000
1111111011010110
0000001001110000
0000010010001110
0000110100111100
1110111101010110
1111101100001110
1111100111000000
1111111001110000
0001010010010010
0010010110000000
0010011100010000
0001110000100000
0001000000100110
0000111110100000
0001101110011010
0010000010001110
0010001101101010
0001011001100110
0001000001101000
0000011011000110
0000000010000110
0000000110010000
0000011101001001
0000110111001110
0000110110001010
0000101010101101
0000010010110000
1111100100111010
1111100111000000
1111110000011000
1111011111101110
1111101011001010
1111001000110010
1111100001110011
1111011100100110
1111100101111110
1101111101010000
1111100011010100
1111101001101100
0000110110001101
0001111100011000
0001100010110110
0000001111111011
0000010110010100
0000000011001100
1111110000000101
1111110110011100
1111111100110100
0000001111111011
0000011100101100
0001100010110110
0010011100010000
0010011100010000
0001101111100101
0001001111101110
0001011100011110
0001101001001110
0001100010110110
0000101001011110
1111101001101100
0000001111111011
0000001111111011
1111011100111100
0000000011001100
1111100011010100
1110110110101010
1111110000000101
1111011100111100
1110010010010010
1111101111011000
0000010000101000
0000100100100100
0010000001101010
0010000001101010
1111111100101100
0000100100100100
0000010000101000
0000000011010100
0000010111010010
0000011101111001
0000110001111000
0001001100011110
0001110100010110
0010011100010000
0010001110111100
0001111011000000
0001100111000100
0001101101101110
0001010011001000
0001100111000100
0000101011001110
0000101011001110
0000011101111001
0000001001111110
1111110110000010
0000000011010100
1111100010000111
1111000111011110
1111000111011110
1111010100110010
1110101001001100
1111101011110000
1111011101010010
0000001110011110
0001010001000001
0010011001010110
0010011100010000
0001100010011000
0001000010100100
0000101011011010
0000101110010010
0001110110101000
0010011100010000
0010010110011110
0001001110001000
0000110100000101
0000110100000101
0000110001001100
0001001000010110
0001011111100000
0001100101010010
0000110001001100
0000011010000010
0000001000101100
0000000000000000
1111100101111110
1111110111010100
1111101011110000
1111110100011100
1111110111010100
0000001000101100
0000101011011010
1101100011110000
1101100011110000
1101100011110000
1101100011110000
1101100011110000
1101100011110000
1101100011110000
1101100111000000
1101100110101110
1101100111000000
1110111101111100
0001000100101110
0010000001111100
0010011001001010
0010010011100010
0010001111011100
0010000011100000
0010000010011000
0001011001010010
0000111010010011
0000011010011000
1110111110011000
1110010111111100
1101110110001100
1101101110011100
1101101111001010
1101110011011000
1101101011000100
1101101000110100
1101101000011010
1101100111101100
1101100111001000
1101100111011010
1101100011110000
1101100011110000
1101100011110000
1101100011110000
1101100011110000
1101100011110000
1101100011110000
1101100100111010
1101100101000000
1101100110100010
1110101110111111
0000000000100110
0000001010001110
0000110101100000
0001000111000110
0001101000001110
0001111111001000
0010010100101110
0001100001100010
0000101011110010
1111101010001110
1110010110110000
1101111011110110
1101101111101000
1101110110100000
1110010010100110
1110101000010010
1110101110011010
1110110101110000
1110101000101110
1110100110011010
1110100010010110
1110100010010010
1101100011110000
1101100011110000
1101100011110000
1101100011110000
1101100011110000
1101100011110000
1101100011110000
1101101011101100
1101101111001100
1101111100001110
1111000011100101
1110101010110110
1110011110010110
1110010111010100
1110100111101111
1110101101001100
1110110011011100
1110110010101010
1110101011000000
1110011010001000
1110011100000000
1110011010110000
1110111001001010
1111010111111001
0001010101111100
0010011100010000
0010011100010000
0010011100010000
0010011100010000
0010011100010000
0010011100010000
0010011100010000
0010011100010000
1101100011110000
1101100011110000
1101100011110000
1101100011110000
1101100011110000
1101100011110000
1101100011110000
1110011101110010
1101110001001010
0010011100010000
0010011100010000
0010011100010000
1110111101000010
1110010100110110
1110001011111100
1101110101100110
1101111110100010
1110000111011110
0000011010110010
0001101111100101
0010011100010000
0010011100010000
0000101000001100
0010011100010000
0010011100010000
0010011100010000
1110111101000010
1101110101100110
1110000011000000
1101110001001010
1101110101100110
1101101100101100
1101100011110000
0010011100010000
0010011100010000
0010011100010000
0010011100010000
0010011100010000
0010011100010000
0010011100010000
0010011100010000
0010011100010000
0010011100010000
1101100110011000
1101101111000110
1101101001101000
1101101001101000
1101101011001100
1101100111110100
1101100011111100
1101100011110000
1101100011110000
1101100011110000
0000000010000110
1110101001100110
1111000001110100
1111111011101110
0000000011100110
0000001100011000
0000110010001010
0010011100010000
1111110110011100
0000100011000100
0001001111101110
0001000010111110
0000100011000100
0000101001011110
0001001001010110
0001101111100101
0010011100010000
0010010101111000
0010000010110000
0010001001001000
0001100010110110
0001010110000110
0000111100100110
0000011100101100
0000001111111011
0000101111110110
0000011100101100
0000011100101100
0000011100101100
0000101001011110
0001000010111110
0000111100100110
0000111100100110
0001001001010110
0001010110000110
0000110110001101
1111111100110100
1111010000001010
1111010110100010
1110001010000000
1111010110111000
0000011000101010
0001011111111100
0000111111000100
0000001000001110
0000001000001110
0000100000111010
0010000011100110
0010011100010000
0001111011010110
0001111110000110
0001110000010111
0001000001110010
0000101110100110
0000001010111110
0000011110001010
0000001010111110
0000101110100110
0000001101101110
0000000101011110
0000000010110000
0000001010111110
0000010101111100
0000010011001100
0001001111100000
0001001100110000
0001000001110010
0001000111010010
0000011011011010
1111011001101000
1111110010010010
1111001110101010
1111101100011110
0000110011010010
0001100100000101
0001010111111000
0000101001100000
0000101011111100
0001000110110100
0010010000000010
0010011100010000
0010000110010010
0010001011001010
0001110111100111
0001010101011011
0000111000001010
0000101011111100
0000101011111100
0000011010110110
0000000111010100
0000000000000000
1111110001010110
0000000111010100
0000010001000110
0000010001000110
0000110101101110
0001010101011011
0001010000100011
0000110000110100
0000101001100000
0000100010001100
1111011011011000
1111101100011110
1111011011011000
0000000101110011
1101100011110000
1101100011110000
0010011100010000
1110000011000000
1101100011110000
1101100011110000
1101111101110010
1101100011110000
1110010101000000
1101111110111100
1110011000011010
1110101001011000
1110111101110000
1110111010011000
1111010011110110
1111011100010110
1111010111010001
1111101001111010
1111100100110101
0000001111010010
0000110010111100
0000110010111100
0001000111010110
0000111110110110
0001011101011010
0001111010010010
0001110000000110
0001111111011000
0010011100010000
0010001100111110
0010000100011110
0010000100011110
0010001100111110
0010001011010010
0010010101011110
0001110001110010
0001101001010100
0001111111011000
0001100111100110
0000111000000001