1110100000110110
0000001000011110
0001011101111010
0001100000011010
0000110010001010
0000011001110100
1111100001010000
1111011001011010
1110110111100100
1110110101100000
1111001100001100
1111010100000010
1111010011101001
1111011011000100
1111010111110000
1111111110001010
0000011001110100
0000011111001010
0000010111110000
0000100000011010
0000000011100000
0000000001000010
0000011011000001
0001000100010100
0010000111001100
0010011100010000
0010001010111010
0000110110010010
1110110111111110
1110010110001000
1110110101111010
1111100000011010
1110010011000010
1111111010101010
0000110001011000
0001101010000100
0001110101101110
0001110100011010
0001101010101110
0001001010111110
0000001101110000
1111100110111010
1111100011010110
1111101100101110
1111101001110101
1111101000110110
1111101000100010
0000000100000100
0000011001110000
0000011001000110
0000010001000000
0001010100000001
0001111110001000
0001101001000110
0001101111100100
0010010001111000
0010010101011100
0010011100010000
0010010000100110
0010000100101000
0001000001111010
1111101010001010
1111010110000100
1111011101110110
1110000100001001
1111101000110110
0000000001100100
0000110010000000
0001011011111110
0001111000010010
0001110101111000
0010011100010000
0010010001101100
0001011000101000
0000110011011100
0000101010110100
0000010100100000
0000011010110000
0000011000100110
0000010111001010
0000100101000100
0000100111011100
0000011110100110
0001001000110010
0001110111100100
0010010100000110
0010001100111010
0010010000110000
0010010100110100
0010010100110100
0001111001101110
0001111001111110
0001111101110010
0001101101101110
0001000010010100
0000000111000011
1110001100010000
1111011101101110
1111101010101010
0000010011101010
0000110100011110
0001011011000100
0010000110011100
0001111111101110
0001111000100010
0010001011010000
0010000011100100
0001100010110000
0001001000001000
0000111100011010
0000110110101000
0000110001001000
0000110011010010
0000111001100000
0000100011101110
0001010000010010
0001101100100100
0001111101100100
0001111011001100
0001110000111000
0001111111000000
0010010110010000
0010011100010000
0010011010010110
0010010011111000
0010000010100110
0001111000110010
0001011110111010
1110000101100110
1111011011000000
1111110010010000
0000000010001000
0000101011111110
0001010111010100
0001100111001100
0001010111010100
0001001011111010
0001010110000100
0001101001010010
0001111110011100
0001111011101100
0001100110110000
0001010111100010
0001000111011110
0001010001110011
0001001100001000
0001001111000100
0001110001110000
0001111111000100
0010000000001000
0001110010011000
0001101111001110
0001110100101110
0010000111010100
0010010011001010
0010011100010000
0010011010001000
0010000100100100
0001110100111011
0001011001111000
1110001000010100
1111001100100000
1111100001011110
1111111110000000
0000110011100000
0000111111111110
0000110101000100
0000010110100000
0000001110111100
0000001010010000
0000011111110111
0000101111111100
0001001000111000
0001101010100010
0001110100010110
0001100000010010
0001010011100110
0001000110001110
0001010000101100
0001100111101010
0001111111000100
0010000100011010
0001110101010000
0001101001001110
0001101110100100
0001111110011000
0010001010001100
0010011011001000
0010011100010000
0010001001010100
0001111111000100
0001100100111110
1110010001111000
1111010111010001
1111111000000100
0000110101100000
0001011011001010
0001000101101000
0000010010011010
0000001001010110
1111110110011000
1111111000111101
0000000001001000
0000001001111010
0000100000010010
0001000011101010
0001101100101100
0010001001000000
0010000110110000
0001011100010010
0001011010111000
0001111000110111
0010001001110110
0010010010111010
0010001001100100
0001110110010100
0001101001100110
0001110010000100
0001111010100100
0010001111001110
0010011100010000
0010000110001010
0001101001111000
0001010000111110
1111001011111011
1111101000010100
0001100011011100
0001010000100000
0000010111101100
0000101010101000
0000000100110000
1111010101011000
0000000100110000
1111000010011100
1111101000010100
1111001011111011
0000101010101000
0000010111101100
0000010111101100
0000110100000101
0000110100000101
0000001110001110
1110000000001010
0000100001001010
0000010111101100
0000000100110000
1111110001110010
1111111011010000
0001111111110110
0010011100010000
0010011100010000
0001011001111110
1110100110000010
1110010011000111
1110111000111110
1110111000111110
1110111101000010
0000111010000010
0000111010000010
0001011101110000
0001001011111010
0000101000001100
0000011111010000
1111000101111110
1110011001010100
1111100000110000
1111110010100110
0000001101011010
0000011111010000
0000011111010000
1111110010100110
0000111010000010
0001010100110011
0001011101110000
0001001011111010
0001001011111010
0000110001000110
0000111010000010
0001011101110000
0010000001011110
0010000001011110
0010011100010000
0001111000100010
0001011101110000
1111110010100110
1110100010010000
1111001110111010
0000000100011110
1101101100001000
1111011000111100
1111111101001110
0000110010001110
0001011100000011
0001110101001100
0001100111010000
0010011100010000
0010001110010100
0001000000001100
0000100100010010
0000010110010100
0000000010110010
0000001000011000
0000001000011000
0000001000011000
0000100001011110
0000001101111100
0000010110010100
0001000000001100
0001110101001100
0010001000101110
0010010001000110
0010010001000110
0010010011111000
0001110010011010
0001101100110100
0001101111100101
0001101100110100
0001100100011100
0000001011001010
1111001101110010
1101100011110000
1101100011110000
1101100011110000
1101100011110000
1101100011110000
1101101000001010
1101101000010010
1101101011011110
1101101011001000
1101110001111000
1110001110001100
1110011100010100
1111001111000110
0000100101011110
0001100101111010
0001101101110000
0001000101001000
0000101001101010
0000001011011110
1111101110101000
1111011111110010
1110111001110000
1101111111011110
1101110100010100
1101101011111110
1101110000111000
1101100011110000
1101100011110000
1101100011110000
1101100011110000
1101100011110000
1101100011110000
1101100011110000
1101100011110000
1101100011110000
1101100011110000
1101100011110000
1101100011110000
1101100100111110
1101100100110110
1101100101010100
1101100101010000
1101100110010000
1101101010101110
1101101101100100
1101110110110100
1110101001110010
0000010001110100
0000111100110110
0001100001110000
0010001010111000
0010000111000000
0001010110100000
1111111000000100
1110011100010010
1101101011000010
1101101000111010
1101100110110010
1101100110011010
1101100011110000
1101100011110000
1101100011110000
1101100011110000
1101100011110000
1101100011110000
1101100011110000
1101100011110000
1101100011110000
1101100011110000
1101100011110000
1101100011110000
1110010011001000
1101110011011000
1110001001010000
1101111100110000
1110100100110110
1110000000011000
1110010010011000
1110010010001000
1110011011110001
1110101010101111
1110101010100000
1111000100101000
1110111101111010
1110110111001110
1111000111010010
1111000111110000
1110110010010100
1110100000001011
1110011000111000
1110000000111010
1110000010011110
1101100011110000
1101100011110000
1101100011110000
1101100011110000
1101100011110000
1101100011110000
1101100011110000
1101100011110000
1101100011110000
1101100011110000
1101100011110000
1101100011110000
1110000011000000
1101110101100110
1101110101100110
1101100011110000
1111101001101100
1111101001101100
1110101011001101
0000100011101110
0001001011111010
0000010001110110
1110101111101010
1110000111011110
1101110001001010
1101111110100010
1110000111011110
1110010000011011
0010011100010000
0010000001011110
1111010011010110
1111100101001110
1101110001001010
1101100011110000
1101100011110000
1101100011110000
1101100011110000
1101100011110000
1101100011110000
1101100011110000
0001011001110110
0001011011110010
0001011000111110
0001011100000011
0001011111111010
0001101111100000
0010000111000110
0010011100010000
0010011100010000
0010011100010000
0001111000001110
0001111010110010
0001111010110100
0001111001100100
0001111111111010
0010000100101010
0010010101001100
0010011100010000
0010011100010000
0001111011110000
1111100010110111
0001101000110010
1101101010011100
1101101101100000
1101101100100100
1101101101110010
1101101101101000
1101100011110000
1111001011100111
0000100000100100
0001000001101000
0010001001011000
0001111101000110
0010000011101110
0001111100001010
0001111110111110
0010001011010000
0001110001110000
0010010100101100
0010011100010000
0001111101000110
0001011111110100
0001011010001010
0001100010101010
0001010000101101
0000111010000100
0001001011000100
0001011010001010
0001000111010010
0001010101011011
0001011100000011
0000111110110010
0001000000101010
0000100101010010
0000110010100000
0000111011000000
0000011100110010
1111111110100110
0000001101101100
1111101011101100
0000010001011110
0000100110110100
0000111000010010
0001010111010110
0001001111100110
0001111101001100
0010000011000010
0010011100010000
0010010101011110
0001100110111000
0001100111110110
0001100011111110
0001101001110010
0010000100000000
0001010001100010
0001001001110000
0001000010000000
0001011101001001
0010001000110110
0001100010000010
0001011111000110
0001000101111000
0000110111010100
0001001011101100
0001000000000100
0001010111010110
0010010001100100
0010000110111010
0001100110111000
0001010010100000
0000000111110000
1111011101000100
0000011011100100
0001110101110100
0001100001110000
0000111110101010
0000111101110110
0001010010101110
0001101010001000
0001100000000110
0001111000010100
0001011101100110
0000111001101010
0001001101101110
0010011100010000
0010001011100010
0000100101100110
0000100010010000
0000011000001110
0000011001000011
0000010100111000
0000101110110010
0000010111011010
0000001110001110
0000000110101100
0000100001011100
0000110111001010
0001011110011010
0010000011001100
0001100111101000
0001011110011010
0000001101011000
0000000110101100
1111100111110010
1101100100000010
0010011100010000
1101100011110000
1101100011110000
1101100011110000
1101100011110000
1101100011110000
1101100011110000
1101100011110000
1111110110110100
0000000010010100
0000111011110000
0000111011110000
0000100000001010
0000101001011000
0000101001011000
0001110101001100
0001100101000110
0001000000010110
0001101110010010
0001010111010100
0001101100000000
0010010111101010
0010011100010000
0000010000000110
0000010010011000
0000101011101010
0000111001011100
0000001101110010
0000001011100000
1111100010001000
0000110100110110
0001000000010110
0000010010011000
1111111001000110
0000110100110110
0001011011111001
1111111011011010
1111101001000010
1111110100100000
1111000001111110