1110110001100100
1111001010101010
0000001010101010
0001000001111000
0001001001011010
0000010011011100
1111001000001010
1110110001100100
1110111001000110
1110110001100100
1111000001111000
1111100101000010
1111111010010110
0000111111011000
0001111111011000
0010000011001010
0001011000011110
0000101101110100
0001000101101010
0001010111001110
0001111111011000
0010011100010000
0010000101101010
0001000011001010
0001001101001100
0001101010000100
0001111110001000
0001110110100110
0010000011001010
0001110000010100
0000101011010100
1111001110011100
1110110001000100
1111000100101010
0000001011011100
0001010110100100
0001100100101101
0000000100111010
1111101001101100
1110111000101100
1111000100101010
1110110110100000
1111000100101010
1111101110000010
0000000101111111
0001010100011000
0010011011001010
0010001101000000
0001000101001010
0001010011010100
0001001011101100
0001110011111110
0010001001110000
0010011100010000
0010000001000010
0001010100011000
0001011101000110
0001110010111000
0010000111100100
0001111010100000
0001111010100000
0001100110111010
0000011010101100
1111000111111100
1110101001000100
1110110100000100
1111110001101100
0001001000101000
0001001111001110
0001000000111010
1111101111100000
1111010000101100
1111001100010010
1110111001100100
1111101011000110
1111111010100000
0000101101001000
0001110110110110
0010010100100100
0001110011100001
0001000011001000
0000111101100111
0001010001011100
0001110110110110
0010010101101010
0010011100010000
0010010011011100
0001011101100010
0001100100001000
0010000100000010
0010001101111100
0010001010101010
0001110100100111
0001000110011100
1111100110101100
1111000001010010
1110011111001111
1110101110010111
1111101000110100
0001000000100010
0001100110110100
0001011111110010
0000000000000000
1111110000111000
1111001101100110
1111011000101100
1111110100111011
0000001000000100
0001000101100100
0001111001111110
0010000100000100
0001011001101110
0000100011010010
0000110000011000
0001001011100110
0010000011000100
0010011100010000
0010011100010000
0001100011110100
0001001101101000
0001010001101001
0001110110111100
0010001010000110
0001111001111110
0001100111110110
0000100011010010
1111011011101110
1111000101100011
1110100001101000
1110101010001010
1111101001000100
0001001000000000
0010001100010000
0010001110011000
0000011110011010
0000000101111000
1111110010101010
1111110011110000
0000010011101110
0000110000100010
0010000000100010
0010011100010000
0001100100110010
0000101110011010
0000011001000011
0000011001000011
0001000110111100
0001111000000000
0010000010101010
0010001010001000
0001001010001000
0000110001100110
0001000001100110
0001111010001000
0010001100010000
0001110110111010
0001100000100010
0001001001000100
1111111010001000
1111001011001110
1110011111110111
1111010111001000
1111101111001100
0001010001101110
0010010101000010
0001110111000000
0001001011101110
0000010011001110
0000001110011100
0000010110110110
0000011000000010
0001100011110000
0010011001110110
0010010011110110
0001011011010110
0000110100111000
0000100010110110
0000011111010000
0001000010000110
0001111101000000
0010011100010000
0010001111000010
0001001011101110
0000100010110110
0000110000000100
0001001111010100
0001110011010111
0001110010001100
0001010110100010
0000111010111010
0000000000000000
1111010111001000
1111010000010000
1111101100100010
1111111111011010
0000100111100000
0001110110100000
0010011100010000
0001101011111010
0000100010110010
0000000111101010
0000010011011110
0000101101011010
0001100111001100
0010000100101010
0001101001100010
0000111100101110
0000000001110010
1111101101101110
1111100000110000
0000001101100100
0000111001001100
0001010100010100
0001010110101100
0000010100101000
1111011010110110
1111010000010000
1111100000110000
0000000111101010
1111111010101100
1111100000110000
1111110000000110
1110011000110100
1101110111110100
1110101111110001
1110101111110001
0000001100101010
0001010000001111
0001011000101100
1111111011110010
1111101010111001
1111000000101010
1110101111110001
1110111000001110
1110100111010100
1111010001100100
1111100010011100
0000001100101010
0001110010000010
0010000010111010
0001011000101100
0000001100101010
0000111111010110
0000110110111010
0001111010011110
0010011100010000
0010001011010110
0000100110000000
0001000111110010
0001000111110010
0001100001001000
0001111010011110
0010000010111010
0001110010000010
0000010101000111
1111100010011100
1111010001001000
1111101000100100
1111011000111100
0001001110001000
0001010101111100
0000000111110100
1111010001001000
1110111001101100
1111001001010100
1111001001010100
1111001001010100
1111101000100100
1111100000110000
0000100111000100
0001111101000000
0010011100010000
0001001110001000
0000100111000100
0000110110101100
0000111110100000
0001110101001100
0010001100101000
0001001110001000
0000001111101000
0000100111000100
0001001110001000
0001101101011000
0001001110001000
0001110101001100
0001101101011000
0000110110101100
1111010001001000
1110011011001001
1111001010100110
1111100110010010
0001010001000110
0010010100010110
0010010000011000
0000100101100110
1111111110000010
1111110110001000
1111111110000010
1111111110000010
0001011100111110
0010011100010000
0010011100010000
0001000101001110
0000110001011100
0000100001101000
0000011001101110
0000110001011100
0001011100111110
0010000000100100
0001101100110010
0000011101101010
0000010101110000
0000101001100010
0001011100111110
0010001000011110
0010001100011100
0001111000101010
0001101000110011
0000100001101000
1111010010100000
1101100011110000
1101100011110000
1101100011110000
1101100011110000
1101100011110000
1101100011110000
1101100011110000
1101100011110000
1101100110110000
1101100111011000
1110101000000000
0000010100101100
0001000010011100
0001110000111111
0001110100010011
0001111010111010
0010001011011010
0010001110111000
0010011010110110
0001011000101000
0000001111001100
1111100011111100
1110011111000010
1101111100010010
1101101010101010
1101101000001010
1101101000001010
1101100111101100
1101101000010100
1101100110100110
1101101000000000
1101100110111010
1101100110100110
1101100011110000
1101100011110000
1101100011110000
1101100011110000
1101100011110000
1101100011110000
1101100011110000
1101100011110000
1101100101101010
1101100101100010
1110100100011100
1111111110010110
0000101000110010
0001100010010000
0001011110101110
0001011010100010
0010010010111110
0010010100010000
0010000110011100
0000101111001100
1111101011011010
1110110000011110
1101111110100000
1101110100111100
1110000001010010
1110001110111010
1110001000001111
1110010110001010
1110010001101000
1110011111100100
1110011111101000
1110100011100000
1110100001010100
1101100011110000
1101100011110000
1101100011110000
1101100011110000
1101100011110000
1101100011110000
1101100011110000
1101100011110000
1101101111001100
1101101101001000
1110010100101100
1110101100010000
1110100110000000
1110101100010000
1110110110010000
1110101100010000
1110101011000000
1110101100010000
1110011011011000
1110100011100000
1110001110111000
1110001110010000
1110000111001010
1111001010111000
0010000100110100
0010011100010000
0010011100010000
0010011100010000
0010011100010000
0010011100010000
0010011100010000
0010011100010000
0010011100010000
1101100011110000
1101100011110000
1101100011110000
1101100011110000
1101100011110000
1101100011110000
1101100011110000
1101100011110000
1101101100101100
0010011100010000
0010011100010000
0010011100010000
1110100010010000
1101110101100110
1101101000001110
1101110001001010
1101101000001110
1101111110100010
1110011001010100
0001001011111010
0010001010011010
0010011100010000
0010000001011110
0010011100010000
0010011100010000
1111100101001110
1110011101110010
1101110001001010
1101110101100110
1101101100101100
1110000111011110
1110010100110110
1110001011111100
0001101100010100
0001101100111000
0001101100111000
0001100111001010
0001101001111100
0001101100000000
0001101011011111
0001110011001010
0010000100010000
0010011100010000
0000100101101110
0000100110011100
0000100110011100
0000100010111010
0000100100010110
0000011111101110
0000100001100010
0000100011000010
0000100001001110
1111101111000000
0000001110100110
1110110110011110
1110101101001010
1111011011101000
0000001100010110
0000011101110100
0000111110110100
0010011100010000
1111111100110000
0000101010010100
0000101101100100
0000011101010100
0000010000010010
0000011101010100
0000101010010100
0001011110011010
0001101011011100
0001111011101100
0010010101110000
0010011100010000
0010001011111110
0010001000101110
0010001111001110
0010000010001110
0001101110101100
0001010111111000
0000100111000100
0000000000000000
0000001101000010
0000100011110100
0000010011100010
1111111100110000
1111101100011110
0000001001110000
1111100101111110
1111101111101110
1111011000111100
1111100010101100
1111001011111011
1111000101011010
0000011110101000
0000111101010010
0001011011111001
0000110100000101
1111101010100100
0000100100110000
0000111010001110
0010010110001000
0010000110110100
0001011000110110
0010000011110000
0010011100010000
0001010010101110
0001110100011010
0010000000101100
0001111010100100
0001011000110110
0000110001000010
0000000110001000
1111001110111110
0000010101011100
0000011000100000
0000000110001000
1111011110010100
1111101010100100
0000000000000000
1111001011111011
1110110110011110
1111001110111110
1111000010101110
1111001011111011
1110000010011000
0001001000111010
0001101101111110
0001110100111010
0001000110100110
0001001101100010
0001000110100110
0001010100011111
0010011001111100
0010011100010000
0001111011110110
0010010000101100
0010011100010000
0001110111001110
0010000111011010
0010000101000110
0001100111000000
0001000110100110
0000100001100100
0000011010101000
1111111100100010
0000010001011000
0000011111010000
0000011010101000
0000000001001010
0000000001001010
0000011111010000
0000100001100100
1111110011010010
1111111010001110
0000000001001010
1111101010000000
1111100101011000
1111110011111110
1101100011110000
1101100011110000
0010011100010000
1101100011110000
1101100011110000
1110000011000000
1110000011000000
1101100011110000
1110001011000101
1110100000101100
1110111010001110
1110111000010000
1111010011110011
1111001000000000
1111010001110101
1111001101111001
1111010011110011
1111011111100100
1111101011011000
1111111001001000
1111101011011000
0000011110011110
0000100010011010
0000101000010001
0000110010000111
0000111101111010
0001011001011100
0001100011010000
0001101011001000
0010001110100000
0010010100011000
0010011100010000
0010000110101000
0001111110110010
0010000010101100
0001111100110100
0010001100100010
0010000000101110
0001100011010000
0001010101100000