1110100101110100
0000001100110000
0000111001110101
0000010111001110
1110110110101010
1110001110001000
1110010001010100
1110000011101000
1101110001111000
1101110000111110
1110011101001010
1110101001111010
1110110011111100
1111000001100110
1111110110111000
0000101110000000
0001110111110100
0001110000100001
0001000101101100
0001010001100010
0010000011001100
0010001100110000
0001010000101000
0000101100001100
0000100100000000
0000100100000000
0001000000101100
0001111010000110
0010011100010000
0010011100010000
0001110110000000
0001100010011010
1110110001101010
0000101110110110
0001100011101100
0001000010110000
1111000110100000
1110101110011010
1110110100111000
1101111110001100
1110011001000100
1110001011101000
1110110000101110
1110100011101110
1111000000011110
1111011000001000
1111100101100100
0000110010100010
0001101101111000
0010000011001110
0010000101100010
0001111001011110
0010001010101000
0001111001111100
0001100111011010
0001000100101000
0000110011000000
0000111001111110
0001001000010110
0001011100010010
0010011100010000
0010000111110110
0001110011111010
0001001111010010
1110110010111000
0000010011110010
0000110011010010
0000001100001000
1111010001111111
1110100111001100
1110100011111101
1110011010101011
1110100101111110
1110010101110100
1110101110000010
1110110010111000
1110111101110010
1111001110010110
1111100000000110
1111111110011000
0001101101011010
0010001110001000
0010001000000100
0001010011001010
0001011100000011
0001011111101100
0001001001011110
0000101110110110
0000010110101000
0000010110101000
0000101101001110
0001011011010000
0010010101110010
0010011100010000
0001110100010010
0001010001111110
1110100101010100
0000000001010110
0000011010111100
1111111001101110
1110111110011100
1110001011010000
1110000010010010
1110010010000000
1110100100110110
1101111001110000
1110001001011110
1110001000001000
1110001011010000
1110011101101010
1110111001111110
1111100111010100
0001001111111010
0010000010001110
0010000011000110
0000111010011000
0001000011010110
0001010010101000
0000111101111110
0000011110100010
0000010011010100
0000010001111110
0000100111111110
0001101001100000
0010011011110100
0010011100010000
0001110010100000
0000111110011010
1110101111100000
1111101101100010
0000001110001110
0000000010110110
1110100010101110
1110001000101101
1101111011111010
1110000100011010
1110001010100100
1110000111110001
1110010101011110
1110010101011110
1110011111111000
1110100000110110
1110111101010000
1111101100001000
0001010110101010
0010010010010100
0010001111000000
0001011100110100
0001011000000100
0001100001100010
0000110101111110
0000100111110010
0000100001101000
0000100010000110
0000111000110100
0001101100011011
0010010101001010
0010011100010000
0001110011100001
0001000010010010
1110110100110110
1111101001011100
1111101011100110
1111011011100000
1110011101001100
1101110100011010
1110010000010100
1110011000111010
1110000011111111
1110010011100010
1101101111100100
1110001101000110
1110011101001100
1110010011100010
1110111111100100
1111000100111100
0000111101110000
0010011100010000
0010011011001100
0001011001101010
0001010111000000
0001011000000100
0000101001111000
0000001100111000
1111101110110100
1111100001111101
0000000001000100
0000110100101000
0001111101000110
0010010010000100
0001000100001100
0000011010010100
1110100110101110
0000000110000110
0000001011100000
0000100010100000
1111010111011011
1101101011111000
1101101111010000
1110010110011110
1110011110100111
1110010111001010
1110011010100010
1111000110100000
1110111011000000
1110101010110010
1110110000111000
1110111011101100
0000011111110010
0001101000110110
0010000110100110
0001101101100100
0001100101011110
0000101001010000
0000001110001110
1111110101110110
1111010111011011
1110111111000100
1111001111010100
1111110111001110
0001011110101100
0010011100010000
0001111011000101
0000011001101110
1111001110111010
0000000100011110
0000010110010100
1111101001101100
1111100000110000
1111000101111110
1110011001010100
1110100010010000
1110010000011011
1110101011001101
1111010111110100
1111001110111010
1110100010010000
1111101001101100
1111111011100010
0001001011111010
0001000010111110
0001011101110000
0001001011111010
0001011101110000
0001111000100010
0010010011010100
0001010100110011
0000110001000110
0000111010000010
0000110001000110
0001010100110011
0001011101110000
0010001010011010
0010011100010000
0010001010011010
0001010100110011
1111011000111100
0000010111011100
0000110110101100
0000000111110100
1111100000110000
1110111001101100
1110101010000100
1110110001111000
1101100011110000
1110111001101100
1111010001001000
1111001001010100
1111000001100000
1111101000100100
0000100111000100
0000101110111000
0001100101100100
0001011101110000
0001010101111100
0001011101110000
0001011101110000
0001101101011000
0001010101111100
0001001110001000
0001011101110000
0001101101011000
0010000100110100
0010010100011100
0010011100010000
0010010100011100
0010000100110100
0001111101000000
1111010001010100
1111101101110000
1111101001101100
1111011101100000
1110100000101000
1110000100001110
1110111000111110
1110100100101100
1110101100110100
1110111000111110
1110101000110000
1110101000110000
1110010100011100
1110010100011100
1110010100011100
1111010101011000
0001010011001100
0010011100010000
0010010100001000
0000111010110110
0001000010111110
0001000010111110
0000101110101100
0000011110011100
0000000110000110
1111011001011100
1111111001111010
0001000010111110
0010010000000100
0010011000001100
0001000010111110
1111111101111110
1101100011110000
1101100011110000
1101100011110000
1101100011110000
1101100011110000
1101100011110000
1101100011110000
1101111110111100
1110000110110100
1110001000101000
1110101011000100
0001000011011010
0001101000111000
0010001100100010
0010010011001100
0001101100100000
0001001000001110
0000101010000000
0000000010101110
1111001111111100
1111001110001000
1110101000101010
1110000010100100
1110000011110010
1101111110111100
1101111101001000
1101110001101010
1101110001101010
1101100011110000
1101100011110000
1101100011110000
1101100011110000
1101100011110000
1101100011110000
1101100011110000
1101100011110000
1101100011110000
1101100011110000
1101100011110000
1101100011110000
1101110100111010
1101110110101100
1110011010100010
0000000011011110
0001010111001010
0000111111100101
0001000100101110
0010000011101100
0001101011111000
0001000001001000
0000100100001110
0000011000001100
1111011101100100
1110101100011100
1110010001000100
1101111001110000
1101111000110000
1101110101101010
1101110101101010
1101110001110100
1101110010000110
1101100011110000
1101100011110000
1101100011110000
1101100011110000
1101100011110000
1101100011110000
1101100011110000
1101100011110000
1101100011110000
1101100011110000
1101100011110000
1101100011110000
1101101101001000
1101101010100000
1110011111101000
0000111110100000
1111001010100110
1110110110100100
1110101000001110
1110110111110110
1110110011011100
1110111010011110
1111000111011110
1111001011001000
1111001011100111
1110100000110010
1110011110001010
1110010111110101
1110000110001000
1110001000001100
1110001000001100
1101110110100000
1101110110100000
1101100011110000
1101100011110000
1101100011110000
1101100011110000
1101100011110000
1101100011110000
1101100011110000
1101100011110000
1101100011110000
1101100011110000
1101100011110000
1101100011110000
1101101000001110
1111111011100010
0010011100010000
0010011100010000
0010011100010000
1110100010010000
1101111010000100
1101101000001110
1101101100101100
1101111010000100
1101100011110000
1101100011110000
1110111000100100
1110010000011011
1101111110100010
1110010100110110
1110011101110010
1101110001001010
1101110001001010
1101110001001010
1101111110100010
1101100011110000
1101100011110000
1101100011110000
1101100011110000
1101100011110000
1111000011000100
1111000100000110
1111000100111010
1111000111111000
1111000111101100
1111001001001110
1111001000101100
1111001001011000
1111001101011110
1111010100000100
0000011101110000
0000100010010110
0000100011101010
0000100110011100
0000101010001110
0000101011001010
0000101100000000
0000101100010111
0000101100000110
0000011101111100
1111111001110000
0001001001100010
0000000001011010
1111110110111010
0000101000100100
0001101110111100
0010010111101010
0010011100010000
1110101111011010
1110101111011010
1110101111011010
1111011101011110
1110111111110110
1111010000010100
1110111001010010
0000011011111110
0000101111101100
1111100100000010
0000001011100000
1111101010101000
0000001011100000
0000110110010010
0000011111010000
0001001101010100
0001111000000100
0010011000111110
0010011100010000
0010001111000110
0001100111101000
0001110001100000
0001110001100000
0001111011010110
0001101010111010
0001100100010110
0010001011110100
0001111000000100
0001000011011100
0001010111001010
0001001010000000
1111110111110010
1110111111101010
1110111100100110
1110101101010010
1111000101110010
1110110110011110
1110111100100110
1110010111110110
1111111001111000
0000001111010100
1111101010100100
0000100001101100
0000101010111010
0000100001101100
0000111101010010
0001010010101110
0001001100100110
0001010101110010
0001100101000110
0010011100010000
0001000110011110
0001001100100110
0001011000110110
0001100010000010
0001101110010010
0001110100011010
0001000000010110
0010001001111000
0010000011110000
0001001001100010
0000111101010010
0001000110011110
0000100100110000
1111100111011100
0000010110010100
1111111101110010
1111010011010110
1111101001101100
1111100010111110
1111101110001010
0001001011111010
0001011101110000
0001001011111010
0010010011010100
0001111101000000
0000011010110010
0000111110100000
0001011001010010
0001011001010010
0000110011010110
0001101111100101
0010011100010000
0001001110001000
0001010111000100
0001000101001100
0001011001010010
0001101011001010
0001100010001110
0000101100101010
0001101101011000
0001101101011000
0000111010000010
0000100101111100
0000111110100000
0000011000100100
0001111011110000
1101100011110000
1101100011110000
0010011100010000
1101100011110000
1110100010010000
1101100011110000
1110001000001111
1101100011110000
1111100100110000
0000110010001100
0000101111010100
1111111110100100
1111111110100100
0000011011010000
0000101001100100
0000011000011000
0000101111010100
0010011100010000
0010001101111010
0001010100100100
0001001001000110
1111111110100100
0000111101100111
0001001011111110
0000011000011000
0000100011110110
0000101111010100
0000111010110010
0000110111111010
0000110111111010
0000010010101000
0000100110101110
0000111101100111
0001100010111010
0001101011011111
0010010000110010
0000101001100100
0000110010001100
0000101100011100
0000100000111110