0000000110011010
0001100100100110
0010001101010010
0000111111001010
1111010110010000
1110111100100100
1110001010010010
1110011100011110
1101111101011100
1101101001000110
1101111101011100
1110100000110000
1110101111110001
1111001111110111
1111110001000010
0000110010010100
0001110100101010
0010000011101000
0001011000110100
0001000000001110
0001000000001110
0001010111110000
0010011100010000
0010011100010000
0001110011100110
0000011111000010
0000111111001010
0000101111000110
0001011110001100
0001110010100000
0001001000110010
0000001010101100
0000000000110110
0001011110010000
0010001110101010
0001011100100100
1111011100010110
1110011101100000
1110010011010100
1110000111011010
1101111110111100
1110000101101110
1101101100010000
1101111010101100
1111001101000100
1111001101111010
0000000101000101
0000100011101010
0001101011110110
0001101100101100
0001100000110100
0000110010111100
0000100111111010
0001010101110010
0001100011010110
0010011100010000
0010000011101000
0001011010000000
0001000001011000
0000010110111100
0000011101101110
0001000000100010
0000111000000001
1111110111100000
0000100110111100
0001101010000110
0010011100010000
0001100101101000
1111110101101100
1110011101111100
1110011101111100
1101110110100100
1110011100001010
1101111011000010
1110001001010110
1110010010010100
1111001101011011
1110111111000110
1111100010000000
0000010101000010
0000111111001000
0001111111100110
0010000101111000
0000000000011100
0000001000100000
0000001100000110
0000011111110010
0001000100100000
0001010111010100
0001011101100100
0001000001110100
0001011010111000
0010000000100000
0001111000011100
0001100010111100
0001001011101010
0000110101101100
0001101000100100
0010001000011000
0001011000101010
0000000101001010
1110111000110110
1110110000111000
1110100001110010
1110010010101010
1110010111011100
1110001001001000
1101100100100010
1110100010100100
1110100111010110
1111011110001110
0000010101000100
0000111100110110
0001111100011100
0001101010111100
0001001010010110
0000011100001110
0001000111001010
0001001011001010
0001101000100100
0010001100010110
0010011100010000
0010000010110100
0001111101010000
0010000000011010
0001011011110110
0001100000100111
0001000001100110
0000001001011010
0000101000010001
0001001010001010
0000001101001100
1111001001011010
1110010110111110
1110010100101100
1110011010101110
1101110101110100
1101100110110000
1101111001100110
1110000000011000
1101111010010110
1110001010001010
1110101000010010
1111110100010110
0000010000111100
0000101110010100
0001001110101100
0000101001000010
0000001000101010
0000000111111010
0000100010010000
0000101111110100
0001100010010010
0010010001101110
0010011100010000
0001000111111010
0001110000100100
0001010111101110
1111111110111000
1111110010110100
0000000101001100
0000100100010010
0000111011010000
1111111101110010
1111000110010000
1110000110100100
1110010101011000
1110010101011000
1101101001101100
1101110000010110
1101101010011010
1110001011110000
1110011010100100
1110011001000100
1110011100110010
1111101011010000
0000000100011100
0000011110011000
0001010001011110
0000101111011010
1111110010101010
0000000001011110
0000001111100011
0000110011000110
0001101100110110
0010001111101010
0010011100010000
0001010100011010
0001111001011100
0001100011001110
1111110100111011
1111101011010000
0000111101011000
0001101100110100
0010000110100110
0000110001000000
1110111100011100
1110110110010000
1110001000111000
1110100001101000
1110100101110000
1110001111000100
1110100111110100
1110011110100010
1110101111000010
1110011011011101
1110110101001110
1111000001100110
1111101010110110
0000111010010010
0001111100010010
0001101110111000
0000010001000010
0000010100001000
0000110001000000
0001100000011100
0010001110110110
0010011100010000
0010010101000010
0001110011000000
0010010111000110
0001011010010000
0001001101111000
0000101100111000
0000110100000101
0001000101011100
0001101000001010
0001000101011100
1111000011010000
1111110111010100
1111000011010000
1111010100100110
1110101001001100
1111001011111011
1110001111001011
1110110001111000
1111001011111011
1111110111010100
1110110001111000
1111101110101000
0001000101011100
0001011111100000
0001000101011100
0000101011011010
0000110100000101
0000110100000101
0010011100010000
0010001010111000
0001111001100010
0000011010000010
0001001110001000
0000101011011010
0001101000001010
0010000010001110
0001000101011100
0000000000000000
0000000000000000
0010001110000010
0010011100010000
0000000000000000
0000001110001110
1110001110011000
1110101010110010
1110101010110010
1101110001111110
1101100011110000
1101110001111110
1110011100100100
1110011100100100
1111010101011000
1111110001110010
0000011100011010
0001110001101000
0010011100010000
0001000111000010
0001000111000010
0001000111000010
0001010101001110
0001000111000010
0001110001101000
1110111000111110
1110111000111110
1111110001110010
0000000000000000
0000000000000000
0000011100011010
1111110001110010
1111100011100110
0000010011110000
0001010000110100
0001111000010110
0001010100011010
1111101111110110
1110110110011000
1111000001001010
1110110010110010
1111000001001010
1110101111001100
1110000000100001
1110101000000000
1111100101000100
1111011101111000
0000010011110000
0000101100111010
0001011011100110
0001101001111110
0001100010110010
0000011110100010
0000101100111010
0001011011100110
0001011011100110
0010010001011110
0010011100010000
0001101101100100
0000111110110110
0000111110110110
0001001001101000
0001101101100100
0001011011100110
0000000001110010
1101100011110000
1101100011110000
1101100011110000
1101100011110000
1101101000111000
1101101001101110
1101101100000000
1101111000001110
1101110000100010
1101110001001000
1110100001011110
0001001010101010
0010010010000000
0001111100111110
0001001011110010
0000101111000100
0000010111011110
0000001010111100
0000000010011010
1111101011111110
1111010110101000
1111000101000000
1110011011110010
1101111011101000
1101101100100100
1101101010110110
1101101010000000
1101101011001010
1101100011110000
1101100011110000
1101100011110000
1101100011110000
1101100011110000
1101100011110000
1101100011110000
1101100011110000
1101100011110000
1101101101001000
1101101110000100
1110100000101000
1110011100111000
1110001101101010
1110010000011110
1110101110001101
0000111111010100
0010001010011110
0010000110010000
0001010111101010
0000110110101010
0000011110110010
0000011010110100
0000011000111100
0000000100000110
1111100000000100
1111001000011010
1110011010110000
1110000001011110
1101110101010100
1101110001110010
1101110001010100
1101110001000110
1101100011110000
1101100011110000
1101100011110000
1101100011110000
1101100011110000
1101100011110000
1101100011110000
1101100011110000
1101100011110000
1101100111111010
1101101111001100
1110101111110010
1111100101011100
1111101001000100
1111011111001100
1110111110111000
1101111101101000
1110000111000000
1110000000010100
1101111011110110
1110001011011110
1101111111111000
1101111011110110
1101111110010100
1110001001010000
1101110110111000
1101101101100000
1101110000010000
1110010000100010
1110001110011100
1110000101000100
1101110100011010
1110000000111010
1101100011110000
1101100011110000
1101100011110000
1101100011110000
1101100011110000
1101100011110000
1101100011110000
1101100011110000
1101100011110000
1101110101100110
0010001010011010
0010011100010000
0001010000010110
1110101011001101
1110010100110110
0000001101011010
0000101100101010
1110001011111100
1110010000011011
1110000011000000
1101100011110000
1101110001001010
1101101100101100
1101100011110000
1101100011110000
1101101100101100
1111001010011100
1111001010011100
1110011001010100
1101110001001010
1101100011110000
1101100011110000
1101111110100010
1101100011110000
1101100011110000
1101100011110000
1101100011110000
1101100011110000
1110000101111110
1110000110100100
1110000011010000
1101111111011110
1101111110011000
1110000000000011
1101111011000000
1101110101111000
1101110000100100
1101110011010110
0000101000001010
0000101101100100
0000110000000110
0000110011110001
0000111000000000
0000111001100010
0000110111111110
0000111011001000
0000111011111101
0001010110110010
1111001011111011
1111100110010000
1110110000110000
0000000111011000
0001000110010110
0001100010111010
0010001001000100
0000000101001110
1111010110100010
1111100101101100
0000001110010110
0000001010011000
0000000100110010
0000010011001000
0001000010001010
0001110111100110
0001110011100110
0010000000010110
0010010111011110
0001110001001100
0001000011110000
0010000000010110
0010000010110000
0001100001001111
0010011100010000
0010011000010000
0010000000010110
0001110010000000
0001101000011100
0001101011101000
0001101010110100
0001001110001000
0001001100100010
0001000111110000
0001001110001000
0000111110111110
0000111110111110
0000011110010010
0000001110010110
0000000110011000
1110110111001010
1111101100010100
1111111010000010
0000001001101000
1111110010101110
1111101111111110
0000101101011000
0001010101101100
0010000110010000
0001011110110110
0010011100010000
0010001110100000
0001010100110010
0000111100000010
0010000001101100
0010000000110000
0000111011000110
0001010010111100
0001011010010010
0001010010000010
0001001110010110
0001010111100010
0000101101011000
0000111100111100
0001000111000010
0000010101100010
0000011011111011
0000011110101100
0000100001011100
0000010110011100
0000101100011100
0000000101000010
1111111110101000
0000011111101000
1111111100110010
1111100111101110
1111011000001000
1111000111101000
1111100110110100
0000010000111110
0010001110100000
0001011011001100
0001110010000110
0010011100010000
0001100000101100
0001000100010010
0001110011111100
0001110110101100
0000101111001100
0000101100011100
0000010011101100
0000001110001110
0000001010100010
0000110011110001
1111110100100010
0001000000100110
0000110101101000
0000100011010010
0000111011000110
0000000101111110
0000010001111000
0000101110010010
0001001001110010
0000000101111110
1111101010001000
1101100011110000
1101100011110000
0010011100010000
1101100011110000
1101100011110000
1111000001100000
1111110101100110
1101100011110000
0001000011011000
0000110101000010
0000101111010100
0000110010001100
0000100110101110
0000100011110110
0000111101100111
0000111101100111
0000101100011100
0010011001011000
0010010011101010
0010011100010000
0010001011000100
0000111101100111
0001010111011100
0001110001010000
0000110101000010
0000101100011100
0010011001011000
0001001001000110
0001000011011000
0000101001100100
0000011011010000
0000101111010100
0000111101100111
0000101111010100
0000111010110010
0000010101100000
0000111010110010
0000000111001010
0000010101100000
1111001010111110