1111110010010100
0000100110001010
0001110001110010
0001011110010100
1111010101100010
1110110110100100
1110010001001000
1101101111010010
1101100101111010
1101110111111010
1101110100010100
1110011010011110
1110110101110110
1110111100010100
1111101000010000
0000000111001100
0000010101100110
0000111100011110
0001010010110100
0001100000100000
0001011111110010
0010010001011100
0010011100010000
0010010011101000
0010000000001010
0001010001011000
0001011110010100
0001101000011010
0010010100010110
0010001000000110
0010001000000110
0001010100010000
1111111111101001
0000111011101001
0010011100010000
0010000001001010
1111011010010100
1110110101101110
1110000111101000
1101101101010000
1101101001100110
1110000000010010
1101111001101110
1101111000111110
1110011001111010
1110100011011010
1110111111001110
1111000100010111
1111100000001010
0000001001111000
0001011000111001
0001111001110110
0000110110100001
0000010111000100
0001000001100000
0001010001100110
0001010100100010
0000111100011000
0000000010100100
1111110110110110
0000011111000110
0000101010000101
0000011011011100
1111111100101110
1111110000000110
0001000111001110
0010011100010000
0010000001010010
1111011001111110
1111000011001010
1110010111100110
1110000100111100
1101111011111100
1110000100010000
1101110110011010
1101111100101000
1101101001010010
1110001100100010
1110111010111000
1111001100001010
1111010101001000
1111101010100100
0000111011011110
0001011100101010
0001100010001100
0001001111100000
0000001101110100
0000110101010000
0000011011101010
0000100011010000
0000010111100000
1111111011110110
1111110100111100
0000000010000100
0000010010101010
0000000100110110
1111101001001100
0001000010011000
0010011100010000
0010001000100110
1110101101100000
1110110011000110
1110010000000000
1110000110111000
1110100011101010
1101110001110010
1101111000001000
1110001010011000
1110011101010110
1110100010111100
1110101101100000
1111001000111000
1111111011011100
0000011111010000
0000111010101000
0001111010100010
0001111101010110
0010001010000000
0001101000010010
0001011000000111
0001011101000100
0001001011100000
0001100100000100
0001011101000100
0001010011001110
0001001001011000
0001000111111110
0001000100011110
1111100010000010
0000100001100010
0010001011110110
0001111010101110
1110011100001000
1110010010110110
1110010110011010
1110100001110100
1110010101101100
1101111110111000
1101110010000010
1101100101111000
1110011100110100
1110101001101010
1111010010010110
1111010000111010
1111101100000010
0000011100100010
0001101100011011
0010010001100100
0010011100010000
0010001101010010
0001100110110000
0010000100101110
0010011010001000
0001111110010010
0001101001100110
0001010000101000
0001011100000010
0001110101000000
0001110111111000
0001101011000010
1111111101111000
0001010001010100
0001111011101101
0010000010110100
1111101011100000
1110111101100010
1110100011011000
1110000010001010
1110001110001010
1101111011110010
1110000000110000
1110001000100000
1101111101111010
1110110010111100
1110111010101110
1111010111000000
1111010110010010
1111110100101100
0000110101101110
0001110011111100
0001111100011100
0001110000011010
0001111111111101
0010011100010000
0010001100101100
0001100100011001
0000110001100000
0000111000100100
0000011001011100
0000100100000100
0000111011011000
0000110010001100
1111011111101100
0010000101100100
0010000000010100
0001000001011110
0000100010111010
1111100100111100
1110110101110100
1110010100101000
1101111101000100
1101110110111110
1110001111011010
1110110011001100
1110100101001110
1110011111000110
1111001001111000
1110111100110010
1110110110101100
1111010000111000
0000100110011010
0001101110110110
0001110101110110
0001100100011000
0001111000011110
0001111110100100
0010011100010000
0001011001000010
0001000011001110
0000111111101110
0000101001000010
0000111111101110
0000111111101110
0000011000011100
1111000111011110
0000010000101000
0000100100100100
0000010111010010
1111001110001000
1110111010001100
1110110011100010
1101111110010110
1101110001000100
1101110001000100
1101111110010110
1110001011101010
1110110011100010
1111011011011100
1111100010000111
1111101000101110
1111101000101110
0000010111010010
0000010000101000
0000100100100100
0001011001110000
0010001000010100
0010010101100110
0010001110111100
0001100000011010
0000001001111110
0001101101101110
0010011100010000
0010011100010000
0010001000010100
0001100000011010
0000111111001010
1111100010010000
1111111000100100
0000111011100010
0000101100101010
1111011010110100
1110111101000010
1110001000111100
1101110010101000
1101111010000100
1101111010000100
1101110010101000
1110111101000010
1110111101000010
1111101001101100
1111011010110100
1111110001001000
0000000111011100
1111111000100100
0000011101110000
0001101000001010
0010000101111100
0010010100110100
0010011100010000
0010010100110100
0001101111100101
0001010001110110
0000101100101010
0001001010011010
0001010001110110
0001101000001010
0001101000001010
0001101000001010
0000001000101100
0001010110110100
0010011100010000
0010000010001110
1111110010111110
1110101101100010
1110001010110100
1101111101110010
1110001111001011
1110000110011110
1110110001111000
1110100000100000
1110110001111000
1110100000100000
1111011000111100
1111011101010010
1111100101111110
0000000000000000
0001100011110100
0001111101111000
0001000001000110
0000101011011010
0001000101011100
0001011111100000
0001011011001010
0001010110110100
0000001000101100
1111111011101010
0000100010101110
0001000001000110
0000101011011010
0000100111000100
1101100011110000
1101100011110000
1101100011110000
1101101011100010
1101101001001000
1101101101111100
1101111100011010
1101101011110010
1101101100010100
1101110011010010
1111001001111000
0000010001011010
0001000101111100
0001111110100000
0010001011011000
0010010110101000
0010001111011000
0001111011010010
0001011001100000
0000110001000010
0000001011110010
1110101111100111
1101101010001100
1101101010101110
1101101100100110
1101101100111000
1101100011110000
1101100011110000
1101100011110000
1101100011110000
1101100011110000
1101100011110000
1101100011110000
1101100011110000
1101100011110000
1101100011110000
1101101101111100
1101101100101010
1110000011000100
1111111110101000
0000000101111010
0010000010011010
0010010011010110
0010010000010000
0010001010001110
0000111101111110
0001001010010110
0001010011000110
0001011010011000
0001011100000000
0001010010010110
0001001001011100
0000011100101010
1111110011111010
1110101010101111
1101110101110010
1101110110101100
1101110101111100
1101110101100110
1101100011110000
1101100011110000
1101100011110000
1101100011110000
1101100011110000
1101100011110000
1101100011110000
1101100011110000
1101100011110000
1101100011110000
1101110001010010
1101100111111010
1110000011000000
0000100000010010
0001001111001010
0001010111100000
0001010100011000
0000100001010100
1111010101011010
1110000101101110
1101110111101010
1101110110000110
1101111100110000
1110000100001010
1101111100110000
1110001101011010
1101111111111000
1101101010101100
1110010100000000
1110101101001100
1110101101101100
1110100000001011
1110100111011100
1101100011110000
1101100011110000
1101100011110000
1101100011110000
1101100011110000
1101100011110000
1101100011110000
1101100011110000
1101100011110000
1101100011110000
1110100010010000
1111011100010010
0010011100010000
0010011100010000
0010011100010000
0000110001000110
1110111101000010
1111010011010110
0001001011111010
0010000001011110
1111011100010010
1110011001010100
1110010000011011
1110011101110010
1101100011110000
1101110101100110
1111000001100000
1111000101111110
0000011111010000
0000010110010100
1101110101100110
1101100011110000
1110110100000110
1101100011110000
1101100011110000
1101100011110000
1101100011110000
1101100011110000
1101100011110000
1101100011110000
1110011001111000
1110010101000100
1110010101000000
1110010011011011
1110010000000111
1110001110101010
1110001011001000
1110001111101010
1110010011111001
1110101000111000
0001010011000010
0001010001010100
0001010101001100
0001010100110011
0001010101001100
0001001110001110
0001010100000000
0001001110101010
0001010110011110
0001100100001110
1110110101000000
1111111100010100
0010011100010000
0010011000010000
0010001100011010
0001111100000001
0000110101000100
0010011100010000
1110100011110110
1111011001011110
1111100010000111
1111101101001100
1111111101001110
1111111000111010
0000001110011111
0000011001100110
0000100101010010
0000110101111100
0001011111110101
0001110101011010
0010011100010000
0010010110101100
0010001001110000
0001111000100000
0001101110000010
0001100110101000
0001100001000101
0001011110101000
0001111000100000
0001111110000100
0001101101011010
0001100001000101
0001001111110100
0001001111001110
0000110001000000
0000101001100110
0000010110100000
1111111000111010
1111100010000111
1111010011111101
1110000010001010
1110101001000100
1110110011001110
1110101100110100
1110100100010010
1111000010001000
1111011001100110
0000001101111000
0001000100010000
0001010001100110
0001101100010000
0010011100010000
0010000011001100
0010000110111010
0010000000100010
0010000011001100
0001111010101010
0001110101110110
0010001001100110
0010010110011000
0010010011101110
0010001110111010
0010000101110110
0010001011001100
0001110111011101
0001100010101010
0001011111011110
0001010011001100
0000101010101010
0000100110111100
0000011100001111
1111100111011110
1111111010001110
1111110110101100
1111100100000101
1111010000111100
1111000001010110
1111010001011100
1111101100101000
0000001111110110
0001000011001100
0001010011110010
0001111100100100
0010011000001110
0010001000101000
0010000011100110
0010011100010000
0010001101001010
0010001010001000
0010000000100100
0010010010101100
0010000110000110
0010001000001000
0010000100100110
0010001101101010
0010001110001010
0001111011100010
0001101001011100
0001100000011000
0001010001110010
0001001000101110
0000101110100100
0000100001011110
1111100000100100
0010010101111000
1101100011110000
1101100011110000
0010011100010000
1111000001100000
1101100011110000
1101100011110000
0000001010011010
0010011100010000
1111010001001000
1111001011111011
1111111000001100
1111111101011010
0000000111110100
0000000010100110
0000001010011010
0000100100011110
1111111101011010
0001010000101101
0010011100010000
0001110101001100
0010010100011100
0001101000001010
0001001000111010
0001001000111010
0001010101111100
0001110010100110
0010000010001110
0010000010001110
0010000010001110
0001000001000110
0000010111011100
0000101001101010
0000110100000101
0000111001010010
0001100000010110
0001101000001010
0001011011001010
0000011100101010
0001001110001000
0000100001110110