1110110110100000
0000001110000010
0000001110010110
0000110001100110
0000101111100000
0001011011011010
0001011111000000
0010011100010000
0010011001111000
0001110010011100
0001110010101110
0010010000111010
0010010001100000
0001010110000010
0001001101011000
0000110000011010
0000110000000110
0000100010101010
0000101000101000
0000100001001010
0000101010011100
0001000101000000
0001001010101100
0000111010010000
0000011110110010
0000001111100010
0000010010110100
0000010111000000
0000010100000010
0000010111000000
0000010011011010
0000010111100110
1111001011010110
0000010010001110
0000001111011000
0000110100111100
0000101001111010
0001001011001110
0001101101111110
0010001111010000
0001111101001100
0001111111011110
0010000100110100
0010011100010000
0010000100010000
0001101110010000
0001001110101000
0001000110101110
0000100101001000
0000110100000101
0000100111011000
0000110011100010
0000110110010110
0001000000001110
0001010011001000
0001011001111010
0000011110010110
0000011010000111
0000011010011010
0000011101100000
0000011000011010
0000011001010000
0000001111111011
0000001101101100
1111001011110100
0000010001000110
0000001101100000
0000110110100110
0000111011011000
0001010011011000
0001110101111000
0010001000001010
0001111011100011
0010000110000100
0010000000111110
0010000110111110
0010011011101010
0010011100010000
0001110001111110
0001101100111000
0001011111111110
0001010101011110
0001010001100100
0001000110110010
0001010010001100
0001010011101100
0001101001100100
0001010110101100
0000111111010010
0000100100100110
0000101110001011
0000100011101100
0000101010000000
0000100010100000
0000100100010010
0000100100010010
1111001011011000
0000001110001110
0000011101011000
0000110110111000
0001010001101100
0001011011101100
0010011100010000
0010010111101110
0001011001000110
0001001110110010
0001100000100010
0001010110001100
0001100110010110
0001111011101010
0010000011011010
0010001101101110
0010001000010000
0001111010000010
0001101011110011
0001100101011000
0001010101100100
0001100001001100
0001110011100100
0001110101100000
0001100011110000
0001011000000111
0001010010101010
0001001101011110
0000111101010110
0000110010101100
0000111011101110
0000110111110110
1111000101101110
1111111110011100
0000101111110010
0000111011010100
0001101101101110
0001100001001000
0001101001110110
0001000110001010
0000110111110100
0000100100111010
0000011001011000
0000101010001010
0000101100111110
0000101111000100
0001000101001000
0001011010110100
0001100110101110
0001110110110100
0010001010011010
0010010001011010
0010001110111100
0010000000100110
0010000000100110
0010010100111010
0010011100010000
0010001011011100
0001110000100000
0001011000011000
0001010100111000
0001001110100100
0001000100011010
0001010010000100
1110111011100110
1111101100111010
0000110010101100
0000110111111010
0001010001010000
0000111011011000
0000011011011100
0000000010011100
1111110110111110
1111101010011110
1111110100001100
1111110101111100
1111110111010100
1111101100111010
1111111000011000
0000011101100000
0000010010000100
0000100110100010
0001010001010000
0001100110011100
0010001101101010
0001110111110001
0010000011100110
0010011100010000
0010010010100010
0001101100000000
0001000101011100
0001000101011100
0001000001111110
0000101110111000
0000101101110110
0001001110011110
1111010001101110
0000010000011000
0001001001011000
0001010101000110
0000101111000110
0000011110001000
0000011011101100
1111101011100110
1111100001111000
1111011110101010
1111000110011010
1111001010000010
1111001110111000
1111011100101000
1111011101110110
1111100101111100
1111101010110010
1111110010111000
0000001100110000
0000110101001010
0001011100010111
0010010001110000
0010011010101000
0001110010001110
0010010010111100
0010011100010000
0001100110011110
0000111100000010
0000111010011010
0000100000100010
0000011111010110
0000111010011010
1110110100011010
0000000000000000
0000001111001000
0000110010011010
0000110111011100
0001011010101110
0001101001110110
0010011100010000
0010001101001000
0001111110000000
0001011111110010
0010010111001110
0010001000000110
0001100100110100
0001001011100110
0001000001100010
0000101000010100
0000111100011110
0000100011010010
0000110111011100
0000111100011110
0001010000101010
0000110010011010
0001010000101010
0000101000010100
0000101000010100
0000100011010010
0000110010011010
0000001010000110
0000010100001010
0000100011010010
0000101000010100
1110101101000000
0000000100111000
0000001001110000
0000100111000100
0000100111000100
0001011100110010
0001011100110010
0010010111011000
0010011100010000
0001110000010100
0001010011000000
0001111110111100
0010000011110110
0001100001101010
0000111010100110
0000100111000100
0000101011111100
0000011101010100
0000011101010100
0000000100111000
0000100111000100
0000111010100110
0001001110001000
0000111010100110
0000001001110000
0000010011100010
0000100111000100
0000011000011010
0000011000011010
0000011000011010
0000011101010100
0000011000011010
1110111001110110
1111110011010000
0000100011000100
0000110110001101
0001011111101010
0001001100100010
0001100110000010
0001000110001010
0000101111110110
0000010011001000
0000011100101100
0000101100101010
0000101111110110
0000101100101010
0000111100100110
0001011111101010
0001101100011010
0001111111100100
0001111111100100
0010001111100000
0010000010110000
0001111001001100
0001110010110010
0001111111100100
0010011100010000
0010000101111100
0001101111100101
0001010010111010
0001001111101110
0001001111101110
0001000010111110
0001001001010110
1101100011110000
1101100011110000
1101100011110000
1101100011110000
1101100011110000
1101100011110000
1101100011110000
1101100011110000
1101101000011010
1101101000000010
1111001000101000
0001110010010100
0010010110000110
0010010110010010
0001111111001010
0001011011000000
0001001000001010
0000011000010000
0000100000110100
0000010010101010
1111011011010010
1110110101100110
1110010011110110
1101111001100100
1101110000010000
1101110001011000
1101100011110000
1101100011110000
1101100011110000
1101100011110000
1101100011110000
1101100011110000
1101100011110000
1101100011110000
1101100011110000
1101100011110000
1101100011110000
1101100011110000
1101100011110000
1101100011110000
1101100011110000
1101100100110110
1101100100111010
1110111100101010
0001011001001101
0010001011101010
0010010000101110
0001101011110110
0000100100010110
1111101001001100
1110111010000110
1110101010101100
1110011100111100
1110000100010110
1101110101010000
1101101101101010
1101101011001000
1101101010100010
1101101010101110
1101100011110000
1101100011110000
1101100011110000
1101100011110000
1101100011110000
1101100011110000
1101100011110000
1101100011110000
1101100011110000
1101100011110000
1101100011110000
1101100011110000
1101100011110000
1101100011110000
1101100011110000
1101110010010100
1101101101001000
1110011110000100
1110100110001110
1110100001111100
1110100100100000
1110110100001000
1110111011100010
1110100011011000
1110100001011000
1110100111101000
1110010111101110
1110000010001110
1101111111111000
1110000000111010
1110111100010010
1111010110010100
1111010110010100
1101100011110000
1101100011110000
1101100011110000
1101100011110000
1101100011110000
1101100011110000
1101100011110000
1101100011110000
1101100011110000
1101100011110000
1101100011110000
1101100011110000
1101100011110000
1101100011110000
1101100011110000
1101101000001110
0010011100010000
0010011100010000
0010011100010000
1101110101100110
1101110101100110
1110010100110110
1110010000011011
1110011101110010
1111000101111110
1111000101111110
1101110101100110
1111010011010110
1110111000100100
1110100010010000
1110101111101010
1101111110100010
1111000001100000
1101100011110000
1101100011110000
1101100011110000
1101100011110000
1101100011110000
1101100011110000
1101100011110000
0010011100010000
0010011100010000
0010011100010000
0010011100010000
0010011100010000
0010011100010000
0010011100010000
0010011100010000
0010011100010000
0010011100010000
1101100011110000
1101100011110000
1101100011110000
1101100011110000
1101100011110000
1101100011110000
1101100011110000
1101100011110000
1101100011110000
1111010010100110
1110010001100110
0000110011011110
1111001110010110
0000111110001010
0001010111011000
0001001110000000
0001101001101010
0010011100010000
1110111011011110
0000011000101010
0001011111111100
0001101010111010
0001101010111010
0010010001010010
0010011100010000
0001110101111000
0001000100100010
0001011111111100
0001011111111100
0001100101011100
0001011111111100
0001011010011110
0001001111100000
0001011111111100
0001001111100000
0000011110001010
0000111001100100
0000111001100100
0000101001001000
0000101001001000
0000110100000101
0000111001100100
0000001101101110
1111001011111011
0000000010110000
0000001000001110
0000101110100110
0000110100000101
0000001101101110
1110110110000000
1110110010100010
0000011000111100
0001010101010110
0010000111010000
0010001111001000
0010011100010000
0010011100010000
0001101010010110
0001001000001110
0001010000000101
0001010111111101
0001100111101101
0001000000010110
0000111000011110
0000111101101110
0001001101011110
0001000000010110
1111110110110100
0000101011010110
0000101101111110
0000011000111100
0000001011110100
0000010110010100
0000010110010100
0000000011111100
1110110101001010
1111010010000010
0000001110011100
0000100011011100
0000100110000100
1111111110101100
1111110001100100
1111101111100000
0000100100110110
0001000011010100
0010010111001010
0010001111100010
0010010111001010
0010011100010000
0001100110111010
0001010010100100
0001000101111000
0001001010111100
0001011111010010
0001010111101010
0000110001100010
0000110001100010
0000110110101000
0000110100000101
1111011000101000
0000011111110000
0000010011000100
1111101111100000
1111101100111100
1111101010011010
1111100010110010
1111010001000000
1110011110001100
1111000110110110
1111101111100000
0000000110010110
1111110010000011
0000100010010100
0000000110010110
0001001111010010
1101100011110000
1101100011110000
0010011100010000
1101100011110000
1101100011110000
1111100000110000
1101111101110010
1101100011110000
1110101010010100
1111010000101000
1111101000110100
0000100111010100
0000001111001000
1111101000110100
1111111111000000
1111011110101110
0000101001010110
0001011011101110
0001001011100110
0001001001100110
0010011000001110
0010001110001000
0010000000000010
0001101111111001
0010011100010000
0000110001011010
0000011101001110
0000001111001000
0000110111011100
0000110111011100
0000011111010000
0000000101000010
0000100111010100
0000011011001110
0000010001001000
0000100101010100
0000000111000011
1111100000110000
0000010011001010
1111111010111110