1111001101100000
0000110001101100
0000110100000101
0001101111100100
0001110101111100
0001001110000010
0001000101101010
0000100101101110
0000011100001000
0000010010001010
0000010001011000
0000100111010100
0000101010000101
0000111001101010
0000111000011110
0001001100011100
0001001111101000
0010000101111010
0010001011111000
0010001010101100
0010001110010010
0010001011000110
0010010001000100
0010010110010000
0010011100010000
0010000101000110
0010000010010100
0001010110110100
0001010110110100
0001010010011010
0001010111001110
0001100001001100
1111001001110000
0000100110110100
0000101000110110
0001101011011111
0001011110000100
0010001001111110
0001111011010110
0001010001000100
0000111011100010
0000101110100010
0000011001000000
0000111100110000
0000110000111110
0001010000101010
0001001000111100
0001100011010110
0001111010001000
0010010100001000
0010000101100000
0010011100010000
0010000110010100
0010011000001100
0010000110010100
0010010011010100
0001111110001100
0010000111111100
0001100011010110
0001100010001000
0000111111100101
0001000011101010
0001000000000000
0001000110111010
1111001010111000
0000010010000110
0000100111111000
0001000111110100
0001100011000010
0001110100100100
0001100011000010
0001101000000110
0000111001000000
0000110111000100
0000101100001010
0000100110101110
0000111100100000
0000111101010010
0001011010000110
0001100000101110
0001110111010010
0010010101010000
0010011100010000
0010000101010010
0001110100111011
0001111100101110
0010000011010110
0010001010010110
0010001101110110
0001110011000000
0001101010011100
0001010010101100
0001000001111110
0000111001110010
0000110110010010
0001000000110010
1111000001110001
1111110100100100
0000100110111110
0000101110001010
0001010110110100
0001101001000000
0001110111011010
0001000110010010
0000101101010100
0000000110010110
0000001111101010
0000011011000110
0000011111110000
0000110100000101
0001001111001100
0001010110011000
0001110010110000
0010001101011100
0010011100010000
0010000010110110
0001110100011100
0010000001001010
0001111111111000
0010001001001100
0010000110001110
0001110111011010
0001011110011100
0001010111001110
0000111000110000
0000110100100000
0000111100111110
0000111010110110
1110110110100110
1111011011000100
0000011010000111
0000110100101100
0001000110101100
0001101101011010
0001010000001010
0000101101111100
1111101110111000
1111111000110010
1111110010000011
1111110111011100
0000010010000000
0000100000011010
0000101011101100
0000111111111100
0001010101100100
0001111011011000
0010011001000110
0010011100010000
0001111011011000
0001110001011110
0001110101111110
0010010010110010
0010001110010010
0001111011011000
0001011011011010
0001001100000110
0001000010001100
0000110100001110
0000110000100111
0000110011110001
1110111011000110
1111011111100010
0000100010010110
0001001111001100
0001010001000001
0000111111101111
0000010001000100
1111111110110110
1111001100110110
1111001111001100
1111001010100000
1111010010011110
1111101011001110
1111111110011000
0000000100111010
0000010101101110
0000011011110010
0001000111101100
0001101110111100
0010000001001010
0010011100010000
0010010010011100
0001111011100011
0010000110110000
0010010000100100
0001110110111000
0001100000111011
0001001100110110
0000101111111000
0000101101100010
0000100000000000
0000100101001000
1111100000100000
0000011110010000
0000101011011110
0000101000010100
0000111111101000
0000000010100010
1111100001110000
1110101110000110
1110100101010010
1110010001001000
1101101100100100
1110001011011100
1110011101101110
1110100101010010
1110011000000010
1110110000000000
1110111111000110
1111001001110100
0000011100111110
0001100011100010
0010001111101010
0010011100010000
0001110101001100
0010000010011010
0010001011010000
0001111100001000
0000101011011110
0000000101101010
1111010010101000
1111000110101010
1110111110011110
1110111101001110
1110111101000010
0001001010011010
0001101000001010
0001001010011010
0001100000101110
0001011001010010
0000000000000000
0000000111011100
1111111000100100
0000000000000000
0000000000000000
0000000111011100
0000100101001100
0000100101001100
0000100101001100
0001000010111110
0001011001010010
0001110111000100
0010000101111100
0001111110100000
0010011100010000
0010011100010000
0010001101011000
0010011100010000
0010010100110100
0010001101011000
0010001101011000
0001101111100101
0001101000001010
0001100000101110
0001101111100101
0001110111000100
1111010100111010
0000110101111000
0000111011010010
0001111011111100
0010000001010100
0001000110000010
0000110101111000
0000001010110010
0000010101100100
0000010101100100
0000011010111100
0000100000010100
0000101011000110
0000110101111000
0001000000101010
0001000110000010
0001010000110100
0001100000111110
0010010110111000
0010010001011110
0010000110101100
0001100110011000
0010000110101100
0010000110101100
0010011100010000
0010010110111000
0001011011100110
0001101011110000
0001110001001010
0001101011110000
0001010000110100
0001100000111110
1110101101010010
1111100000110000
0000010000100010
0001000000010110
0000111001000000
0001001111000010
0000011011100100
1111111010100000
1111010010000010
1111010101101110
1110111100000000
1111010101101110
1111101000000110
1111111110001010
0000011111010000
0000011011100100
0000110001101000
0001010010101110
0010001101100010
0010010001001110
0010010100111010
0010001101100010
0001110111100000
0010000110001100
0010011100010000
0001101100011110
0001011010000100
0001011010000100
0000110101010100
0000110101010100
0000101101111110
0000101010010010
1101100011110000
1101100011110000
1101100011110000
1101100011110000
1101100111110100
1101100111101010
1101101001001000
1101101011100100
1101100111101010
1101101000010100
1101111110111010
0001110110110110
0001001100101100
0000111110011000
0000111100011011
0000100010111010
0000000100010100
0000000010101100
1111110011011010
1111011100111100
1111001101110100
1110011110010100
1110001101011010
1101111000111010
1101101101110110
1101101001011100
1101100011110000
1101100011110000
1101100011110000
1101100011110000
1101100011110000
1101100011110000
1101100011110000
1101100011110000
1101100011110000
1101100011110000
1101100011110000
1101100111000000
1101100110111000
1101110010100000
1110100010010000
0001010010010100
0001011000100100
1111010111010110
0001001101101110
0001011010111100
0001111011010100
0010001110101100
0001101111000000
0001011101100110
0001010000111010
0000011100111010
1111100000000010
1110110101010110
1110001100000100
1101111101101110
1101110111001110
1101110100110000
1101110010100000
1101100011110000
1101100011110000
1101100011110000
1101100011110000
1101100011110000
1101100011110000
1101100011110000
1101100011110000
1101100011110000
1101100011110000
1101100011110000
1101101101010100
1101101010000000
1101111010001000
0001001001111100
0001111100011110
0010001000011100
0001000110010100
1110111001100000
1110100100010100
1110100110011010
1110110010001100
1110101000001100
1110100100001000
1110111110011000
1110011111011100
1110100100110000
1110011101010000
1101111101101100
1101110101111110
1110111000001000
1111110010011100
0000011101001001
1101100011110000
1101100011110000
1101100011110000
1101100011110000
1101100011110000
1101100011110000
1101100011110000
1101100011110000
1101100011110000
1101100011110000
1101100011110000
1111010111110100
0000010001110110
0010011100010000
0010011100010000
0010011100010000
0010011100010000
0010011100010000
0010011100010000
1110101011001101
1110010000011011
1101101000001110
1101100011110000
1101100011110000
1101100011110000
1101100011110000
1111100000110000
0000011010110010
1111001110111010
1110010000011011
1110010100110110
1110000011000000
1110111000100100
1101100011110000
1101100011110000
1101100011110000
1101100011110000
1101100011110000
1101100011110000
1101100011110000
0001110010001010
0001110101011110
0001111010110100
0001111111110000
0010000011110010
0010001010111000
0010010010001100
0010011010111110
0010011100010000
0010011001001010
0001101011111010
0001100110000010
0001100010010100
0001011110001100
0001011010010110
0001010100011000
0001001101010100
0001000010111100
0000111010000100
0001001101010100
1110101000100000
0000010110000100
1111001000001100
1111101110100110
0000111100101010
0001110101010000
0001101111011110
0010011100010000
1110011111011110
1110110101001010
1111011110010010
1111011110010010
1111011100101110
1111100010111010
1111110101100010
0000000001111100
0000010001011100
0000100010100000
0000111001000000
0001000110001100
0001011011111000
0001111000100110
0010000010101010
0010010111100110
0010011100010000
0010001101100010
0010000100001110
0010000001111000
0001111011101100
0010001000000110
0001110111000010
0001110101011110
0001110110010000
0001111000100110
0001010001110011
0001001100011000
0000001100110010
0000010101010100
0000001100110010
1111100010001010
1110001011011010
1110000010000000
1110100100111110
1110111010111000
1110110100101000
1110101001101010
1110111111100100
1111101001110101
1111101111100100
0000010010000000
0000100001101010
0001001010010110
0001101101110100
0001101001000111
0001111101011110
0010001111101110
0010011100010000
0010000011001110
0001111110000000
0010001010000000
0010000011001110
0010000111011000
0010000010001010
0001111110000000
0010010011011000
0010001110101100
0010001010100000
0001100011111010
0000110011111010
0000111010001001
0001001011111010
0001000010100010
1101110010100010
1110100110111110
1110101000011110
1111000001100100
1110101001111100
1111000000110110
1111001001101100
1111010001110101
0000001111111000
0001000011100110
0001000101110100
0001101010000000
0010001110111100
0010011100010000
0001000101110100
0001111010010010
0001111101111110
0010000101010110
0010001010100010
0010010001111010
0010000110110100
0001111101001110
0001011001000010
0001101001010010
0001110010001000
0001110111010011
0001101000100010
0001101001010010
0001000111010010
0000100111100010
0000011101001100
0000001100111100
0000001011010010
1101100011110000
1101100011110000
0010011100010000
1101100011110000
1101100011110000
1111100000110000
1111101011001010
1101100011110000
1110111100001010
1111000100011000
1110111000000010
1111110111110010
1111101101100000
1111001110101010
1111101001011000
0000000110001010
0000100111000100
0001000111111110
0000101011001100
0000110111100000
0001010000001100
0000100111000100
1111110011101010
1111111011111000
1111111101111100
0000101101001110
0000110101011110
0010000001100010
0010011100010000
0001111101011010
0001000111111110
0000110111100000
0000100111000100
0000010110101000
0000101001001000
0000111111101110
0000001110011010
1111101101100000
1111100101010010
1111001010100010