1111100011111110
0000111111011110
0001111001010000
0010000110010100
0000110100000101
1111100101101010
1110001111101001
1110001010001000
1110001010001000
1101101001101010
1110001011110100
1110100111101010
1110111000000110
1111111000101000
0001010011010010
0010000010100010
0001111011010110
0001010111111100
0001111010100000
0010010110110010
0010001100101010
0001101111111110
0001011011101110
0001011110010000
0001101110101110
0010000000000000
0010010110010110
0010011100010000
0010000011110010
0010001101000100
0010011000111000
0010000111001010
1110101111110110
1111101100001100
0000110111011000
0001101101111000
0001111011110110
0000100101110100
1111100100100010
1101101111111010
1110001010111100
1110100001111000
1110101111110110
1111011111001000
1111100000111100
0001000100000000
0001111001001000
0001100110001110
0000111000010010
0001001000111100
0001101110110010
0001101001011000
0001000001010010
0000110110111100
0000111100010110
0001011110100100
0010000000010110
0010010100100110
0010011100010000
0001110000100100
0001011011110110
0001110111110001
0001110001000010
0001111011110110
1110101010100010
1111010101110110
0000011100101010
0010010100110100
0010011100010000
0001011001001100
1111101000011110
1111000000011100
1110111100010000
1111011101010100
1111011110101100
0000000011100000
0000100010001110
0001110111000000
0010011010011000
0010010100110100
0001110000000000
0001101111000100
0001111011101010
0010000100100000
0001101001000010
0000111100110010
0000110110101110
0000101100111100
0001010010101010
0001110001011010
0001110001111000
0001101110100110
0001011001101010
0001010001101110
0001110101001000
0001100111001010
1110011011010100
1110011110111000
0000001001100100
0001010101100100
0001010101100100
1111101100101010
1110101000101010
1110010001100010
1110100111110000
1110100100101010
1111000010111000
1111001010111000
1111110111010110
0001001101001000
0001111100010000
0010000010000010
0001010010011110
0001010101000111
0001110010000010
0001110111110100
0001011010111010
0000101011010110
0000110011010110
0000110110011110
0001010100101100
0001011110111010
0001100111110010
0001100101100100
0001011111010110
0001111010000010
0010001000101100
0010011100010000
1110010100100010
1110100011000010
0000110011101010
0001111100001010
0001101001010000
1111011101000100
1110101001001100
1110101100101110
1110100101101100
1110011001110100
1110111100111110
1111010101100111
1111011111010000
0000010111100000
0001010010110110
0010011100010000
0010010110000110
0001100001110010
0010000101011010
0010000001011100
0001110110000000
0001001101100100
0001000110100010
0000111101110000
0000111111111100
0001001101001000
0001110101100100
0001111010011010
0001111001100010
0001110000010100
0001110110111010
0010000101011010
1110100111100000
1111011110100010
0001011000100000
0001010011101110
0000000010000000
1110100010010110
1110010001100110
1110000110000010
1110010101111110
1110001100110100
1110001111100110
1110110001011110
1110101000010100
1110111111000010
1111111000110100
0001011100000011
0010011100010000
0010010010101100
0001001110001000
0000110001110011
0001000111110000
0001100100000100
0001100101101010
0001010110111010
0000111111110010
0001000011110000
0001010111010010
0001100010000100
0001110110000000
0001110011001100
0001100101101010
0001100100110110
1110110101110010
1111110000010110
0000001001011110
1111100100011000
1110101100010100
1101110100101010
1110001101011000
1110010000101100
1110000101100100
1101110011110110
1110010100011010
1110011010100110
1110011111100011
1110100001001100
1110101000100110
1111100011111110
0000011111110000
0001001101100000
0001001001011000
0000101000110100
0000011001001010
0000110100110010
0001011000001110
0001110101000110
0001110000100100
0001101110111010
0001100000000100
0001101110100000
0010010100110110
0010011100010000
0010011000111100
0010000100010110
0000010110010100
0001100100011100
0010010001000110
0010000000010110
0000111101011000
0000001011001010
1111101001101100
1111111010011010
0000000000000000
1111111010011010
0000000101100110
0000001011001010
0000000101100110
0000100001011110
0001010011101110
0010011100010000
0010011100010000
0001100100011100
0001110101001100
0001111010110010
0001101111100101
0001111010110010
0010001011100000
0010000000010110
0010010001000110
0010001011100000
0010011100010000
0010010110101010
0010000101111100
0010011100010000
0010010001000110
0010001011100000
1110110001111000
0000111110100000
0001110101001100
0001011101110000
0000001111101000
1111101000100100
1110110001111000
1110101010000100
1101111011001100
1110100010010000
1110001010110100
1111010001001000
1111010001001000
1111000001100000
1111100000110000
1111101000100100
0000000111110100
1111110000011000
0000110110101100
0001110101001100
0010001100101000
0001001110001000
0001110101001100
0001010101111100
0001101101011000
0001110101001100
0001101101011000
0001111101000000
0001100101100100
0010011100010000
0010011100010000
0001111101000000
1110110010111010
1111010000000110
0000111000010000
0001100110000110
0001010001010000
1111100000110000
1110111011010000
1110110111000110
1110100110011010
1110001001010000
1110111111011010
1111100000110000
0000000110010000
0000011011000110
0000110100000101
0001101110011010
0001110110110000
0001100110000110
0010000011010000
0010011000000110
0010001111110000
0001110110110000
0001100110000110
0001001101000110
0001011101110000
0001101110011010
0010000011010000
0010000011010000
0010010011111010
0010011100010000
0010001111110000
0001111111000110
1110000011100110
1110010010110110
1110001111001110
1110000100111100
1101111101010010
1101111000010100
1101111000000000
1101111101101000
1110000111010000
1110101001011010
1111100010011110
0001000010000010
0001111101000100
0001101001001010
0000111111011000
0001001011101000
1111100111011100
0000101010011110
0000100000100000
1111110111000010
1111000101010010
1110100000011110
1110110100000010
1110010111100001
1101110010010110
1101110011010110
1101110001010110
1101101111101100
1101110010000000
1101101110101100
1101101101101100
1101101101101100
1101101101101100
1101110011011110
1101111010001110
1101111000110100
1110001111110110
1110000110101110
1110111111000010
0000001011100110
0001001011110010
0001001110100110
0000010001101000
0000100010111010
0000000011011100
0000110111001000
0001101011000110
0000111010001110
0001100000111110
0000011100100110
0000011011001011
0000101101110110
1111101101010000
1110110111011110
1110011101111010
1110100100100000
1110011110001100
1110001011000101
1110000101001100
1110000101011110
1110001110001010
1110010010101010
1110000110100110
1101111001111100
1101111000101100
1101110010111010
1101110000110000
1101101010100000
1101101000011100
1110000011100001
1111101100101110
0000111000110000
0000101101110100
0000110111101101
0001001010011110
0001010110011100
1111101110010010
1110001110011000
1110001010110100
1110100010111010
1110001101001100
1101111011111010
1110010010011010
1110010010000000
1110010001100100
1110000101010010
1110010011101010
1110011010110000
1110111011010000
1111010110010100
0000000100101100
1111111010110010
1111111100010110
1111111100010110
1111110001111100
1111100110011110
1111001110000000
1111001010111000
1110111100010010
1101110101100110
1101100011110000
0000001101011010
0010011100010000
0010011100010000
0010011100010000
0001000010111110
0000011010110010
1101111110100010
1111110010100110
0010011100010000
0010011100010000
1110100010010000
1110101111101010
1110000011000000
1110011001010100
1101111110100010
1101101000001110
1110100110101110
1110100010010000
1111010011010110
1110000111011110
1110011001010100
1111010011010110
1110111000100100
1111000001100000
1110011001010100
1110000111011110
1101111110100010
1110100010010000
1110101011001101
1110000111011110
1110010100110110
1111000001001100
1111000011111100
1111000110110110
1111001010110100
1111010101100010
1111100001101110
1111110110111100
0000011001000010
0000110001111000
0000100011100000
0000111000101100
0000111001010000
0000110101000010
0000101101101110
0000110010111100
0000110001111010
0000101110110110
0000011011110100
0000000100110000
0000011011010100
0000101011110000
0001111011001010
0000110000101010
1111101010111001
1111111001000100
0000010001001110
0000001011101110
1110011101000010
1111010100010010
1111001110000000
1110110110011110
1111110010101010
1111101100111010
1111101111000000
1111110111111000
0000100000001100
0000100011110110
0001010100000000
0010010111100010
0010010111000000
0010011100010000
0010000011101010
0001111001001100
0001100110110110
0001011111100010
0001110110100100
0001110011011010
0010011010001010
0010011010101100
0010010001010000
0010010101011100
0001011111100010
0001010101100101
0001000111111110
0001000110111100
0000100100011000
0000010110110010
0000010010000100
1111110011001100
1110111001100110
1110110101011010
1110110100101000
1110111001010100
1111010001001000
1111011000001010
1111011111001100
1111011111111110
0000011010001100
0000110001001110
0001101100100101
0010001001100000
0010000100011100
0010010100011100
0010000101001110
0001101110001010
0001111111010101
0001111110001100
0001111101011010
0001110110011000
0010001011110110
0010011100010000
0010010110000000
0010000101001110
0001110001101010
0001010011100110
0001001100111100
0001001100100100
0000110101001000
0000110101001000
0000101110011111
0000001100100000
1111110000000000
1111101110001100
0000000010011010
1111001100110010
1110111001011110
1111000000000100
1111000111111111
1111110100110010
0001001111010110
0001011101110110
0010001000111010
0010011100010000
0010010000011000
0001110111110001
0001110011010111
0001111000001110
0001100111111100
0001100101110000
0001010111101100
0001011000000111
0001110111010110
0001111100001010
0010001001110010
0010001100011100
0010011000010010
0001101101101010
0001110100010000
0001011111100110
0001010010110110
0000111010010000
0000110000001000
0000101110110100
0000001000100100
1111001110001110
1101100011110000
0010011100010000
1101100011110000
0000011111010000
1111000001100000
1111000001100000
0001001110001000
1101100011110000
1110100111110010
1111010110100010
0000000111011100
1111111000100100
1111100011010100
1111001001110011
1111100011010100
1111010000001010
0000101101101110
0001011110100110
0010000100111000
0010011100010000
0001011100011110
0001101001001110
0001100111000110
0001100010110110
0000101011100110
0000101001011110
0000001111111011
1111110010001100
1111110000000101
1110111111001010
1110100111110010
1111000111101011
1111111110111100
0000000101010100
0000100000111100
0000110100000101
0000110100000101
0000111110101110
0000110100000101
1111100111100100