1110101110011010
0000101010011100
0000110011011110
0000110101010010
0000101111111000
0000000100100010
0000010100001010
1111111111000111
1111101000001110
1111001110010100
1111111110100001
1111110100111000
0000011010110010
0000011000011000
0001000001010110
0001001110100100
0001111000001000
0010001100100110
0001111110001010
0001100101011110
0001010101001100
0010001111000000
0001111111010101
0010011100010000
0010010110110110
0001011110001110
0001100110101010
0000111011111010
0001000110001010
0001011111011100
0001101101111000
0001111001010100
1110010111000000
1111111110101000
1111111111101110
0000111100010110
0000111001100110
1111110101010000
1111110011000100
1110111010110110
1110111011011000
1111010101010011
1111010100110000
1111100000111001
1111100110011000
1111111010110000
0000001001101010
0000011001101000
0000111010101100
0001010010111100
0010001111000010
0010001101111010
0001101100110110
0001011001000000
0001110011011110
0001111001100010
0010011100010000
0010011011101100
0001110110110010
0001101010101010
0001100100000010
0001100111111010
0010000010010110
0010010100100010
1110011010110101
1111110010010000
1111101111100010
0000110011000000
0000101000101111
1110110110010100
1110100101100110
1110110010100100
1110011100111110
1111000000100110
1110101111110110
1111011001011010
1111000100011000
1111100110011000
1111011001111100
1111111010111000
1111110111101000
0000011001000110
0001100110110100
0010000010111000
0001100111111010
0001100001011001
0001001110100010
0001100100101010
0010000111001100
0010011100010000
0010000101000010
0010000001010000
0001100010100000
0001110001101000
0001110011110010
0010000001110100
1110011110111110
1111101000011100
0000100000010110
0000111101111011
0000010100110110
1111000100010000
1111000100110010
1111000110111110
1110101011000011
1110101001111100
1110101101001110
1110110100010110
1110111001010010
1110111111010100
1111011010001010
1111011111101010
1111101100010000
1111111100001010
0000110010011011
0001011000110100
0010001011110100
0010000111011010
0001011101001100
0001011000010001
0001011011100100
0010000010011110
0010011100010000
0010010001110110
0001110110011010
0001101101101010
0001110100110001
0010001010101110
1110100010001000
0000000100000100
0001101101011110
0001100101111110
1111101011000110
1110111100010100
1110110000011110
1110101100101110
1110010100011010
1110001100111010
1110100110100000
1110110001000110
1110011000110010
1110100111001000
1110111001110100
1111000110010101
1111001100100010
1111011100001000
0000011001010000
0001001001010010
0001111000000100
0010010110000000
0010000011010100
0001100010010000
0001011011011000
0010000000001100
0010011100010000
0010011000100000
0010001001100010
0001110001110110
0001111001111100
0010000100100100
1110010101101000
0000000111010010
0001011100100000
0001000111101110
1111001101110000
1110010101101000
1111000011011000
1110110010110000
1110001000011110
1110000000110110
1110011011111000
1110001101010100
1110000000110110
1110010101101000
1110100100001100
1110001100101001
1110100010001000
1110101101001100
1111010100101100
1111111101100100
0001001110101010
0010011100010000
0010010011010000
0001000000110010
0000110001100010
0001011011001000
0001101001101010
0001100110111010
0001001000011010
0000111010100100
0000110101101100
0001000100010000
1110101011000011
1111111000111000
0001011010011110
0000111101111011
1111110110101100
1110101011000011
1111110011011000
1111101101111010
1111011100011000
1110001010001000
1110100000000100
1110011100110010
1110011110111110
1101111000100110
1101111011111000
1110001001000010
1110111100100100
1111001001101110
1111000111100010
1111110111110010
0000000011110110
0001011100101010
0010011100010000
0001111010010000
0000111010101010
0001101101000110
0001111000000100
0000111011110000
0000111000011110
0000101110100110
0000111010101010
0000101010001110
1110001101011010
0000011000010011
0000110100000101
0000101101001000
1111000100111110
1111100000110000
1111001011111011
1111110101100110
1111100111101101
1110110111000110
1111101110101000
1111001011111011
0000010001011000
1111101110101000
0000011000010011
0001001111111000
0001010110110100
0001001000111010
0001000001111110
0000011111010000
0001001111111000
0001110010100110
0010011100010000
0010010101010100
0001010110110100
0000111011000010
0000101101001000
0000001010011010
1111110101100110
0000000011011110
0000000011011110
0000111011000010
1110011001000110
0000100010010100
0000101001111010
0000010011000100
0000100010010100
1111011101101100
0000000011110100
1111100101010100
1110110111100110
1110011001000110
1111010110000110
1110111111001110
1111110100100100
1111111100001100
0000111001001010
0001001000011010
0001100110111010
0010001101000000
0001010111101010
0001011111010010
0000111001001010
0010001101000000
0010000101011000
0010011100010000
0010001101000000
0001010000000010
0001010111101010
0000111001001010
0001010111101010
0001010000000010
0001110110001000
0001010111101010
1111000100101000
0000101000101000
0001100100000000
0001010001010000
1111110110101000
1111000100101000
1111100111000000
1111010100010000
1111010111011000
1110001001010000
1111000111110000
1111000001100000
1110111000001000
1111000111110000
1111001110000000
1110111000001000
1111001010111000
1111100000110000
1111111001110000
0000110101001000
0001011010101000
0010011100010000
0010001111110000
0001001011000000
0001100100000000
0001110110110000
0010000110011000
0010001100101000
0001110110110000
0001010111100000
0001100100000000
0001110110110000
1101101011101000
1101101111010100
1101101100101100
1101101100101100
1101101101101110
1101101111110110
1101110001111100
1101110000010110
1101110100000010
1101111100011100
1101110101100110
0000111110110000
0001010111011100
0001001111100100
0001011110010010
0000110011101110
0000111110001111
0001111010101000
0010001101100010
0000010001100110
1111010000011110
1110101000100100
1110001010101000
1101111000001110
1101110001111100
1101110000010110
1101110000111000
1101100011110000
1101100011110000
1101100011110000
1101100011110000
1101100011110000
1101100011110000
1101101000100000
1101110011000100
1110000010000100
1110001100011111
1110011000110110
1110011001111010
1110100010010110
1110110000111010
1110111111001110
1110111001011110
1110110111001110
1110101100010110
0000100001001100
0001101001010010
0010010100001000
0001000101010010
0000000011010000
1111011010111000
1111000110111010
1110011101000010
1101111000010100
1101110101000000
1101101100001000
1101101001100100
1101101000010100
1101100111111000
1101100111011000
1101100011110000
1101100011110000
1101100011110000
1101100011110000
1101100011110000
1101100011110000
1110000000111010
0001011111010100
0010011100010000
0010011100010000
0010011100010000
0010011100010000
0010011100010000
0010011100010000
0010011100010000
0010011100010000
0010011100010000
0000010100100010
0001000101001100
0001101100111001
0001101110010000
0001100101010100
0001010010001000
0000011000100010
1111110101110110
1111011001010100
1110010110001000
1110010100111110
1110011111001000
1110101111110010
1110011111001000
1110000111001010
1101111110110100
1101100011110000
1101100011110000
1101100011110000
1101100011110000
1101100011110000
1101100011110000
0010011100010000
0010011100010000
0010011100010000
1110001011111100
1110000111011110
1101110001001010
1101111010000100
1110000011000000
1110100010010000
1110100010010000
0000110001000110
0010011100010000
0010000001011110
1110100010010000
1110000011000000
1111100101001110
0000001101011010
1110111000100100
1110100110101110
0010011100010000
0010011100010000
1110011101110010
1110011001010100
1110010000011011
1110011101110010
1110100110101110
1110000111011110
1101100011110000
1101100011110000
1101100011110000
1101100011110000
1101100011110000
1101100011110000
0001111000001111
0001111000011000
0001111000100010
0001111000010100
0001110111111010
0001110110100110
0001110010110110
0001100001100000
0001010000000010
0000111000110010
0000100110110010
0000101010001100
0000101100110010
0000110000111010
0000110101010010
0001000000000100
0001001110100010
0001100001101000
0001110110101000
0010000010110010
1110010101110000
1111100110010000
1110111001101110
1110100100010010
1110101101001010
1111001001100110
0000100001000000
1110010101001110
1110011010000100
1110001000001100
1110011111010100
1111000101110111
1111010001000100
1111011000110000
1111100011010010
1111111111101010
0000011011010100
1111111010110000
1111110010000000
0000001000011010
1111111110010000
1111111011011100
0000001000011010
0000101100110110
0001000001100000
0001011111101010
0001010110100010
0001011100100000
0001110011111110
0010011010110110
0010010110101010
0010000110001100
0010000011101110
0010001011011100
0010011100010000
0010010000000000
0010010000010110
0010010000010110
0010000000001110
0001001000100010
1110001100110110
1110001010101100
1110110010111110
1110111111110000
1111010010100010
1111011100010110
1111011000100010
1111111001011111
0000000111111010
1111111010010010
1111111010010010
1111111101010010
1111110101001000
1111111011000110
0000001001100010
0000010011010100
0000101000110110
0000111111101100
0000111000000100
0000111111111110
0001011111100010
0001101101111110
0001110111100000
0001101111000100
0001110110011010
0001111110100110
0010010100111010
0010011100010000
0010001001011110
0010001000101010
0010000010011000
0001011100010010
1110000011101011
1110100101001000
1110110110001000
1111000010011010
1111010010111000
1111101001111010
1111100111010010
0000010111001010
0000100100011110
0000000100000100
0000011101001001
0000101001011100
0000010001111010
0000010110000110
0000001010100110
0000101001011100
0000111011110000
0001010011100100
0001000100111010
0001010000101100
0001010110111100
0001111011000010
0001111010100010
0001110000100110
0001100111001010
0001110010101010
0001111111001110
0010001011000000
0001111011110100
0010011100010000
0010010110100000
0001110011001100
1101111111110000
1101100011110000
0010011100010000
1101100011110000
1101100011110000
1101100011110000
1110100010010000
0010011100010000
1101100011110000
1111100001011010
1111111110011000
0000000100110110
0000111000011000
0000101110101110
0000001011010010
0000011110100110
0000101000010001
0000011000001001
0000001011010010
0001010010001010
0001000101010000
0000111110110100
0001000010000010
0000011000001001
0000010001101110
0001100010010000
0001110010011000
0010000010011110
0001110010011000
0010011001000010
0010011100010000
0000100001110100
0000000001101000
0000010100111100
1111110100101110
0000001011010010
1111110001100001
1111001010110110
1111110001100001
1111101110010010
1111010001010010