1111001000000110
0000001010101100
0000101101001110
0001000011011100
1111010110111000
1110000011110101
1101101101101000
1110011100100000
1110011110111110
1110100100101110
1111001011011000
1111100110100000
1111100010011010
0000111111010100
0001111001101110
0010000011100110
0001110010010100
0001000111100010
0001100101111110
0001111111011110
0001011000110100
0000110110010010
0000100110101010
0000011011111110
1111110111110010
1111111101100010
0000011001100000
0000100101000000
0001000111100010
0001101101011000
0010011000001000
0010011100010000
1110101111111000
1111111001101110
0000010010010100
0000000111011100
1111100000100010
1101111010000100
1110011001100100
1110011010101100
1110001100011000
1110010110101100
1110101010001010
1111000010110000
1111001011010110
1111101111011010
0000011101001100
0001001000101100
0001111001010110
0001100100101101
0001010101110110
0001101111000010
0010000000001110
0001001100101100
0000000101001010
1111111000100100
1111111100000000
0000001000000000
0000011000000010
0000101100101010
0001010011000000
0001111100110010
0010010011101010
0010011100010000
1110110100110000
0000001100001000
0000100110010000
0000000111101010
1111001101101000
1110000100111011
1101111100000000
1101111010000100
1101111111110100
1110001000110000
1110011000101100
1110101011001101
1111001100111110
1111001011000100
0000001000111100
0001011011001100
0010011100010000
0010010101111000
0001110000010000
0010000101010010
0010010011010100
0001110010110010
0000011101111110
0000011100000100
0000010000100110
0000010001001110
0000100000100010
0000111110100000
0001100110101100
0010010000001000
0010011010010110
0010010111001010
1111000101111010
0000011011000100
0001000000100110
0001000100111100
1110101011001101
1101110000000010
1101111111001100
1110000011100001
1101111010001000
1110010001111100
1110001000100100
1110100001000110
1110101001110000
1110011100000010
1111101100001010
0000101011101010
0001111110101010
0010011100010000
0010001001100000
0001101101010110
0010010000101100
0010001101110100
0001001011011010
0000000111100100
0000000001110011
0000000011010000
0000010000111110
0000110100010100
0001100011111110
0010000000000110
0010001100011000
0010001111111110
1111001100110010
0000000011100110
0001001001011010
0000101001011100
1110011011001110
1110010101010110
1101100101101110
1110001000111100
1110000101000010
1101101110110110
1101111101110110
1110010110000000
1110101001100100
1110111110011100
1111011001110110
0000001000001010
0001101101010010
0010011100010000
0010001001010110
0001100100110010
0001110101000110
0001100111011010
0000110111110010
0000010101001100
0000010011010000
0000010100100100
0000000101100010
0000110111001000
0001101010000000
0001101111111000
0001101011010100
0001101010101010
1111000001100000
0000111100000110
0001100110100100
0000011000000010
1110011110010000
1110001101011010
1110001111110100
1110001000100110
1101110000100100
1101100101010110
1110001111000010
1110011001011100
1101111000100110
1110101001011110
1111010110010110
1111111000110010
0001110000001100
0010011100010000
0010001110101000
0001101011011000
0010000100001110
0010001000001110
0001110010100110
0000110000111000
0000011011010000
0000100011010000
0000110111010010
0001100001110000
0001110000001100
0001111111011010
0010001001000010
0001111000001100
1110101000001000
0001001100101000
0001100100110110
0000110111110110
1110001101010100
1101111001011010
1110000000010100
1110001110001010
1110011000100100
1110000111010000
1110010010100000
1101111100000000
1110001110001010
1110101011100110
1110100000010110
1111001110001110
0000110111110110
0010001111010000
0010011100010000
0001010001110011
0001111010100000
0010010001111000
0001100011111110
0001000111011010
0000100000011110
0000101111001100
0001000001010110
0001111000110000
0010001110011010
0001101111010000
0001110110001010
0001100000100010
0000000000000000
1111101011101001
0000001101100101
0000011011001011
1111110010011011
1111010000011100
1110100000111010
1110101110011110
1111001001101010
1110101110011110
1110111100000100
1111101011101001
1111011110000010
0001100101111010
0001100101111010
0000101111100100
0000110110010110
0000111101001010
0000101000101111
0000001101100101
0000010100010111
0001011000010100
0001110011100000
0001110011100000
0001011111000110
0000110110010110
0000110110010110
0000111101001010
0000101111100100
0001001010101110
0001100101111010
0010011100010000
1111110011010110
0000010101000111
0000000100001110
0000110110111010
1111101010111001
1111010001100100
1110111000001110
1111000000101010
1111000000101010
1111001001000110
1111111011110010
0000010101000111
1111101010111001
0001010000001111
0010011100010000
0010010011110100
0001011000101100
0000110110111010
0000111111010110
0001010000001111
0000111111010110
0000100110000000
0000100110000000
1111110011010110
0000010101000111
0000010101000111
0000110110111010
0001000111110010
0001100001001000
0010001011010110
0001111010011110
0001111010011110
1110111110111010
0000011110011000
0000110100000101
0000111000011100
1111000111100100
1110010011100000
1101111101110010
1110001111001011
1110001010110100
1110101001001100
1110100000100000
1111000011010000
1111000111100100
1111010100100110
0000010001011000
0001000001000110
0001111001100010
0010011100010000
0001101000001010
0001111101111000
0001111001100010
0001111001100010
0000111000011100
0000010001011000
0000001000101100
0000000100010110
0000011110011000
0000110100000101
0001101100100000
0010010111111010
0010001111001110
0010010011100100
1101101010100100
1101110001010110
1110101101010100
1111001101101000
1111010111011011
1111010001000010
1111000101100011
1111000011011010
1111001000111100
1111010110001000
1111011111011110
0000110001000110
0010001001001000
0010010110010100
0010000101101110
0001100100111110
0001001110111000
0000111100100110
0000001010000000
1111100000010100
1111011001100010
1110111101111000
1110100001011010
1110000010011000
1101111101010000
1101110001010110
1101101110110100
1101101111001110
1101100011110000
1101100011110000
1101100011110000
1101100011110000
1101100011110000
1101110011111010
1110000110110110
1111000001110110
1111001111001000
1111010110000010
1111110110010000
1111110100001010
1111100111101101
1111111111100110
1111111111110101
0000010000000000
1111101100101010
0001000001010010
0010000101110000
0001110101001000
0000110100100110
1111110010010100
1111011010010100
1110111110000010
1110100011110100
1110011011010011
1110000110100000
1110000000000011
1101111000011010
1101110011001110
1101110101010100
1101110011000110
1101101100110000
1101100011110000
1101100011110000
1101100011110000
1101100011110000
1101100011110000
0000010001101100
0001110010100100
0001101000101100
0001001000111010
0000111101011100
0001100000010110
0001101110111100
0001111011011100
0001111110000010
0001111011011100
0001011001000011
0000000111110100
1110111110110000
1111001001010100
1110111101100110
1110010001000100
1101111011000000
1110010001001110
1110000111110110
1110011111011110
1110010011101010
1110010101011000
1110001110111110
1110110110000010
1110110011111100
1111001100111100
1111000011100101
1110100100010100
1101100011110000
1101100011110000
1101100011110000
1101100011110000
1101100011110000
0010011100010000
0010010111110010
0000100011101110
1110000111011110
1101110101100110
1101101000001110
1101110101100110
1101111010000100
1101111010000100
1110010000011011
1111000001100000
0010011100010000
0010001110110110
1110011101110010
1101101100101100
1110000011000000
1110010100110110
1101111010000100
1101101000001110
1110000111011110
1101110101100110
1110010100110110
1110001011111100
1110000111011110
1110001011111100
1110010000011011
1110100010010000
1110001011111100
1101100011110000
1101100011110000
1101100011110000
1101100011110000
1101100011110000
1110101001011110
1110110011100000
1110111001111000
1111000100101110
1111001011001010
1111001011010100
1111010000011000
1111001011101100
1111000011000110
1110110110011100
1110101001011100
1110101010110010
1110100110101100
1110101001011100
1110101110111100
1110110111010000
1111000000111000
1111001110010010
1111100000001010
0000000011000010
1111111101111010
1111111110001010
0000010011101100
0000110101011010
1111001110101010
1111100100100110
0000011001110100
1110000100010100
1110101100000100
1110110000100000
1110110000110110
1110111100100000
1110101110011100
1111111001110110
0000001100101100
1111011110011010
1111011100000010
0000000110100000
1111011000100110
1111011111000110
1111101111111010
0000000001000010
0000001001100110
0000111100010100
0000101001110100
0001000110010000
0001100101000110
0010000010100100
0010011100010000
0010010111110010
0001110001011010
0001100100011001
0010000101101000
0001111101011010
0001010111000010
0000111000100010
0000110111100000
0000101011001100
0000100101101100
1111110100101100
1111011010101000
1111010100101000
1111000100101110
1110011100110010
1110010011011110
1111011011100010
0000000001000100
1111000100001000
1110101111000110
1111011010010100
1111001101011011
1111000010010100
1111011000100010
1111101110011100
0000000011110000
0000111101000110
0000110110001100
0001011110101110
0001110010001110
0010001011001000
0010011001010000
0010011001100100
0010011100010000
0010010101111100
0010000000010110
0001111000100010
0001111001101110
0001101000101000
0001011010100000
0001001111000110
0001000010001100
0000010011011000
1111000111011010
1110101111000010
1110011011010011
1101110011110010
1101110000011010
1110011010111111
1111110110111010
1111101001000010
1111010000101010
1111011010001110
1111011001100110
1111010010100000
1111011001111010
1111110101000100
0000000111100100
0000110011101100
0000110001001110
0001011010110110
0001101011110011
0010010000001110
0010010101001010
0010011100010000
0010010110011000
0010001010111110
0001111111010000
0001110000110000
0001100001101000
0001101010111010
0001011000101100
0001000010001010
0001001100101010
0000101101100000
1101101011100110
1101100011110000
0010011100010000
1101100011110000
0010011100010000
1101100011110000
1111000001100000
0010011100010000
1101100011110000
1110100110010110
1111000010100010
1111011110101100
1111100011110100
1111000010100010
1111010111000010
1111110011001100
1111100011110100
0001000101001010
0001101001000010
0010011100010000
0001111010111100
0000101000111110
0001010111000110
0001000000000010
0000101000111110
0000001010010000
1111100001010000
1111110011001100
1111101110000100
1111111101011100
1111110011001100
0000111101011110
1110111000010010
1111101011100000
1111111000010100
0000011100001100
0000011001101000
0000001010010000
0000001010010000
1111100001010000
1110000111101000