1111000011100000
1111111011111010
1111101010011010
1111101101001000
1110101110110110
1110011101010110
1110001100101001
1110001111101110
1110001111010110
1110001110111100
1110001100101001
1110011001011110
1110101001110100
1110101111010000
1110110100101100
1111010001111000
1111110010100101
0000011011110100
0001001000001100
0001001110011010
0000110010000000
0000010101100110
0000010100011100
0000101000010001
0001000111110100
0001011100011100
0001110011010111
0001110010001110
0001110000010010
0001101100110010
0010001000110010
0010011100010000
1110111110101000
1111111111001100
0000001000000100
0000011101110100
1111101110011000
1111001010110100
1110100110100110
1110100100111100
1110111101101010
1110100101010010
1110101100001100
1111001111110000
1111010001000100
1111011110100100
1111011011111100
1111111100001110
0000101100101000
0001001000111100
0001110011110000
0001110110000100
0001100100111100
0001011010011010
0001100010111100
0001110010000110
0001110110011000
0001101001100010
0001011001000011
0001010011011110
0001011000011010
0001100111001110
0001110100000100
0010011100010000
1110111101101010
1111111101000001
0000111100101110
0001010011010010
0000100110110100
1111011011100000
1110111110010100
1111000010111110
1111100011110100
1111001001010000
1111011010001100
1111111101010110
1111111111010110
0000000010010100
0000010111100100
0001000001000010
0001111111000100
0010001010101010
0001111110101110
0010000010101110
0010010110101000
0010001101010100
0001110111110000
0001100101100000
0001010010100110
0000111011000100
0000111011000100
0001000100010110
0001000111101010
0001100010100010
0001111001110000
0010011100010000
1111000010100010
1111111100010100
0001100100001110
0001101010100100
0000010010001010
1111001111111010
1111011010011110
1111100110011110
1111100011101000
1111011111000100
1111101011110000
1111111110110010
0000101000010110
0001000010110000
0001101000110011
0010000101101100
0010000011100110
0001100010011110
0001101000000110
0010001101000110
0010011001011100
0010010010000010
0001010110110110
0000110010111010
0000101110010101
0000100100011110
0000101100001101
0000111001100110
0001000001101110
0001100111000100
0010001110111000
0010011100010000
1111000011010110
0000001110001110
0001010000101000
0000110111010010
0000010110010010
1111110110011010
1110111001110000
1111110110011010
0000000001100010
1111111010101000
0000010011100110
0001000101100000
0001011001000011
0001011011011000
0001011001000011
0000110100001110
0000101011011000
0000110110111010
0001010110110000
0010010101010110
0010011100010000
0001100011000100
0000100011101110
0000001110100110
0000010000001000
0000000110111010
0000001111010110
0000100011101110
0001000011100100
0001100110111000
0010010001001000
0010001110000010
1110110011111010
0000100100101110
0001001101100010
0000101100111000
0000001110001010
1111111001000010
1111101101000010
0000000111111010
0000010110010100
0000110101000010
0010001010000000
0010000110001010
0000110001101100
0000011000010000
1111110101001100
1111110001010110
1111101000101110
0000000011100110
0000111000111000
0001111010101010
0001111011001000
0001010011110000
0000001111100110
1111110100010000
1111101001101100
1111011101001100
1111101011001000
1111111110110100
0000110001001110
0010000011010010
0010011100010000
0001111101000100
1110100111100110
0001010100100100
0001010110100000
0000100000111110
0000101100011100
1111001110110010
1111011001010010
0000001001000110
0000001101110110
0001001011111110
0001001011000010
0000001101110110
1111011000010110
1111011101001000
1111011010010000
1111111011101100
0000000010011000
1111001000000110
1111100000111100
1111101001100010
0000110010001100
0000111000111000
0000101000101000
0000001110110100
1111110011000110
1111110100000100
1110010011100010
1110110110111010
1111010011100100
0001111011110000
0010011100010000
0001011011010000
1111010111010001
0000010100010111
0000000110110010
1111000010110110
1111000010110110
1110100000111010
1111000010110110
1111011110000010
1111000010110110
1111001001101010
1111010000011100
1111000010110110
1110111100000100
1110101110011110
1111000010110110
1111111001001110
0000000000000000
0000011011001011
0001000011111100
0001000011111100
0000011011001011
0000011011001011
0000000110110010
0000001101100101
0000101111100100
0000111101001010
0001110011100000
0010000001000100
0010000001000100
0001101100101100
0010000111111000
0010011100010000
1111101101111110
0000011000000010
0000010010000010
0000000101111111
1111100111111110
1111001111111100
1111001001111010
1110011001110110
1110110001111000
1111001111111100
1111001111111100
1111100001111101
1111100111111110
1111100111111110
1111101101111110
1111110011111110
0000010010000010
0000110000000100
0001001000001000
0000111100000110
0001000010000110
0000101010000100
0000100100000100
0000110110000110
0001001000001000
0001011010001010
0001101100001100
0010001010001110
0010000100001110
0001111000001100
0010010000001110
0010011100010000
1111010111011000
0000011111010000
0001001011000000
0000101000101000
0000011001000000
0000000110010000
1111010100010000
0000001100100000
1111111100111000
0000001001011000
0000111000010000
0001110110110000
0001100111001000
0000111000010000
0000110101001000
0000101000101000
0000111011011000
0000101110111000
0001011101110000
0010011100010000
0010011100010000
0001001110001000
0000001001011000
0000100101100000
0000011111010000
0000001001011000
0000101000101000
0000011111010000
0001001110001000
0001001110001000
0010000000001000
0001111101000000
1101100011110000
1101100011110000
1101100011110000
1101100011110000
1101100011110000
1101100011110000
1101100011110000
1101100011110000
1101101100101110
1101101010000010
1101111101100000
1110100010000000
1111000001011100
1111111000100010
0000111111001010
0010001010010010
0001111110000010
0000110010000000
1111010011101100
1110101000000000
1110001001110000
1110000010100110
1101100011110000
1101100011110000
1101100011110000
1101100011110000
1101100011110000
1101100011110000
1101100011110000
1101100011110000
1101100011110000
1101100011110000
1101100011110000
1101100011110000
1101100011110000
1101100011110000
1101100011110000
1101100011110000
1101100011110000
1101100011110000
1101100011110000
1101101001101000
1101101001001000
1101101111000110
1110111010010110
0000011111000100
0001110101101010
0010010100111100
0010000010110000
0001001010000110
0000000101011110
1110111000000100
1110001110010010
1101111001001110
1101110010001100
1101100011110000
1101100011110000
1101100011110000
1101100011110000
1101100011110000
1101100011110000
1101100011110000
1101100011110000
1101100011110000
1101100011110000
1101100011110000
1101100011110000
1101100011110000
1101100011110000
1101100011110000
1101100011110000
1101100011110000
1101100011110000
1101100011110000
1101101100101000
1101110000010000
1101101101001000
1111110001110010
0000011000011010
0000010010011110
1111110100000001
1111010000100110
1110110110110100
1110100001001100
1110110111110110
1110011000111000
1110001101101010
1101110010100110
1101100011110000
1101100011110000
1101100011110000
1101100011110000
1101100011110000
1101100011110000
1101100011110000
1101100011110000
1101100011110000
1101100011110000
1101100011110000
1101100011110000
1101100011110000
1101100011110000
1101100011110000
1101100011110000
1101100011110000
1101100011110000
1101100011110000
1111010011010110
1101111110100010
0010011100010000
0010011100010000
1111101001101100
1110010100110110
1101110001001010
1110001011111100
1110100110101110
1110001011111100
1111100000110000
1111000101111110
1110111101000010
1111101110001010
1101100011110000
1101100011110000
1101100011110000
1101100011110000
1101100011110000
1101100011110000
1101100011110000
1101100011110000
1101100011110000
1101100011110000
1101100011110000
1110111011000100
1111000100100000
1111000000101100
1111000111000100
1111001001111110
1111010011110100
1111011011101100
1111101110010100
0000000000010010
0000011010000000
0010001010001010
0010001100100100
0010001100101000
0010001011110100
0010001010101100
0010001010001000
0010000101101000
0001110111101010
0001001001010010
1111110110011110
1110011001111010
0001000000010110
1101101111001110
1110001001100010
1110100001100100
1111000100011100
1111100100010110
0010011100010000
1111110111100010
0001000000001100
0001011010110110
0010011100010000
0001101011110011
0000111011010110
0001111010010110
0001011000011010
0010001000111000
0001001100010100
0001010011100100
0001000101000010
0001101110001110
0000101100110100
0001000101000010
0000001101010100
0000010111000000
0000100111111110
0000100101100100
0000011011110110
0001011101010000
0001000010101000
0000101010011001
0000100011001000
0001100010001000
0000100011001000
0001011000011010
0000110001101010
0000101111010000
0000011001011100
1111101101110110
1110011001000010
0000011101001000
0000001111000000
0000101011010000
0010001110001000
0001011110011110
0001100000001110
0001100101100010
0010000111000100
0001101010110100
0001010011111000
0001010011111000
0001101110010110
0010000011100010
0001100111010010
0000110111101000
0001100111010010
0001100010000000
0001101001000100
0000111110101100
0010010110111110
0010011100010000
0001100101100010
0001000101110000
0000111001011000
0000110100000101
0000111011001010
0000100111101110
0001000111100000
0001000101110000
0001000011111110
1111110100100010
1111010110100000
0001011011001010
0010000111110010
0001011110111000
0001111110100000
0001110111000100
0001100100011100
0010010001000110
0010000100000100
0010010110101010
0001001010011010
0001010001110110
0001101011111000
0010000100000100
0001010111011100
0001101010000010
0000111001101010
0010000101111100
0010010100110100
0001011001010010
0010010010111100
0010011100010000
0010001101011000
0000110111110100
0001011001010010
0001010101100100
0001010001110110
0001100100011100
0001010000000000
0000111111010000
0000110100000101
0000011010000010
1110101110001010
1101100101001100
0010011100010000
1101100011110000
1101100011110000
1101100011110000
1101100011110000
1101100011110000
1101100011110000
1101100011110000
0010011100010000
0010011100010000
0001010111101010
0001010111101010
0001111101110000
0001110110001000
0001100110111010
0001100110111010
0010010100101000
0000111001001010
0001011111010010
0001111101110000
0001110110001000
0001010111101010
0000001011011100
0001100110111010
0001010111101010
0001100110111010
0000000011110100
0000100010010100
0001110110001000
0001100110111010
0001110110001000
0000010011000100
0000011010101100
0001010111101010
0000011010101100
0000110001100010
0000111001001010
0000100010010100
1110110111100110
1110101111111110