1110000101111000
1111111101110100
0000000001000110
0000100100010100
0001000011001000
0010000000110000
0001111101011100
0000101100000000
0000100001000000
0000110000011010
0000011101101110
0000100010001000
0000100110100000
0001000100001110
0001000110011100
0010000010111100
0010001001100010
0001101000100010
0001101111001000
0001101001101000
0001110110110110
0010000111010110
0010000110010000
0010011100010000
0010010111110110
0001011011010110
0001011011010110
0001000110011100
0001000011001000
0001010000010100
0001001111001110
0001100001111100
1110010101010000
0000000000000000
1111111110000100
0000101110100110
0001001100101010
0010011001010110
0010001100101110
0001001110101000
0001000010000000
0001001110101000
0001000001000010
0001011010010000
0001001010101110
0001110101011100
0001100111110110
0010011100010000
0010000110111010
0010000111111000
0001110101011100
0001110111011000
0001100011111110
0010000100111110
0001110001100100
0010011001010110
0010000011000010
0001010101011010
0001000000000100
0000101010101100
0000010100010111
0001000001000010
0000101010101100
0001001110101000
1110001111011010
1111110001000010
1111101011111000
0000100011100010
0001001100101000
0010000110110110
0001101111101110
0001011111011110
0001000101110010
0001000001100000
0000101101110100
0001001011110010
0001010010101000
0001101010100110
0010001011001000
0010011100010000
0001011001011110
0001011111011110
0001001001001100
0001010001110000
0001101011011100
0001110010010100
0010000101001000
0010001100110110
0001010001110000
0000111110000100
0000100110111110
0000100110000110
0000011010000111
0000010011010000
0000110011110100
0000101011010000
1110010101100110
1111100110101010
1111011111111010
0000001010111110
0001010100011110
0001101100000110
0001100100100000
0001110001001100
0001001100000000
0001001100000000
0001001000101000
0001000100011010
0001110010111000
0001111111100010
0010011100010000
0001111000110010
0000110001000000
0000101100110000
0000111011001000
0001000100011010
0001001001011110
0001010110001010
0001011010011000
0001110010000010
0001011110100110
0000010110110100
0000001101100000
0000010101111110
0000000111100110
0000010000111010
0000001101100000
0000001110010110
1110001111111000
1111010010111110
1111101001000010
1111111101010000
0001000110110010
0001011100110101
0010000011011100
0001111101000000
0001111011001010
0001010110011010
0001100011010000
0001111011001010
0010001101100010
0010011100010000
0010010100111010
0001000110110010
0000110110001101
0001000100111100
0000101010010010
0000110100011000
0001010100100100
0001011100110101
0001110111100000
0001011000010000
0000110010100100
0000100010111100
0000100101101100
0000100010111100
0000011001110000
0000010111111010
0000100010111100
0000111101100110
1110011001010000
1111100001000000
1111101000010010
1111101101001010
0000011100100100
0010000011111100
0010010100111110
0010011100010000
0010000111100110
0001001111101010
0001110111110001
0010011011000010
0010011011000010
0010001100011100
0001011001010111
0000101000101111
0000110010011110
0000110010011110
0000101101100110
0000110111010100
0001100100010100
0001110100001000
0001111100101000
0001011001010111
0001000001000100
0000101110110100
0000101001111100
0000010101010001
0000010010110110
0000100111100010
0000110111010100
0001001010110010
1110100111110010
1111010101001010
1110111111110000
1111101010100110
0000101000010100
0001110011111100
0010011100010000
0010011011000000
0001011010101110
0001011110100000
0001111000111110
0010010111001110
0010000000100010
0001010001111010
0000110110001100
0000100111000100
0000010110101100
0000010101011010
1111111001101100
1111100110110100
0000100010000010
0001010101101100
0000110111011100
0001000101010100
0000000111100100
1111010110011010
1111001011000100
1110101010010100
1111001011000100
1111111001101100
0000001100100110
0000001111001000
1101111001100100
1111111100011001
0000000011100111
0000011001011100
0001001100010100
0001000101000010
0001010011100100
0001001100010100
0000100000101110
0000011001011100
1111101101110110
1111100110100100
1111111100011001
1111101101110110
1111011111010010
0001010011100100
0001100010001000
0000100000101110
0000101111010000
0001001100010100
0010000110011100
0010000110011100
0010001101101110
0010011100010000
0010000110011100
0001111111001011
0001110000101010
0001100010001000
0001101001011000
0001100010001000
0001110000101010
0001110000101010
1110010011010100
0000000000000000
0000000000000000
0000110110010110
0001010001100010
0010011100010000
0010010101011110
0001001010101110
0000101000101111
0001000011111100
0000111101001010
0001000011111100
0001000011111100
0001111010010010
0001111010010010
0010010101011110
0010011100010000
0001110011100000
0010000001000100
0001110011100000
0001110011100000
0010000001000100
0010001110101010
0001111010010010
0010001110101010
0001111010010010
0001011111000110
0001000011111100
0001010001100010
0001011000010100
0001011000010100
0001100101111010
1110001110101110
1111001101001110
1111011100110110
1111010101000010
0000010011100010
0001110001010010
0001111001000110
0010011100010000
0010001000101110
0001000110010100
0001011001110110
0010001100101000
0010011100010000
0010010100011100
0001110001010010
0000110110101100
0001000110010100
0001000110010100
0000101110111000
0001000110010100
0001111001000110
0001110001010010
0010000000111010
0001101001011110
0001010010000010
0000110010110010
0001000010011010
0000110010110010
0000110010110010
0001000010011010
0001000010011010
0001100001101010
1101100011110000
1101100011110000
1101100011110000
1101100011110000
1101100011110000
1101100011110000
1101110001001100
1101110001111000
1101110000100010
1101110001001100
1101111111010100
0000110000000100
0010001110110100
0010011010111010
0010001010110010
0001110010100110
0001001100111100
0000001100011100
1111111001101000
1111001000100100
1111100110110100
1111000100100010
1110001001011000
1101110001111000
1101110011001110
1101110100100100
1101111101111110
1101110100100100
1101110110100100
1110000010101010
1110011110111000
1110001010000100
1101100011110000
1101100011110000
1101100011110000
1101100011110000
1101100011110000
1101100011110000
1101100011110000
1101101100101000
1101101011100110
1101101100110100
1101110010100110
1110001010001100
0000101110111110
0010010010101100
0010010111111110
0010001100100010
0001111000011000
0001101100010000
0001110001000010
0001011110010000
1111100011011110
0000101101100110
1111001011100100
1101111000111100
1101110000000010
1101110000100100
1101101110100000
1101110010110010
1101110001011010
1101110011111110
1101110100010100
1101111011001010
1101110101001010
1101100011110000
1101100011110000
1101100011110000
1101100011110000
1101100011110000
1101100011110000
1101100011110000
1101110100110110
1101110100011010
1101101110001010
1110010110110010
1110010100101100
1110110010101010
1110100111111001
1110100010010000
1110100011100000
1110011111001000
1110100101011000
1110111111101000
1110101001110000
1110100111010001
1110100000011000
1110011101010000
1110010001100100
1110010111110101
1110011111001000
1110000011000000
1110110000110100
1110110110000010
1110001100011000
1110001001110000
1110010111010100
1101111101010000
1101100011110000
1101100011110000
1101100011110000
1101100011110000
1101100011110000
1101100011110000
1101100011110000
1111100000110000
1101100011110000
1110000011000000
1110011001010100
0010011100010000
0010011100010000
0010011100010000
1101111110100010
1101111110100010
1110011001010100
1110101111101010
1110011101110010
1111000001100000
0001000111011100
1110110100000110
0010011100010000
0010011100010000
1111000101111110
1101101000001110
1101101100101100
1101101000001110
1101101000001110
1101100011110000
1101101000001110
1101100011110000
1101101000001110
1101100011110000
0010011100010000
0010011100010000
0010011100010000
0010011100010000
0010011100010000
0010011100010000
0010011100010000
0010011100010000
0010011100010000
0010011100010000
0000010101101010
0000001100000100
0000001100000100
0000000011110100
1111110101001010
1111101110110000
1111011111000010
1111001100000101
1110110101011010
1110001100111000
1110001011010110
1110110100101000
1110010100111100
1111011100110100
0001101111110110
0010010011011000
0010010011100010
0001110101001100
1111101000101010
1111011101111000
0000011001001010
0000100111100000
0000111011010010
0001000100010000
0001010100011010
0001101101100100
0001000111110110
0010010101000100
0010011100010000
0001010100011010
0001111010001000
0001011011100110
0001001001101000
0001011000000000
0001101011110000
0001100110011000
0001011001110100
0000101001010100
0001100000111110
0001011011100110
0001010100011010
0000011100110000
0000110101111000
0001000100010000
0001010110001110
0001001111000010
0001000100010000
0001000111110110
0000001010110010
1111001111100000
0000000100001000
1111100011001110
0000011110001010
0000111100010100
0001001100110000
0001101101101010
0001101000001010
0001011001000110
0010010001010010
0001111010000000
0010001011110100
0001101111000010
0001111010000000
0001100110110010
0001110011001000
0010000110010100
0001101101101010
0010011100010000
0001101100010001
0000111001100100
0000111101101100
0001001111100000
0001000111010010
0001100001010100
0001010100111101
0000011100110010
0000110101011110
0001101010111010
0000111010111100
0000011100110010
0000110110110100
1111100111010110
1111001010011000
1111000011011110
0000011100001111
0000101000111100
0000000000100100
0000000101001100
0000101011010000
0001010000001010
0010001110011010
0010011011000110
0001111001101010
0010011000110010
0010011100010000
0001011111001000
0000110011010100
0001001101110110
0001011001010111
0001101000010101
0001101010101010
0000100010000010
0000010100001100
0000010110100000
0000011001111100
0000001111100011
0000000100000010
0000000111100000
0000110101101000
0000110100011110
0000100011001010
0000101010000101
0000001111100011
1111100111001110
1101101000001100
0010011100010000
1101100011110000
1101100011110000
1101100011110000
1101100011110000
1101100011110000
1101100011110000
1101100011110000
1111001010111000
1111010100010000
0000011111010000
0000011001000000
1111110011100000
0000110010000000
0000111011011000
0000011001000000
0001000001101000
0001000001101000
0000101110111000
0000111110100000
0001011101110000
0001011101110000
0010001001100000
0001111001111000
0010011100010000
0010001001100000
0010001100101000
0010011001001000
0001010100011000
0001111101000000
0001101010010000
0001100100000000
0001110110110000
0001111001111000
0001100000111000
0001011101110000
0001001011000000
0001000111111000
0000001111101000
1110001111100000