1110101011100001
0000010000100110
0000000000010111
0000101010110100
0001010111100100
0001100111110010
0000101010110100
1111110000001100
1111101101000110
1111100101011000
1111110101100110
1111100100100110
1111100110001010
1111100110111101
1111111011000000
0000101010000100
0001000001001100
0001100000000100
0001110011010110
0010011100010000
0010011100010000
0010010110000100
0010001100110100
0010010001011100
0010000100010110
0001111111101100
0001110111001110
0001100010011000
0001001000001010
0001010100011111
0010001100000010
0010011001001010
1111001000010110
0000100100011110
0000110100100110
0001010010100010
0010000010001010
0010001000010010
0000110110111010
0000101001000100
1111011010000000
1111010001100100
1111101001010110
1111011011100010
1111011101000100
1111110100000110
1111100111000010
1111111010010000
0000101010101000
0001000001101010
0010001000010010
0010010011000010
0010001110011100
0001111000001010
0010001011010110
0001100011011100
0001110101000110
0001010111111010
0000110100100110
0000011011010000
0000111000011100
0000101010101000
0001001101001010
0010011100010000
1111010110111000
0000101000010110
0001001101001010
0001011001101100
0010000001101000
0001101011101100
0001001010110010
0000000101000101
1111010111101010
1110100001101000
1111000100000110
1111011010110100
1111001000110010
1111000100000110
1110110011101000
1111100001110110
1111111011101100
0000010010011010
0001011101100110
0001011111111100
0010000011111110
0001101011101100
0010010101111110
0010011100010000
0010000011001100
0001000001011010
0001001010110010
0001010001110110
0001010010101000
0000111101011110
0001001110101110
0010010011101000
1111001010111010
0000001111111011
0000111101011100
0001000010000000
0000111110111110
0000011100000100
0000100110101100
1111100000001010
1111001100011100
1110010110100100
1110101001100010
1110110000010110
1110110001111000
1110101000110010
1110101001100010
1110111010001110
1111000100110110
1111101010110000
0000101110010010
0001110111110110
0010010000001000
0001100000010110
0001111010001000
0010011100010000
0001101101001110
0001001111101010
0000101110010010
0000011100000100
0000111101011100
0000100010111010
0001010010101100
0001110010100010
1111000010001010
0000001001001100
0000111010100000
0000111110101010
0000110010000111
0000000010100000
0000001010111000
1110110111010100
1110101110111100
1110100001100110
1110101001000110
1110100011010000
1110011010111010
1110100000110000
1111000010001010
1111010100100100
1111011100111010
0000000100001100
0000100000100110
0001101010001000
0010001111101110
0010011100010000
0010000111011000
0010010010001110
0010011000000100
0001101001010010
0000111101110110
0000110000011101
0000100101100110
0000110101011110
0001110011010100
0010000000101100
1110110101111100
1111101011101010
0000100011000000
0000111000001010
0000011110001000
1111100000010000
1111010010011100
1110011101100010
1110100100000010
1101101100101100
1110010010111101
1110011000101010
1110010111000011
1110100111010010
1110110100010100
1110010100100100
1110110001000100
1111011101000000
1111010100000100
0000110110100001
0010011001000000
0010011100010000
0001101000001010
0001110100011000
0001100011010010
0001001000011100
0000001111011110
0000010001111010
0000001000111100
0000000010011100
0000010101111110
0001100110100010
1111001011001100
0000010011000100
0000110011101110
0000100010010100
1111111111011110
1111001111100011
1110110101011010
1110101110111000
1101111100110010
1101101011011000
1101101011011000
1110001010111100
1110000011010100
1110011111101000
1110111111001110
1110101010100010
1111000011100101
1111000110110110
1111000100101010
0000011111000010
0001111111111100
0010000001000010
0010001111001100
0010011100010000
0001110011111110
0000101110010010
0000100100011110
0000011111000010
0000011010101100
0000000011110100
0000100010010100
0001000010111110
1110010001011110
1111011101101100
1111010110000110
1110101111111110
1111000110110110
1111001110011110
1111000110110110
1111000110110110
1110100000101110
1110011001000110
1110100000101110
1111001110011110
1111001110011110
1111010110000110
1111100101010100
1111011101101100
1110110111100110
0001010111101010
0001111101110000
0010000101011000
0010000101011000
0001011111010010
0001011111010010
0010001101000000
0010001101000000
0010000101011000
0001101110100010
0001010000000010
0001000000110010
0001010111101010
0010000101011000
0010011100010000
1110101000010110
1111111100001100
0000000011110100
0000011010101100
0001010000000010
0001101110100010
0000111001001010
1111000110110110
1111111100001100
0000000011110100
1111101100111100
1111101100111100
1111101100111100
1111110100100100
1111110100100100
0000001011011100
0001001000011010
0001000000110010
1111111100001100
0001100110111010
0010011100010000
0010001101000000
0010010100101000
0001010111101010
0001010000000010
0001100110111010
0001101110100010
0001010111101010
0001000000110010
0000110001100010
0001111101110000
0010011100010000
1111011010000000
0000011101100100
0000111011001000
0001000011100100
0001011100111010
0001000011100100
0000110010101100
1111011110001110
1111000000101010
1110000101100010
1110100111010100
1110110100000000
1110011010101011
1110011010101011
1110101111110001
1110101011100010
1110011110111000
1110111000001110
0001011000101100
0001101101110100
0001110010000010
0001101101110100
0001111110101100
0010011100010000
0010010011110100
0000011101100100
0000110110111010
0000110010101100
0001000111110010
0000100001110010
0001101001100100
0010001111100110
1101100011110000
1101100011110000
1101100011110000
1101100011110000
1101100011110000
1101100011110000
1101100011110000
1101100011110000
1101110010100010
1101110001110000
1110100001111100
0001010100101110
0001101110011000
0010010101010000
0010001000110100
0001001100111110
0000101101111000
0000011111000110
1111111110011100
1111110111011100
1111011100010000
1110111110101100
1110100100010010
1110001001000100
1101111110111110
1101110110011010
1101110011010100
1101100011110000
1101100011110000
1101100011110000
1101100011110000
1101100011110000
1101100011110000
1101100011110000
1101100011110000
1101100011110000
1101100011110000
1101100011110000
1101100011110000
1101100011110000
1101100011110000
1101101111111000
1101101101111000
0000100100100110
0000111001010110
0010000100010010
0000110110011010
0000010101010000
1111101001110000
1111011101001000
1111011100101010
1111000010011100
1110110101100110
1110100001000100
1110010010011110
1110001000000110
1110000101011000
1101111101001110
1101110110010010
1101110101000100
1101100011110000
1101100011110000
1101100011110000
1101100011110000
1101100011110000
1101100011110000
1101100011110000
1101100011110000
1101100011110000
1101100011110000
1101100011110000
1101100011110000
1101100011110000
1101100011110000
1101110110100000
1101110000010000
1110110001010110
1111010101100100
1111010001001000
1110110001011010
1110101001110100
1110110101011100
1110111001000000
1111000000101110
1110101111001001
1110101111001001
1110010110001000
1110011101001010
1110011001111010
1110110001111000
1110110000110100
1110010101110000
1101110101011100
1101100011110000
1101100011110000
1101100011110000
1101100011110000
1101100011110000
1101100011110000
1101100011110000
1101100011110000
1101100011110000
1101100011110000
1101100011110000
1101100011110000
1101100011110000
1101100011110000
1101101100101100
0010011100010000
0010011100010000
0010011100010000
1110100010010000
1110100110101110
1110000111011110
1110011001010100
1101111010000100
1101100011110000
1101110001001010
1101110101100110
1101111110100010
1101101100101100
1101101100101100
1110000111011110
1110000111011110
1110000011000000
1110010000011011
1101100011110000
1101100011110000
1101100011110000
1101100011110000
1101100011110000
1101100011110000
0010010001010000
0010010010110010
0010010101110100
0010010111111100
0010011000111110
0010011001011100
0010011001001110
0010011000010000
0010001101010100
0001100010000110
0001010101110110
0001010001011110
0001010001000110
0001010100111010
0001010110001010
0001010111000110
0001010100111100
0001001110111100
0001011100010110
0001100001010110
1110100100010110
1111101000000110
0001010000110110
0000001111010110
0000111011010110
0001110001011110
0010011100010000
0010010100011100
1110001111111010
1110110001111000
1111100100110101
1111011110000010
1111010000011100
1111001001101010
1111101000001110
0000011011001011
0001100101111010
0001111101101100
0010001011010010
0010001110101010
0010001110101010
0001110110111000
0010000001000100
0010011000110110
0010011100010000
0010010101011110
0001110011100000
0001001010101110
0000001010001011
1111010011110110
0000000000000000
0000001010001011
0000001010001011
1111111100100110
1111110101110101
1111010000011100
1110111111011110
1111000010110110
1110101011000110
1110000010010100
1111000001110100
0000000100100100
0001010110011110
0000100010111010
0000000111100110
0000000111100110
0000101000111110
0000111000001000
0001111101111010
0010010110001100
0010011100010000
0010010000001000
0010010110001100
0001110100110100
0001100101101000
0010010000001000
0010010011001010
0010001010000010
0001010110011110
0001000100010000
0000010000101100
1111111110011110
0000011111110110
0000011100110100
0000100010111010
0000100010111010
0000011100110100
1111111110011110
1111101111010100
1111011101000110
1111101100010010
1111011010000100
1111111000000110
0000100001001010
0000111010011010
0000110100000101
0000000111111010
0000010001011000
0000100001001010
0000010111101100
0001100000010010
0010011001000110
0010010010110010
0010001111101000
0010010010110010
0001111111110110
0001111100101100
0010010010110010
0010011100010000
0010000011000000
0001010110110100
0001001101010110
0000001110001110
0000001011000100
0000010001011000
0000001011000100
0000011010110110
0000100100010100
0000000111111010
1111110100111100
1111101011011110
1111110100111100
0000000100110000
1111100101001010
0010011100010000
1101100011110000
1101100011110000
0010011100010000
1101100011110000
1101100011110000
1110100010010000
1110000011000000
1101100011110000
1110111011011000
1111100100010000
1111101010000110
1111111000101100
0000100100100000
1111111110100010
0000010010111110
1111111011101000
0000000001011110
0000110110000010
0001000100101000
0010011100010000
0010000100111000
0000111011111000
0001000001101110
0010000111110100
0010000001111110
0001100100110000
0000010000000100
0000010010111110
0001011110111010
0001011001000011
0001000111100100
0000111011111000
0000100001100110
0000011011110000
1111111011101000
0000000001011110
0000000111010100
1111111000101100
1111101111111100
1110000000111111