1111101001100010
0001010011110100
0001010000101000
0001111110001000
0001110111010000
0000001000101110
0000010010010000
0000001100111110
1111111111110000
1111110101001010
1111101100101100
1111101110110100
1111111001011000
0000001101011110
0000010011010100
0000100101010010
0000111011100000
0001110011100001
0010001001110000
0010010001001010
0010011100010000
0010001100111010
0010001111000010
0010010010001110
0010011001000100
0001110011100001
0001010111100000
0001011001000110
0001101110110010
0001011101110110
0010000111101000
0010010000000110
1110111001001000
0000001001110010
0000001001110010
0001000110111000
0000111111011100
0000001101010100
0000000001100100
1111111101010000
1111101111001010
1111101110000000
1111011100011000
1111111010001000
1111100101011000
1111110101110101
1111101010110110
1111111100111000
0000100010000100
0001010001011110
0001101000111100
0010001110111100
0010000101001010
0001100111011000
0001101110011100
0010001010010000
0010000110010100
0001111100100010
0001101100000110
0001100101110100
0001110001111110
0010000011100110
0010010111001010
0010011100010000
1111000011111010
0000000110011010
0000011001101010
0000111010000110
0000100010110110
0000000001100110
1111101001100100
1111110011001100
1111100000110000
1111100001001010
1111100010110000
1111011101001010
1111010111100010
1111010100010110
1111101110110010
0000000101100110
0000011010011100
0000111000111010
0001010011101110
0001111010100110
0010000110101000
0001111010100110
0001111001000000
0010001100101000
0010001001011010
0001111011110100
0001100100100011
0001100100111110
0001110011010111
0010000011000000
0010011001110110
0010011100010000
1110110110110110
1111101010101111
0000010101101100
0000100110101110
1111110111101100
1111101011111101
1111010100011100
1111000110010000
1110110100011010
1110111100111010
1111000001011000
1110111000000100
1110101110010111
1110111110001000
1111011101110000
1111101001000110
1111111101110010
0000001101001100
0000111111011100
0001101111101010
0010001010000000
0010000010010100
0001100011111010
0001100011100000
0010000101001010
0001111101011100
0001101010000000
0001011011110100
0001011111110101
0001110110001010
0010001110011110
0010011100010000
1110101100110110
1111011010010010
0000011111110100
0000011101110100
1111101111001110
1111001010011110
1110100100001010
1110001110000010
1110011111000000
1110101100000100
1110100101101110
1110011111000000
1110100010001010
1111000000001100
1111010011100100
1111100001011000
1111100100100010
1111111101000010
0000100100100010
0001101010000100
0010001010000100
0001111111011010
0001010000000000
0001011001000110
0001111101000010
0001111101000010
0001100010100100
0001001010111000
0001011100010000
0001101101101000
0010010100110000
0010011100010000
1110100001010110
0000001011000010
0000110101110010
0000011010001100
1111110001110000
1110100111110000
1101111000011100
1110010001010000
1110010011100010
1110000000010000
1101111000011100
1110000101110000
1110011100010010
1110101010100010
1110101100011000
1110110011010000
1111010101010000
1111110110010110
0000001000101110
0001011001001010
0001111001110010
0001110110000110
0001100011101110
0001011110001110
0001101011000100
0001110000001000
0001010011001100
0001000101011010
0001001000001010
0001001111111110
0010001011010000
0010011100010000
1111010011111000
0001101101001110
0010010010100110
0001001110010010
1110110111100000
1110001011000101
1101111110001010
1110010010110010
1110000101010000
1101110101001010
1101111111011110
1110011111101101
1110101101001110
1110101111001001
1110101001010110
1110101101110110
1110110001000100
1111001110000100
0000011011011000
0001111000001010
0010011100010000
0010000101101100
0001100100001100
0001101010101000
0001111001011110
0001011010100010
0000100100011010
0000010100111100
0000101010110110
0000110111110000
0001100110110010
0001111111010000
0000011000101010
0010001011110100
0010000011100110
0001101010111010
0001101010111010
0000000000000000
0000101001001000
0001000001110010
0000001000001110
1110101101110000
1110110110000000
1110110110000000
0000000000000000
0000001000001110
0000001000001110
0000101001001000
0000011000101010
0000111001100100
0010001011110100
0010011100010000
0010010100000010
0010001011110100
0001101010111010
0001110011001000
0001100010101100
0000111001100100
0000100000111010
0000011000101010
0001000001110010
0001001010000000
0001010010010000
0001101010111010
1111110011111110
0001101100001100
0001010100001000
0010011100010000
0010000100001110
0000011100000010
1111111100000000
1111011011111100
1111101011111110
0000010100000010
1111101011111110
1111101011111110
1111110011111110
0000010100000010
0000001100000010
1111001011111011
0000100100000100
0001100100001010
0001111100001011
0010000100001110
0001111100001011
0001111100001011
0000111100000110
0010011100010000
0010010100010000
0001000100000110
0001001100001000
0001011100001010
0001101100001100
0000111100000110
0001001100001000
0001011100001010
1110110100101010
1111110111101000
0000101111011100
0000100001011110
0000001101111100
1111010000100100
1110001101100110
1110001010110100
1110010000011011
1110111111110100
1110110111011110
1110101001100000
1110010011001100
1111001000001100
1111011011101110
1111011011101110
1111101001101100
1111110010000100
0000011001001000
0001110010011010
0001111010110010
0001111101100100
0001100111010000
0001100111010000
0010001011100000
0001110101001100
0001010011101110
0001000000001100
0001110010011010
0001110010011010
0001111010110010
0010011100010000
1101100011110000
1101100011110000
1101100011110000
1101100011110000
1101100011110000
1101100111000110
1101100111011100
1110000111111000
1101110011001000
1101110001101000
1110010111111010
0001101001010000
0001011001001100
0000100100001100
0000011001101010
0000000100010000
1111110101001110
1111101000110110
1111100110110110
1111100000101010
1111101010100000
1111001001000100
1110001001011000
1101110111010100
1101110000110010
1101101100110010
1101100111100110
1101101000110010
1101100011110000
1101100011110000
1101100011110000
1101100011110000
1101100011110000
1101100011110000
1101100011110000
1101100011110000
1101100011110000
1101100011110000
1101100101101010
1101100101111010
1110001000111000
1101111100001110
1110001001110100
1110001000100011
1111011010010110
0010000001111110
0001111010100010
0001100001101000
0001010110100000
0001100110010110
0001011000001010
0000001100111010
1111001111000100
1110101111101010
1110001000000000
1101110001010000
1101101100101100
1101101010011000
1101101001000110
1101100111010100
1101100110110100
1101100011110000
1101100011110000
1101100011110000
1101100011110000
1101100011110000
1101100011110000
1101100011110000
1101100011110000
1101100011110000
1101100011110000
1101101111001100
1101101011000010
1110100010110000
0000001110000100
0000001010011010
1111111101011000
1110001111000110
1111111000100100
0000011111101000
0000100100010100
0000010100101100
0000011101001001
0000100110111000
0000011101100000
1111101101000100
1110011100110110
1101101100111100
1101111100011010
1110011010000110
1110100111101000
1110001111101010
1101111101111110
1110001110101000
1101100011110000
1101100011110000
1101100011110000
1101100011110000
1101100011110000
1101100011110000
1101100011110000
1101100011110000
1101100011110000
1101100011110000
1101111010000100
0010011100010000
0010011100010000
0010011100010000
1111010111110100
0000111110100000
0010011100010000
0010011100010000
1101111010000100
1101111110100010
1101110001001010
1101101000001110
1101111010000100
1110100110101110
1110101111101010
0010011100010000
0010011100010000
1110011101110010
1110100110101110
1110101011001101
1110100010010000
1101101000001110
1110010100110110
1101100011110000
1101100011110000
1101100011110000
1101100011110000
1101100011110000
0000101101000010
0000101111000100
0000110100001111
0000111110001100
0001000100111110
0001001101110010
0001010100110000
0001011001111010
0001011010010100
0000011110111100
0001000010000000
0001000101110110
0001001011111100
0001010011110110
0001011000101110
0001011110110000
0001101000000000
0001110000011110
0001111011101000
0010000001101100
1110011001111010
1111111110001010
1110000111000110
1110011011101010
1111001110111100
0000001100101100
0001100010011110
0010011100010000
1111010110101110
0000001000111000
0000010100010111
1111110111001000
1111110010111101
0000101100011010
0001010101001100
0010010011111000
0010010101111110
0010001011100010
0010000101010000
0010000101010000
0010000100001110
0001110011100000
0001000001010100
0001001011110010
0001011010011010
0001011100100000
0001011100100000
0010011100010000
0010011000000100
0001111010110100
0001100101111010
0001000101100000
0001000110100100
0001000101100000
0001011010011010
0001000010011000
0000110110111000
0000011110110110
0000101101011110
0000000100101110
1110100010110010
1111110000011110
1111110000011110
1110111001001110
1111100000000100
1111111001000110
0000000011011100
0001001101101100
0010000011001110
0010011100010000
0010010110001110
0010000011001110
0001110000001101
0001010010000000
0001000101000100
0001110111001000
0010000100000110
0001000001100110
0000110010000100
0001100001100100
0001101111011000
0001011110000110
0001010010000000
0001010111001100
0000110001001110
0000110001001110
0001100000101100
0001100100001000
0000100010100010
0000110100101010
0000101100000010
1111110001010100
0000001101011010
0000011100001000
0000011100001000
0000010110000100
1111111111100100
1111101011101010
0000001011101100
0000010110111100
0001101000010100
0010010011100110
0010010100011110
0010011100010000
0010011011011000
0001010010101010
0001101000010100
0010010110001100
0010001111010000
0001010100011010
0001000001010110
0001000111011010
0010001010000100
0010001000010110
0001100110100110
0001011101000100
0000111010011100
0001111000110000
0010000110100110
0001000100110100
0000111110110000
0001110011100100
0001110000111110
0000011001100010
1110111111010100
1101100011110000
1101100011110000
0010011100010000
1101100011110000
1101100011110000
1110100010010000
1111100000110000
1101100011110000
0000101001010000
0000001101110000
0000011111010000
0000001011010000
0000001000110000
0000111000010000
0000111010110000
0000001101110000
0010001111110000
0010011100010000
0010011100010000
0010010111010000
0001011000101111
0001011000101111
0001011011010000
0001100101010000
0001100101010000
0001100000010000
0001001110110000
0001000100110000
0001011000101111
0000101110010000
0000101001010000
0000111010110000
0000110000110000
0000110000110000
0001100010110000
0001101100101111
0001011101110000
0000011111010000
0000010101010000
1111101101010000