1111010010001000
0001011100100000
0001011000101000
0001101011010010
0001011111101000
1111100001101100
1111001111000010
1111100000111010
1111011001001000
1111001100101100
1111100001101100
1111110011100100
1111111011010110
0000000000110010
0000000111110001
0000010111010100
0001011110000100
0001110101011000
0001111010000010
0010001100101100
0001010111000100
0001110000101110
0010011001001000
0010011100010000
0001010011111110
0000011100000000
0000101000011011
0000010101000000
0000000101011100
0000000010010110
0000110111111110
0000110010100010
1111100001000100
0001011010100010
0001010100011100
0010011100010000
0001111001111000
1111101001011110
1111000000001100
1111010100000100
1110110010011100
1110111001010100
1111100101101000
1111110011011010
1111011010001100
1111011011101110
1111110100001010
1111100100111000
0000101111110000
0001001101100100
0010001111010000
0001110110110100
0010011001111110
0001110110000100
0010010110111010
0010001001001010
0010010000000010
0000111011001110
0001000001010100
0001000000100100
0000111101100000
0000101011111100
0000110010000010
0001101101101010
1111100111010000
0001100001011110
0001101001001100
0010011100010000
0001101010110000
1111011000100100
1110011000010110
1110010011101111
1110001010011100
1110010000101000
1110111110010000
1110111100101110
1110110101110000
1110010010001010
1110100010011010
1110011010101011
1111000110110000
0000000110001100
0000100101111010
0001111101010100
0010001100000000
0001111011110000
0001110000001010
0010010110000100
0010001000111010
0001011001101110
0000100011100110
0000101011010100
0000000110001100
0000001000100000
0000110110111010
0000111011100100
1111101101010010
0001010111111000
0001111001010000
0010011100010000
0000111000111110
1110110101111100
1110100001100110
1110101001110000
1110001101010000
1101100100100100
1110100110011111
1110101110101000
1110100011001110
1110110010101100
1110101000001000
1110110111100100
1110110011100000
1110111110111010
0000001101000010
0000100100101000
0001110001111100
0001110110000000
0001101011011100
0001100111010110
0001110011100100
0000110101101110
0000101000101100
0000001100001110
1111011101110100
1111100010101100
0000011100011110
0000100100101000
1111101001010100
0000111111101110
0010010011100010
0010011100010000
1111010110000110
1110100100010110
1110110100000100
1110110101110100
1110011100100000
1110010011110000
1110011001000000
1110011111111110
1110100110000110
1110010000010010
1110010110011000
1110111101101010
1110110100111100
1110011111000110
1111101011111101
0000101111111111
0001001111011100
0001011000001010
0000111010100000
0001011011101010
0000110000111000
0000100001001010
1111111001000010
1111100100000101
1111100010010100
1111110000010010
1111111110010000
0000101100100001
1111010111111001
0000100110011100
0010011100010000
0010010111111110
1110111010000000
1111000010100010
1110100110010110
1111000011011000
1110010110001000
1110000100001100
1110011010011010
1110101001110000
1110101011011110
1110110000100110
1111001100110010
1110101111110001
1110100110010110
1110110100000000
0000000000000000
0000100110011100
0001001011001000
0001001110100100
0001010110010000
0001000010100110
0000110100111100
1111101101001110
1111010111000010
1111001111010110
1110101001110000
1110101101001100
1111100110011000
0000101010101100
1110111011001000
0000001011010100
0001011111100110
0001100001101010
1111001101101000
1110100100100000
1111010011110100
1111011001111110
1110101111110100
1101100110110110
1110110100111110
1111011101000100
1110101001101010
1110100110100100
1110101011101110
1110110100111110
1111001101101000
1111111110111110
0001011001011100
0010011010001100
0010011010001100
0010011100010000
0010011001001010
0010000010100100
0000111101101100
0000000010000100
1111100000001001
1111100001001010
1111100011001110
1111010101110110
0000000111001100
0000101011001100
0000010001011000
0010010011100100
0010011100010000
0001011111100000
0001000101011100
0000010001011000
1101110101001000
1111101110101000
0000000000000000
1111010100100110
1111011101010010
0000011010000010
0000010001011000
0000010001011000
1111110111010100
0000010001011000
0000101011011010
0000101011011010
0000011010000010
1111110111010100
1111101110101000
0000110100000101
0001010110110100
0000110100000101
0000010001011000
0000000000000000
0000001000101100
1111101110101000
1111010100100110
1111101110101000
0000010001011000
0000000000000000
1111000110011100
0001001010000000
0001010010010000
0001011010011110
0001011010011110
0000000000000000
1111110111110010
1111011111000110
1110111110001110
1111100111010110
0000000000000000
0000010000011100
0000001000001110
0000100000111010
0000110001010110
0001000001110010
0010000011100110
0010011100010000
0010000011100110
0010000011100110
0001111011010110
0010010100000010
0010001011110100
0010010100000010
0001110011001000
0000110001010110
0000101001001000
0000110001010110
0000100000111010
0000101001001000
0001001010000000
0001000001110010
0000000110011010
0001100100100110
0001111010000000
0010011100010000
0001101000111000
1111100100001100
1111010111010110
1111001010100000
1101110000100110
1110111001011000
0000000110011010
0000000010001000
1111001010100000
1110011111101101
1110101100100010
1110110101000110
0000001010101100
0000001110111110
0001001111001100
0001100100100110
0001111110010010
0001110101101110
0001111010000000
0001110001011100
0010000110110110
0001000110101000
0000101000101010
0000110001001110
0000110001001110
0000100000000110
0001001111001100
0001110001011100
1101110101101010
1101110000001110
1101110010011010
1101110000110010
1101101110100110
1101110010111100
1101101111101100
1101110101101010
1101110010011010
1101110011011110
1101111101110010
0001110001111100
0010001001010000
0001111001100010
0001011100110010
0000111001100000
0000100010101110
0000011010100110
0000010100101000
0000011000111110
1111101000001000
1110101000001000
1101111100001010
1101110111010010
1101110000001110
1101110001010100
1101101110000100
1101100011110000
1101100011110000
1101100011110000
1101100011110000
1101100011110000
1101100011110000
1101111001010100
1110101101010110
1111010110100110
0001110000001101
0010000111000000
0010011100010000
0010011100010000
0010011100010000
0010011100010000
0001000101001000
1110011111001010
0001010001110000
0010000100110110
0001010010111110
0000110110101010
0000000110010100
1111110010100110
1111101001000100
1111100111100010
1111100001011000
1111000011110100
1110110010100100
1101111111011110
1101111101000000
1101110111011110
1101111000101100
1101111000000100
1101100011110000
1101100011110000
1101100011110000
1101100011110000
1101100011110000
1101100011110000
1110100010110000
0001100000010110
0010011100010000
0010011100010000
0010011100010000
0010011100010000
0010011100010000
0010011100010000
0010011100010000
0010011011001100
1111111010110010
1110101100110010
1110101100110010
1110010011011011
1110010110100010
1110000100111100
1101111000011100
1101110110000110
1101110011110000
1101110001110100
1101111111111000
1110011110000100
1110001111100000
1110100000101100
1110001100011000
1110000011000000
1101110010010100
1101100011110000
1101100011110000
1101100011110000
1101100011110000
1101100011110000
1101100011110000
0010011100010000
0010011100010000
0010011100010000
0000101100101010
1110010000011011
1101111110100010
1101111010000100
1101110101100110
1110110100000110
0010011100010000
0010011100010000
0010011100010000
1110011101110010
1110010100110110
1110010000011011
1110011001010100
1101100011110000
1101101100101100
1101110001001010
1101110001001010
1101101100101100
1110110100000110
1110101111101010
1101101100101100
1101101000001110
1101110101100110
1111000001100000
1101100011110000
1101100011110000
1101100011110000
1101100011110000
1101100011110000
1101100011110000
0000010011001110
0000010110010010
0000011001101110
0000011001011010
0000010011001110
0000010000011110
0000010011100110
0000001010101110
1111110001111100
1111101101000000
0000000110001000
0000001100001000
0000010001110000
0000010011100010
0000011010100110
0000100010010000
0000110001000000
0001000011010010
0001010000110110
0001000101001100
1110010111110110
1111110100111110
1110000111011110
1111000111110101
0001100110011000
0010000110011000
0010011000010000
0000100100011110
1110010110100010
1110011100100010
1110110111000000
1110110110010010
1110111100010010
1111000010101000
1111001111010100
1111100000111110
1111011110110110
1111100010000010
1111100101111010
1111100110111110
1111100111010100
1111110101011010
0000000001110000
0000001101110000
0000100100101100
0001000010010100
0001000010101010
0001011000001100
0010001000100000
0010011100010000
0010010101001100
0001101010100010
0001101010111000
0001110001100100
0001100100100010
0001100101100110
0001000110111010
0001000100011100
0000010111010010
1111100011000100
1110000110111000
1110010101110000
1110100010010100
1111000110010101
1110111100111000
1110111100010100
1110111100111000
1111010111101111
1111010010010010
1111100010010010
1111100100000000
1111011100010010
1111101110000000
0000000000100100
0000011101001000
0001000000110110
0001000010000000
0001001111111110
0001010110100100
0010000111011010
0010000101001000
0010001100100010
0010011100010000
0010010111111110
0010010000110100
0010001110100010
0010001010100010
0010000001111110
0001110100110110
0001101111011010
0001001100100100
0000101100010010
1101110110001110
1110001011110010
1110011110010010
1110110011100000
1110111010000000
1110100101110100
1110111110011110
1111011010111000
1111100111001100
1111110011100000
1111101111011010
0000010011010110
1111011111010100
1111101101000000
0000000001001100
0000100110001010
0000101001100110
0001100010011010
0001011010111000
0010001110111010
0010001101100010
0010011100010000
0010001101001100
0001100101100000
0001011111010100
0001100101001010
0001111000010100
0001111001010110
0001010001101000
0001001001000100
0001010110011100
0001000001001110
1110111110111000
1101100011110000
0010011100010000
1101100011110000
1101100011110000
1101100011110000
1101100011110000
0010011100010000
1101100011110000
0000011110010010
0000100000101110
0000011001011100
0001010011100100
0001000010101000
0000010100100110
1111111110110010
0000101010011001
0001100100100010
0010011100010000
0010000100000010
0001110101100000
0001011111101100
0000111011010110
0000110100000101
0001001110101110
0000001111110000
1111111001111100
0000011011110110
0000011110010010
0000110001101010
0000100111111110
0001000000001100
0000110110100000
0000111000111100
0000011110010010
0000011011110110
0000011001011100
0000100000101110
0000101111010000
0000000001001110
1111001110010110