1110100110101110
1110110111001110
1111110111000100
0000111110000100
0001011001101110
0001011111111110
0000101000101000
0000100111010010
0001001001001110
0001101110101110
0001111101111010
0001111001011100
0001110011001100
0001110000100000
0000110010011011
0000111110111100
0001001000110010
0001100110101100
0001111100100100
0010011100010000
0010011011010110
0001110000100000
0001011001101110
0000010100000110
0000001001110100
0000000101010110
0000010010010100
0000011001000000
1111110111000100
1111001100001111
1111011001100110
1111001000101010
1110100100101110
1110111110010110
1111101101011110
0000100110101010
0001101001011110
0010010001101110
0001011001111010
0001000100111000
0001101100001110
0010011100010000
0010011001000100
0001011100001100
0000001101111101
0000000110001100
0000000101101110
0000100011111010
0000101101100010
0000100011111010
0001000101110010
0001101100101010
0001101110111110
0001000000110000
0000011111010110
1111110101101110
1111111101111100
1111111111010100
0000000011011100
0000000111000110
0000001000000000
1111101000011100
1111010100110000
1111011000111000
1110010010111110
1111001001001100
1111110101111100
0000100110110100
0001011100001100
0001100111010010
0001001111011110
0001100100110100
0010011100010000
0001111111111010
0000101100001010
0000001010011110
1111011011010000
1111000100010000
1111000100101010
1111010111001010
1111111110001010
0000100010010010
0000100011001000
0000010100110000
1111110001110110
1110111100000010
1111101010000010
1111111101110000
1111111100100000
1111101111110010
1111101101010100
1111111000011010
1111111110001010
1111110001000000
1111000101111010
1111000101011110
1110100010111110
1111100001101110
0000000110101100
0000110000111110
0001111000001100
0001110010110110
0001100101100000
0010001001100100
0010011100010000
0001000101011100
0000011010010000
1111011011111100
1111011011000100
1110110011011100
1111000111011110
1111011100110110
1111100011111110
0000001110101100
0000110011001100
0000011100111100
1111110000011010
1110100011110110
1111000001001110
0000011101110100
0000110100100010
0000010010010000
0000011000000010
0000011100111100
0000010111001010
1111101101110000
1111000010100100
1110101111111000
1110101100011100
1111111000000000
0000110000101010
0001100101010100
0001101010011110
0010011100010000
0010000000110010
0001110101111010
0001010001010010
1111110110110110
1111011011011000
1111010000100000
1110110001100110
1110100001000000
1110011110001000
1110100011010010
1110010000011011
1111010100100000
1111100101101100
1111010110001110
1110110101000010
1110100010101110
1110100111010010
1111001010001100
0000011100000010
0000111100101010
0000101000101000
1111101000100010
0000010110111010
0000011000000010
1111011110110100
1110110001100110
1111011000000000
0000001000111000
0010000101010010
0010011100010000
0001111011101010
0001011000000111
0001100111101100
0000110000111000
0000000100011100
1111100000111010
1110110000000010
1111001110011000
1110110100011110
1111000100110000
1110111000111010
1111001001111101
1111011000110000
1110111111100100
1111001010101100
1110100001111110
1110100000011110
1110101101000100
1111010110100010
0000000101001100
0000111010100000
0001001010000100
0000101000000000
0000001110000100
0001010010001100
0001110101000000
0001101101100110
0000001010011000
1111000011101111
1111001010100000
1110110000001100
1111110011010000
0000000101000101
0001001110001000
0001001110001000
0001001001000010
0000111101001010
1111011000000110
1110110010101110
1111001010100000
1110111101110000
1110101010001110
1111000100100100
1111001000110100
1110111010011000
1110101010001110
1110100100010010
1110110010101110
1111000011101111
1111001100001100
1111000110010000
0000010000111110
0001100000110100
0001100011010110
0000111000000001
0000100000010010
0001101000011100
0010011100010000
0010011100010000
0001000010010000
1110100110101110
1111010011010110
1111101001101100
0000110111110100
0001011001010010
0001001110001000
0000100001011110
0000100001011110
0000100001011110
0001100100011100
0001111010110010
0010010001000110
0010000101111100
0010011100010000
0001011001010010
0001011001010010
0001011001010010
0001011001010010
0000101100101010
0010000101111100
0001011001010010
0001000010111110
0000000000000000
0000000000000000
0000100001011110
0000001011001010
0001001110001000
0001000010111110
1110011011100100
1110000101001110
1111011110100010
1111101001101100
1110011110010110
1111001111001100
0000001001110000
0000110000110100
0001001110001000
0001101011011100
0000100111000100
0000111010100110
0001100001101010
0001110101001100
0010001000101110
0010001000101110
0010010010100000
0001101011011100
0001110101001100
0001111110111100
0001111110111100
0010001000101110
0010010010100000
0010011100010000
0001111110111100
0001110101001100
0001010111111000
0000010011100010
1111110110010000
1111011000111100
0000000000000000
0000001001110000
0000010011100010
1111101100011110
1111000101011010
1110110001111000
1110110011101000
0000010001011000
0000011000010011
0001000101011100
0001111101000000
0001101011101000
0001110110000100
0010001110011000
0010011100010000
0001010110110100
0000110100000101
0000010001011000
0000001010011010
1111001011111011
1111010110010110
1111110010001000
1111101110101000
0000110111100100
0001000101011100
0001000101011100
0000011011110010
1111000001100000
1111000001100000
0000110100000101
0001000001111110
0000101001101010
0000100010101110
0000100010101110
0000010100110110
0000000011011110
1111110101100110
1111101110101000
1101100011110000
1101100011110000
1101100011110000
1101100011110000
1101100011110000
1101100011110000
1101100011110000
1101100011110000
1101110001000010
1101110010100110
1110110001000110
0001011001110110
0010000111111100
0010001110111110
0001111111010101
0001110101111110
0001001110001000
0000111001110100
0000010000011010
1111011011010010
1111000001100000
1110010100001101
1101110111010010
1101110010100110
1101100011110000
1101100011110000
1101100011110000
1101100011110000
1101100011110000
1101100011110000
1101100011110000
1101100011110000
1101100011110000
1101100011110000
1101100011110000
1101100011110000
1101100011110000
1101100011110000
1101100011110000
1101100011110000
1101100011110000
1101101101011100
1101101101001110
1110010000111110
0001010100100010
0001111011100000
0001100010000110
0001010110000010
0001001100100100
1111110100101100
1111100001000110
1110110110010000
1110010011010110
1110001100010000
1101111011000000
1101110011011110
1101110000011110
1101100011110000
1101100011110000
1101100011110000
1101100011110000
1101100011110000
1101100011110000
1101100011110000
1101100011110000
1101100011110000
1101100011110000
1101100011110000
1101100011110000
1101100011110000
1101100011110000
1101100011110000
1101100011110000
1101100011110000
1101101110001010
1101111011101100
1101110011111000
1110100101101000
1110110011100010
1110011100101110
1110100000110010
1110100000000100
1110011101111010
1110001111010000
1101111111110000
1101110101101000
1110000001101010
1110010011111100
1110001001001000
1110001000100110
1101100011110000
1101100011110000
1101100011110000
1101100011110000
1101100011110000
1101100011110000
1101100011110000
1101100011110000
1101100011110000
1101100011110000
1101100011110000
1101100011110000
1101100011110000
1101100011110000
1101100011110000
1101100011110000
1101100011110000
1101111110100010
1110001011111100
0010011100010000
0010011100010000
1110000011000000
1101110101100110
1101111010000100
1101101100101100
1110001011111100
1101111110100010
1110000011000000
1101101100101100
1110100010010000
1110010000011011
1101110101100110
1110010000011011
1101100011110000
1101100011110000
1101100011110000
1101100011110000
1101100011110000
1101100011110000
1101100011110000
1101100011110000
1101100011110000
0010011100010000
0010011100010000
0010011100010000
0010011100010000
0010011100010000
0010011100010000
0010011100010000
0010011100010000
0010011100010000
0010011100010000
1101111010011100
1101111101000010
1110000011110000
1110000111110100
1110001101100000
1110001100111000
1110011001011100
1110101010001010
1111000010001111
1111110001110010
0000110110001010
0001010110011010
1110010010100000
1111110111010010
0001101110011000
0001011001000011
0001010111010110
1111110001101100
0000000111110100
1111010110010110
0000100100011110
0010010111000010
0001100101100100
0000100100011110
0001110010100110
0001011101110000
0001100000010110
0001010011010110
0001101000001010
0010011100010000
0010001111001110
0001011000100010
0000111110100000
0000101100010010
0000110100000101
0000000000000000
0000111110100000
0001010101111100
0000111001010010
0000110100000101
0000011111010000
0001000110010100
0000011010000010
0000101001101010
1111111010110010
1111110101100110
0000011111010000
1111001110100010
1111011000111100
1111001001010100
1111111000000110
0000000000000000
0000111001010110
0001111010101000
0001011001000000
0001100000111010
0001101000110011
0001010111000010
0001101100110010
0001101100110010
0001100000111010
0001110010101110
0010011100010000
0001001011001010
0000110001011100
0000101101100000
0000100101100110
0000110011011100
0000010111101110
1111100010010110
0000100111100100
0000101111011110
0001000001010010
0000011111101010
0000111101010100
0000100001101000
1111101010010000
0000110001011100
0000000101111100
1111111100000010
0000001011111000
1110110000111000
0000011000010011
0001000000010000
0001110010100110
0001101111001000
0001100100101100
0010001010111000
0010001001001010
0001101001111010
0001101101011000
0010000111011010
0010011100010000
0001100100101100
0001101101011000
0010000011111100
0001100100101100
0000110010010110
0000111100110000
0000101011011010
0000110101110100
0000110100000101
0000110111100100
0000100001000000
0001001000111010
0000110100000101
0000010100110110
0000110101110100
0000101011011010
0000001000101100
1111111001000100
0000000110111100
0000110100000101
1110110101010110
1101101011100000
0010011100010000
1101100011110000
1101100011110000
1101100011110000
1101100011110000
1101100011110000
1101100011110000
1101100011110000
1111101011010010
0000000001111000
1111101111000100
0000011100001111
0010011100010000
0001010100101110
0001010000111100
0000110010110110
0001000101101010
0000110110100110
0000110110100110
0001000001111000
0001011100010000
0001110010110110
0001111110001000
0001101011010100
0000111010010110
0001011111111111
0010001001011100
0001101011010100
0000111010010110
0001101111000100
0010001101001100
0001100111100010
0001010100101110
0000010000111100
0001101011010100
0001011111111111
0000011000011110
0000110110100110
0000001001011010
1110101111000100