1110100010110000
1111100000100000
0000001001101010
0001101011011000
0001101100101010
0001010010111100
0000001110110010
1111101010110010
1111011100101000
1111100011000100
1111111010001110
1111110101000100
0000011111100000
0001011010101010
0010011100010000
0010000110011000
0001011110100010
0001001011001110
0001011111110100
0001101000110011
0001101000110011
0001011010101010
0000111101000110
0000110100000101
0001000000111100
0001101100101010
0001101011011000
0001001011001110
0000101000100000
0000100000110010
0000011100111100
0000010110100000
1110100110001110
1111101100001100
0000011110010100
0001011111101000
0010001001100110
0001110101110010
0000001110000000
0000000010010110
1111110110101010
1111110100010110
0000010110001010
0000011110010100
0001001011110010
0010000100111100
0010011100010000
0001011110011100
0001100110101000
0001100111110010
0001111000000101
0010001001100110
0010010101010000
0001110100100110
0001010110010010
0001010000011110
0001001000010010
0001001111010010
0001011111101000
0001011111101000
0001001010101000
0001001110001000
0001000011101000
0000100000101010
1110100001001000
1111010100011110
1111111101110010
0001011101110000
0010011100010000
0010000011101100
0000100010100110
0000001011001010
1111111110111000
1111110111000100
0000010001110110
0000011111010000
0001001011111010
0010000100110100
0010010100011100
0010001100101000
0001011000001010
0001011110111000
0001111011110111
0010010111110010
0010011000111010
0001101010000010
0001010011101110
0001000001110110
0000111110100000
0001000100000110
0001010101111100
0001010000010110
0001010111000100
0001001001101010
0001010001011110
0000100000011000
1110011100110010
1111100000000100
0000011010001110
0001100011001110
0010010110100100
0001111101011110
0001001011010010
0000011110110010
0000010010010000
0000000110110110
0000011111111100
0000101100011110
0001100000111011
0001101111110010
0010010011001000
0010001101011100
0001100101100000
0001101101100000
0001111100010100
0010011100010000
0010000111101110
0001110110101000
0001010111110100
0001001110101100
0001010010001000
0001101100010110
0001111000111010
0001110101011110
0001110101011110
0001011110101010
0001100100011000
0000110110110000
1110010111010010
1111011010011110
0000000111010010
0001100101011000
0010001101101100
0010001100100100
0001010111111100
0000110111011100
0000010101110110
0000010011100110
0000101101011000
0000111010110100
0001100110100000
0010011100010000
0010010101100010
0001110001101100
0001100000111000
0001111010101010
0001111110000000
0001111111001000
0001100101011000
0000111110001010
0000111011111100
0000110100000101
0000101101011000
0001001110111110
0001010110110100
0001011110101010
0001011011010010
0001011101100010
0001010101101100
0000111110001010
1110100001110010
1111101001000010
0000001110111100
0001110000100110
0010000101010010
0010010101010110
0000111110000010
0000101001011000
0000100101111010
0000100001010100
0000101101111110
0001000000010110
0010000110011010
0010011100010000
0010010110100000
0010000010111110
0001111010111100
0010011100010000
0010010111101010
0010000001110100
0001100011111110
0001001100111110
0000111100111010
0000110000010000
0000110000010000
0000111110000010
0001011101000100
0001100011111110
0001101101001010
0001101010110110
0001101010110110
0000111111001100
1110001100010101
1111010001011110
0000000101111110
0000111111001110
0001011101000010
0001011000010000
0000100111011000
0000010000101100
1111110000100000
0000010000101100
0000100111011000
0000101110100010
0001101011010110
0010001100110000
0010010001100000
0010001001001010
0010001100110000
0010011100010000
0010001111001000
0001010011100000
0000110100011110
0000011101110100
0000010001111010
0000001101001000
0000000000000000
1111111000110110
0000010110101010
0000100011110010
0000101101010100
0000101101010100
0001000000011010
0001000110011000
1110111000001110
0000000100001110
0001000111110010
0010001011010110
0010010011110100
0001011000101100
0000111111010110
0000100110000000
0000001100101010
0000001100101010
0000011101100100
0000100110000000
0001000111110010
0010000010111010
0010011100010000
0010000010111010
0001110010000010
0001100001001000
0001110010000010
0001110010000010
0001111010011110
0001101001100100
0001010000001111
0001010000001111
0001101001100100
0010000010111010
0010000010111010
0001011000101100
0000111111010110
0000000100001110
0000100110000000
1111110011010110
1110011111100110
1111100010000111
0000100100100100
0001100000011010
0001100111000100
0001010011001000
0000010111010010
0000001001111110
1111111100101100
1111111100101100
0000010111010010
0000100100100100
0000111111001010
0010000001101010
0010011100010000
0010001110111100
0001100111000100
0001100111000100
0001110100010110
0010001000010100
0010001000010100
0010000001101010
0001011001110000
0001010011001000
0001100111000100
0001110100010110
0001110100010110
0001011001110000
0000111000100010
0000111000100010
0000100100100100
0000011101111001
1110000110000100
1111000110110110
0000010011000100
0001100011000110
0010011100010000
0010001101000000
0001010000000010
0000110001100010
0000010011000100
0000000011110100
0000011110100000
0000011010101100
0000111100111110
0010001001001100
0010010000110100
0001011011011110
0001001100001110
0001100110111010
0010001001001100
0010011100010000
0001100011000110
0001011111010010
0001001100001110
0001000100100110
0001001000011010
0001101010101110
0001101110100010
0001110110001000
0001101110100010
0001110110001000
0001011011011110
0001000000110010
1101100011110000
1101100011110000
1101100011110000
1101100011110000
1101100011110000
1101100011110000
1101100011110000
1101100011110000
1101100101001100
1101100101011010
1110111100001000
0001011010100010
0001011001111100
0001110000101110
0001111001101010
0010011011111010
0001110101100110
0001011011101110
0001000110001000
0001000010001100
0000101101100100
1111000101011100
1101110001011110
1101101001110110
1101100111010110
1101100110011000
1101100110000010
1101111010010010
1101110101010010
1101101000011010
1101101001000000
1101101000110000
1101101000110000
1101100011110000
1101100011110000
1101100011110000
1101100011110000
1101100011110000
1101100011110000
1101100011110000
1101100011110000
1101100101011010
1101100101011010
1110111011100100
0000110010000110
0001100111101000
0001000001110000
0001100011100110
0010010100110000
0001110111010010
0001010010101000
0001100101010000
0010001100000110
0001110111000000
1111110000000110
1101101110110000
1101101000101100
1101100111001000
1101100110001110
1101100110000110
1110001010001100
1110100101111100
1111000001110110
1111010110101010
1111100110000110
1111010100010010
1101100011110000
1101100011110000
1101100011110000
1101100011110000
1101100011110000
1101100011110000
1101100011110000
1101100011110000
1101100111111010
1101101011000010
1110001100011000
1110010010101000
1110100010010000
1110010110100010
1110001110101110
1110010100001101
1110010000010010
1110001111100000
1110010100100001
1110100111010001
1110011101111000
1110110100011000
1110010100101100
1110010111010100
1110001011010100
1101110000010000
1101101100100110
1110111100110100
0000110100000100
0001101000001010
0001101001101110
0001110111110001
0001111011011100
1101100011110000
1101100011110000
1101100011110000
1101100011110000
1101100011110000
1101100011110000
1101100011110000
1101100011110000
1101110101100110
0010011100010000
0010011100010000
0010011100010000
1110011001010100
1101100011110000
1101110101100110
1110001011111100
1101101000001110
1110010100110110
1110010000011011
1110010000011011
0010011100010000
0010011100010000
0010011100010000
0000100011101110
1110000111011110
1101101100101100
0010011100010000
0010011100010000
0010011100010000
0010011100010000
1110010100110110
1101110101100110
1101111010000100
0010011100010000
0010011100010000
0010011100010000
0010011100010000
0010011100010000
0010011100010000
0010011100010000
0010011100010000
0010011100010000
0010011100010000
1111011010001110
1111011011001000
1111011000001110
1111011000001110
1111001110010100
1111001001000010
1111001001001000
1111000000000010
1110111110101010
1110001100110110
0000010010110000
1110101001100110
1111010000111010
0000001100111010
0001011111111100
0001011101111110
0000111011000100
0010011100010000
1111101111110110
0000110101111000
0001000110000010
0000111011010010
0000100000010100
0000110000100000
0001100000111110
0010000110101100
0010001100000110
0010010110111000
0010011100010000
0010010001011110
0001111011111100
0001110110100010
0001110001001010
0001101011110000
0000101011000110
1111101111110110
0000001010110010
0000100000010100
0000100101101110
0000100000010100
0000010101100100
0000011010111100
0000011010111100
0000100000010100
0000100000010100
0000010000001010
1111111010101000
0000010000001010
0000000000000000
1111011111101100
0000000001011010
0001001010100110
0001011110010100
0001000111110010
0000011010110000
0000011101100100
0001011011100000
0010000000000110
0010001000100010
0010011100010000
0010011100010000
0001111101010010
0001110010000010
0010000000000110
0001111010011110
0001110100110110
0001000100111110
1111101101101100
1111110110001010
0000100011001100
0000010101000111
0000011101100100
1111111011110010
0000001100101010
1111111110100110
1111111110100110
0000110001010010
1111110000100010
1111011010000000
0000010010010100
1111111000111110
1111101000000100
0000001110101100
0001011100001010
0010001110111010
0001001110110010
0000101100000011
0000101110110000
0001010100001000
0010010110111010
0010000100001110
0010001001100100
0001111110111000
0001100100001010
0001111001100010
0010011100010000
0001110110110110
0001101001100000
0000110110110000
1111101001010100
0000000100000000
0000110110110000
0000110100000101
0000110001011010
0000011110101110
0000000100000000
0000001110101100
0000011001011000
0000011110101110
0000001110101100
1111100001010010
1111111110101010
0000001110101100
1111011001010010
0000111111111000
1101100011110000
1101100011110000
0010011100010000
1101100011110000
1101100011110000
1101100011110000
1101111101110010
0010011100010000
1110100001111100
1110010100110110
1110011011011000
1111001110000110
1111000111100100
1111010111111010
1111110111000000
0000001111100010
1111100110101000
0000100001100010
0000100100110100
0000011100101000
0000011111111010
0001010010101000
0010001000101000
0010011100010000
0010001000101000
0010011100010000
0010011010101000
0001111110110100
0010000101010110
0010010111010110
0010000010000100
0001101100110100
0001011110000100
0001110100111110
0001101011001010
0001010111100010
0001100011000000
0001111001111010
0001110000000011
0001011010110100