1110000010000000
1111100110010100
1111100000000100
0000100010110100
0000001100101110
1110110010011110
1110101110001010
1111001110010100
1110111001001100
1111010010101000
1110111100000100
1111010010101000
1110111011100110
1111001110010100
1111100100111000
1111100101110110
0000010011011100
0000011110000000
0001110100011010
0001110010100000
0001111011001000
0001110111110001
0010011100010000
0010010011001000
0010001011011100
0001110110010100
0000110101100010
0000011110000000
0000110011100110
0000111001110101
0000110111111100
0001001001101100
1101110100110010
1111110100001000
1111110101111010
1111101100111100
1111100100111000
1111010001001010
1111001010111000
1110111010010010
1110110110101100
1111000100001010
1111000100100110
1111010011011000
1111010110111110
1111010010111100
1111011001101010
1110111011101000
1111000001000000
0000000101100110
0000101010110100
0010000100111100
0010010001100000
0010000011001010
0010001110110100
0010010101000100
0010011100010000
0001111100111000
0001000110101000
0000101101111110
0000011101110100
0000011001110010
0000111011110110
0001010101110110
1101101110110000
0000001000100000
0000010001101010
1110110011001000
1111000101100000
1111000000111010
1111011000010100
1110010110101100
1110110111101110
1110001101000100
1110110101111000
1110011000000100
1111000110011010
1110110111101110
1111010000000010
1111000110111000
1110100010001010
1110101100010000
0000011001011110
0000101001100010
0001111010110000
0010011100010000
0001110011111000
0010011001000010
0001111111110011
0010001011101110
0001110011111000
0000111011111000
0000101100110000
0000010100111000
0000010100111000
0000110100100010
1101101010000000
0000001001111000
0000010000001000
1111001010110010
1111010000100100
1110111011111000
1111001010110010
1110010001100000
1110011000010000
1110000010100100
1110000101011110
1110000000001010
1110001110100110
1110101001000110
1110111000100000
1110011011001001
1110011001101100
1110100101010000
1111100011010110
1111111001100000
0000110110101010
0001101001001110
0010010000001110
0010011100010000
0010010010101000
0001111111110110
0001010101111100
0000101001001010
0000100000100000
1111110100101100
1111111111110000
0000101101111110
1101111010111010
1111100101101100
1111011110110110
0000000000100010
1111001100011100
1111000000111000
1110111001100000
1110100111101000
1110100100011110
1110110011001100
1110010010000010
1110011110001010
1110100010111000
1110101010110010
1111000110101010
1110011100000010
1110011011100010
1110101000001010
1111000001111011
1111100100101010
0001001100110100
0010001001110110
0010011100010000
0010000111101110
0010001001110110
0010001101000000
0001010101110000
0000001110101110
0000000111111010
0000000101110010
0000000111011000
0000001011000100
1101101110101110
1111000110111110
0001011011110100
0001010010110010
1110000110100010
1110001000011110
1110010011011100
1110011011110100
1101110111101110
1110001011101101
1110001110010010
1110101111110010
1110011111101101
1111001000111010
1110111101010100
1110010100101110
1110101100100100
1110011010100010
1110101111110010
1111011100010000
0000001000000100
0001100010111010
0010011100010000
0010010001111100
0010000001001100
0001111010000110
0001010011011100
0000010100111100
0000001101110110
0000010000011100
0000110100100000
0001000001011010
1101101111100000
1111001001011010
0001000111011010
0000110111011100
1110000010110110
1111010010101000
1110001000101110
1110000010110110
1110001001100100
1110010000010010
1110100010110000
1110011011001100
1110001110100110
1111100001110000
1111110011011010
1110101100000000
1110110001000010
1110101100000000
1110001100000100
1110010110001010
0000111001001000
0001011111110010
0010011100010000
0001110011000110
0001010110100010
0001010000101010
0000011011101110
1111011000100010
1111100111101000
1111101000011110
1111110010100101
0000011010000010
1111010100100110
1111100101111110
1111101110101000
0000010001011000
1111101110101000
1110000110011110
1110110001111000
1111100101111110
1110111010100100
1111100101111110
1110110001111000
1111100101111110
1111011101010010
1111100101111110
0000001000101100
0000001000101100
0001001110001000
0001101000001010
0000100010101110
0001001110001000
0001101000001010
0001101000001010
0010011100010000
0010010011100100
0000111100110000
0000110100000101
0000100010101110
1111110111010100
0001011111100000
0001011111100000
0000010001011000
0000011010000010
1110110001111000
1111010101011000
1111110001110010
0000100011100000
0000001110001110
1111000111001100
1111000000000111
1111011100100000
1111001110010010
1111011100100000
1111001110010010
1111011100100000
1111100011100110
1111010101011000
1111110001110010
1111100011100110
0000010101010100
0000010101010100
0001000111000010
0001000111000010
0001111000110000
0001010101001110
0010011100010000
0001111111110110
0001110001101000
0000111000110100
0000101010101000
0000001110001110
0000011100011010
0001001110001000
0001001110001000
0001100011011100
1110000100000100
1111101111110110
1111110011011100
1111000001001010
1110111001111110
1111001111100000
1111010011000110
1110100000110100
1110100000110100
1110101011100110
1110110010110010
1110110110011000
1111001011111011
1110100100011010
1110110110011000
1110101000000000
1110100100011010
1111101000101010
0000010000001010
0001100110011000
0010001101111000
0001101001111110
0010001010010010
0001100110011000
0010011100010000
0010000011000110
0000110000100000
0000010111010110
0000010000001010
0000001000111110
0000101100111010
0000101001010100
1101100011110000
1101100011110000
1101100011110000
1101100011110000
1101100011110000
1101100011110000
1101100011110000
1101100011110000
1101110110101100
1101110100100110
1111000011100000
0001000001110000
0000000000100010
1111110001110010
0000000000100010
0000000100110000
1111110111000100
1111001010111000
1111010010001110
1111011101110100
1110111110010000
1110101011010100
1110101011010100
1110110110111000
1111001011111011
1111011000100010
1111101001011000
1111101011011110
1111010100010110
1110101010010000
1110010011000111
1110001100110010
1101111001110110
1101100011110000
1101100011110000
1101100011110000
1101100011110000
1101100011110000
1101100011110000
1101100011110000
1101100011110000
1101111000001000
1101110100111000
1111011010101110
0001100111011110
0001100001111010
0001111001000100
0000111011000010
0000011000110010
0000011001001101
1111101011111000
1111100101110110
1111000111110000
1110100011001100
1110010100110100
1110010011011100
1110011101101000
1110110000001000
1110110010111010
1110111000111100
1110111100001100
1110101110110000
1110011001111010
1110001010101000
1110010011011100
1110010110001110
1101100011110000
1101100011110000
1101100011110000
1101100011110000
1101100011110000
1101100011110000
1101100011110000
1101100011110000
1101101011000010
1101101010000000
1110000011100001
1111011100001100
0000000000010010
1111110000000101
1111101010111110
1111100110101110
0000000001110011
0000001101100010
1111101110010010
1110110000110100
1110010010000110
1110001001110000
1101111010001000
1110001100011000
1110011010011100
1110010100001101
1110000111001010
1110001011110111
1110010001100100
1110110011111100
1110110000110100
1110111100010010
1111010110010100
1101100011110000
1101100011110000
1101100011110000
1101100011110000
1101100011110000
1101100011110000
1101100011110000
1101100011110000
1101101100101100
0010011100010000
0010011100010000
0010011100010000
1110011001010100
1111010111110100
1110101011001101
1110010000011011
1110011001010100
1101100011110000
1110000011000000
1111000101111110
1111011100010010
1101100011110000
1101100011110000
1110001011111100
1110001011111100
1101100011110000
1101101100101100
1101110001001010
1101110001001010
1110000011000000
1110000111011110
1110010100110110
1110000011000000
0000111100100010
0000111111100010
0000111100001100
0001000010011010
0001000110111110
0001000100011010
0001001000011010
0001000110000100
0001000011001010
0000110001100000
0001010110110110
0001011101011101
0001100100000101
0001100100101101
0001100001100010
0001100001101100
0001101110010010
0001110100100111
0010000010111110
0001110100110110
1101111000100110
0000111100101010
1111110010110100
0001000000100110
0001101001010100
0001110001101010
0001100111000000
0001110001010010
1111101101010000
0000001100100000
0000011111010000
0000011001000000
0000011111010000
1111110011100000
0001010001010000
0001100100000000
0001001011000000
0001000100110000
0000011001000000
0001100100000000
0001110110110000
0001111101000000
0001100100000000
0010000011010000
0010001001100000
0010000011010000
0001110000100000
0001110000100000
0010010110000000
0010011100010000
0010010110000000
0010001001100000
0001100100000000
0001010001010000
0001101010010000
0001101010010000
0001101010010000
0001011101110000
0000111000010000
0000000000000000
1111111010000100
0000011101101010
1111111110000010
1111110110001000
0000001101110110
0000000001111110
0000011101101010
0001110100101100
0001101000110011
0000000001111110
0000010101110000
0000111001010110
0001000001010010
0001110000110000
0001100000111010
0010001100011100
0001110000110000
0001011100111110
0001101100110010
0010011100010000
0010010000011000
0001111000101010
0001111100100110
0001100100110111
0001001101001000
0000011101101010
0001000001010010
0001100000111010
0001001101001000
0001001001001100
0001000001010010
1111111010000100
0001001010100100
0001100110111110
0000111100011000
0000110001101110
0000110001101110
0000100111000100
0000110101010010
0001010001101100
0001011000110010
0001101010100010
0001101110000110
0010011100010000
0001101010100010
0001110001101000
0001100011011100
0001010101001110
0001000111000010
0001111000110000
0010001110000010
0010011100010000
0001111100010010
0001001110001000
0000111100011000
0001010001101100
0000110101010010
0001000111000010
0010000011011010
0010010101001010
0010011100010000
0010000110111100
0000000000000000
0000000011100100
0001010100011111
1101100011110000
1101100011110000
0010011100010000
1101100011110000
1101100011110000
0010011100010000
1101111101110010
1101100011110000
1110111001010010
1110100010010000
1111110100100000
0000010101011000
0000010101011000
0000000100111100
0000100101110110
0000101001001000
0001010000100110
0000001000001110
1111100111010110
0001111011010110
0001010011111000
0000101001001000
0010000101001110
0010001011110100
0010011100010000
0010001111000110
0001101010111010
0001111000000100
0001000011011100
1111100111010110
1111100100000010
0000001000001110
0000110011000000
0000101001001000
0000001000001110
1111101010101000
1111111110010110
1111010000010100
1110011011101010
1110000001010110