1111001100111010
0000100101000100
0000100011000100
0001110001001100
0010000010001110
0010000000001110
0000111000000110
1110110011111000
1110101100111000
1110101100111000
1110110101111000
1111001111111100
1111111000000000
0000011000000010
0010001010001110
0010011100010000
0010001100001110
0001111101001100
0001101001001010
0001010101000111
0010000010001110
0010010010001110
0001111111001110
0001110011001100
0001100101001010
0010010011010000
0010001111001110
0001111110001100
0001100010001010
0001000011000110
0000110010000110
1111111001000000
1110101101110010
1111101011010110
1111101100001000
0000000110101000
0001111001001100
0001101110010010
1111110011001010
1111100000011100
1110111010010000
1110101001111000
1111000100011000
1110110111001000
0000001010100010
0000010001100010
0001111111011010
0010011100010000
0010000101101010
0001000101110000
0000111101111110
0001100011011000
0001010011000000
0001011101001000
0001001110010100
0000100110100100
0000110110111100
0000101110011000
0001010010001110
0001101000000001
0001010110001000
0000111101001100
0000101111111100
1111100010000000
1110111101011100
1111111101110000
1111110100101100
0000011000111001
0010000110100000
0001110101010100
0000101010001000
0000010001101010
0000000010010000
1111100110001100
1111101101011100
0000000100000100
0001001000111010
0001111101011100
0010011100010000
0010000111011010
0001011010001000
0000111010011100
0000111100010000
0001111000000010
0010000010111000
0010000010111000
0000100001000100
0000100110100000
0000101011000010
0001000111000110
0001001010101110
0001010001000100
0001000011011110
0000101111100100
1111111001001110
1110111000111010
1110101111010000
1111101110100100
1111101001101100
0000011100110100
0000110111100110
0000110000010010
0000100010100000
1111101010100000
1111111100010110
1111101000111000
0000001000100010
0000111010110110
0010010000000100
0010011100010000
0001100001000000
0001001011000110
0000011101101000
0000100001101100
0000101001000000
0000111001001110
0001101111100101
0001111000100010
0001000011110010
0000101100010000
0000011100110100
0001001011111010
0001000111000010
0001000100100110
0000101010101000
0000100010100000
0000010111111100
1111001100011110
1111101111001010
0000101011111110
0001000101010000
0000111110101100
0000000100101100
1111010000010010
1111000111111000
1110100110001100
1110100011011000
1111000110111100
0000111100110100
0001111110010100
0001111111010000
0001011001110100
1111111010011000
1111100110110000
1111000110000001
1111010001001110
1111010110110110
0001010000011110
0010011100010000
0010001110001110
0000010111011010
1110110011010010
1111001001101110
1111010101111011
1111110101101110
0000000000111100
1111100001001000
0000111100110100
0000111011111000
1110101001111100
1111111001100100
0000110110001101
0001011110101010
0000110010100100
1111101101101000
1110010000110010
1110100011001011
1101110011011000
1101110101001110
1111100101010110
0001000111101100
0001111000011001
0001010101011110
0001000110110010
0000000101100000
0000001110101110
1111101101101000
1110011011110100
1111010011111000
0001011110101010
0010011100010000
0001111000011001
0001000100000000
1111101110100010
1111100110010000
1111011101000100
0000001010001000
0000000010110000
1111001010101100
1111100001101010
1111111110001010
1111100011100000
0000001001110000
0000001101010100
0000110111111100
0000110100011000
1111000011101000
1110100100100100
1110001001000010
1101111100100110
1110000000001010
1111011001110100
0000100110001100
0001010111000000
0000111111000010
0000110001101110
0000000100011100
1111110000000010
1111010100100000
1111000011101000
1110101000000110
1111110000111010
0001110001101000
0010011100010000
0001101111111000
0000001100011100
1111000000111110
1110110011101010
1110010111010000
1110011000001001
1110100001000000
1111000011101000
1111110010101100
1111101010101100
1111001111001100
0000011101010100
0001001110001000
0010001000101110
0010010010100000
0001100001101010
0000111010100110
0000010011100010
1111110110010000
1111001111001100
1111011000111100
1111101100011110
0000001001110000
0000110000110100
0000110000110100
0000010011100010
0000001001110000
0000001001110000
0001000100011000
0001000100011000
0001010111111000
0000010011100010
0000010011100010
0000110000110100
0001101011011100
0010001000101110
0010011100010000
0010011100010000
0001110101001100
0000111010100110
1111011000111100
1111011000111100
1111111000111010
0000110001101110
0001001110001000
0001111111110110
0010000110111100
0001101010100010
0001001110001000
0000000111000110
0000001110001110
1111111000111010
0000001110001110
0000001110001110
0000100011100000
0000100011100000
0010001110000010
0010011100010000
0001111111110110
0001100011011100
0001110001101000
0001101010100010
0010001110000010
0010011100010000
0001101010100010
0010000110111100
0001110001101000
0010010101001010
0010000110111100
0010010101001010
0001101010100010
0001100011011100
0001010101001110
0001000111000010
1110110000100000
1111010110111000
1111110010010010
0000101001001000
0000001101101110
1111111101010000
1111010001011010
1110111011011110
1110111011011110
1110001010001000
0000000010110000
0001000100100010
0010011100010000
0010000000110110
0000001101101110
1111100111010110
1111000110011100
1111100111010110
1111110010010010
0001011010011110
0001101010111010
0000100011101000
1111110010010010
1111000000111100
1111000000111100
1111101100110100
0000011000101010
0000100011101000
0000001101101110
0001000100100010
0000011110001010
1110000100101010
1101100011110000
1101100011110000
1101100011110000
1101100011110000
1101100011110000
1101100011110000
1101100011110000
1101100011110000
1101100110111100
1101100110110010
1110101111100111
0000101101101100
0000111101101100
0001111000010100
0010010011011010
0001101011101001
0001011001011010
0000100011101000
1111110010001010
1111100100110000
1111000101000100
1110011010011100
1110001011001100
1101110110111100
1101101111001010
1101101010001010
1101101001110110
1101100011110000
1101100011110000
1101100011110000
1101100011110000
1101100011110000
1101100011110000
1101100011110000
1101100011110000
1101100011110000
1101100011110000
1101100011110000
1101100011110000
1101100011110000
1101100011110000
1101100111010100
1101100111100110
1110111010010000
0000000011110000
0000110011001110
0001111000001111
0010000001010010
0001110101111110
0001011100011010
0000000100110110
1110110110010000
1110101110110010
1110011110001100
1110000100000010
1101111001000110
1101110100100100
1101110011011100
1101110000001000
1101101011101100
1101100011110000
1101100011110000
1101100011110000
1101100011110000
1101100011110000
1101100011110000
1101100011110000
1101100011110000
1101100011110000
1101100011110000
1101100011110000
1101100011110000
1101100011110000
1101100011110000
1101110010010100
1101101010000000
1110100000001011
1110010101110000
1110110011110100
1110100110111101
1110100011110100
1110110000010100
1110111000001000
1110010001000100
1101110110111000
1101111001001110
1101110010100110
1101110000101000
1101101100100110
1110000101000100
1110010010000110
1110010110110010
1101111101110010
1101100011110000
1101100011110000
1101100011110000
1101100011110000
1101100011110000
1101100011110000
1101100011110000
1101100011110000
1101100011110000
1101100011110000
1101100011110000
1101100011110000
1101100011110000
1101100011110000
1101110101100110
0010011100010000
0010011100010000
0010011100010000
1110100010010000
1101111010000100
1110000111011110
1110001011111100
0001100110101100
0010011100010000
1111011100010010
1101100011110000
1110100010010000
1111011100010010
1110111000100100
1110100110101110
1101110001001010
1110001011111100
1110101011001101
1101100011110000
1101100011110000
1101100011110000
1101100011110000
1101100011110000
1101100011110000
0001111101110100
0001110111011010
0001110110001010
0001110100101110
0001111010000010
0001111111001110
0010001000110110
0010010101000110
0010011100010000
0000110010011110
0000011101011110
0000011001010110
0000011001111101
0000010111000100
0000010011010000
0000001001100100
0000000100011110
1111110011111100
1111011111001000
1111000010101100
0000010110111010
1111110001010010
1111001000110110
1111101011000000
0000001011001110
0000000110000010
0000101011000000
0010011100010000
1111010000010100
0000010010000110
0000110011000000
0000011000101010
0000010101011000
0000010010000110
0001001101010100
0010001011110100
0010001111000110
0010001111000110
0010011000111110
0010011000111110
0010010101101010
0010010101101010
0010011100010000
0010010010011000
0001110100110001
0001011010011110
0001001101010100
0000111100110110
0000101111101100
1111111110010110
1111110111110010
1111111011000100
1111010000010100
1111010011100110
1111101101111010
1111111110010110
1111111011000100
1111101010101000
1111011010001010
1111000011001010
0000000111001010
0001000011011000
0001011010010100
0001010001101110
0000001010000001
0000011000011000
0000110101000010
0010011100010000
0010010110100010
0001111111100110
0010010000110010
0001111111100110
0001011010010100
0010000101010100
0010010000110010
0001110110111110
0001001001000110
0001100101110010
0001100000000010
0001101000101001
0000110111111010
1111111110100100
1111111000110110
1111110101111111
1111010110011100
1111010110011100
1111010000101100
1111111011101100
0000001100111010
1111101101011000
1111011001010010
1110111001110000
0000101011110000
0001101010010000
0010011100010000
0010000011010000
0000111110100000
0000101000101000
0000110010000000
0001111101000000
0010000000001000
0001111001111000
0010001100101000
0010000000001000
0001110011101000
0010010010111000
0010000000001000
0001110110110000
0001000111111000
0001011010101000
0001110011101000
0001111001111000
0001000001101000
1111101010001000
1111011101101000
1111000100101000
1111011010100000
1111100000110000
1111000111110000
1111001010111000
1111110110101000
1111011010100000
1111011101101000
1110111110011000
0000100011001010
1101100011110000
1101100011110000
0010011100010000
1101100011110000
1101100011110000
1110000011000000
1110000011000000
1101100011110000
1111000010101110
1111111001111000
0001011110111110
0001010010101110
0000110001000010
0010011100010000
0010001100111100
0001101000001010
0001000000010110
0001010010101110
0001010010101110
0001011110111110
0001011011111001
0001011000110110
0001110111100000
0010001100111100
0001110100011010
0001101011001110
0010000000101100
0010001001111000
0001000000010110
0000111010001110
0001001100100110
0001101011001110
0010010011000100
0001111101101000
0001101011001110
0001001100100110
0001000011011010
0000110100000101
0000011000100000
1111110110110100