1111000001001100
1111101101011010
0000100000101010
0000100000001010
0001000001010100
0010001110001100
0010010001101100
0010010110001110
0010011010010000
0010011100010000
0001000111110110
0000101001101100
0000100101001100
0000010110000110
0000001000000010
0000000010100000
0000001100100100
0000000010100000
0000010011100110
0001000101110110
0001011001011100
0001100000111110
0000100110001100
0000011011101000
0000011000101000
0000010001000110
0000011111001010
0000111001010010
0001011001011100
0001010110011010
0000101010001100
0000011010101000
1111000100111100
1111110100010010
0000100101101000
0000100100001000
0000100110001000
0010000011010110
0010000011110110
0010001000110100
0010011000110000
0010011100010000
0000111111000100
0000100100101000
0000101100100110
0000011010101010
0000000101001110
0000000011110000
1111111110110000
0000000111001110
0000100000101010
0001011011111110
0001010001000000
0000101101100110
0000100011001000
0000011101101010
0000001000001110
0000100111101000
0000100111001000
0001000001000010
0001001001100000
0001001100100000
0000010111101100
1111111111010001
1111000110101100
1111110110001010
0000100010100110
0000100001100100
0000100001100100
0010000010000000
0010000000011110
0001111010111100
0010010111101110
0010011100010000
0000111100010110
0001010001100010
0001011001101000
1111111110001110
0000010111111110
0000100101000110
1111101011100100
0001000000111000
0001010001000001
0001011111101010
0001010000000010
0000100011100110
1111111011001110
1111111111110000
0000001001010110
0000001011010110
0000010001111100
0000110001101110
0000101111001110
0000101110001011
1111110011001000
1111011101011010
1111001100110110
1111111110111000
0000110000111100
0000101101000010
0000110011001010
0010011100010000
0010010111010000
0001101100011011
0010011010100110
0010011010000010
0001101111110010
0010001000110010
0010001011100100
0000111011100000
0001010101101000
0001011010000110
0001001010100000
0001010000101000
0001000111001100
0000101111110100
0000010110110100
1111011011010100
1111101001001100
1111011000100010
1111100011000110
0000000111110001
0000001100110010
0000101000100101
0001010011111110
0001001100001100
0000000010110010
1111010000110000
1111010001111000
0000001001111010
0000101111000110
0000110100011001
0001001111011110
0010000110000010
0010001101110000
0001000001011100
0001011011000010
0001101110011000
0001100101001011
0010000001001100
0010011100010000
0001101111010110
0001110001110000
0001111001111110
0001010010110110
1111101001100010
1111111011111010
1111101000000110
1110111001101110
1110101110101000
1111000000111110
1111001000001110
1111000011011000
1111000000100000
1111100100001110
0000100001100100
0000100000100110
1111101100111010
1111000100110110
1110101001010100
1111011001110000
0000101011000110
0000110000100000
0001000110000010
0010000100000000
0010000000110010
0001100101010010
0001001001010010
0001010011100000
0001010110110000
0001011100101011
0010001000010100
0010001001111100
0010011100010000
0010000111110010
0001110101011110
0000101000011010
1111101010011100
1111001101010110
1111000000111110
1110100011010101
1110100111000111
1110101010111001
1111000000011100
1110111000010110
1110100111101000
1111110101110000
0000100001011010
0000001110100100
1110111110110100
1110011100010100
1110001001011110
1111001011010010
0000111000011111
0000100011101010
0000000100000110
1111111111101100
0000011111010000
0000100000100000
0000100110001100
0000000011011110
1111011000100010
0000010000000110
0001110010100110
0010011100010000
0010000010011000
0001100100101100
0001001010110100
0000000010110110
1111000011101111
1110110111000110
1110110000110010
1110101011000110
1110100110000010
1110100111111100
1110010011000111
1110100010010000
1111011111100000
1111111000000110
1111100111101101
1110110010000010
1110010001001110
1110000101110110
1110001111111101
1110100110101110
1111011010110100
1111110001001000
0000101100101010
0001010001110110
0010001101011000
0010001101011000
0010010100110100
0010011100010000
0010001101011000
0001001010011010
0000100101001100
0000010110010100
0000001110111000
0000000000000000
0000000111011100
0000000111011100
0000000000000000
0000010110010100
0001010001110110
0001100000101110
0001001010011010
0001000010111110
0000101100101010
0000101100101010
0000000000000000
0000100101001100
0000110100000101
0001010001110110
0001001010011010
0000010110010100
0000100101001100
1110100000101110
1111101100111100
0000010011000100
0000011010101100
0001010000000010
0001101110100010
0010001101000000
0010011100010000
0010010100101000
0001110110001000
0001010000000010
0000011010101100
0000000011110100
1111110100100100
1111111100001100
1111111100001100
1111110100100100
1111111100001100
0000101001111010
0000100010010100
0001101110100010
0001101110100010
0000001011011100
0000011010101100
0000011010101100
1111110100100100
0000001011011100
0000100010010100
0001010000000010
0001000000110010
0000011010101100
1111100101010100
1111001001010100
0000000011111010
0000101110111000
0000110010110010
0001001110001000
0010011100010000
0010011000010110
0000110110101100
0001111001000110
0001111101000000
0001110001010010
0010010000100010
0010011100010000
0001010101111100
0010000100110100
0010010100011100
0001010010000010
0000110110101100
0000011011010110
0000000000000000
1111111100000110
1110110001111000
1111100000110000
1111100000110000
1111011100110110
1111000001100000
0000001011101110
0000101010111110
0000011011010110
1111011000111100
1111110100010010
1111011100110110
1101100011110000
1101100011110000
1101100011110000
1101100011110000
1101100011110000
1101100011110000
1101100011110000
1101100011110000
1101101001110110
1101101100101100
1110101110001110
0001111001101010
0010010010111010
0010001001111100
0001111000011100
0001100110111100
0001011111001110
0001100110100010
0001010110010000
0000110110100001
1111111011001000
1110110101111100
1101111101110010
1101101110110000
1101110000110010
1101101101111100
1101100011110000
1101100011110000
1101100011110000
1101100011110000
1101100011110000
1101100011110000
1101100011110000
1101100011110000
1101100011110000
1101100011110000
1101100011110000
1101100011110000
1101100011110000
1101100011110000
1101100011110000
1101101000011110
1101101001001110
1110111110101100
0010001110010000
0010010001011010
0010001100010010
0001011101011100
0001001110111010
0000101100010100
0000011100011100
0000001010101000
1111100001100110
1110111000100100
1110001011110100
1101110110001000
1101110001110000
1101110010100010
1101110000110010
1101100011110000
1101100011110000
1101100011110000
1101100011110000
1101100011110000
1101100011110000
1101100011110000
1101100011110000
1101100011110000
1101100011110000
1101100011110000
1101100011110000
1101100011110000
1101100011110000
1101100011110000
1101101010011010
1101101111101000
1110010000111110
1110011100110000
1110010101011110
1110001111111010
1110010010000000
1110010101001000
1110010010010000
1110010100010111
1110010111000011
1110000111110001
1110001000110100
1110000000101100
1110010101010100
1110010001001000
1110001111000100
1110010010001100
1101100011110000
1101100011110000
1101100011110000
1101100011110000
1101100011110000
1101100011110000
1101100011110000
1101100011110000
1101100011110000
1101100011110000
1101100011110000
1101100011110000
1101100011110000
1101100011110000
1101100011110000
1101110001001010
0010011100010000
0010011100010000
0010011100010000
1101101100101100
1110010000011011
1101111110100010
1110010100110110
1110001011111100
1111000001100000
1110010000011011
1101111010000100
1111010111110100
1111011100010010
1110010000011011
1101110001001010
1101110101100110
1110010100110110
1101100011110000
1101100011110000
1101100011110000
1101100011110000
1101100011110000
1101100011110000
1101100011110000
0010011100010000
0010011100010000
0010011100010000
0010011100010000
0010011100010000
0010011100010000
0010011100010000
0010011100010000
0010011100010000
0010011100010000
1111110101101110
1111110110000110
1111110101010000
1111111111010110
0000000010000010
1111111111101010
1111111111101100
1111111001000110
1111001001101010
1101110110110010
1110101000100000
0000001011000010
1111010101111000
0001011010001010
0010001000000000
0010010011000100
0010010011111100
0010011100010000
1111100110011100
0000001110001110
0001111111110110
0010010110100100
0010011100010000
0001111111110110
0001000111000010
0000110000010010
0000110101111110
0001011101110000
0001101110110010
0001011000000100
0000111011101001
0001001100101110
0001101110110010
0001101110110010
0001000001010110
0001001100101110
0001101110110010
0010010110100100
0010010110100100
0001111010001010
0001011000000100
0001010010011000
0000011111010000
0000001110001110
1111011011000100
0000110000010010
0000001000100010
0000011001100100
1111010101011000
1111100000110000
1111101001101100
0000100110010000
0010000010110000
0010010010101100
0010011100010000
0001101001001110
0000101100101010
0000011001100000
0000110011000010
0000111001011010
0001011001010010
0001011100011110
0000111111110010
0001001100100010
0001011111101010
0001000110001010
0000010110010100
1111111100110100
0000110011000010
0010000101111100
0001111100011000
0001011001010010
0000111001011010
0000101001011110
1111100110100000
1111010011010110
1111010110100010
1111100000001001
1110111001110110
1111011100111100
1111011001110000
1110000110110100
0000011110001100
0001000000010110
0001101100111110
0010011100010000
0010010001110000
0001111100110000
0000101011010110
0000101000101110
0000110011001110
0000101011010110
0001111100110000
0001110111100000
0001000000010110
0001000000010110
0001011101001110
0001000000010110
0000110000100110
0000001011110100
0001001010110110
0001011111110101
0001100010011110
0001010000000101
0000111101101110
0000101011010110
1111111100000100
1111110001100100
1111100100011100
1111000100111010
1111100100011100
1111101100010100
1111100001110100
1110110101001010
0010001111100100
1101100011110000
1101100011110000
0010011100010000
1101100011110000
1101100011110000
1101100011110000
1101111101110010
1101100011110000
1111100100100100
0000010001111010
0001000001100110
0001000100000000
0000110101101100
0001100011000000
0010000110110010
0010010010101110
0010011100010000
0000101001110000
0000111111001110
0000010100010010
0000110000111010
0000111000000100
0000100100111110
0000001101001000
0000000011100110
0000000101111110
0000111010011100
0000110011010010
0000001101001000
1111101011101110
0000000101111110
0000001010110000
0000000101111110
0000011001000011
1111111110110100
0000110011010010
0000101110100010
0000100100111110
0000100000001110
1110011101000000