1110110111000000
1111111101111100
0000111111101110
0000111010100110
1111111101111100
1111001110101010
1110011011010000
1110000011101000
1110011011010000
1110000110101100
1110110010111010
1111001000100000
0000010010100000
0001011110100100
0010000101101000
0010000110101010
0000110000010011
0000111010100110
0001101111000010
0010000001100010
0010001101110110
0001100010101100
0001011000011010
0001100001101010
0010011100010000
0010001001110000
0001101111000010
0001000001110010
0000101100001100
0000011100110010
1111011110000100
1110111010000110
1110100100100100
1111010000101000
0000001100011110
0001010011001000
0001000010100000
1111100101011010
1110111000100010
1110101101101110
1110110101001100
1110100101011010
1111011000000110
1111110100011001
0000111010001100
0010000011010100
0010011100010000
0001110011100001
0000101100000011
0000111010001100
0001110100010110
0010000010100000
0001011000000110
0000110100011000
0000011000111100
0001000111011110
0001011000000110
0001101100111000
0001101000101110
0000111011110110
0000101100111000
0000100110001110
1111010001011110
1110111010001100
1110101101000000
1111001101011110
0000011110001000
0001011110001000
0001001100100000
0000011011010110
1111000101001000
1111000101001000
1111000101001000
1110111111100100
1111101101111010
0000000110000010
0001001111010010
0010010010111110
0010011100010000
0010000110000000
0000110001101000
0001000010010100
0001100011101100
0001101100111110
0001011000100100
0000011010011100
1111101110110110
0000100110011110
0001000001011000
0001011001100000
0001100000111010
0000111000000110
0000010000001110
0000010100111000
1111000001011010
1110100011101110
1110101111110001
1111011100110100
0000100011001100
0001100010000100
0001101011011100
0000100011001100
1111100111001000
1111011010111100
1111001100110110
1111000010100010
1111011110101100
1111111010110110
0001010011000100
0010010000000100
0010011100010000
0001101000101000
0000101001110000
0000111101011110
0001010100000000
0001100011000000
0001000000010010
0000001100101010
1111101111100100
0000001000111010
0000110000010110
0001100101110100
0001100011111011
0000101000110100
0000000010010110
1111101110101000
1110100001101100
1101100100101100
1110111001001010
1111111010110010
0001001111001010
0010011100010000
0010011010001010
0000011011000110
1111010101010011
1111000010100010
1110101000100000
1110100111011110
1111001010111000
1111011110101010
0000100010011000
0001101101011000
0010010110000000
0001111001111000
0000110010000000
0000100100011110
0001010111100000
0001010111100000
0000111100011010
0000001011011110
1111111100111000
0000010001101110
0000110101001000
0001010000001110
0001000011101110
0000010101111000
1111101011001010
1111011011100010
1110010011101010
1110001010010010
1110111011001000
1111111100111010
0000111110101110
0010011100010000
0010000100100110
0000000000000000
1110101001101010
1101111111100000
1101111101011100
1101101010111100
1110110111000000
1111000000010010
1111011000111100
0000110011011010
0001000010110100
0000110010011000
0000000110001010
1111101111100100
0000110111100000
0000111110101110
0000011000101010
1111111101111100
1111100010001100
1111110001100110
1111111010111000
0000010001011110
0000101101001110
0000001111011001
1111100100010000
1110111101001100
1110100000011010
1110100110100100
1111011100000010
0000011111101100
0001001101110110
0010011100010000
0001101011111100
1111111111011110
1110100101010000
1110010111010010
1101101110100000
1110000001110100
1110100110010110
1111000010010000
1111000111101000
0000100010111010
0001100101011110
0001101011111100
0001000010000010
0000110111010100
0001110001010010
0010010011101010
0010000010011110
0000111011100110
1111111110011000
0000000110111110
1111111011001010
0001010010001010
0001101000101110
0000111011100110
0000011011011000
0000000100110110
1111000111101000
1110110011001110
1111001000001100
1111101001101100
0000100001011110
0000010110010100
1111110100110110
1111010011010110
1110100110101110
1110011011100100
1110011011100100
1101111010000100
1110010000011011
1110011011100100
1111001000001100
0000100001011110
0000110111110100
0001000010111110
1111011110100010
0000001011001010
0001100100011100
0001001110001000
0010011100010000
0010010001000110
0001011001010010
0001111010110010
0010010001000110
0010000101111100
0010010001000110
0000110111110100
0001001110001000
0001000010111110
1111001000001100
1110110001111000
1110111000001110
0000000100001110
0000111111010110
0000111111010110
0000001100101010
1111100010011100
1110111000001110
1110101111110001
1110111000001110
1110111000001110
1111011010000000
1111110011010110
0000101110011100
0001100001001000
0001111010011110
0001101001100100
0001011000101100
0001100001001000
0001110010000010
0001110010000010
0001111010011110
0001101001100100
0001101001100100
0010001011010110
0010011100010000
0010010011110100
0010000010111010
0001100001001000
0001010000001111
0000110110111010
0000010101000111
1111110011010110
1111000001100000
1111111100000110
0001000110010100
0010000100110100
0010000000111010
0000101110111000
1111110000011000
1111000001100000
1111000101011010
1110110001111000
1111000001100000
1111001101001110
0000111010100110
0010000000111010
0010011100010000
0010000000111010
0000111010100110
0000100111000100
0001011001110110
0001101101011000
0001000110010100
0000100111000100
0000001111101000
0000001111101000
0000101110111000
0001011001110110
0001011101110000
0000101110111000
1111111000001100
1111100100101010
1111000101011010
1110101010000100
1101100011110000
1101100011110000
1101100011110000
1101100011110000
1101100110111000
1101100111000010
1101101000100110
1101101000100110
1101101000100110
1101101010000000
1101111000001110
0001000000010000
0001011011100110
0001111101000000
0010010001011110
0001000000011010
0000101001101000
0000011011101110
1111110110100100
1111010010101000
1110111110010110
1110101001111000
1110010110110100
1110000101010100
1101110100101000
1101101101001000
1101101001001110
1101101000110000
1101100111101010
1101100011110000
1101100011110000
1101100011110000
1101100011110000
1101100011110000
1101100011110000
1101100011110000
1101100011110000
1101100110100000
1101100110010110
1110000011010000
1111001100001111
0000011011001011
0001010101100101
1111000110011000
0000010110110010
0000111101100010
0001101010101000
0001101101101000
0000010100100000
0000000001010000
1111100001110110
1110101110100001
1110011000100010
1110001010101110
1110000101111010
1101111110110000
1101111000110110
1101110000011010
1101101100101100
1101101010100110
1101101000110110
1101100111100010
1101100011110000
1101100011110000
1101100011110000
1101100011110000
1101100011110000
1101100011110000
1101100011110000
1101100011110000
1101111000110110
1101101000111100
1101111101010000
0000011011100110
0000101001101010
0000011000011110
0000000000100000
1110010001100100
1110011010011100
1110101110110000
1110100011110100
1110011101100100
1110010010101000
1110001001010000
1101111100101110
1101111000001010
1101111000100110
1110000001000100
1110010100000100
1110101000011000
1110110000001100
1111000001111000
1110111001100100
1110010110101010
1110000111100100
1101100011110000
1101100011110000
1101100011110000
1101100011110000
1101100011110000
1101100011110000
1101100011110000
1101100011110000
1111001110111010
1111100101001110
0010011100010000
0010011100010000
0010011100010000
0010011100010000
0010011100010000
0010011100010000
0000010001110110
1101110001001010
1110010100110110
1110100010010000
1110010100110110
1111001010011100
1110111000100100
1101111110100010
1101110001001010
1101101000001110
1101111010000100
1110000111011110
1110010000011011
1110001011111100
1101110101100110
1110000111011110
1111010011010110
1101100011110000
1101100011110000
1101100011110000
1101100011110000
1111101010001010
1111110001111001
1111110010001000
1111111001110110
0000000000000100
0000001011100010
0000011010110000
0000101001000010
0001000000100100
0000110000111010
0000011111111010
0000011001010000
0000010100010000
0000001110101010
0000001000011100
0000000011011110
1111110100101010
1111100111011010
1111001011101000
1111001100011010
0000101111111010
1111010101101110
1110111011110100
1110111001011000
0000110010111000
0001001111101110
0000111000000110
0010011100010000
1110000001101100
1110000110010000
1110110011110100
1110111110010000
1111001101001110
1111010101101100
1111100001011010
0000000110100000
0000010010111000
0000111111001010
0001101000001010
0010010000100010
0010011100010000
0001101110000010
0001010000000101
0001001110110010
0001000111101000
0001000001000110
0001001010001110
0001001010001110
0001000101000000
0000101100111100
0001000001000110
0001010000000101
0000101111100010
0000110100101110
0000001101000010
1111100110100110
1111101001111000
1111111100110000
1111110110111000
1111100001011010
1110001110000000
1110100011011010
1110110110101100
1110101111011010
1111000101010100
1111011001001000
0000000001010100
0000100110111000
0000110011011000
0001000110001010
0010010001010010
0010011001101010
0010011100010000
0010001000111100
0001111111000001
0001100111100011
0001011110101100
0001100000010000
0001010011001110
0001100111100011
0001101001101010
0001100001110100
0001101101110100
0001101010101100
0001101110010110
0001011010100000
0001001111000010
0000100000000110
0000110110000000
0000100111111010
0000101011100100
0000010111001110
1110010111101110
1111000000011000
1110111011100110
1111000001100100
1111000001100100
1111101100100110
0000000001011111
0001000000110110
0000111111101000
0001110001001110
0010011100010000
0010010101000110
0001110100110100
0001110111001110
0001101000010010
0000111101010000
0001001000000000
0001000101000000
0001000001011100
0000110010100000
0000111010010000
0000110110101100
0001000110110100
0001000110110100
0001010011010110
0000110011000110
0000100001001010
0000000110111000
0000000100011110
0000001000000100
0000010101110100
1111111010010100
0000010001110000
1101100011110000
1101100011110000
0010011100010000
1101100011110000
1101100011110000
1110100010010000
1111101011001010
1101100011110000
1111100110001010
1111110111011000
1111110111011000
0000100001001110
1111101101100010
1111110000000000
0001001101100000
0010001101100000
0010011100010000
0010011001110010
0001110111010110
0001000011101010
0001000110001000
0001100011101010
0000111110110000
0000010010011110
0000011110110000
1111110010011110
1111101101100010
1111101101100010
1111011001111000
1111010111011011
1111111001110110
0000000110001010
0000010000000000
1111101011000110
1111100001010000
0000001101100010
1111011100010100
1111001011000110
1110111100010110
1110100110001100