1110101001000100
0000001000100000
0000001000100000
0001110111100111
0001110110010110
0001100110101010
0000110010010110
0000101001001100
0000010100010010
0000010101100100
0001001000100100
0010011100010000
0010011010111100
0001000000101110
0000111011100000
0000011010110100
0000110001000010
0000111000111000
0010010001110010
0010001001111100
0000111100110100
0000100000000010
0000000111001100
1111100111110100
1111111000110100
0000100001010110
0000111011100000
0000110110010000
1111111011011100
1111001101101010
1110101110010010
1110110011100000
1110101001101110
0000000100001110
0000000110101000
0001100011100010
0001110011001110
0001101111100101
0000101010110110
0000101100000010
0000011001111100
0000011101100100
0001001010001110
0010010010100110
0010011100010000
0000110110111010
0000100010011000
0000010001100000
0000010111100010
0000100110000000
0001110101101000
0010001100100100
0001011000101100
0000000111110110
1111111111011010
1111100110000100
1111110010001000
0000000100001110
0000101101010000
0001011000101100
0000111011101110
1111101010111001
1111011000110010
1111001011100000
1110100101000000
1111111111011100
0000001100000010
0001000001110100
0001111001111010
0001111000110000
0000110001110010
0000101100000011
0000001010111000
0000010000100110
0000100101001100
0010010111101010
0010011100010000
0000101001110010
0000100110010110
0000000010111000
0000001010111000
0000011101001100
0001001001110110
0001011110011100
0001000110011010
0000010101001100
1111110011111110
1111110000100010
1111101110010000
1111110000100010
0000000110010010
0000011111011110
0000101001110010
1111111010110110
1111010010110010
1111000111010110
1110100011001110
1111111010001000
0000010011100010
0001011011110010
0010011100010000
0010001000101110
0000101101111010
0000100101000110
0000001110101010
0000001110101010
0001000100011000
0001101101011000
0001101011011100
0000111010100110
0000011000011010
0000000100111000
0000000000000000
0000011010011000
0001000001011100
0001001111000110
0001010110111010
0000111100100100
1111111110000100
1111110111001110
1111101001100010
1111110111001110
1111110001010110
0000010110011110
0000101000000010
0000010100100000
1111111011001000
1111100000110000
1110100110110110
1111110100111110
0000001111000001
0001111110001100
0010010110010000
0010000101001110
0000100010000100
0000011010000010
0000001011000010
0000011111000100
0001011011001010
0010011100010000
0010001100001110
0000101001000100
1111111010000001
1111111111000000
1111111100000000
0000010111000010
0000011011000001
0001100111001010
0001110010001100
0001011100001010
0000001111000001
1111101001111111
1111011001111100
1111111010000001
1111100010111110
0000010000000010
0000011110000011
0000011111000100
0000010110000001
0000000101111111
1110111000011100
1111111101111110
0000011001001100
0001101111111001
0001110110111100
0001100010110010
0000011010001110
0000011001001100
0000010011001010
0000101111011000
0001110111111110
0010011100010000
0001110101111100
0000111100011110
0000000101000010
0000000010000010
1111101100110110
1111110011111010
0000000000000000
0000111110100000
0001100111110110
0001001110101000
0000001000000100
1111011111110000
1111010011101010
1111001000100100
1110110111011010
1111001011100111
1111001111101000
1111011110101110
0000000100000010
0000000110000100
1111010011101010
0001001001011010
0001101001011000
0010010011100010
0010010111111000
0001101100010001
0000101101110010
0000110011100110
0000101100010110
0000110010001010
0001101111001100
0010011100010000
0010000110011100
0001011001010111
1111110101000110
1111100101001001
1111011101110110
1111011001011110
1111101100011000
0000001101110100
0001100000101010
0001101101110000
0001000010001000
1111011000000010
1111000110100110
1110101000000100
1101110110101010
1101111011000000
1101101101111100
1110011100011100
1111000101001000
1111011001011110
1111001011111011
0000010111101100
0000100001001010
0001100011011100
0001000111000010
0001100011011100
0001010000100000
0000111101100100
0000010111101100
0000101010101000
0001000111000010
0010011100010000
0010010010110010
0001101100111001
0001011001111110
0001000111000010
0001010000100000
0001101100111001
0010010010110010
0001111111110110
0001010000100000
0001000111000010
1111101000010100
0000001110001110
1111111011010000
0000110100000101
0001000111000010
0000000100110000
1111010101011000
1110101111100000
1110011100100100
1110100110000010
1110111000111110
0000010111101100
0000110100000101
0010001001010100
0010010010110010
0001100011011100
0001011001111110
0000110100000101
0000101010101000
0000110100000101
0001110110011000
0010001001010100
0010001001010100
0001111111110110
0001011001111110
0000111101100100
0001010000100000
0001110110011000
0010011100010000
0001111111110110
0001101100111001
0000111101100100
0000101010101000
0000010111101100
0000101010101000
0000110100000101
0001111111110110
0001110110011000
0000010111101100
0000000100110000
1111010101011000
1111010101011000
1110110100101000
1111100100011100
0000000101100000
0001110000001000
0010000010100000
0001110111100000
0000100110100110
0000010000100010
0000011011100100
0000011111010000
0001111110110110
0010011100010000
0001011010000100
0000101101111110
1111110011001000
1111101111011110
1111011101000100
1111100100011100
1111111110001010
0000110101010100
0001110011110100
0001110000001000
0000010100001101
1111101011110011
1111110011001000
1111101000000110
1111100100011100
1111111110001010
1111101111011110
0000100010111100
0000100110100110
0000100010111100
1101100011110000
1101100011110000
1101100011110000
1101100011110000
1101100011110000
1101100011110000
1101100011110000
1101100011110000
1101100111110110
1101100110111100
1110110111000110
0000000000111001
0000100010100100
0000111100101000
0001001001100000
0001101001011110
0010001110110000
0010000111100000
0000011010001110
0000000101111010
0000010000110100
1111100001100010
1110010111001000
1101110000010110
1101101011110010
1101101011110010
1101101011101000
1101101001101010
1101101000100110
1101101001000100
1101101011011110
1101101101100110
1101101010001000
1101100011110000
1101100011110000
1101100011110000
1101100011110000
1101100011110000
1101100011110000
1101100011110000
1101100011110000
1101100111001100
1101100111011110
1110101011110101
0000011100111100
0001001100010100
0001101001010000
0010000001111000
0010011001101110
0010001010001110
0001100110011010
0000000101100000
1111101011100010
1111100011011100
1110110111111000
1110010011101111
1110100011011111
1110100010101101
1110100001101100
1110010010001100
1110010110010010
1110010100000110
1110001100110100
1110000111111011
1101111011011010
1101110000110100
1101100011110000
1101100011110000
1101100011110000
1101100011110000
1101100011110000
1101100011110000
1101100011110000
1101100011110000
1101111001000110
1101101101101000
1110001110111110
1110010000010010
1110011111111010
1110100000011000
1110011100000000
1110001011110000
1110001011110000
1110001001111000
1110011111110000
1110011000111000
1110011010110000
1110000110001000
0000001001111000
0010011100010000
0010011100010000
0010011100010000
0010011100010000
0010011100010000
0010011100010000
0010011011101110
0001111011111100
0001001101100110
1111101011101100
1101100011110000
1101100011110000
1101100011110000
1101100011110000
1101100011110000
1101100011110000
1101100011110000
1101100011110000
1101111010000100
0010011100010000
0010011100010000
0010011100010000
0000010110010100
1110000111011110
1101101100101100
1110000011000000
1110010100110110
1110111000100100
1110101111101010
0000001000111100
1111011100010010
0010011100010000
0010011100010000
0010011100010000
1101111010000100
1101111010000100
1110000011000000
1101101000001110
1101100011110000
1101110001001010
1110110100000110
0001000010111110
0010011100010000
0010011100010000
0010011100010000
0010011100010000
0010011100010000
0010011100010000
0010011100010000
0010011100010000
0010011100010000
0010011100010000
0010011100010000
1101101111001010
1101101111001010
1101110110101000
1101110001001100
1101101100100010
1101101001100110
1101101011111110
1101101111010010
1101100011110000
1101100011110000
0000000010000110
1110110010110010
1110110111110100
1111111000011100
0000101110101000
0001010011111010
0001101010011000
0010011100010000
0000110010000000
0001110110110000
0010010110000000
0010000011010000
0001011101110000
0001110110110000
0010011100010000
0001011101110000
0001011101110000
0010001001100000
0001100100000000
0000111000010000
0001000100110000
0001011101110000
0000110010000000
0000100101100000
0000000000000000
1111110011100000
1111100111000000
1111100111000000
1111110011100000
0000000110010000
0000101011110000
0000111000010000
0001001011000000
0000101011110000
1111100111000000
1111101101010000
1111100111000000
1111100000110000
1111001110000000
1110100010010000
0000001100110000
0010000010110000
0010011100010000
0001011111101010
0001010110000110
0001101100011010
0010011001000100
0001011100011110
0001111001001100
0010010010101100
0010000010110000
0001000110001010
0001000110001010
0001101001001110
0000111001011010
0000010011001000
1111100000001001
0000000000000000
1111110110011100
0000001111111011
0000010011001000
0000010110010100
0000100110010000
0000111100100110
0000110110001101
0000100110010000
0000000000000000
1110101101000110
1110011101001010
1110101001111010
1110100011100010
1101100110111100
0000100101101110
0001111001001110
0010010110111000
0001111011111100
0001001011011100
0010001001011010
0010011100010000
0001010110001110
0001010000110100
0001111110101000
0001001011011100
0000110000100000
0001001011011100
0001010011100000
0001010011100000
0000001000000110
1111110111111010
0000100101101110
0000010101100100
0000010101100100
0000001000000110
0000001000000110
0000010010110110
0001000110000010
0001011000111001
0000001010110010
0000000000000000
1111110111111010
1111000010000010
1111100111110000
1110110111010000
1110100001101110
0000001110000110
1101100011110000
1101100011110000
0010011100010000
1110000011000000
1101100011110000
1101100011110000
1101111101110010
1101100011110000
1110010110110110
1110010100111000
1111001000000000
1111001101111001
1111110111001010
0000010010101010
0000001100110010
0000001010110100
0000010100101000
0000100010011010
0000100000011100
0000110010000111
0000110100000101
0000011110011110
0000011100100000
0000110100000101
0001000111110000
0000111101111010
0000101110001011
0001010011100010
0001011011011010
0001111010110110
0010000010101100
0001011111010100
0010011100010000
0010001010100100
0001110110111010
0001111010110110
0001110010111110
0001111110110010
0001011011011010
0000101100001101