1110001101100110
1111000100100000
1111100101001100
0000100001010110
0001110001000110
0001000011010110
0000010101100100
0000001011001000
0000100110100100
0000111100110100
0001110110010110
0010010111000010
0010010100011010
0001001000100100
0000010101100100
0000011100001000
0001010100010101
0001111100111000
0010011100010000
0010010101101110
0001111111011110
0001100101010101
0001011001100100
0000110100111110
0000000000101010
0000100110100100
0000100000000010
1111000001111011
1110111111010010
1110110010001100
1101110011011100
1101101011100110
1110100110101110
1111000000100100
1111101110011000
0000110001010110
0001001111111000
0001011011101000
0000100011010000
0000010001101000
0000010010110100
0001000010111110
0001110000110010
0010011000101110
0010000001001110
0000100100011010
0000011111101110
0000010010110100
0001001010000000
0001111100100010
0010010101001100
0010011100010000
0001111100100010
0010000011100110
0001111001000000
0001011011101000
0001011001010010
0001101001101110
0001000110100000
1111110001111010
1110110110000000
1110110111001010
1110110111001010
1110111000010110
1110011011110110
1110111110100100
1111011111111100
1111100001010010
0001001000001000
0001011110110100
0000100000000100
0000010000000010
0000001001010110
0000101100000011
0001011010110100
0001111101100010
0001100001100000
0000010001011000
1111101011111110
1110110110100100
0000000010101010
0000100100000100
0001001100001000
0010011100010000
0010010000001110
0001010010110100
0000101010110000
0001001110110010
0001011010110100
0001100110110110
0001001101011110
1111101010101000
1110100101001100
1101110111110010
1110001101001010
1110100011110110
1110011010000110
1111001001101010
1111110111110110
0000100111011010
0001101100101100
0001110110001110
0000110011101000
0000110000111010
0000110010010001
0001011111000110
0010010101011110
0010011100010000
0010000011110010
0000110000111010
0000001000001010
1111111011111100
0000011100100010
0001010101100101
0010010001011000
0010001101010100
0001110110001110
0001100011001100
0001011101110000
0001001100000110
0001100011001100
0000111110100000
0000010111000101
1111011111011010
1110011010000110
1110001001110010
1101110110110010
1101110101011010
1110000001111000
1111010100101100
1111110111110110
0000011010111110
0001011111111111
0001010101111110
0000111110001000
0000100011110010
0000110001100100
0001100111100010
0010010111001110
0010001101001100
0001101011010100
0000011100001111
1111110111110110
1111111110001000
0000110110100110
0001100101000001
0010010010001110
0010011100010000
0001010101111110
0001000000101000
0001001010101100
0001101010000100
0001101011010100
0000101010000010
0000000101101010
1110101111000100
1110100010100000
1110001111101100
1110010011011100
1110001001011010
1110001110111110
1111011010010100
1111110110110000
0000010101101000
0000100110111010
0000111111101000
0000101000001010
0000001110001110
0000100110111010
0001011000010100
0010011100010000
0010001111111010
0001101001100110
0000101000001010
0000011000000110
1111111010011100
0000101011110110
0001100111001000
0001111001101010
0001100010001100
0000100001111110
0000000101100100
0001000101110010
0001011110100000
0001011000010100
1111110101100000
1110111000111110
1110110101010010
1110100101001110
1101111001111110
1110000001011010
1101110011110100
1110110100001100
1111110010001010
0000000111001111
0000101010110110
0001001011110100
0000011001101110
0000011101101010
0000001011001110
0000100110111010
0001000011111010
0001110110000000
0010011100010000
0010010100010110
0001000101001110
0000100001101000
1111111111010110
0001010110011000
0001100000111010
0001001001001100
1111110111011100
1111111010000100
0000001111001010
0000010011001000
0000110100000101
0000101101100000
0000000011010010
1111101011100100
1110111000001000
1111000100000000
1110011101110010
1101111011011110
1101111111011100
1110100101001010
1111100110100100
0000010010001010
0001001100010100
0001011010110110
0001001100010100
0000100111111110
0000100111111110
0000111101110001
0001010011100100
0001111111001011
0010010100111110
0010001101101110
0001100010001000
0000110110100000
0000111101110001
0001100010001000
0010000110011100
0010011100010000
0010010100111110
0001110111111010
0001101001011000
0001011010110110
0000101111010000
1111110101000110
1111100110100100
1111101101110110
1111010000110000
1111001001100000
1111000010001111
1110100101001010
1101111001100100
1111011100011000
0000001101101110
0000110100000101
0001101010111010
0001111011010110
0001110000010111
0000111111000100
0001001111100000
0001011010011110
0001101010111010
0010001011110100
0010010001010010
0010010001010010
0001101010111010
0001001010000000
0001010100111101
0001110000010111
0010001011110100
0010011100010000
0010010110110010
0010001011110100
0001111011010110
0001110000010111
0000111111000100
0000011000101010
0000100011101000
0000110100000101
0000001101101110
0000000010110000
0000000010110000
1111001011111011
1110111011011110
1101111011001100
1111101000100100
1111110100010010
0000000011111010
0001001010001110
0000111110100000
0000110010110010
0000011111010000
0000010111011100
0001011101110000
0010011000010110
0010011100010000
0001011001110110
0000110010110010
0000000000000000
1111111000001100
0000011111010000
0001100001101010
0010010000100010
0010000000111010
0000110110101100
0000100111000100
0001000010011010
0001110101001100
0001110001010010
0000010111011100
0000000111110100
1110110101110010
1110101101111110
1110011010011100
1110001010110100
1110011010011100
1101100011110000
1101100011110000
1101100011110000
1101100011110000
1101100011110000
1101100011110000
1101100011110000
1101100011110000
1101110000001110
1101110011010110
1110111001011110
0001101101100000
0010000001110000
0001001111000110
0000100100010000
0000110100100110
0000111101001100
0000011110000000
1111100101001001
1111010010011010
1111001100111110
1110110111001000
1110100011101010
1101111100101100
1101110100001000
1101101111011100
1101110110011110
1101111010010110
1101110011010110
1101110100001000
1101111000000000
1101111000110010
1101110110011110
1101100011110000
1101100011110000
1101100011110000
1101100011110000
1101100011110000
1101100011110000
1101100011110000
1101100011110000
1101101011011110
1101101100010000
1110011110001000
0010000011111010
0010010000111110
0001100110110100
0000111111110100
0000101001011110
0000111010101100
0000001000011010
1111101101010100
1111011011010010
1110111111000000
1110010111110101
1101111111010000
1101101110010000
1101101100011110
1101101011010010
1101110100110010
1110000010000010
1110101111001010
1111010101100100
1111110100011100
0000010111011100
0000101110000000
1101100011110000
1101100011110000
1101100011110000
1101100011110000
1101100011110000
1101100011110000
1101100011110000
1101100011110000
1101101011000010
1101101010100000
1110001000101110
1110011011001110
1110101100011010
1110110011011100
1110111000001000
1110110000010100
1110110100011000
1110110000000000
1110100111111001
1110101010011000
1110101010011000
1110010100100001
1101110110100000
1110001000001100
1101110010010100
1101101011000010
1101110000110000
1111010100010000
0001101111111110
0010010001110100
0010010111000010
0010011100010000
0010011100010000
1101100011110000
1101100011110000
1101100011110000
1101100011110000
1101100011110000
1101100011110000
1101100011110000
1101100011110000
1101101000001110
1111111011100010
0010011100010000
0010011100010000
1111000001100000
1110000111011110
1110000011000000
1101111010000100
1110000011000000
1110000111011110
1110100010010000
1110010000011011
1111001010011100
0000100011101110
1111110111000100
1101110101100110
1101110001001010
1101111110100010
0010011100010000
0010011100010000
0010011100010000
0001001011111010
1110011101110010
1101111110100010
1101101100101100
0010011100010000
0010011100010000
0010011100010000
0010011100010000
0010011100010000
0010011100010000
0010011100010000
0010011100010000
0010011100010000
0010011100010000
1101110010001010
1101110010001010
1110000101111110
1110001101011010
1110010100010100
1110100010010010
1110101010011011
1110111110011000
1111001010001100
1110110010001000
0000100111100110
1110101101010010
1110101100110010
0000101110100110
0010010001011000
0010001101001110
0001101001111110
1111001101001110
0000000100001110
0001010000001111
0001110010000010
0001010000001111
0001100001001000
0010001011010110
0010001011010110
0001010000001111
0001110010000010
0010011100010000
0010011100010000
0001110010000010
0001010000001111
0000100110000000
1111011010000000
1111101010111001
1111100010011100
1111001001000110
1111000000101010
1111110011010110
1111100010011100
1111011010000000
1111001001000110
1111110011010110
1111001001000110
0000001100101010
0000001100101010
1111001001000110
1110100111010100
1111010001100100
1111000000101010
1110010110011100
1111100100011100
0000010111111010
0001111011001010
0001000000010110
0000100110100110
0010001101100010
0010011100010000
0000110001101000
0000111001000000
0010011000100100
0010010100111010
0001101100011110
0001011101110000
0001100101000110
1111110110110100
1111111110001010
1111101000000110
1111001110011000
1111011001011010
1111110110110100
1111101011110011
1111101000000110
1111101000000110
1111001110011000
1111001110011000
1111010101101110
1111101000000110
1111011001011010
1111011001011010
1110111100000000
1111110011001000
1110011010111010
1111111011101010
0000111000011100
0001110101001100
0000111100110000
0000111100110000
0001011011001010
0001111001100010
0001010110110100
0001010010011110
0001111101111000
0010011100010000
0001001001110010
0001010110110100
0001101100100000
0000010101101100
0000010101101100
1111011000111100
1111011101010010
1111101010010100
1111001011111011
1111110010111110
0000000100010110
1111100001101000
1111100101111110
1110110001111000
1111000011010000
1110101101100010
1111010000010000
1110110110001110
1110110110001110
1111011101010010
1110110110001110
0010011100010000
1101100011110000
1101100011110000
0010011100010000
1101100011110000
1101100011110000
1101100011110000
1101111101110010
0010011100010000
1101111011000110
1110100010100110
1110111001111110
1111000001001010
0000000001110010
1111101110000010
1111100011010000
1111101000101010
0000001010110010
0000100101101110
0000001100100100
0000000001110010
1111110011011100
1111110101001110
0000001100100100
0000111101000100
0001000100010000
0001101011110000
0001101000001010
0010011100010000
0010001010010010
0001100100100011
0001010100011010
0001000000101010
0001100000111110
0001101101100100
0001101001111110
0001111101101110
0001010110001110
0000110100000101
0001000111110110
0000111001011110