1111011011000010
0000011010110100
0000101101010100
1111111111000100
1110101100110010
1110011101000100
1110001001101010
1101111100101110
1110000011001100
1101110011011110
1110011011001110
1110011000011101
1110011101000100
1110111010101010
1111011110101110
0000011000000010
0001001110100110
0010000010011000
0010001101011110
0001101110000010
0001100001000101
0001111010000010
0010001001110000
0001111001001000
0001100110101000
0001011110010100
0001101100001100
0010001101011110
0010011100010000
0001111010000010
0000011110100000
1111010001110010
1111010011001010
0000111100101000
0001010010010100
0000100110111100
1110110110100100
1110001001001110
1110000011010010
1110001101001010
1110000010010100
1101110100100000
1110000011010010
1110000001010100
1110001110001000
1110101010101111
1111001111001100
1111111011100100
0001001101011000
0010010011011000
0010011100010000
0010000110100100
0001011110001010
0001100110000010
0001101111111000
0001010111010000
0001000001100100
0000111100101000
0001000101100000
0001000100100000
0001100011000100
0001000111011110
1111110101101010
1111000011011000
0000010001000110
0001011111001110
0001110011100100
0001101000111101
1111100111100110
1111010100111000
1111010000110100
1111000010111110
1110111111101110
1110101000111100
1111000111110110
1111010011010000
1111010000000001
1111011010100100
1111111110011000
0000000000000000
0001000011100010
0010001011001010
0010011100010000
0010001011001010
0001101001110010
0001010111000100
0001011011111110
0001011001100001
0001010111000100
0001011111001110
0001111001010000
0010001001100010
0010001010010110
0001110101001100
0000110111010110
0000010101111110
1111001011000010
0001000101111000
0001100100001010
0000110100111110
1110110101101010
1110011111011010
1110001001001010
1110000110011110
1101111010111010
1101111010111010
1101110110011100
1110001010111100
1110000100101100
1110001010111100
1110101010000110
1111010001010000
1111101100110110
0001000010010110
0001101011010010
0001100101000100
0001001101111010
0001010111101100
0001101101111110
0001100110110110
0001010101111010
0001010101111010
0001001101000000
0001111101111110
0010011100010000
0001111101111110
0000010101110100
1111111100111000
1111101110110000
0001011000011010
0010000000011100
0001000100011010
1110110110000010
1110010100101100
1110100000111010
1101101101110000
1110001010101100
1101110011010100
1110001000011100
1110001001100100
1110011101100110
1110110111001010
1110010110111010
1111000100100000
1111101110110000
0001001110011010
0010001100101100
0010011100010000
0001111101001000
0010010010010000
0010011000111010
0010000011110010
0001100101110000
0000101101000010
0000101110001010
0001100100101010
0010001001010110
0001011000011010
0000011100010110
1111100110111110
1111111001010110
0000110011011100
0001010000000010
0000111111110110
1110110111100110
1110100101100000
1110001011110000
1110000111000000
1101101101010010
1110010100010111
1110011011000000
1110111110010000
1111001010101010
1111000001001000
1110111100010110
1111000110110110
0000000001111010
0001101010101110
0010011100010000
0010010000110100
0001100011000110
0010000100011100
0010010100101000
0001100011000110
0000111011000100
0000110110010100
0000110011011100
0001000111011110
0001001001011000
0000100011010000
1111110100100100
1111011000111100
1111101010100000
0000001111110110
0001011001011100
0001001010101110
1111001110001101
1110111100000100
1110100110100100
1110101111101000
1110001110110010
1101111000001000
1110011111110000
1110110111100010
1110110000110000
1110110001111000
1110100100010010
1111001000100010
1111011110000010
0000101100001010
0001101011100100
0010010100010100
0010011100010000
0010001011010010
0010000101100110
0000110000101100
1111111001001110
1111111110111000
0000000110110010
0000111101001010
0000111001110000
0000110110010110
1111101000001110
1111000000100110
0000010000001010
0000110000100000
1111111010101000
0000000101011000
1111100101000100
1110101111001100
1110111001111110
1110000100000100
1110100100011010
1110011001101000
1110100100011010
1110000100000100
1110101111001100
0000000101011000
0000011010111100
0000111011010010
0001011011100110
0001000110000010
0001011011100110
0010000110101100
0010010001011110
0010011100010000
0010010001011110
0001111011111100
0010000110101100
0001110001001010
0010000110101100
0010010001011110
0010010001011110
0000100101101110
0000010000001010
1111001111100000
1111000000101010
0000011101100100
0000101110011100
1111101010111001
1110111000001110
1110010110011100
1101111101000110
1101111101000110
1110000101100010
1110001101111110
1110100111010100
1110111000001110
1110111000001110
1111010001100100
1111111011110010
0000100110000000
0001100001001000
0001111010011110
0010000010111010
0001111010011110
0001110010000010
0010000010111010
0010001011010110
0010000010111010
0001110010000010
0001110010000010
0001111010011110
0001111010011110
0010011100010000
0010000010111010
0000101110011100
1111101010111001
1110110001111000
0001011111111000
0001101110000110
0001001110001000
1111100000000010
1111100011100110
1110101110010100
1110010101011110
1110111100100010
1111000111001100
1110010001111010
1110110001111000
1110110001111000
1111001010101110
1111010101011000
1111111100011100
0000000111000110
0001011000110010
0001111100010010
0001101110000110
0001101110000110
0001111000110000
0010010001100110
0001111111110110
0001011000110010
0001001110001000
0001100011011100
0010001110000010
0010011100010000
0001111100010010
0001000011011110
0000101110001010
1101100011110000
1101100011110000
1101100011110000
1101100011110000
1101100111100010
1101101000111110
1101110100101100
1110101010000100
1101111101000000
1101110011111110
1101111001100100
0001011100000011
0010001101010010
0001000110011010
0000001111000100
0000001001011110
1111111110010010
1111100010101100
1110111001000010
1110100011001110
1110010110011010
1110001110101010
1101111110010000
1101110011101000
1101101010111110
1101100011110000
1101100011110000
1101100011110000
1101100011110000
1101100011110000
1101100011110000
1101100011110000
1101100011110000
1101100011110000
1101100011110000
1101100011110000
1101100011110000
1101100111010010
1101100111111110
1110100001001100
1111000111111000
1110010101001000
1110001111100110
1110000010111100
0001001100001010
0001100001001000
0000000101100010
1111011111011100
1111000011111110
1110110111000100
1110101111101100
1110010011110000
1110001011001000
1110000010100010
1101111100101110
1101110100011010
1101101101111110
1101101011010110
1101100011110000
1101100011110000
1101100011110000
1101100011110000
1101100011110000
1101100011110000
1101100011110000
1101100011110000
1101100011110000
1101100011110000
1101100011110000
1101100011110000
1101101111001100
1101110010010100
1101111101110010
1111000100101000
0000001001011000
0000010011110010
0000011000011110
1110100111011100
1110101100001000
1110010101110000
1110010011101010
1101111111111000
1101111001001010
1101101110000000
1101110100101100
1101110010111010
1101111000010010
1110001100110100
1110010110010000
1110010011001000
1110101101101100
1101100011110000
1101100011110000
1101100011110000
1101100011110000
1101100011110000
1101100011110000
1101100011110000
1101100011110000
1101100011110000
1101100011110000
1101100011110000
1101100011110000
1110011101110010
0010011100010000
0010011100010000
0010011100010000
1110101011001101
1111001110111010
0010011100010000
0010011100010000
1111001010011100
1111000101111110
1110011001010100
1110100110101110
1110010100110110
1110101011001101
1101111110100010
1101110101100110
1101111110100010
1101100011110000
1110011001010100
1110010000011011
1101110001001010
1101100011110000
1101100011110000
1101100011110000
1101100011110000
1101100011110000
1101100011110000
1101100011110000
1101100011110000
1110011001101000
1110011011000110
1110011011001010
1110011101001100
1110011001010100
1110011000001010
1110011000110000
1110011000111100
1110001110111000
1110011000000000
0001100001101010
0001100010000110
0001100010000100
0001100010011100
0001011101100010
0001010110010010
0001010011100110
0001010011100110
0001011100010100
0001001110100100
0000111010010110
1111010101101110
1101111111000110
1111000111000110
0001110110000000
0010010101111110
0001010111000000
0010011100010000
0000000110101101
0000001111101100
0000010001111100
0000011000101010
0000111011000100
0001001101110000
0001100101101100
0010011000100000
0010011100010000
0010001011000100
0010001110110010
0001111111110110
0001110011001000
0001100001001100
0001101010001010
0001011000111110
0001100111111010
0001101001011010
0001110001101000
0001100100001100
0001010000000000
0001010000110000
0001000111000010
0001011110111100
0001010010010000
0001010110101110
0001000100000010
0000111100100100
0000100011001000
0000101000011000
0000100111101000
0000000101111110
1111001011111011
1111101011010110
0000000001101010
0000000100001000
0000011110100110
0000010101100000
0000101111001000
0001010101001010
0010001101011000
0010010010010110
0010011100010000
0010011000001000
0010001111000010
0001110111000100
0010000000001010
0001110001010000
0001101000001010
0010011011011100
0010011001110010
0010001001010000
0001100010011000
0001011010111100
0001101110110010
0001101100010100
0001011111111010
0001101110110010
0001110010111010
0000110110100100
0000100101001100
0000101100101010
0001001110100010
1111011100011100
1110111000000010
1111101110011100
1111100011000010
1111101001001100
1111101001001100
1111001101111110
1111110001111110
0000000110001010
0001010011011010
0001101100110110
0010001100011100
0010011100010000
0001110001010000
0001111100101001
0001111111010010
0001001001110000
0001011110110100
0010010010100110
0010001011100100
0001000011100110
0001100110101110
0001100110101110
0001110100110000
0001101001010110
0001100011001100
0001010110000010
0000111110010100
0001001111111000
0000111100100100
0000110011110001
0000111011101100
1111111010101111
0010011100010000
1101100011110000
1101100011110000
0010011100010000
1101100011110000
1101100011110000
1101100011110000
1111110000011000
1101100011110000
1110101110010010
1110101110010010
1111101101011000
1111101101011000
1111100111101000
1111011111000010
0000010101100000
1111110000001110
0000000100010100
0010010011101010
0010011100010000
0010000101010100
0000001010000001
1111011111000010
0000000001011100
0000000100010100
0000010010101000
1111001000000110
1111110000001110
1111110101111111
1110111100101000
1111000101001110
1111011001010010
1111110011000110
0000000100010100
0000001100111010
0000001100111010
0000010101100000
1111100001111010
1111000010011001
1111010000101100
1110000011010010