1111101001000110
0000101011110000
0000101101110110
0000100011111100
1111011011100010
1110001111100000
1101111000100110
1101111001000110
1101111100001110
1101101110001010
1101110011111010
1101110111100010
1110100100110110
1111000100000110
1111110110101000
0001011011101010
0010000101110110
0010011100010000
0001110100001001
0001011000000010
0001001000011010
0000100001010110
0000001011111110
0000001000110110
0000111000110010
0000111000010000
0001000100001110
0001001100100100
0001000010001010
0000110000011100
0000010010110000
0000000011001000
1111101001101100
0000111010000010
0001100101100000
0001011101001001
1111001101101100
1110101100111110
1101101101010010
1110001100001110
1101110101100110
1110000011111010
1101111001001100
1110001110100110
1111000000000000
1111100111010100
0001000111001000
0010000111011010
0010011100010000
0010011100010000
0001110101100100
0001000111101110
0000101000110010
1111111100001000
0000000000010100
1111111001110000
0000100000011100
0000110010010100
0001010010011100
0001000010011000
0001001110010010
0001000011100100
0000011011000110
0000001100001100
1111011101000100
0001000100100110
0010011100010000
0010000110000010
1111101000100000
1111001000000110
1110011111011110
1101111110011100
1110000010010000
1110011101100100
1110100111000100
1111111000011000
0000010110001110
0010011100010000
0010011001101110
0001101101111000
0010001110010010
0010001100011000
0001000011111110
0000110010001100
1111110010000011
1111100100000101
1111111101011110
0000000101000101
0000111100111110
0001100010011100
0001101000110011
0001010111000010
0001001100110110
0000111010011100
1111111111011000
0000100011100100
1111100111001100
0001011010001000
0010011100010000
0010000001110010
0000001101001110
1110100111100010
1110000000101100
1101101100000010
1110000011001010
1110000010010110
0000001010110000
0000100111101100
0001011101011010
0001011111111010
0000110001100110
0000111110000000
0001010011100000
0001011010001000
0000101111111100
1111101110101000
1111000110001000
1110101011101100
1110101010110110
1111001001011100
0000101011000000
0001011001010010
0010001000011010
0001001000110000
0000000011010100
0000000011010100
0000000110101000
0000100001111010
1111010111011000
0001000110110010
0010011100010000
0010000010010010
1111101100010100
1110000100011101
1101111011001110
1110011001011000
1110000101010000
1111000100111100
0000000110010010
1111100000100110
1110111101011010
1110100101000110
1110101011110101
1111000100000110
1111110001010110
0000010111111000
1111101110110100
1110101010001000
1110010000001010
1110000110000110
1101110010000000
1110001110011110
1111000010011010
0000110101001100
0001100011010010
0000010100100010
1111100000100110
1111110011000000
0000000111111101
0001011101011010
1111011001001000
0001010000111010
0010011100010000
0010010101111010
1111101100111110
1111010101111110
1111011011100000
0000011110001000
0001111010111100
0001101111000010
1111111111001110
1110001000010000
1110010011010110
1110011111010000
1110101001100100
1110101011111100
1111110100000110
0000011110111100
0000000000000000
1110000110101010
1101101101010010
1101111001001010
1101110110000000
1110010011010110
1110101101100000
1111110001101110
0000101010000010
0000001111111000
1111001110000011
1111011111011110
1111111010011100
0000101001010000
1111000001001110
0000101100111110
0010011100010000
0001111101111110
1111101010001100
1111001011111011
0001010011010000
0001101101111110
0000110101111000
1111000001001110
1110100010111110
1110101010111110
1101110111010110
1101111010000000
1110100100110000
1110101010000110
1111000010001000
1111101101110000
1111010010001010
1110001010111100
1110001111011000
1110010101100110
1110100000010010
1110011110100000
1110100001001100
1110100000010010
0000010010010000
0000110000100010
1111111110101010
1111001001010000
1111111100000000
1111111110101010
0000011010100010
0001001111100110
0001100001010010
0001001001101100
0000001110110000
1111011111100100
1111011111100100
1111010011110011
1111010011110011
1110011110101110
1110111100001100
1111010011110011
1111011001101100
1111110001010000
1111111101000100
0001011011011010
0010010110010110
0010011100010000
0001101101000110
0010001010100100
0010000100101010
0001101101000110
0001110010111110
0001011011011010
0001111000110111
0010001010100100
0010010000011110
0001110010111110
0001101101000110
0001101101000110
0001000011110100
0001000011110100
1111100110100100
0000100111111110
0001000101000010
0000100000101110
1111010000110000
1110001000000110
1110010110101000
1110001000000110
1110101100011100
1110011101111000
1110100101001010
1110100101001010
1111000010001111
1111011000000010
1111010000110000
0001000101000010
0010000110011100
0010011100010000
0001111111001011
0001111111001011
0001000101000010
0001000101000010
0001000101000010
0000100111111110
0001101001011000
0001110111111010
0001110000101010
0001000101000010
0001011010110110
0001011010110110
0000101111010000
0000100111111110
1111101001101100
0000111010000010
0010011100010000
0010000001011110
1111111011100010
1111000101111110
1111000101111110
1110010100110110
1111100000110000
1111100000110000
0000001101011010
0001001011111010
0010001110110110
0010011100010000
0001100010001110
0001001011111010
0001101111100101
0001100010001110
0000111010000010
0000001101011010
0000001000111100
0000000000000000
0000000000000000
1111110010100110
0001100110101100
0001111000100010
0001100010001110
0001100010001110
0001000111011100
0001010100110011
0001000111011100
0001101011001010
1101101010010000
1101101100100000
1101101100000000
1101101100000000
1101101010100000
1101101010000000
1101101011100000
1101101101010000
1101101010110000
1101111100110000
1111010111110000
1111101000110001
1111111001010000
0000100010110000
0001101111010000
0010001000100000
0000100111100000
1111110011100000
1111101001110000
1111001011110001
1110111111110000
1110011100100000
1110000101010000
1101111011000000
1101110001100000
1101101101000000
1101101111110000
1101100011110000
1101100011110000
1101100011110000
1101100011110000
1101100011110000
1101100011110000
1111111100110010
1111111001101000
1111010100001010
0000010101011110
0000011101110000
0000101110000000
0000100101011000
0000011110010000
1111111110010000
1110111001001000
1111010001010111
1111110011010100
0000010000010110
0000111100000110
0001101010101100
0001111101110000
0000010000100000
1111011101010010
1111001110101100
1110111100001000
1110101100101100
1110001111000010
1110000000110000
1101111011110010
1101110111110100
1101110101001010
1101110101101010
1101100011110000
1101100011110000
1101100011110000
1101100011110000
1101100011110000
1101100011110000
1110101000100000
0000101110111000
0001110010000100
0010001101101010
0010001000011100
0010001000111110
0001111101000000
0001101011010010
0001111001111000
0001010101011010
1110100011110100
1110110010100100
1110011001111010
1110001001111100
1110001010110100
1101111000011000
1101110001001100
1101101110000100
1101101010010100
1101101010010100
1101110100101000
1101101101001000
1101110000010000
1110000001111100
1110010011001000
1110001100011000
1110011000111000
1101100011110000
1101100011110000
1101100011110000
1101100011110000
1101100011110000
1101100011110000
0010011100010000
0010011100010000
1111001010011100
1110011001010100
1101110001001010
1101110101100110
1101110101100110
1101111010000100
1111100101001110
0010011100010000
0010011100010000
0000001000111100
1101111110100010
1110100110101110
1110000111011110
1110011101110010
1110100110101110
1110000111011110
1110000011000000
1101111010000100
1101111010000100
1110010000011011
1101111110100010
1110000111011110
1110010000011011
1110000011000000
1110110100000110
1101100011110000
1101100011110000
1101100011110000
1101100011110000
1101100011110000
1101100011110000
1101111110101010
1101111110111010
1101111110101110
1101111100111010
1101111110011100
1110000001011000
1110000001110000
1110000101001110
1110010000011011
1111000101000100
0000100011000010
0000011110111010
0000010111111100
0000010100010111
0000010100011110
0000001010111100
0000000110101010
1111110101111000
1111010110101110
1111100111001110
0001000100110000
0000010110000100
1111010011010101
1111100010011010
1111101110010110
0000000001010000
0000001011100010
1110110111000110
1110010011100010
1110011111110010
1110111110010100
1111101001110010
1111101001011100
1111110010000100
1111111010011000
0000001010010010
0000010110111000
0001010101100101
0001100111001010
0010001011101010
0010001100010100
0010000010101110
0001111000011100
0001111110101110
0010010111100110
0010011010100110
0010011100010000
0001110011011100
0001101100001010
0001100111100000
0001110111000110
0001101010100000
0001100011110110
0001110110000110
0001111001110000
0001111011000100
0001110110110000
0001101000011111
0000111110000010
1111111000000011
1110000111001001
1110011001110010
1110111000001010
1110111011001110
1110111110100100
1111001001011010
1111011011100000
1111101000100110
0000010101101110
0000100010110100
0001010110101000
0001100010000010
0001011101111000
0001101000001010
0001110010110000
0001111011111100
0010000010111010
0010011100010000
0010010011000100
0001111000110111
0001111110011100
0010000100000010
0001111111110110
0001111000000010
0010000110110100
0010010000110110
0010000101011010
0010000010010110
0001110000100001
0001110000010000
0001010011010010
0000010010111100
1111001101110010
1111100100010000
1111010101001010
1111100010101110
1111100011111110
1111011101001100
1111101110001000
0000011000111110
0000111000101110
0001101001011010
0010000101110000
0010001000110110
0001110001000110
0001111110111110
0010010100110110
0010000011010010
0010001000001110
0010010110101100
0010000100110100
0001011100001010
0001100010000000
0001101101011010
0001110111010010
0001110001011010
0001110000001100
0010011100010000
0010011010011010
0010000010111110
0001100010000000
0001101100011110
0001010001111110
0000011101100110
0010011100010000
1101100011110000
0010011100010000
1101100011110000
1110100010010000
1101100011110000
1101100011110000
0010011100010000
1101100011110000
1110100000111010
0000000110110010
0000111001110000
0001000000100010
0010000100011110
0001110000000110
0000100001111110
0000111101001010
0001011000010100
0001010100111010
0010011100010000
0001101001010100
0000011011001011
0001110000000110
0001111010010010
0010001011010010
0001111010010010
0000101000101111
0000010100010111
1111101111000010
0000010000111110
0000101000101111
0000000110110010
0000100001111110
1111111001001110
1111100001011100
0000100001111110
0000111101001010
0000000011011010
0000000110110010
1111100100110101
1110101110011110