1111001001111110
0000001100010110
0001000000010110
0001010010101110
0010010101000100
0010010001111100
0000111100110000
0000100011001100
0000011100111010
0000000100101110
0000000001100100
1111101110110000
0000001010000110
0000011011100100
0000110101100100
0000110111011000
0001011100001000
0001110011000000
0010001010010100
0010010111110010
0010011010000000
0001110100010110
0001111001010010
0010001110010110
0010001110110100
0010011100010000
0010000000000000
0001110111100000
0001101100010001
0001100011110000
0001111000110110
0001111111000110
1111001010001110
0000000011101100
0001000001010000
0001011010100010
0010011100010000
0010001011010000
0000110111001010
0000010111111010
0000010101000111
1111111010111100
1111101010111001
1111110101111000
0000011001010010
0000010010110110
0000100110001010
0000101101000010
0000110100011000
0001100000000100
0001101110010010
0010000010100000
0001111001010100
0001110111000010
0010000100110100
0010000110001100
0010001110111100
0010000001001000
0001111010101100
0001100100001100
0001011010100010
0001010111110010
0001100000100000
0001100111011010
1111000011001110
1111101111110110
0000111110001110
0001111001000110
0010010100001100
0001100010010100
0000110101001100
0000010101110110
1111110111111100
1111110010001110
1111101101000000
1111110000010100
1111111010010100
0000010001000110
0000011100111110
0000100011101000
0000111001011110
0001100001110110
0001111011000000
0010000101011110
0010001100000110
0010000100111110
0010000001001100
0010001000110010
0010011100010000
0010001110000000
0001110001111110
0001100011010000
0001011010010000
0001011001110000
0001100111000100
0001110001000010
1110110010001000
1111100001101110
0000100100100010
0001110110110000
0001111100100010
0000111010001100
0000010001010100
0000000011110110
1111101111101010
1111011010000010
1111011010111110
1111100011101000
1111100100100110
1111111100001010
0000000111101100
0000011010011100
0000110100111000
0001010000010010
0001111010001000
0010010111011100
0010011100010000
0010001101010110
0010000101001100
0010000110001000
0010010011100110
0010000100101100
0001101100101010
0001011111001100
0001001111110100
0001100100111110
0001101011101100
0001110000111110
1110100110011100
1111101110001100
0000101010001111
0001110101100100
0001100011110000
0000101010001111
1111110100010010
1111100000011100
1111001111101010
1111000011111100
1110111001110000
1110111101010100
1111001010100100
1111011011010110
1111100110100100
1111111111100000
0000100001100110
0000111011100100
0001011001000011
0010010100000110
0010010001000100
0010011100010000
0010010011000110
0010010000100010
0010001101100000
0010001100111110
0001111000001000
0001101000110110
0001010101100000
0001101010011000
0001110100100100
0010000011010100
1110100111110000
1111101000010000
0000110110010000
0001101110110000
0001010000001111
0000000001010000
1111100000010000
1111011100110000
1110111010110000
1110110100010000
1110101100110000
1110110001110000
1110110110110000
1110110111010000
1111000111110000
1111100110010000
1111111100110000
0000001101010000
0001001010110000
0010000111110000
0010010101010000
0010011100010000
0010010110010000
0010011000110000
0010000110010000
0001101000110000
0001011001010000
0001000000110000
0001000001010000
0001010101010000
0001101001110000
0001111010110000
1111111101000010
0001111001101000
0001101111101111
0010011100010000
0010010111010100
1111110111000110
1111101000010010
1111011111011000
1111001110100100
1110100000000100
1110101000111110
1111001111100011
1111100010010110
1111111001000100
1111001101100101
0000001101110110
0000001010111000
0000101110011110
0001000011010000
0001010000000101
0001011100111110
0001110111101010
0001101111101111
0001011101111100
0001000010010000
0000010001110100
1111011110011000
1111011001011100
1111100001010110
0000000111111010
0000100100100110
0001010100000100
1111001011111011
0000001000001110
0000101110100110
0001001010000000
0001110101111000
0001110101111000
0000111111000100
0000100011101000
0000101001001000
0000011000101010
0000001000001110
0000010011001100
0000011000101010
0000011000101010
0000100011101000
0000110100000101
0001001010000000
0001101010111010
0001110000010111
0010010001010010
0010001011110100
0001110000010111
0010000110010100
0010001011110100
0010011100010000
0010010110110010
0001110101111000
0001101010111010
0001011111111100
0001110101111000
0001110101111000
0001110000010111
1111000101011010
0000000110100000
0000110100000101
0001100001101010
0010001111001110
0010001111001110
0001000001000110
0000101101100100
0000001101000010
0000000110100000
0000001101000010
1111111001100000
1111111001100000
0000000110100000
0000110100000101
0001000001000110
0001101000001010
0001111011101100
0010001000101110
0010001000101110
0010010101110000
0010000010001110
0010010101110000
0010010101110000
0010011100010000
0010001111001110
0001111011101100
0010000010001110
0001010100101000
0001101110101100
0001111011101100
0010000010001110
1110100101111100
1111100100011100
0000101010010010
0001100001011100
0001000111101100
0000010000100010
1111100100011100
1111101000000110
1111000011010110
1110100101111100
1110111111101010
1110111100000000
1110111000010100
1111000111000000
1111001110011000
1111100100011100
0000001001001100
0000010000100010
0000110001101000
0001111011001010
0010011100010000
0010010100111010
0010000110001100
0010001001111000
0010000110001100
0001101000110010
0001101000110010
0001100001011100
0000111001000000
0001010110011010
0001110111100000
0001111011001010
1101100011110000
1101100011110000
1101100011110000
1101100011110000
1101100011110000
1101100011110000
1101100011110000
1101100110001110
1101100111000000
1101110100101100
1110101010000010
0000101001000010
0001100101100110
0010001100011100
0010010101100110
0001110011100000
0001011101000010
0000111011001000
0000100010111100
1111101010001100
1110110010110010
1110010110011010
1101110100100000
1101101000111010
1101100011110000
1101100011110000
1101100011110000
1101100011110000
1101100011110000
1101100011110000
1101100011110000
1101100011110000
1101100011110000
1101100011110000
1101100011110000
1101100011110000
1101100011110000
1101100011110000
1101100011110000
1101100011110000
1101100111000100
1101100111110110
1110111101001100
1111101010111110
0001011000110100
0001111000100011
0010010101000000
0010010001101100
0001111011100010
0001110110101010
0001101110101000
0000110001001000
1111101010111110
1110100011001100
1110000001010100
1101101101010110
1101101000111010
1101100011110000
1101100011110000
1101100011110000
1101100011110000
1101100011110000
1101100011110000
1101100011110000
1101100011110000
1101100011110000
1101100011110000
1101100011110000
1101100011110000
1101100011110000
1101100011110000
1101100011110000
1101100011110000
1101101110101100
1101101011000010
1110101101101100
1110111100110100
1110110001100000
1110100101000000
1110100100101010
1110011011000100
1110011100010100
1110100010100100
1110011111011100
1110011011000100
1110010111101000
1110001101000000
1101110001100000
1101110111100010
1101101011100100
1101100011110000
1101100011110000
1101100011110000
1101100011110000
1101100011110000
1101100011110000
1101100011110000
1101100011110000
1101100011110000
1101100011110000
1101100011110000
1101100011110000
1101100011110000
1101100011110000
1101100011110000
1101100011110000
1101100011110000
0010011100010000
0010011100010000
0010011100010000
0010011100010000
1101101100101100
1101100011110000
1101100011110000
1101100011110000
1101100011110000
1101100011110000
1101110001001010
0010011100010000
0010011100010000
0010000101111100
1110011101110010
1110101111101010
1101100011110000
1101100011110000
1101100011110000
1101100011110000
1101100011110000
1101100011110000
1101100011110000
1101100011110000
1101100011110000
0010011100010000
0010011100010000
0010011100010000
0010011100010000
0010011100010000
0010011100010000
0010011100010000
0010011100010000
0010011100010000
0001111010101000
0001101000101100
0001100101100110
0001100000001100
0001100000010010
0001100010111000
0001100111100010
0001101000101001
0001101110000000
0001110000000000
0001100111111110
1110111011010000
0000010110000100
1111111100011100
0001000011001100
0001011000101000
0001011100001101
0001110010001000
0001001011100010
1110110100010010
1111100011000001
0001000101010000
0000011110100110
0000001001101010
1111110100101110
0000010001101110
0000010000000110
0001001000100000
0010001100001010
0010000111010100
0010001000111010
0010011100010000
0001111100000001
0001100111000110
0001110101100110
0001111101101010
0001111100000001
0000110101001010
1111110001100001
1111100111110111
1111100111110111
1111010100100000
1110110001000100
1111101100101010
0000011011011000
0001010010001010
0001000000011100
0000001000000100
1111100110001110
1111111011001010
1111010100100000
1110010100111000
1111001101111001
0000011110011110
0000011000100100
1111110101001100
1111101001011010
0000001110110000
0000010100101000
0001010001100100
0001101111000010
0001101101000110
0001110000111111
0010011100010000
0001111110110010
0001001101101000
0001011011011010
0001110100111011
0001101011001000
0000111111111000
1111111011000110
1111101111010010
1111010101110001
1111001001111101
1110101100011110
1111010001110101
0000100110010100
0000111001111110
0000101110001011
1111101001011010
1111100011100000
1111011001101100
1110010100111000
1111100000011100
0000111100000110
0001100111101010
0001001110001000
0000100010100100
1111110010011110
0000000101111111
0000010000100010
0001001111101000
0001101001001010
0010001010001110
0001101111001100
0010011100010000
0010001000101110
0001011101001001
0001100011001010
0010010000001110
0010000111001110
0000110111100110
0000001111000001
1111011011111100
1111011011111100
1111001000011010
1111000000111010
0000000010111111
0000011001100010
0001001111101000
0001001011001000
0000010101000010
1111101101111110
0000010000100010
1111110101011110
0001111010011010
1101100011110000
1101100011110000
0010011100010000
1101100011110000
1101100011110000
1101100011110000
1110100010010000
1101100011110000
0010011100010000
0010000111101010
0001011110011100
0001101100001100
0001011011000000
0001100001111000
0001101100001100
0001100001111000
0001101000110000
0010011000110100
0010010001111100
0000101010111100
0001111001111010
0001110011000010
0001101100001100
0001000010111110
0001100101010100
0001110011000010
0001100001111000
0001101100001100
0000111100000110
0000111000101010
0000011001110000
0001101100001100
0000111100000110
0001010100001000
0001010000101100
0001001001110110
0001110011000010
0001100101010100
1111111110010010
1110110110001010