1110111101011100
0000011000001000
0000100111100010
1111111011001100
1110100100011000
1110011011101100
1110001010010110
1110011110100111
1110110111101010
1110101011001000
1110111101011100
1111001011111011
1111010100100110
0000011011000000
0001101110111010
0001111011011110
0001011100100110
0001100111001100
0010010011100100
0010011100010000
0001010001000001
0000010111001010
0000001100100001
0000101010011100
0000100111100010
0001000111011000
0001110101101010
0001110000110101
0001101100000010
0000100010101110
0000001010101000
0000111000111010
1110101011001101
0000100011001110
0001000101111100
0000000100011110
1110011100010100
1110010011011000
1110000001100000
1101110010101000
1101111000100110
1101110110100110
1110011001010100
1110101010001100
1111000011111110
1111011100110010
0000110101000100
0001011101110000
0001111011100000
0001100001101110
0001010000110110
0010001101011000
0010011100010000
0001100011101100
0000100000010000
0000001111011000
0000010110010100
0000110110000011
0001011111101110
0001101010101010
0001011001110010
0000100000010000
1111101010101010
1111111010100010
1111000001000100
0000111000101000
0001001001110100
1111100111000111
1111000000001010
1110000111000100
1110001100100000
1110001110010100
1110011011000000
1110101001100000
1110100111101100
1110110010100100
1111000001000100
1111101110010110
0000100000001010
0001111000000010
0010011010011100
0010000100101100
0001011100110101
0001101000101000
0010010011001100
0010011100010000
0001110011100000
0001011011000010
0001001000000000
0010000100101100
0010001101110000
0010010001011000
0010000000001010
0001001011101000
0000101110101001
0001001101011100
1110100100010110
0000001111110000
0000000110111000
1111001001100000
1110001100111100
1110010001110010
1101111000110000
1101111011001010
1110001010100000
1110000101101010
1101101111111000
1110100001111100
1110100110110011
1110101011101000
1111011101101100
0000111111011000
0010001100000110
0010000111010000
0001011100011110
0001000110101010
0001110010010000
0010010001110000
0010010000001000
0001110010010000
0001011100011110
0001101000100100
0010011100010000
0010010100111110
0001010110110100
0001000101110110
0001000111011110
0001011110000100
1110101100111110
1111100011011000
1111100110010000
1111001111110010
1110001000000000
1101111001100000
1101111001100000
1101111000000100
1110000101000110
1110000011101011
1110011001011010
1110010010111000
1110110000100110
1110111110011000
1111011011011000
0000101001101100
0001110010001100
0010000010001010
0001011000110100
0001000010010110
0001100000000100
0001111100010101
0001110101000110
0001101011101001
0001100000110001
0010000000101100
0010011100010000
0010010111001100
0001011101111010
0000111010011000
0000101101010100
0001001101111100
1110101010010000
1111110101011101
0000001011110000
1111011000000100
1110010001100100
1110001010100010
1101110101011000
1110010110010010
1110010111011100
1101110011000010
1110001001010110
1110011111101010
1101111110110010
1110010001100100
1110111111011000
1111101101001100
0001001111111000
0001110100010011
0001100101000001
0000101100101010
0001100111011000
0010001111010100
0010010111100100
0010010000100000
0001111010001100
0010000101111100
0010011100010000
0001111010001100
0001010101110000
1111100111010110
0001000010111110
0010000100110000
1110011110000010
1111101100001010
1111110010010110
1110111010100100
1110011111010010
1110101011101100
1110010110100110
1110101011101100
1110101111011010
1110001000111100
1110100000100000
1110111010100100
1110110000101000
1110111101000010
1111100111001100
1111101100001010
0001010110110100
0001101001011010
0001011001010010
0001000100001110
0001010011000110
0001101110011000
0001101101001000
0001011110010000
0000111010010010
0001110010000110
0010011100010000
0010001110100110
0000111011100010
1111101010111010
0000000100111110
0000111111010000
1111111011010000
0000100001001010
0000100001001010
0000100001001010
1110101111100000
1111010101011000
1110101111100000
1111000010011100
1110101111100000
1110101111100000
1111000010011100
1110101111100000
1111101000010100
1111101000010100
0001111111110110
0001101100111001
0001000111000010
0001000111000010
0001010000100000
0001110110011000
0000000100110000
0000000100110000
0000000100110000
0000110100000101
0000101010101000
0001000111000010
0000111101100100
0000110100000101
0001100011011100
0000100001001010
0000101010101000
0010011100010000
1110100111010100
0000001100101010
0000011101100100
1111000000101010
1110111000001110
1110000101100010
1110000101100010
1110100111010100
1110101111110001
1110101111110001
1111001001000110
1111010001100100
1111011010000000
0000111111010110
0000110110111010
0001101001100100
0001100001001000
0001101001100100
0010010011110100
0010011100010000
0001100001001000
0000101110011100
0000101110011100
0000101110011100
0000110110111010
0001011000101100
0001110010000010
0001111010011110
0001010000001111
0000101110011100
0000001100101010
0000010101000111
1110110101000000
0000001001011000
0000000110010000
1111101101010000
1110101110110000
1110101011101000
1110100010010000
1110111011010000
1110110101000000
1110111011010000
1110111011010000
1111000001100000
1111000111110000
1111010111011000
1111101010001000
0000110101001000
0010001111110000
0010011001001000
0001101101011000
0001010001010000
0001100000111000
0001110110110000
0001101101011000
0001110000100000
0001011101110000
0010000011010000
0010011001001000
0010011100010000
0001100000111000
0000111110100000
0000101011110000
0001000111111000
1101110010010000
1101110110010100
1101110011011010
1101110010010000
1101110011111110
1101110011011010
1101110011111110
1101110010010000
1101110010110100
1101101111010110
1110000000001010
0000110111111100
0010010101111000
0001110110100100
0001100110111010
0000110111011000
0001000111100110
0000011100101100
0000001001000000
1111001000000100
1110101011101011
1110010111111100
1110010010001000
1110000111101100
1110000000110000
1101110110111000
1101110010110100
1101101110110010
1101100011110000
1101100011110000
1101100011110000
1101100011110000
1101100011110000
1111000000110110
1111110100001110
0000111001011110
0001001110110010
0001100111100000
0001011010101010
0010011100010000
0010011100010000
0010011100010000
0001111000110100
0000000000000100
1111001110100110
1111100011001100
1111001101010110
1111000111110010
1111100111101110
0001000010011100
0001111101001110
0000110011111010
1110001111101010
1110001001001110
1101111011010110
1101110010001000
1101101111001110
1101101110101110
1101101100001100
1101101101110110
1101101011100100
1101100011110000
1101100011110000
1101100011110000
1101100011110000
1101100011110000
0010001100000110
0010001101101010
0010001110101100
0010010111000010
0010011100010000
0010011100010000
0010011100010000
0010011100010000
0010011100010000
0010011100010000
0010001011100100
1111100001110011
1110111111111100
1110110000010100
1110101011101000
1111001111100100
1111000100000110
1111011110001000
1111010000000100
1110100110011010
1110111111101100
1110011110101010
1110010111110101
1110010100101100
1110100011010010
1110000101100110
1110000110101000
1101110110100000
1101100011110000
1101100011110000
1101100011110000
1101100011110000
1101100011110000
0000010001110110
1111100000110000
1101111110100010
1101101100101100
1101101100101100
1101110101100110
1110001011111100
1110000011000000
1110001011111100
0001000010111110
0010011100010000
0010011100010000
1111111011100010
1110011101110010
1110100110101110
1110110100000110
1101111010000100
1111100101001110
0010011100010000
0010011100010000
1110000011000000
0000111010000010
1111001110111010
1101110101100110
1110000111011110
1110000011000000
1101110001001010
1110000111011110
1101100011110000
1101100011110000
1101100011110000
1101100011110000
1101100011110000
1111000000100010
1110111100011100
1110111000100110
1110110100010100
1110101001111010
1110100110001110
1110100111110000
1110011110010100
1110100011101010
1110110011000100
1111110010111110
1111110101001010
1111110111000000
1111111000111101
1111111010011010
1111111010101100
0000000010110110
0000001011001010
0000100100100100
0000111111101110
0000010110111010
1111001110011000
1111110110010110
1110101000101000
1111011011101110
1111110100010110
1111011100100000
1111111101011010
1110011100101110
1110110000100110
1111000010101000
1111011010010110
1111101110011110
1111101111010000
0000101010100010
0000100010100100
0000000011111000
0000001100101000
0000011001100010
0000001100001000
0000101100000110
0001001110001000
0001001100010100
0001111100000001
0010000000001010
0010011011001110
0010000100110010
0010010011110000
0010011100010000
0010000100010010
0001111111011000
0001111101100100
0001101001011110
0001100111001000
0001100010100000
0001100101100110
0001011001101110
0001101000011100
0001010010100000
0000100001010000
1110001011111010
1110100010110010
1110101010011011
1111010001010111
1111011111010110
1111010101000100
0000001001011000
0000000110101100
1111110001010010
1111101111001110
1111111010110000
0000011110011000
0000110111101101
0001011001101110
0001101011011100
0010000010111010
0010001011110010
0010011100010000
0010010101011100
0010001100110100
0010010100110110
0010010100000000
0010010101011100
0010010000111010
0010000101001100
0001110101010100
0010010010100100
0010001111111000
0010010000101110
0010010011001100
0001111110110010
0001011010110000
1110000000010000
1110000011100100
1110001100000010
1110100001010100
1110101101000100
1111000000010010
1111101001110010
1111111100011001
1111100011011010
0000000001111110
0000000000100010
1111110111110110
0000010101001010
0000111001101110
0001000001001010
0001110000000011
0010000010101000
0010000000011000
0001110010010100
0010000011010000
0010000101001000
0010011100010000
0010011001010110
0010010010001000
0001111110000110
0001110010100010
0010000001110100
0010000101010100
0001111100110110
0010010100000000
0001111110010100
0001011101111000
1110001001100110
1101100011110000
0010011100010000
1101100011110000
1101100011110000
1101100011110000
1101100011110000
0010011100010000
1101100011110000
1111111110010110
0000000100111100
1111110111110010
0000010101011000
0000011011111110
0001000000001010
0000110011000000
0000101111101100
0001101010111010
0010000101001110
0010011100010000
0001100001000010
0001000110101110
0001111011010110
0000110110010010
0000101111101100
0001000011011100
0001010011111000
0010011100010000
0010000101001110
0001110100110001
0001111110101010
0001111011010110
0001000011011100
0000100010100010
0001000011011100
0000110110010010
0000001011100000
1111111110010110
0000101100011010
0000101100011010
0000010101011000