1111101000011100
0001011001000110
0001011010001100
0000101111111100
0000110000011101
1111111011011010
0000000011100001
1111010010010000
1111010111001000
1111000110010101
1111010111001000
1111011011011100
1111101000111110
1111110010101110
0000000010111110
0000010101011010
0000100110001100
0000111101011110
0001101000010000
0001111001100110
0010011100010000
0010001111010000
0001110111111110
0001111010101010
0001101101101100
0001011100010110
0001000110101100
0000110110111110
0001010000111110
0001001111010110
0001011111000100
0001101010111110
1111100100110110
0000111010100100
0000110100100110
0000111010000100
0000101010001000
0000001010001110
1111110010110010
1111010100111000
1111001000011100
1111011100011000
1110111101011110
1111000011011100
1111011101110110
1111101101110100
0000000001010000
0000001011001110
0000100001001010
0000111111000100
0001100010111100
0010000101010100
0010011100010000
0010010110110010
0010000010110110
0010000100010100
0010001001110100
0010000101010100
0001111001111000
0001010101111110
0001011001011110
0001011111011100
0001100111111010
0010001110010010
1111011000010010
0000011111011100
0000011111111100
0000111001010010
0000001100011100
1111101111101010
1110111010100010
1110110100101100
1110110110101000
1110011111101110
1110101011011010
1110101111010100
1110111001000100
1111010101010110
1111010010011010
1111110011100100
1111111111010010
0000010100101110
0000110110110110
0001100100001100
0010011001010100
0010011100010000
0001110000111000
0001110110101110
0001111101100010
0001111011000101
0001101001100100
0001000000100110
0001001110110000
0001010001101001
0001010111000010
0001011110110100
1111010010011110
0000010000101000
0000110011000000
0001000001001100
1111100110101000
1111011001000000
1110010111000000
1110100000010010
1110100100101010
1110011111110000
1110001100101010
1110001101001100
1110111000010010
1110111101110000
1110111001011000
1111011000011110
1111101111011000
0000001100010010
0000100100110100
0001010100110011
0010000010000100
0010011100010000
0010001001101110
0001101111100010
0001111001111010
0001111111010101
0001101110111110
0001000000101000
0001001001111010
0001000011010110
0000111111000000
0001100001111010
1111011110010100
0000011010000000
0001011101011000
0001011100000110
1110110011111110
1110010110011100
1110010111000110
1101111111010110
1101101000010000
1101111101011010
1110011010111100
1110001110110000
1101111100001000
1110100010000000
1110100110100000
1110111000011100
1111001101000000
1111101111101000
0000011010000000
0001000101101000
0001111001100110
0010011100010000
0010001110001000
0001110101000110
0001101101011010
0001111100001010
0001110011110100
0001010001001011
0000111110100100
0000101111110100
0000111101010010
0001010011110000
1111101101001100
0000101010101100
0010001010001010
0001110011000010
1111010001101110
1110100011011010
1101111101110010
1101111010001100
1101101010111110
1110010010000010
1101111111010000
1110001100010000
1110011011011101
1110011001010010
1110011111110010
1110011011011101
1111000111100100
1111011000111100
1111111000000011
0000101101100100
0010000000000010
0010011100010000
0010010000101100
0001110001100100
0001111010111110
0010001100010110
0001111010010000
0000111110001110
0000101111000010
0000100111110010
0000001000101100
0000110101100010
1111110111100100
0001001100101110
0010011100010000
0001101111010000
1111011111011110
1110000101100000
1110010001100010
1110001100101110
1101110110001110
1110000010010010
1101110010001110
1110001010010100
1110010100110000
1110001101100010
1110010000110000
1110101110011110
1111000011010110
1111000110100100
1111011010101010
0000100100100100
0010001110100110
0010011100010000
0001101110011110
0001011100110010
0001001101100010
0001001100101110
0000111010010000
1111100110101100
1111101011100000
1111101110101110
0000000010110100
0000001100011100
0000011010000010
0010011100010000
0010011100010000
0000110100000101
0000101011011010
0000001000101100
1111101110101000
1111010100100110
1111101110101000
1110101001001100
1111010100100110
1111110111010100
1111101110101000
1111110111010100
1111110111010100
0000101011011010
0000101011011010
0000000000000000
0001111001100010
0010000010001110
0010001010111000
0001111001100010
0001101000001010
0001111001100010
0001110000110101
0000110100000101
0000111100110000
0000011010000010
0001101000001010
0010001010111000
0001101000001010
0010011100010000
1111110110000010
0001110100010110
0001111011000000
0000111111001010
0001000101110100
0000001001111110
0000010000101000
1111101000101110
1111110110000010
1111100010000111
1111110110000010
1111101111011000
0000001001111110
0000000011010100
0000011101111001
0000011101111001
0001000101110100
0001001100011110
0010001000010100
0010011100010000
0010001000010100
0010010101100110
0010001110111100
0010010101100110
0001100111000100
0001101101101110
0001100111000100
0001001100011110
0001001100011110
0001000101110100
0000111000100010
0001111011000000
1111010010110010
0000010000011100
0001001010000000
0001010010010000
1110111110001110
1110011001001110
1110011001001110
1110010101000110
1110000000100010
1110010101000110
1110110001111000
1110101001101010
1110001000110000
1111000010010100
1111000110011100
1111001010100010
1111011111000110
1111100111010110
0000101101001110
0001010110010110
0001101111000010
0010011100010000
0010011000001000
0010010100000010
0010000111101100
0010001011110100
0001101010111010
0001001010000000
0001010110010110
0000111001100100
0001001010000000
0001101010111010
1101100011110000
1101100011110000
1101100011110000
1101100011110000
1101100011110000
1101100011110000
1101101000100010
1101100111110000
1110000010100000
1101110011000010
1101110011000010
0001101100111001
0001011101011100
0000110111000100
0000100101010100
0000011111001110
0000010100101110
0000000110011010
0000000101101000
1111110000101000
1111011001111010
1111000110101000
1110010101111110
1101111010000110
1101101101100000
1101101001011110
1101101000010110
1101100011110000
1101100011110000
1101100011110000
1101100011110000
1101100011110000
1101100011110000
1101100011110000
1101100011110000
1101100011110000
1101100011110000
1101100011110000
1101100011110000
1101100111001100
1101100110111100
1110100110001100
1110001100000100
1101111100101010
1111111110101010
0010011011011100
0001110100111011
0001001010010110
0000101101010100
0000001011100000
1111011101101000
1111000000100000
1110101010011100
1110011010110000
1110001110110110
1101111001011110
1101110010000010
1101101110010100
1101101011111000
1101101000111010
1101100011110000
1101100011110000
1101100011110000
1101100011110000
1101100011110000
1101100011110000
1101100011110000
1101100011110000
1101100011110000
1101100011110000
1101100011110000
1101100011110000
1101110001010010
1101100111111010
1110011010011100
1111110101000100
0000000100101100
1110010001000100
1111001101100110
1111100001001000
1111010010101100
1111011100011100
1111010001001000
1110110111010110
1110001101001010
1101111110101100
1101111010000000
1101100111100100
1101101110101100
1110011011011110
1111101110110100
1111100100011000
1110001011010100
1101100011110000
1101100011110000
1101100011110000
1101100011110000
1101100011110000
1101100011110000
1101100011110000
1101100011110000
1101100011110000
1101100011110000
1101100011110000
1101100011110000
1101110101100110
0010011100010000
0010011100010000
0000101100101010
0000111110100000
0010011100010000
0010011100010000
1101110001001010
1101110101100110
1101101100101100
1101111010000100
1110011001010100
1110011001010100
1101111110100010
1110100110101110
1111000101111110
0000110001000110
0000000000000000
1110000111011110
0000000000000000
1111101110001010
1101100011110000
1101100011110000
1101100011110000
1101100011110000
1101100011110000
1101100011110000
0000100000111000
0000100011010010
0000100100110110
0000100110010110
0000101000000100
0000101011011000
0000101100100000
0000101011100100
0000011011111000
1111100000011100
0001001101001110
0001010011100010
0001011000111000
0001011001101000
0001011100010111
0001011101100010
0001100001001000
0001101010000010
0001110101010000
0001111110110110
1110011110000110
1111110100111110
1101111100111110
1110010101000100
1111111011111100
0000111110101100
0010011010101000
0010011100010000
1111100001011110
1111110101110101
0000000100001100
0000000111110001
0000010011110000
0000010010100100
0001100101001011
0010011100010000
0010010101000100
0010000101100000
0010000011000110
0001111101001000
0001110011100001
0010000100010100
0001011110000000
0001011111001100
0001010110110100
0000111010000100
0001001010110110
0001010110110100
0001101100010110
0001101001111110
0000101111010010
0000110110011110
0000110111101100
0000101100111010
0000111011010010
0000111011010010
0000001110111110
0000100010001000
0000010010100100
0000001000111110
1110110011010100
1111000011011110
1111100010100110
1111100010100110
1111011001011000
0000000000100100
0000000110010110
0000111101101100
0010000110010110
0010010000101110
0001111001101010
0001111011111110
0001100001011100
0000111010001110
0000101110101100
0001011100110100
0001011111001000
0000011111101110
0001001010011000
0010011100010000
0001001101110110
0000100100010100
0001000101110000
0000111100100010
0000001101010000
0000010001111000
0001000011011110
0000110010001010
0000011001111100
0000111010001110
0000001100000110
1111010010011100
1110111001110110
0000001100011000
0000010010010010
0000001010000001
1111111010101100
1111010000010000
1111111010101100
0000001111111010
0000111001001100
0001001100000100
0010011100010000
0010010010110100
0001110001110100
0001010001111110
0001000110001010
0001101000011000
0001011110111100
0001011010001110
0001011100100100
0010010110010110
0001011010001110
0000111001001100
0000111000000000
0000100011111110
0000100110010100
0000100001100110
0001010001111110
0001000110001010
0000110010000111
0001001110011010
0000110101101010
1111011001101100
0000011010101010
1101100011110000
1101100011110000
0010011100010000
1101100011110000
1101100011110000
1111100000110000
1111000001100000
1101100011110000
1110010110111100
1111010111100110
1111010100111010
1110110111010000
1110111001111110
1111100010011000
1111011111101100
1111100111110000
1111001100110100
0001011011100110
0010000110101100
0001111001001110
0010001001011010
0001110011110101
0001010110001110
0001110110100010
0001101011110000
0001001011011100
0001101001000100
0010011100010000
0010000001010100
0000111000100100
0000000101011000
0000011010111100
0000010000001010
0000101000011010
0001000000101010
0000101101110100
0000111011010010
0000111011010010
0001110011110101
0001010110001110