1111010000101000
0001010000010010
0001100011000100
0000100001010010
1111001001100100
1110001111101001
1110010001001100
1110010110101010
1110011100111100
1101111111111100
1110100110010100
1110111011011110
1111101111001010
0000001100111100
0001001100011000
0010001001011100
0010000100110000
0010000000000100
0010000000110110
0010010000100000
0010011100010000
0010010011101000
0001101011101100
0001001101111100
0001000110000110
0001011100110100
0010000000000100
0001110101111000
0001011001101100
0000001011010110
1110111111011000
1111010111101010
1111001111011001
0000110101110100
0001010011000000
0000000111001000
1110010000100000
1110001001010110
1110000111011010
1101110101010000
1101101101011110
1101100101000010
1110000000010010
1110010001001000
1110101011101110
1110111011111100
1111001101011100
0000000110011110
0001000001011110
0001111101001000
0010001001011100
0001101001101100
0001011100000011
0010000110001110
0010011000011000
0010011100010000
0001111011110110
0001111001010000
0001101110111000
0001011001011110
0000001111100011
0000101100110000
0000101101011000
0000000010100110
1111011010001010
0000110001011000
0001000111010110
1111111100110100
1110110101001100
1110100010101110
1110010111110000
1101111001101100
1101111001101100
1101110110001110
1101100100010100
1110001011000010
1110100000111110
1110011011001100
1111000001010100
1111011000011100
1111111111101110
0000111001011110
0001111011010100
0010000101001010
0001110000010110
0001101010100100
0010001010010110
0010011001111100
0010011100010000
0010010111000100
0001101001011010
0001010100000001
0001001111011100
0001010110010110
0000111001011110
0000010000011110
1111011100110110
0000110110101010
0001000000000110
1111110100011110
1111010001000010
1110100010011000
1110001000111110
1110000100010000
1110001100100000
1101111110111100
1110000110100110
1110011010101100
1110010111110000
1110011101101010
1110111100111100
1111000101001110
1111110000010110
0000011111100110
0001101101100110
0010001110000100
0001111110001000
0001011001100000
0001111010100100
0010010000011100
0010011100010000
0010010110010110
0001011101000010
0001101110001100
0001100011100010
0001100100001000
0001001000011000
0000100110000110
1111000101011100
0000011010011010
0000010100010100
1111100001111110
1110110011110110
1110001001111110
1110010000000010
1110010011101100
1101101110000100
1101111000011000
1101111001100110
1110001001111110
1110011010011000
1110001001011000
1110010110101110
1110010101100000
1110011011100100
1111010010110010
0000011011100110
0001011010101110
0001010010110100
0000110011111000
0001011011010100
0001100101101000
0010010110110010
0010011100010000
0001100010100110
0001100010000000
0001011000111001
0001001010111100
0001000001001110
0000101100100110
1111001100110100
0000101011101110
0000100011100110
1111101100000000
1110111101111010
1110011000101000
1110001001101110
1110000010111100
1101101100100100
1110001001101110
1110011001010100
1110001001101110
1110010101010000
1110010101010000
1110100110001100
1110010010100010
1110010111010010
1111100100100010
0001000110001010
0001110110010010
0001100010101000
0000111000100110
0001100001010010
0001110100111011
0010011100010000
0010011100010000
0001000010000110
0000101111110010
0000011000000100
0000010110101110
0000001011111000
0000001000011110
1111010110000110
0000110101010110
0001000101100100
0000011010101100
1110111100010110
1101111001101010
1110011111110010
1110101010010000
1110001000111010
1101111110011100
1110000111000000
1110100011100110
1110101010010000
1110011100111010
1110001000111010
1110000111000000
1110101001010100
1111100111001110
0001011101011000
0010011100010000
0010001101111110
0001011001100100
0001101000110011
0010010000110100
0010010000110100
0001110110001000
0000011101100010
1111110100100100
1111010010010010
0000010111110100
0000101100110010
0000110011011100
1111000010011100
0000110100000101
0001000111000010
0000101010101000
1111001011111011
1110011100100100
1111000010011100
1111001011111011
1111010101011000
1110111000111110
1111010101011000
1111011110110110
0000010111101100
0001000111000010
0001110110011000
0001111111110110
0001010000100000
0001011001111110
0010001001010100
0010011100010000
0001111111110110
0000101010101000
0000101010101000
0000100001001010
0000100001001010
0001011001111110
0001111111110110
0001111111110110
0001011001111110
0000001110001110
1111010101011000
1111110001110010
1111010000011100
0000110110010110
0001011000010100
0001000011111100
1111011110000010
1110110101010010
1110111100000100
1110100111101100
1110010011010100
1110110101010010
1111001001101010
1111010000011100
0000000000000000
0000011011001011
0001110011100000
0010011100010000
0010001110101010
0000110110010110
0001100101111010
0010000001000100
0010000001000100
0001001010101110
0000011011001011
0000011011001011
0000111101001010
0001000011111100
0001100101111010
0001100101111010
0000111101001010
0000001101100101
1111100100110101
0000000000000000
1111010000111100
0000100011110010
0000111010010110
1111111110001000
1110101111000100
1110100011110000
1110010000111100
1110010000111100
1110001101001010
1101101011010010
1101101111000010
1110000101101000
1110000101101000
1110010000111100
1110110010110100
1111001001011010
1111101111000100
0000100111100010
0010001101001100
0010010000111110
0001101011010100
0001011000011110
0010000001111010
0010001101001100
0010011100010000
0010010100101110
0001100111100010
0000111110001000
0001000101101010
0001011100010000
0001000001111000
0000010100101110
1101100011110000
1101100011110000
1101100011110000
1101100011110000
1101100011110000
1110011111100011
1110011010010110
1110011000111010
1110011000010011
1110011101111000
1111000110001100
0000111110001010
0010010100001100
0001110100100010
0000101111111000
0000001011010010
1111100001111010
1110111110001000
1110101111000010
1110100100101100
1110011011110100
1110011100011010
1110011000101100
1101111100011000
1101101110000110
1101101010100100
1101100011110000
1101100011110000
1101100011110000
1101100011110000
1101100011110000
1101100011110000
1101100011110000
1101100011110000
1101100011110000
1101100011110000
1101100011110000
1101100011110000
1110001011110100
1110001000111100
1110000111010110
1110001010111010
1110001111011111
1110111001001010
0001000110011010
0010010010010010
0001010110011100
0000110101001000
0000001101001010
1111111010010010
1110111110111000
1110111110101000
1110100011011010
1110010010111010
1110001111000010
1110000110010100
1101110111010100
1101110000110100
1101101110111110
1101100011110000
1101100011110000
1101100011110000
1101100011110000
1101100011110000
1101100011110000
1101100011110000
1101100011110000
1101100011110000
1101100011110000
1101100011110000
1101100011110000
1101110100101000
1101101110001010
1101110010110110
1110000111101100
1110011110000100
1110101000100000
1110000001011100
1110001000011110
1110001111111000
1110011111111010
1110101000111000
1110100001011110
1110010001000100
1110100111010100
1110011110110001
1110001111100000
1101111010010100
1101110111000000
1110001010110100
1110111011010000
1110101001100010
1101100011110000
1101100011110000
1101100011110000
1101100011110000
1101100011110000
1101100011110000
1101100011110000
1101100011110000
1101100011110000
1101100011110000
1101100011110000
1101100011110000
1111010011010110
1101111010000100
1110100110101110
1110011001010100
0000000000000000
0001000111011100
0010011100010000
1111001110111010
1110000111011110
1111001010011100
1110101111101010
1110000011000000
1101101100101100
1101111110100010
1110011101110010
1101100011110000
1110001011111100
1110100110101110
1101111110100010
1110000111011110
1111010011010110
1101100011110000
1101100011110000
1101100011110000
1101100011110000
1101100011110000
1101100011110000
1101100011110000
1110111011101000
1110110101000010
1110110100111100
1110101100111110
1110100011011111
1110011100110100
1110010000001000
1110001011111000
1110001000110000
1110001111111101
1111111011101110
0000000000111001
0000001000000000
0000010100000010
0000011101010100
0000101010000101
0000110110011010
0001001010011000
0001011101101100
0001101111101010
1111110011100000
1111111000101010
1111000100001000
1111101010011110
0000111101001000
0010000100101010
0010010100001000
1110011001001000
0001111001101010
0010011100010000
0000100000100000
0000001111101110
0000001010100000
0001111100110010
0001110100011010
0000100101110000
0001101000111000
0001111100110010
0000011001001010
0000000011001010
0001011101010110
0001100101101110
0000100001100100
1111111110111100
1111110110100100
0000001111101110
0000000011001010
0000110100011100
0000101101000110
0000100111110110
0000100110110100
0001000001000010
0001100101101110
0000111010101110
0010000111010010
0010001101100100
0001000111010100
0000100111110110
0000111010101110
0000100010100110
0001100101101110
0001111001001110
0000011011110000
1111111000101100
1111111100100110
0001011110111010
0001011100111110
0000111010111010
0001001110011000
0010010000100100
0001010100001110
0000110101000100
0001010011010000
0001101111011110
0001100101101110
0001101101100010
0000111101110100
0001000101100110
0000111010111010
0001100100110000
0001111001001110
0010010010100000
0010000011111010
0001111111000001
0010000111110100
0001101001101000
0010011100010000
0010001011101100
0001100101101110
0001000010101100
0001011011000010
0000101000011010
0001000100010010
0001100011110000
0000100001111110
0000001101001110
1111111010101000
0001000111001010
0001100011110000
0001101010001100
0001100010010100
0010000001000100
0010000101011000
0001101000110000
0001111001001110
0010011100010000
0001110100001110
0001101000110000
0001011110110000
0001011010011110
0001110010110010
0001110111000100
0010001000001110
0010001101001110
0001101011101000
0001110011100000
0001101010001100
0001101011101000
0010010111111110
0001111111101001
0001011011001100
0001001100001010
0001100100011110
0001001111101110
1101100100101010
0010011100010000
1101100011110000
1101100011110000
1101100011110000
0010011100010000
1110000011000000
1101100011110000
1101100011110000
1110111001011100
1111110011011010
0000000101000010
0000100011010010
0000000000000000
0000001100100110
0000010110101100
1111111010111110
0000011011101110
0000101000010100
0001011000001110
0010011100010000
0000101010110110
0001000110100100
0000101000010100
0001001011100110
0000101010110110
0000101010110110
0001011000001110
0001000001100010
0000011001001100
1111111010111110
0000011110010000
0000001010000110
1111100100010010
0000000111100100
0000111111000000
0000111111000000
0000000010100010
0000000101000010
0000001010000110
1111110101111010