1111100110000100
0000111111111100
0001101111000000
0010010100011010
0001111001010000
0001100110100100
0000101101110110
0000011110110010
0000001110011110
0000001011011110
0000011000001000
0000101101110110
0001000010011000
0001100100001010
0001101110011010
0010010110001110
0010011100010000
0001111000000100
0001101011011000
0001100111110000
0001100100110000
0010001000111100
0010010000110010
0010001101001010
0001101110011010
0001001010001110
0000111000101110
0000100111001110
0000100111110100
0000111001111010
0000110110111010
0001010000001111
1111010100101110
0000010110011110
0001101000100010
0001111001011010
0001001110001000
0001001001000100
0000100110001110
0000001011010000
1111101011110011
1111111010111100
1111110110011100
1111111101001100
0000010000111000
0000100110001110
0000101101100010
0000111100000111
0001111000110110
0010001111111000
0010010111110000
0001111001111110
0001110101011110
0010001111111000
0010001011011000
0010011100010000
0010000001110110
0001100010111010
0000101111001110
0000101001000010
0000101101100010
0000110101111110
0001000010111000
0001011011101000
1111001111001000
0000001010111100
0001010101110000
0001100011000110
0000011101101010
0000010110001010
1111100011111110
1111010000101110
1111011100011110
1111001111101010
1111001001010000
1111101001110110
1111100100100000
1111110101000100
0000000001111000
1111111101100110
0000101001011010
0001001101001100
0001100000011010
0010011100010000
0010011100010000
0001111001000000
0001101111111001
0010000010000100
0001111010100110
0001111001000000
0000111011000010
0000100111110100
0000110001011010
0000110111110100
0000111011100100
0001001110110010
1111010100011110
0000010110000100
0001100001110100
0001110000101110
0000010111001111
1111101100111010
1111000000001100
1110101010001000
1110110001111000
1110101110010010
1110110011000100
1111001101111010
1111010101101010
1111011011101000
1111101011001000
1111100110010110
1111111111011010
0000100110110000
0001000000011010
0010000000110100
0010010000010100
0010011100010000
0001110001010100
0001111000011110
0010001010111110
0001111101010000
0001100011100110
0001001001111100
0001001010100010
0001000010110010
0001000110111110
0001010011100000
1111011000010010
0000011000100000
0001101010100110
0001110001001110
1111101010110100
1110111001001010
1110101010100110
1110011001011000
1110001111011100
1110100000101010
1110100100101000
1110100000000001
1110110011111000
1110111100011110
1111001000011000
1111010010010100
1111011110111010
1111111100000010
0000101110010101
0001010110101110
0010001101101100
0010011100010000
0010010110111110
0001110101110110
0001111001110100
0001111100011110
0001110001001110
0001010110000100
0001000110001100
0000111100111010
0001001001100000
0001001110001000
1111011000001110
0000010001000010
0001110110100110
0001110001101000
1111010001001000
1110101100001100
1110101011011110
1110100010111110
1110011011001010
1110010111100110
1101111011111010
1110100101000110
1110100000001000
1110100111111100
1110100010111110
1110100101110100
1111000010001111
1111100000000010
0000000000000000
0000110100100011
0001111001011100
0010010100011100
0010011100010000
0001111011100110
0001110011110010
0010000001111110
0001101110000110
0001101011111101
0001001001111000
0000111101000110
0001001001111000
0001011000110010
1111011001001000
0000001010010010
0001101000111010
0001011111011000
1111001111100110
1110011111111010
1110010001111110
1110010100001010
1110000110111110
1101110011001010
1101110101010110
1101100111011010
1101101010010110
1101110110110100
1110010011011100
1110001111110000
1110100001011000
1110101010001100
1111101111111000
1111110101000000
0000101001110100
0010001110010100
0010011100010000
0001101000001010
0001010001011100
0001001111001110
0001001111001110
0000110100000101
0000100001000000
0000000111010110
0000010011110100
0000010001100110
0000000000000000
0001101101111110
0001101000001010
0010010000101100
0010000101000110
0001100010011000
0001010110110100
0000101110010010
0000101110010010
0001000101011100
0000110100000101
0001011100100110
0001001011001110
0010000101000110
0001111111010100
0010011100010000
0010010000101100
0001101101111110
0001100010011000
0001111001100010
0001101101111110
0010001010111000
0010000101000110
0001111001100010
0001110011110000
0001010001000001
0001000101011100
0001001011001110
0000111001111000
0001010001000001
0001000101011100
0001101000001010
1111101000101110
0000111111001010
0001100000011010
0010010101100110
0001111011000000
0001100111000100
0000011101111001
0000010111010010
0000100100100100
0000011101111001
0000100100100100
0000010000101000
0001100000011010
0001010011001000
0010001000010100
0010001000010100
0010011100010000
0001010011001000
0001101101101110
0001100000011010
0001011001110000
0010010101100110
0010001000010100
0001111011000000
0001100000011010
0001011001110000
0000101011001110
0000101011001110
0000111111001010
0001000101110100
0001001100011110
0001000101110100
1111001101000000
0000001011100000
0001011010011110
0001100111101000
0000111001100100
0000110011000000
0000010101011000
1111110100100000
1111100000110000
1111101010101000
1111011101011110
1111101101111010
0000000100111100
0000001011100000
0000011000101010
0000101100011010
0001010000100110
0010001011110100
0010011100010000
0001111000000100
0001110100110001
0010000001111100
0010001011110100
0010011100010000
0001110001100000
0001101010111010
0000110110010010
0000100010100010
0000101111101100
0000111100110110
0000110110010010
0001001101010100
1101100110001100
1101100110111010
1101100111011110
1101101000111000
1101100111011000
1101100111111100
1101100110010010
1101100110001100
1101101011100110
1101101001111010
1110000101101100
0001101101110100
0010001010001010
0001011110011100
0001000001111010
0000110100000010
0000011000000100
1111110011011010
1111011110111010
1111010101011010
1111001000101110
1110110110111010
1110000110010110
1101101010000000
1101100111011110
1101100110011110
1101100111000000
1101100011110000
1101100011110000
1101100011110000
1101100011110000
1101100011110000
1101100011110000
1101100110001110
1101101000011010
1101110100011100
1110001000110100
1110010110111001
1110001111000010
1101111010011010
1101111011000110
1101111101000100
1110001010101010
1110001101001100
0001001100010000
0010001100000010
0001111000111100
0001000111101010
0000111000110000
0000010111010110
1111101010010010
1111001011010010
1110111100101000
1110101110101100
1110011100001100
1101111000000010
1101101001010000
1101101001001010
1101100111001010
1101100111000000
1101100011110000
1101100011110000
1101100011110000
1101100011110000
1101100011110000
1101100011110000
1101111000000100
1110110011011100
0010000101010100
0010011100010000
0010011100010000
0010011100010000
0010011100010000
0010011100010000
0010011100010000
0010011100010000
0010001101001000
1110100110010000
1110100100011110
1110111101011110
1110110100000110
1110101100000000
1110010011110010
1110100110100010
1110010001011100
1110001001010000
1110001000000101
1101111011100100
1101110001110100
1110010101001110
1110011010111100
1101101110001010
1101101101001000
1101100011110000
1101100011110000
1101100011110000
1101100011110000
1101100011110000
1101100011110000
0000101000001100
0010011100010000
0010011100010000
0010011100010000
1110010100110110
1111001010011100
1110111101000010
1110111101000010
0001101011001010
0000000100011110
0010011100010000
0010011100010000
0000001101011010
1110100110101110
1110101111101010
1110101011001101
1101111110100010
1101110101100110
1101111010000100
1101101100101100
1101110101100110
0010011100010000
0010011100010000
1110110100000110
1110111101000010
1110111101000010
1111110111000100
1101100011110000
1101100011110000
1101100011110000
1101100011110000
1101100011110000
1101100011110000
0001100110010100
0001101000011110
0001101010110100
0001101110111110
0001110010000000
0001110011100110
0001110011011110
0001101101101000
0001010101110110
0000010101011000
1110100111101000
1110101100000110
1110110011010100
1110111111101100
1111001001010100
1111010011101001
1111101000100110
0000000001001010
0000101100000010
0001101100110010
1110011100000000
1111101011110011
1110000100001001
1111100111010100
0001010101001100
0010001010010100
0010001010101100
0010000100110100
1101101100100010
1110100100100110
1110110011010000
1111010111101000
1111011010001000
1111100101000010
1111011110110000
0000010001011000
0000011000011110
0000001001110110
1111111100000010
0000001000001010
0000011000011110
0000001011100000
1111111100111000
0000010101000111
0000100000110110
0000100101000010
0000100100001100
0000101111111010
0001100011010110
0001010011011110
0001011100101010
0001000011111110
0010000100000000
0010000001000100
0010000001011110
0010011100010000
0010010000100010
0010000001011110
0001011110010110
0000011010001010
1101101110110100
1101111101000000
1110000001100000
1110110110110100
1110110111100000
1110111010101000
1110111101000010
1111010110101010
1111101001000000
1111100101100010
1111101010000010
1111100111010000
1111101100011100
1111101100011100
1111111001100110
1111111111110101
1111110101011101
1111111100101110
0000001000001000
0000010001011110
0001000110011100
0001000111011110
0001000110011100
0001010000011110
0001110001101100
0010000001010000
0010010010100100
0010011100010000
0010010111110000
0010001010100110
0010000111001000
0001100001000100
1101110000000100
1110101001000010
1110111000011010
1111100001100110
1111010100100000
1111010001011100
1111011100100110
0000000100101000
0000001010110010
1111111101101100
0000000001001010
0000001000110110
0000001100101100
1111111011110010
0000001010110010
0000001001101000
0000010010110110
0000100111010000
0000100100100100
0000100010010000
0001000001000010
0000111011010010
0000111111100000
0001001100100110
0001010000000100
0001110101110000
0010011100010000
0010001111111100
0010000111000110
0010010100001010
0001111111011000
0001011110010010
1101110000000100
1101100011110000
0010011100010000
1101100011110000
1101100011110000
1101100011110000
1101100011110000
0010011100010000
1101100011110000
1111010010011000
0000001100011100
0000000100001010
0000001100011100
1111110011100100
0000000001011000
0000010100110000
0000001001101100
0001001100000100
0000110011001010
0001110000000000
0010011100010000
0001001001010010
0001000011110000
0000110101111100
0000111110001110
0000110000011010
0001100111101101
0001001100000100
0001001100000100
0001101010011110
0001010001100110
0000111110001110
0000100010100100
0001001001010010
0000011111110100
1111100101101111
1111101110000010
1111101011010000
1111110011100100
1111101000100000
1111000100100010