1110011010101011
1111011111111110
1111111110111010
0000111011100000
0001100010101110
0010000011011010
0001110010110110
0010000001101010
0010011100010000
0010000101001010
0000110100100010
0000001011001000
0000000100100100
1111111101100110
1111111100101110
1111111000110100
0000001110100110
0000110011001110
0001001111100010
0001000011110010
0000101101001000
0000010100010010
0000100011100010
0001000000101110
0001010011011110
0001001110101010
0000011000001100
0000011111100110
0000101010111100
0000100001010110
0000000011101110
1111000011001100
1110010110111001
1111100010100100
0000000000110100
0000101000100000
0001100011011010
0010001011011110
0001110111000010
0001111010010100
0010011100010000
0010000000000010
0000101010001000
0000010010000000
0000000111110001
0000000001001110
0000000000000000
0000000100100000
0000010110111010
0001010100010000
0001100100001110
0001001110001000
0000011000111100
0000001110101110
0000011100001110
0000111000110110
0001011100110101
0001010111001000
0000101101011010
0000100111010010
0000100010010110
0000001111111011
1111110000000101
1110100001000110
1110011000011000
1111100100101010
0000000000110110
0000011111111010
0001101001101100
0010001001100110
0001111111010000
0001010111011100
0010011100010000
0010001111110100
0000101001011100
0000100001100100
0000010111001110
0000001101010000
0000000110001110
0000000000000000
0000011110101010
0001010001001110
0001010010111010
0001000010101110
0000010001011010
1111111001110010
0000001011100110
0000010101000111
0000110100101000
0000111010000010
0000101011100010
0000010011011110
0000000011101110
0000000111000010
1111110011001010
1110111111010110
1110011010111100
1111101000010000
1111111110111000
0000101011101010
0001110011000110
0010011000001100
0010000110100010
0001011110110000
0010011100010000
0010010111010010
0001101111011110
0000110010011011
0000100000010110
0000010101011110
0000010101011110
0000011101101000
0001010101010000
0001110010001100
0001001101000110
0000010001011010
1111101110100110
1111011011100110
1111101001001010
1111110011100100
0001000010101110
0001000101011010
0000111010100100
0000011011110100
0000100110001110
1111111100100110
1111010111000100
1110011000001110
1110010001011000
1111101001111000
0000001011000100
0001000011010010
0001110010110010
0010001100001000
0001011110000010
0001010001001000
0010000010011100
0010011100010000
0010001111110100
0001000010110110
0000111100110110
0000101110100100
0000110010010000
0001010000101010
0001010001001000
0000101110100100
1111110111101110
1111011000011000
1111000010010000
1110111100101110
1110111111011110
1111011001110000
0000011001110100
0000100110101110
0000011001010110
0000001110110000
0000000000011110
1111011101111010
1110101111010110
1101101100100000
1110101011100110
1111100001101110
0000000111101000
0001010111110110
0001111001110100
0001111010010010
0001001110000000
0001000000001110
0001100000101100
0010011100010000
0010011100010000
0001110001011100
0001001000000110
0001011100010010
0001110101011000
0001100101101000
0000011011110100
1111011101010100
1111000110101010
1110111000111000
1110100110001100
1110011011110110
1110011111010100
1110111011010110
1111011010110110
1111110000100000
0000011000011000
0000010100111010
0000010110111000
1111101011100100
1110110011011110
1110001011001000
1111000010010110
1111110110111000
0000001011111010
0001011110110110
0001101110010110
0001011100000110
0000111100000000
0000110100110100
0001000000011100
0010001101010100
0010011100010000
0010010111010010
0010000110101100
0010010010110110
0010001101111000
0001010100111010
1111101110100100
1111000001001110
1110100010010000
1110101011101011
1110110111010010
1110110001001100
1110110000101000
1110100101000000
1111001101011011
1111011110000000
0000111010111010
0001010101011110
0001001100100110
0000100010000000
0000001001101100
1111000100100010
1111000000101010
0000001100101010
0000111111010110
0001011000101100
0001010000001111
0010010011110100
0010011100010000
0010001011010110
0010010011110100
0001011000101100
0001101001100100
0000101110011100
0000000100001110
0000011101100100
0000100110000000
0000011101100100
0000011101100100
0001000111110010
0001000111110010
0001010000001111
0001010000001111
0001010000001111
0001010000001111
0001011000101100
0001011000101100
0001010000001111
0001000111110010
0001000111110010
0000111111010110
0000011101100100
0000001100101010
1111100010011100
1110011101111000
1110110011101100
0000000011100111
0000100000101110
0000100111111110
0001110000101010
0010000110011100
0010001101101110
0010011100010000
0010011100010000
0001000101000010
0000010010001010
0000010010001010
1111101101110110
0000010010001010
0000010010001010
1111101101110110
0000100111111110
0000110110100000
1111101101110110
0000010010001010
0000001010111010
1111111100011001
0000000011100111
0000101111010000
0000101111010000
0000010010001010
0000110110100000
0000110110100000
1111110101000110
1111101101110110
1111010000110000
1101101101101110
1111010100110010
1111111001010110
0000111000100010
0001110111101100
0001111110010110
0001001111110010
0000111000100010
0001111110010110
0010011100010000
0010010101100110
0000110001111000
0000011010100110
0000010011111100
0001000101110100
0001011101000110
0001010110011100
0000010000101000
1111011011011100
1111000100001010
1110110110111000
1110110011100010
1111000111011110
1111001110001000
0000011010100110
0000100100100100
0000100100100100
0000010011111100
0000010011111100
1111001010110100
1110100110010000
1101111110010110
1101100011110000
1101100011110000
1101100011110000
1101100011110000
1101100011110000
1101100011110000
1101100011110000
1101100011110000
1101100101011110
1101100101110100
1101110111001100
0000100001110010
0001110011111111
0010010101011100
0010000010011110
0001110001010100
0001010010001000
0000110110100110
0000010011000000
1111100101110010
1111000101110111
1110011001001010
1110000100001110
1101110010001110
1101101001111010
1101100111010100
1101100110111000
1101100011110000
1101100011110000
1101100011110000
1101100011110000
1101100011110000
1101100011110000
1101100011110000
1101100011110000
1101100011110000
1101100011110000
1101100011110000
1101100011110000
1101100011110000
1101100011110000
1101100101000000
1101100101001000
1101111000000010
0000001011110010
0001101001101100
0010010101101010
0010000100000110
0001110111000000
0001010000001100
0000110001000110
1111110011100000
1111000001000100
1110101111111011
1110001101100000
1101110111110010
1101101101001010
1101100111110000
1101100110001010
1101100101101010
1101100011110000
1101100011110000
1101100011110000
1101100011110000
1101100011110000
1101100011110000
1101100011110000
1101100011110000
1101100011110000
1101100011110000
1101100011110000
1101100011110000
1101100011110000
1101100011110000
1101100111111010
1101101011000010
1110010011001000
1110011111001000
1110011100010100
1110011001110100
1110010011010001
1110010010111101
1110010100001101
1110011111011100
1110010101011100
1110001110101000
1110010101001010
1110010001011110
1110000100100100
1110010110110010
1110010010000110
1101111010001000
1101101111001100
1101100011110000
1101100011110000
1101100011110000
1101100011110000
1101100011110000
1101100011110000
1101100011110000
1101100011110000
1101100011110000
1101100011110000
1101100011110000
1101100011110000
1101100011110000
1101100011110000
1101111010000100
0010011100010000
0010011100010000
0010011100010000
1101111110100010
1101111010000100
1101101000001110
1101101000001110
1101101100101100
1101110101100110
1110000111011110
1110010000011011
1101110101100110
0000000000000000
1111001010011100
1111001010011100
1110010100110110
1101101100101100
1110010000011011
1101100011110000
1101100011110000
1101100011110000
1101100011110000
1101100011110000
1101100011110000
0010011100010000
0010011100010000
0010011100010000
0010011100010000
0010011100010000
0010011100010000
0010011100010000
0010011100010000
0010011100010000
0010011100010000
0001000110011010
0001000110100100
0001000110111000
0001001100001010
0001010011111010
0001010100111010
0001010001111100
0001000101000000
0000100011100100
1110111101101100
0000001010011010
0000100001000110
1101111000001010
1110111011101010
1111111111111011
0000011000101100
0001001000010100
0010000110001000
0000001111000001
0000101010000100
0001001000001000
0001101001001010
0010000111001110
0010000100001110
0000111111000110
0001100000001001
0010001010001110
0010011100010000
0010000001001110
0001110010001100
0001111011001100
0010000100001110
0010010011010000
0010000111001110
0001001110001000
0000101101000100
0000111001000110
0000101010000100
0000110011000110
0000111100000110
0000110110000110
0001000010000110
0001001000001000
0000111100000110
0000101101000100
0000100111000100
0000011000000010
0000011000000010
0000000000000000
0000000000000000
0000011010110010
0000110001000110
0001111101000000
0010001110110110
0010011100010000
0001011101110000
0000100011101110
0001100010001110
0001010000010110
0010000101111100
0001100110101100
0001010100110011
0001010000010110
0001101111100101
0010010011010100
0010000101111100
0000111010000010
0000011111010000
0000101100101010
0000001000111100
0000000100011110
0000101000001100
0000010110010100
0000101000001100
0000110101100100
0000010001110110
0000011010110010
1111100000110000
1111100000110000
1111010011010110
1110111101000010
1110010000011011
0000011010101100
0000110100000101
0001101110100010
0010000111111100
0010011100010000
0001010111101010
0001000101111000
0000111110001111
0000101001111010
0001001000011010
0001010000000010
0000101111000000
0000100100110110
0000011101001110
0001100001110100
0001010000000010
0000101111000000
1111111110101110
1111101100111100
1111100101010100
1111101100111100
0000001101111101
1111110010000011
1111010011100010
0000110110101000
0000101100011110
1111100101010100
1111010011100010
1111100101010100
1111000110110110
1110100000101110
1110100011010010
0001101001011010
1101100011110000
1101100011110000
0010011100010000
1101100011110000
1101100011110000
1101100011110000
1110000011000000
1101100011110000
0000010001101010
0000000000000000
0000010110101100
0001010101101100
0001001001000110
0001000100000010
0001111000111110
0010011100010000
0000110100111100
0000010110101100
0000100000110000
0000000010100010
0000010110101100
0000010110101100
1111111010111110
1111111101011110
0000000010100010
0000010001101010
0000000000000000
1111001000100100
1111011111010000
0000000101000010
0000000101000010
1111111010111110
1111101011110110
1111010111101100
1111100100010010
1111001011000100
1111111101011110
1110111110011110
1110111110011110
1110100010110000