1101110111010110
0000011100001000
0000101100001101
1111000011001110
1110011100100010
1110110101001010
1111010001110010
1110110111101010
1111000111101110
1110111010101010
1110111110101100
1110111011001010
1111000011001110
1111010111110100
1110101111101000
1111001100010000
1111011010010100
0000101001101100
0000111011010010
0010011100010000
0010010100001110
0001101011000000
0010000001101000
0001000011110100
0001010010011010
0000110000001110
0000100000001010
0000001110100100
0000110111110010
0000110010110000
0000001010100011
0000011000001000
1101110001000000
0000001010100010
0000011011010010
1111001110111010
1110101001111000
1110011011011110
1111011110000110
1111010001010000
1110111100001100
1111000000000111
1110110111100010
1111010010110100
1110111000101100
1111110010011000
1111100000011100
0000000001100100
0000000110101000
0001011101001000
0001110001110010
0001101011100010
0010011100010000
0010000110011100
0000101101111110
0000101111111100
0000001001010110
0000011110011010
0000000010101110
0000110011011100
0000011111001100
0000111110010110
0000111101100100
0000111010011100
1101100110001000
0000100110000000
0000111001000000
1111011101010110
1111111110000110
1111010010011010
0000001110010000
1111101110111010
1111001111000110
1111001000111010
1111100100011110
1111110000110100
1111111101001010
0000100101000010
0000100000110010
0001011011001100
0001000101110100
0001010001101100
0001100011101110
0001100110000110
0010011100010000
0010010101001000
0000111100010100
0000100110011110
0000000011010100
0000001110101110
0000001000000100
0000100011101000
0000100110011110
0000111001011110
0000110110101000
0001011010010000
1110100111010100
0001011010000100
0001001110011110
0001101111111001
0001010110101010
0000011100101010
0000000110001010
0000001100010010
1111110101000110
0000010101110110
0000111001111111
0001011000101100
0001011111100010
0001001101110010
0000101111000110
1111110110011100
0000000100110010
0000100100001010
0001001110011110
0010000011101100
0010011100010000
0010011100010000
0001001011110000
0000010001110000
0000001111101100
1111111001110110
1111111101111100
0000011011111110
0001000110010010
0001000111101010
0000100001011100
0001000011100100
1111000001000010
0000101110111110
0001111110111100
0010011100010000
0000011001101010
1111011010010110
0000010010010100
0000010111000000
0000110000010011
0001100101101000
0001010101101000
0000100000111110
0000001100010100
1111010000010110
1111001111000010
1110110100011000
1110101001101110
1110110111101110
1111001111000010
1111100101101100
0000110101101000
0000100110111110
0000001011101010
1111010011000010
1111011101101100
1110111111101100
1110110001000010
1111100001101100
1111010111000010
1111110010010110
1111001001101100
1111110101000000
1110100011101100
1111110011101000
0010011100010000
0010010111011110
1111101011101001
0000110010110000
0000101101111110
0000100001111110
0010001001111000
0010000111011110
1111111110110100
1111100011101000
1110101010000110
1110011010000110
1110111111101010
1110101011101100
1110100001010010
1110100110111000
1110011110111011
1110110110111000
1110110000011110
1111011100011100
1111100111101000
1110111110111000
1111001000011110
1110101010000110
1101111011101110
1110101100011110
1111000010110110
1111001001010000
1110001010111010
1111011010110110
1110010111100010
1111101010011010
0010011100010000
0010010110001110
1111001100001111
0000100000110100
0000010001010000
0000101000100100
1111100010101010
1111010110100100
1110110011001010
1111010001011000
1110011111010100
1110111111010000
1111001000110000
1110100110001110
1110110001011100
1110001110111010
1110010110101100
1101111111011000
1110001001101110
1110101100010000
1111000001110110
1111001101111100
1111110100110010
1110010110101100
1110011100101110
1110000110010010
1101100101011110
1111000011100101
1110100111000111
1110111101100010
1111100000110000
0001010011010110
0001010011010110
0000101001101010
0000001010011010
0000010100110110
1111110101100110
0000010100110110
0000010100110110
0000000000000000
0000011111010000
0000010100110110
0000001010011010
0000001010011010
0000001010011010
1110110111000110
1110100010010000
1111101011001010
0000110100000101
0000111110100000
0000101001101010
0000101001101010
0010011100010000
0010011100010000
0001010011010110
0001101000001010
0001011101110000
0000011111010000
0000110100000101
0000011111010000
0000101001101010
0000111110100000
1110010001011110
0000111001001010
0001000000110010
1111010110000110
1111000110110110
1111000110110110
1111101100111100
1111000110110110
1111111100001100
1111110100100100
1111011101101100
1111010110000110
1110110111100110
1111001110011110
1110110111100110
1111011101101100
1111010110000110
0000110001100010
0001001000011010
0010010100101000
0010010100101000
0010000101011000
0010011100010000
0001111101110000
0001110110001000
0001010000000010
0000111001001010
0000100010010100
0001010111101010
0001010111101010
0000101001111010
0000101001111010
1101111100010110
0000001000110010
0000011010010110
1111010100001000
1111000010100100
1110100010111100
1111100101101010
1111011110101010
1110100110011111
1110110100100000
1110110100100000
1111011110101010
1110111111000010
1111111010101111
1111110011101110
0000010011010100
0000011101110110
0001100100000100
0010000111001100
0001100100000100
0010011100010000
0010011000110000
0000000101010001
0000001111110100
1111101001001100
0000011101110110
0000000101010001
0000110110011100
0000110010111010
0000101111011010
0001000111111110
0000111001111100
1101111101010100
1101111100001010
1101110111100000
1110000001111110
1101110111100000
1101111110011110
1110001110101110
1110010110111001
1110010001000100
1110001110101110
1110001000111100
0000110100110110
0001100100100000
0001100110110100
0001010100001110
0001010001111010
0000101101111000
0001100001000000
0001111111001110
0000110100110110
0000000001110000
1111100000000100
1110110110001110
1110110010110000
1110100010011110
1110001111111010
1110000101011100
1101100011110000
1101100011110000
1101100011110000
1101100011110000
1101100011110000
1101100011110000
1101110010000100
1101110011000110
1110001011111110
1110110001011100
1111011010010110
1110101111000100
1111001101000100
1111010000011110
1110111101000010
1110010010011100
1110000001000100
1111111001000000
0001011001110100
0010001110010010
0001110100101110
0000011000011000
1111100011111000
1111011100000100
1111011011000010
1111000001011110
1110100001000110
1110010010011100
1110000111001100
1110001000111010
1101111111101100
1101110111001100
1101110110110110
1101100011110000
1101100011110000
1101100011110000
1101100011110000
1101100011110000
1101100011110000
1101101011101000
1101100101110100
1101110010010100
1110011001011000
0000111011011000
0001011011101010
0001100000010110
0001100000111000
0001000110110100
1111111100111000
1110011000111000
1111000111110000
1111101000011010
1111110101011110
0000010111000000
1111010010100010
1111000000111010
1110010110000010
1110001010101010
1110000000011000
1110000010101110
1101111110010100
1110000000111010
1110001010010010
1110000000111010
1101101001011110
1101110101111110
1101100011110000
1101100011110000
1101100011110000
1101100011110000
1101100011110000
1101100011110000
1110101111101010
1110111000100100
0010011100010000
0001101011001010
0001011001010010
1110011001010100
1101111010000100
1101101100101100
1111111011100010
0001011101110000
0000101000001100
0010011100010000
1110111000100100
1111011100010010
1110100110101110
1110100110101110
1110011101110010
1110001011111100
1101110001001010
1110001011111100
1110000111011110
1101100011110000
1101110101100110
1101100011110000
1101100011110000
1101110101100110
0000000000000000
1101100011110000
1101100011110000
1101100011110000
1101100011110000
1101100011110000
1101100011110000
0000101111111100
0000110010110010
0000110001011100
0000101110110100
0000110000011010
0000101111001010
0000110110000000
0001000001111000
0001001111100110
0001010011101000
0001010101000010
0001010111110000
0001011000101010
0001010111110100
0001010111001110
0001010001101100
0001000010111100
0000101010100011
0000000101001110
1111101000001110
1110000111001010
0000110101010100
1101111110010110
1110001110000000
1111101101000110
0000010111000000
0000101001000100
1110111100010010
1111010011000000
1111010010100010
1111100001100010
1111100101011010
1111101010101111
1111111011101010
0000000011011000
0000010110010000
0000010010111000
0000010111001110
0001001010000000
0001111010011000
0010000011100110
0001110010101010
0010000000101100
0010000111011100
0010001011010100
0010011000011000
0010011001110110
0010011100010000
0010010101011110
0010001100110010
0001110011001000
0010000101000010
0001110001001100
0001010011001110
0001101101010100
0001100110000100
0001000100001110
0001001000100100
0001010000010100
0000111001100100
1110110011011100
1111010100100100
1111010011001110
1111010111010001
1111001111001100
1111011100001100
1111100101100110
1111011010110110
1111011101100010
1111110011111010
0000011010011010
0001001110010110
0001110110101010
0001100100010010
0001100110111110
0001101011000000
0010001101011110
0001111100011110
0010011100010000
0010011010000000
0010001110011000
0001111000110111
0010000000000010
0001110110001100
0001100000101110
0001001011101010
0000111001010100
0001000000011110
0000111100111000
0000100010011110
0000110101010010
0000001111101010
1111010010110100
1111101101111010
1111101101111010
1111100100111000
1111010111111110
1111101000110001
1111111010001101
1111111100001000
1111110110010100
0000001110001110
0000111011011010
0010000101000000
0010010100100000
0010010001111010
0001111010000010
0001101100011110
0010001111111110
0010011100010000
0010011100010000
0010000011000100
0001111111001011
0001110101100000
0001101001111000
0001110000010110
0001001000010100
0000110100010100
0000111001011110
0001010100100110
0001100110101010
0000111010110000
0000001110001110
1111100111011110
0000110001100110
1101100011110000
0010011100010000
1101100011110000
1110000011000000
1101100011110000
1111000001100000
0001001110001000
1101100011110000
0001001100000000
0010011100010000
0001101101110100
0010011000000010
0001101101110100
0000100001110010
0001000011100100
0001110110010000
0000000100001110
1111101010111001
0000101010001110
0001010100011110
0010010011110100
0001000111110010
0000110010101100
0000011001010110
0000010101000111
0001000111110010
1111111011110010
0000100110000000
0000101110011100
0000110110111010
0000110010101100
0000011101100100
0000101110011100
0000110110111010
1111111011110010
1111111011110010
0000010101000111
1111001001000110
0000011001010110
1110011010101011