1110010001110100
0000001110110100
0000011001100000
0000100100001100
0000110110010010
0001101011101110
0010011100010000
0010001000100000
0001000101000110
0000110101011110
0000011000101010
0000011011001000
0000001001111000
0000011010010100
0000100111011110
0001011100000110
0001011111011010
0001011001101000
0001011000110100
0000101001111100
0000111011001110
0000111000110000
0001001110001000
0001001010110110
0001011000110100
0001011000110100
0001010100101110
0001000000111110
0000100011011000
0000010101011000
0000101010110000
0000101000010001
1110101101011100
0000011001000110
0000011101111110
0000110110010000
0000111011000110
0010010100111110
0010011100010000
0001100111101000
0001110010001010
0000111011111010
0001001111010110
0000011101001001
0000101100100001
0000101010000101
0001010101110100
0001010001110010
0001111011110111
0001101011101100
0001001100111010
0001000111010000
0000111111001010
0000110110010000
0001010000001010
0001010101000000
0001101010000100
0001100111101000
0001000100000000
0001000010011000
0000111101100010
0000111111111110
0000101001010010
0001001000111000
1111001011111011
0000101000011010
0000101000011010
0001010010111010
0001010011110000
0010011100010000
0010010011000110
0010010011111010
0010001111110000
0001101110011010
0001100110111010
0001011001100110
0001010010111010
0001100001000101
0001011010011010
0010001100011010
0010001001111010
0010001110000110
0010000110100110
0001010010111010
0001011001100110
0001011101110000
0001010110010000
0001111110010000
0010000101110000
0001111101011010
0001110001110000
0001101101100110
0001101101100110
0001001011011010
0001010001010000
0001001010100110
1110111111110000
0000010000101010
0000001100101100
0000111111011100
0001010100000100
0001111010001010
0001101000101100
0010001001001110
0001101111000010
0001001111010100
0000111000010100
0001001000111110
0000111101111000
0001001000001100
0001100010010110
0001101011111000
0010010101111010
0010011100010000
0001100100101101
0001011111111110
0001011101100110
0001011000000010
0001011100110100
0001011011001110
0010000111101000
0001111100100010
0001110011000000
0001100001100100
0001001110100010
0000111001111010
0001000011011010
0001010011010010
1111001101010000
0000010110101100
0000010111011000
0001000011011100
0001100101100000
0001111110001100
0001110010110110
0010000001100010
0001010110001000
0001010110110100
0000101100110000
0000101111011010
0001000001011100
0001000000000110
0001001101011110
0001101110001100
0010011100010000
0010001100111010
0001100100001010
0001010011011110
0001001110001000
0001000111011100
0001011010001010
0001011111100000
0001101010110110
0010001110111010
0010010100010000
0001010110001000
0001000110110010
0001000100110010
0001000000000110
0001001100110010
1110111001100010
0000011000100000
0000010100101100
0001000001000110
0001110011101010
0010011100010000
0010000100100000
0001010001111110
0000111011110000
0000100110010010
0000001110100100
0000011010000010
0000001011100000
0000011101111000
0000111111100100
0001011110111110
0001110101001100
0001101100000000
0001010011100000
0000111100100000
0000100111000100
0000100100110000
0000110100110110
0000111110000010
0001010011100000
0001011011111001
0001110100011010
0001001011110100
0000110101101000
0000110001000010
0000101110101110
0000101101111110
1111100010010110
0001010101000100
0001010001000110
0001001100001010
0001001101001000
0001110111101010
0001011101111100
0000110110011010
0000100000101000
0000000100111100
1111101001010000
1111010001100010
0000000000000000
0000101000100010
0000101110011110
0010000111011110
0010011100010000
0001110001101110
0000110011011100
1111110011001010
0000010011110010
1111111010000100
0000011010101100
0000100011100110
0001001000001100
0001100000111010
0001111011101000
0001101111101111
0000101111011110
0000110101011010
0000000110111100
0000001000111010
1110000010011000
0000001111010100
0000100001101100
0000011011100100
0000111010001110
0001001100100110
0010011100010000
0010010110001000
0000110100000101
0000101101111110
0000000011000100
0000010101011100
1111011110010100
0000100001101100
0000100001101100
0001101011001110
0001110001010110
0001000110011110
0001011000110110
0001000110011110
0001001100100110
0001001100100110
0001011000110110
0001100101000110
0001011000110110
0001110111100000
0001011110111110
0001000000010110
0000110100000101
0000011011100100
0000011011100100
1111111100111100
1110011010100100
0000001101101110
0000010011001100
0000101001001000
0000110100000101
0001110101111000
0010011100010000
0010000110010100
0001001010000000
0000111001100100
0000101001001000
0000100011101000
0000011110001010
0000101001001000
0000111111000100
0001010100111101
0001011111111100
0001110101111000
0001011111111100
0000111001100100
0000110100000101
0001010100111101
0001001010000000
0001000100100010
0001011010011110
0001000100100010
0001011010011110
0000110100000101
0000110100000101
0000001101101110
0000111001100100
0000101001001000
1110111110011000
0000010101111000
0000001100100000
0001000001101000
0001111001111000
0010011100010000
0001111101000000
0001110011101000
0000111011011000
0000101110111000
0000101000101000
0000110101001000
0000011001000000
0000011111010000
0001010001010000
0001010100011000
0010011001001000
0010001100101000
0001100111001000
0001010100011000
0000101000101000
0000001001011000
0001000100110000
0001000100110000
0001011101110000
0001101101011000
0001111001111000
0000101011110000
0000011111010000
0001000001101000
0001001011000000
0000111011011000
1101100011110000
1101100011110000
1101100011110000
1101100011110000
1101100011110000
1101100011110000
1101100011110000
1101100111110010
1101100111001110
1101111001011100
1111100001011110
0000101100010110
0010000001100100
0001110111000000
0001110000010010
0001011111000010
0001011110010000
0001001011010000
0001100011100111
0010010100000000
0001010110100100
1111110010001100
1110011010000100
1110001111010101
1101110010010110
1101101101010110
1101101001010100
1101100111100110
1101101000010110
1101100111000000
1101100111000000
1101101000001010
1101100111001110
1101100011110000
1101100011110000
1101100011110000
1101100011110000
1101100011110000
1101100011110000
1101100011110000
1101100101101010
1101100101100100
1101110000101000
1111001111010000
0000100000000100
0010001101010010
0001001011100000
0001000101011000
0001011011101100
0001111111111100
0001011010010010
0001000110000000
0000100010000010
1111110001101110
1110011111101010
1110000000000100
1110000110000110
1110011001001110
1110011000101110
1110000000001101
1101111111100110
1101110101011010
1101110110010000
1101111101100110
1110000010101010
1101111010100000
1101100011110000
1101100011110000
1101100011110000
1101100011110000
1101100011110000
1101100011110000
1101100011110000
1101101011000010
1101101000111100
1110000100100100
1110100101011000
1110011100110010
1110011101100100
1110011100000000
1110011111110000
1110011100000000
1110100010111000
1110100010010000
1110101001110000
1110010111101000
1110010011010001
1110010111000000
1110111011110000
0000111000110000
0010011100010000
0010011100010000
0010011100010000
0010011100010000
0010011100010000
0010011100010000
0010011100010000
0010011100010000
0010011100010000
1101100011110000
1101100011110000
1101100011110000
1101100011110000
1101100011110000
1101100011110000
1101100011110000
1101110001001010
0000100011101110
0010011100010000
0010011100010000
0010011100010000
0000010110010100
1110100110101110
1110000111011110
1110100110101110
1101111010000100
1110001011111100
1110010000011011
0000010110010100
0010011100010000
0010011100010000
0010011100010000
0010011100010000
0000110101100100
1111111011100010
0000010001110110
1110000011000000
1110000111011110
1101110101100110
1110011101110010
1101111010000100
1101110101100110
0010011100010000
0010011100010000
0010011100010000
0010011100010000
0010011100010000
0010011100010000
0010011100010000
0010011100010000
0010011100010000
0010011100010000
0000011100111100
0000011100111100
0000100101100000
0000011110011110
0000011010101100
0000010010111010
0000001110111010
0000000001011010
0000000011111000
0000001001000110
1110000101000110
1110110000111110
1111001001000110
1111101111010110
0001100010101000
0010001000010100
0001001100001000
0010011100010000
1111000101111110
0001001011111010
0010000100011100
0010011100010000
0010000001011110
0001011010110010
0001010111110100
0001100011101100
0001110010100110
0001101001101010
0001011010110010
0001101111100101
0001110010100110
0001111011100000
0001011010110010
0001010100110011
0001001011111010
0000000001011111
0001100011101100
0001011010110010
0001001110111000
0001010001110110
0001001011111010
0001010111110100
0001010111110100
0000100101001100
0000011111010000
1111111110100001
0000000100011110
1111101100101010
1111100000110000
1110000001100000
1111101011110000
0001000010100100
0001110011110000
0010010110011110
0010010011100100
0001011111100000
0001000010100100
0001100010011000
0010010110011110
0001110011110000
0001001110001000
0001101011000100
0010011100010000
0001111001100010
0001011001101100
0001011111100000
0000010001011000
0000000010111001
0001001011001110
0001000010100100
0000101110010010
0000010100010000
0000010111001010
0000011111110110
0001000010100100
0000111100110000
0000011111110110
0000010100010000
0000001011100100
1111100000001010
1111100011000100
1110010010000010
1111111010110010
0000110111100100
0001010011010110
0010011100010000
0010000010001110
0000111011000010
0000111100110000
0000110100000101
0001111110110000
0001011111100000
0001001000111010
0001101111001000
0001110110000100
0001100010111110
0001010011010110
0001000011101110
0000011101100000
0000001100001001
0000101001101010
0000101110111000
0000011000010011
0000010110100100
0000001000101100
0000100110001100
0000100001000000
0000011010000010
0000011111010000
1111111110010000
1111111001000100
1111010100100110
1110100111011110
1101101010101100
0000101010101000
1101100011110000
1101100011110000
0010011100010000
1110100010010000
1101100011110000
1110000011000000
1110001000001111
1101100011110000
1101110011111010
1110011101001110
1111000100101110
1111000001001010
1111001000010100
1111100101000100
1111111100011010
1111111010101000
1111101010011100
1111101100010000
0000010111010110
0000001110011000
0000001000111110
0000010001111110
0000001010110010
1111111000110100
0000010101100100
0000000101011000
0000100000010100
0000100010001000
0001000010011100
0001011101011010
0001001101001110
0001001111000010
0001001111000010
0001001101001110
0010001010010010
0010001010010010
0010000011000110
0010011000101010
0010011100010000
0001111010001000