1110100111010110
1111101100001110
0000000111000000
0001101010100000
0010010111001010
0010010000110010
0000101001011110
0000100101101000
0000011100101100
0000010011110010
0000011101111110
0001100000010011
0010011100010000
0010010101111000
0010000100000000
0001100110101100
0001110010001010
0010000000001100
0001111001110100
0001101011110010
0001011001111100
0001000110110010
0001010010010010
0001100110101100
0001111110111010
0010000101010010
0001110111010000
0001100010110110
0001110111010000
0001111110111010
0001110010001010
0000101100000000
1110010011100000
1111010000110000
1111011110010000
0000111000100110
0001110101110110
0001101111100101
0000011010011110
0000010100010000
0000001100111110
0000001100111110
0000101011000110
0001110001101100
0010011100010000
0010010010111010
0001101011011110
0001100001000100
0001101010011010
0010001010100110
0010001011101000
0010000011010110
0001011111000000
0001010110101100
0001011000110010
0001100111010100
0010000101011010
0010000010010010
0001101100100000
0001100101001110
0001101011011110
0001110000101010
0001100101001110
0000101111010000
1110010100101000
1111001111101010
1111101011001000
0000100101001010
0001110101100100
0001110001100000
0001010011111110
0000101000001110
0000101001001110
0000101101010100
0001000010101100
0010000000110010
0010011100010000
0010010010000100
0001010110000000
0001011011000110
0001101000010101
0010001100111110
0010000100110110
0001111101101110
0001100111010100
0001010000111100
0001011010000110
0001101100011010
0001111100101100
0001101010011000
0001001110111000
0001011011000110
0001111000101000
0001111111110000
0001110110100110
0000110101011100
1110011011011000
1111010110000010
1111110111011010
0000111100001100
0001110011110100
0001111010111000
0001001010010110
0000111111001110
0000110001000100
0001000010010000
0001011100100001
0010001000000010
0010011100010000
0010010000001000
0001101000101100
0001100101101000
0001101111101111
0010010000001000
0010010001001000
0010001110000110
0001101011101110
0001100000100110
0001101010101100
0001111001111000
0001111111111100
0001100010100110
0001100010100110
0001110001110010
0010001010000010
0010011010001110
0001111100111010
0001101001101100
1110011011111011
1111011101010010
1111101111101010
0001000111100000
0001110001010110
0010000010101110
0001100100000101
0000111001001100
0000100011110000
0000110100000101
0001010101110010
0010001011111010
0010011100010000
0010001100111100
0001100011000100
0001011011111001
0001110110011110
0010001010111000
0010010101000110
0010000011110000
0001100001000010
0001011100111100
0001100001000010
0001011110111110
0001101001001100
0001001011100100
0001000111100000
0010000000101100
0010000110110100
0010001110111110
0010001011111010
0001111111101001
1110100111100000
1111100110001110
0000000011100001
0001000101010010
0001111000110110
0001110100110100
0000111000001000
0001000110010010
0000110001000100
0000110011000100
0001000001001110
0001110011110100
0010011100010000
0010001010000010
0001101111101111
0001100000100110
0001111100111010
0001111001111000
0001110110110110
0001010111011110
0001000110010010
0001000110010010
0001001010010110
0001000100010000
0000111011001010
0000110101000110
0001000101010010
0001100100101000
0001111001111000
0001111101111010
0001111010111000
0001101000101100
1110100100100110
1111101111010110
0000011101010010
0001000110101100
0001001100000110
0001000111100110
0000100100011110
1111101101100010
1111110111011100
0000001100001001
0000101111010010
0001011110001000
0010011100010000
0010011010011100
0010000101110000
0001111101101000
0001110100100111
0001100001101110
0000111100110010
0000101111010010
0000000101110110
0000100010101100
0000011101010010
0000000111101010
0000001101111101
0000001000100100
0000010111111000
0000110000001100
0001010110111010
0001011110001000
0001001111101100
0001000100111010
1110101100011100
1111011000000010
1111000010001111
0001110000101010
0010011100010000
0010000110011100
0000100000101110
0000001010111010
1111111100011001
1111100110100100
1110001111010110
0000001010111010
0001100010001000
0001101001011000
0000111101110001
1111110101000110
0000100111111110
0000101111010000
0001000101000010
1111101101110110
1111111100011001
1111000010001111
0000001010111010
0000100000101110
0000111101110001
0001010011100100
0000100111111110
0000100111111110
0001001100010100
0001101001011000
0001010011100100
0000000011100111
1110101110001010
1111011010110100
1111100010010000
0001010001110110
0010001101011000
0010000101111100
1111010011010110
0000011101110000
0000000000000000
0000010110010100
0000101100101010
0001011001010010
0010011100010000
0010000101111100
0001111110100000
0001101000001010
0001100000101110
0001110111000100
0001110111000100
0001111110100000
0001001010011010
0001010001110110
0000111011100010
0001010001110110
0001101000001010
0001011001010010
0001101000001010
0000110100000101
0001100000101110
0001011001010010
0001100000101110
0000010110010100
1110011111110111
1111100001111101
1111110000111111
0001000101001000
0001110010001100
0001111011001100
0001101001001010
0001000101001000
0000010101000010
0000110110000110
0001001011001000
0010000111001110
0010011100010000
0010000111001110
0001010111001000
0001010100001000
0001101001001010
0010000001001110
0010000001001110
0001110101001100
0001001110001000
0001010001001000
0001011010001010
0001001110001000
0001011010001010
0000111001000110
0001001110001000
0001110010001100
0001111000001100
0001111000001100
0001111110001100
0001110101001100
1101100011110000
1101100011110000
1101100011110000
1101100011110000
1101100011110000
1101100011110000
1101100011110000
1101100101010100
1101100110000000
1101111110111000
1111101010111110
0000101001100100
0001100011000100
0010001111100100
0010011000110100
0010011000111010
0010011001101100
0010000000000010
0001110010111110
0001001011010010
0001000100100000
1110111110110110
1101111001001100
1101101111010110
1101101101000110
1101101000111000
1101110010011010
1101111000001100
1101101010010110
1101100111100110
1101100111111110
1101100110101100
1101100110001110
1101100011110000
1101100011110000
1101100011110000
1101100011110000
1101100011110000
1101100011110000
1101100011110000
1101100100011000
1101100100011010
1101101100000110
1110100101000110
1111010011111101
0000010001111010
0001101000000000
0010000010101000
0010010010010000
0010000110010000
0001111011000010
0000100000101100
0000010001110100
1111101010100000
1110010001111010
1101101101001110
1101101000000100
1101100111010100
1101100101101110
1101111001010000
1101110000000010
1101110110001110
1101111111110000
1110001101010000
1110010010000110
1110001100011111
1101100011110000
1101100011110000
1101100011110000
1101100011110000
1101100011110000
1101100011110000
1101100011110000
1101100100010000
1101101010100000
1110001101011010
1110100100010100
1110010000100010
1110100011000010
1110100111101111
1110101100011010
1110110101000000
1111000111110000
1110111110011000
1110101010110110
1110101010110110
1110111110011000
1110111000001000
1110101001100010
1110101110110000
1110110010111010
1110101011101000
1111000000111110
1111110010111110
0001001100100100
0010000100010010
0001111000110100
0010000110011000
0010011100010000
1101100011110000
1101100011110000
1101100011110000
1101100011110000
1101100011110000
1101100011110000
1101100011110000
1110000111011110
0010011100010000
0010011100010000
0010011100010000
0010011100010000
0010011100010000
0010011100010000
1111000101111110
1110100010010000
1101111110100010
1111101001101100
0000100011101110
0001101011001010
0010011100010000
0010011100010000
0010011100010000
1111001110111010
1110000011000000
0010011100010000
0010011100010000
0010011100010000
0010011100010000
0010000001011110
1110011001010100
1110101011001101
1110011101110010
0010011100010000
0010011100010000
0010011100010000
0010011100010000
0010011100010000
0010011100010000
0010011100010000
0010011100010000
0010011100010000
0010011100010000
1110011101100100
1110011101100100
1110011000011110
1110001001011100
1110001011010110
1110010000111000
1110010011000111
1110011000000000
1110010001001110
1101101100111100
1111110011100000
1110100000011010
1110100111011100
1110111001010100
0000000010100000
0000110000100111
0001101100001010
0010011100010000
0000001011010100
0000101101010010
0001001101000000
0000101111100100
1111110000001010
0000101000101111
0001111110110100
0010000111111000
0010000111111000
0010011100010000
0001111100100100
0001000110001100
0001001000011110
0001011000010100
0001001010101110
0000110110010110
0000010100010111
0000000100100010
1111111001001110
0000000000000000
1111111001001110
1111101001010110
1111011001100000
1111000111011000
1111010100111110
1111001011111011
1111000101001000
1111001110001101
1111110000001010
1111110000001010
1110100111101100
1110011010000110
0000011110001100
0001100110100110
0010001110110110
0001100111111100
0000110000111110
0001011011111000
0010011100010000
0010001010110100
0001111100000100
0010010000001100
0001110001010110
0001011111111010
0010000100000110
0010001100001010
0001110010101100
0001111001011000
0000110110010100
0001001010011100
0000110100111110
0000001011011010
1111111111010110
0000000011010110
1111011011001000
1111000111000000
1111001000010110
1110111000010000
1110111100010010
1111100000011110
1111110100100110
1111110000100100
1111001101101111
1110110010111000
0000010011001110
0001101010010100
0010010111001000
0010000111110000
0000110101110010
0001010011010000
0010011100010000
0010010010000000
0001110101110100
0001110111000110
0001110101110100
0001101010010100
0010001110001010
0010000101001100
0010000000000100
0010000110011110
0001010100100010
0001001110001000
0000111101011110
1111111010111000
1111101100110010
1111110101110000
1111100010100010
1111010000101000
1110111110101100
1110111100001000
1111001000111100
1111100111101010
0000010101110010
0000010100100000
1111111010111000
1101111010110100
1111000111111000
1101100011110000
1101100011110000
0010011100010000
1110100010010000
1101100011110000
1101100011110000
1110011101000010
1101100011110000
1110000011101110
1110010000001000
1110000000001010
1110100011101010
1110110000000110
1111011010101110
1111100011100110
1111110000000010
1111110000000010
0000101110001010
0000100111000100
0000100001110000
0000101111111100
0001001000110100
0010010001100110
0010000110111100
0010010110111100
0010001111110100
0010001000101110
0010011000101100
0010000001101000
0010001110000010
0010010011011000
0010011100010000
0010011010011110
0010010001100110
0010001000101110
0001101110000110
0001101110000110
0001110110111110
0001101110000110
0001010001101100