1111000100111110
0000000010011010
0000100100110000
0000101000001010
0000111000100110
0001101001111100
0001110100000110
0010001000011010
0010011100010000
0010001001111000
0000011010100110
1111110111010010
1111101110100110
1111100101011010
1111001111001010
1111001001110100
1110110001001010
1110110110111110
1111110010011110
0000010011010110
0000010001011010
1111111100101000
1111001011110001
1110110000001100
1110011001011100
1110010100001000
1110100010001010
1110100011100110
1110110111011100
1111000001100110
1111110100111000
0000001110011111
1111000001000110
1111100110011000
0000011111110010
0000101101011000
0001010101010000
0001111000110000
0010011100010000
0010011000110000
0001101001110110
0001101001011010
0001001011100110
1111011010111110
1111110110100100
1111011101100110
1111000101000100
1110111010100010
1111010100110110
1111101000100100
0000000101111010
0000100110110010
0000001110010000
1111001100000101
1110110011111110
1110101001111000
1110101001111000
1110010011100010
1110010010101010
1110101110010000
1111000000101010
1111011001101010
0000000011101110
1111110111111010
1110110110111000
1111011101010100
0000010110111110
0000011101010000
0001011101001001
0001110111100000
0010011100010000
0010000011001100
0001010110111010
0001110011101110
0001000001100110
0000001100001000
0000010110100100
1111101000001100
1111011100000100
1111010111000100
1111100001000110
1111111011110100
0000111100100110
0000111010100000
1111110111101010
1111001010111100
1110110110000100
1110110100011000
1110110011111110
1110100011010000
1110101101010010
1110110110111000
1110111101100100
1111101010010010
1111110111101010
1111101011111101
1110110000111010
1111110001100100
0000011011110100
0000011111010000
0001101011111101
0001111010001100
0010011100010000
0001110010011100
0010000010011000
0010010010010110
0001010101100100
0000111100000111
0000110101101010
0000001111010100
0000010100111010
0000010010010100
0000100110001010
0000111011010010
0000110101101010
0000011000010110
1111101001110101
1111010011110100
1111000101001010
1110111001111110
1110111011010000
1110110011100000
1111000101100110
1111010110011010
1111100001101000
0000000010110100
0000000110010000
1111110001100100
1110110010110100
1111101000110010
0000011101100000
0000101010000010
0001101100111110
0001111100111000
0010011100010000
0010000010010100
0001111000101100
0010001110000010
0010000000101000
0001101110001110
0001010011111000
0001000001011110
0001010101111110
0001100001001111
0001011101111010
0000110011010000
1111111100000010
1111100011010110
1111010110011000
1111001111101101
1111000001011110
1110111001111100
1110111100110110
1110111010110000
1111010011011100
1111100101000010
1111101011101110
1111111000101100
1111100000110110
1111011010111110
1110111110100010
1111100100100110
0000100101011100
0001001010010000
0001110000010100
0010011011110110
0010000100011010
0001100001101100
0001110100000110
0010011100010000
0010010111001110
0010010111001110
0001110111011100
0001111110100100
0010001011000110
0001111100011110
0001010101000111
0000011010001010
1111111011001100
1111011100001110
1111011001101110
1111000110111010
1110111110100010
1110111100110110
1110111100000010
1111000101001110
1111011101000100
1111100001101010
1111101001001100
1111111111011000
0000000000001110
1111101111011110
1111100110101100
0000110101000100
0001010110101010
0001100010110100
0010000101011000
0010000100011010
0010010111111000
0001010110101010
0001001001000000
0001001011011100
0001101100000100
0001111011001010
0010001100101100
0010011100010000
0010010110011010
0001100111001100
0000010011011110
1111011001000100
1110110010001000
1110101001110110
1110011010110000
1110010111010111
1110101110001110
1110001100001011
1101111110100010
1110100101011110
1110101010010110
1110111010111000
1110111111010000
1111000110000100
1110101100010010
1110001111000100
1111101000100100
0000101110111000
0000101110111000
0000101110111000
0000110110101100
0001110101001100
0001111101000000
0010010100011100
0010011100010000
0001010101111100
0000101110111000
0000010111011100
1111100000110000
1111110000011000
1111101000100100
1111010001001000
1111100000110000
1110111001101100
0000001111101000
0000011111010000
0000110110101100
0000100111000100
0000001111101000
0000000000000000
1111011000111100
1111010001001000
1110110001111000
1101111011001100
1111000001100000
1111101000100100
1111011000111100
0000101110111000
0000000011100111
0000111101110001
0001000101000010
0001000101000010
0001010011100100
0001000101000010
0001100010001000
0010011100010000
0010011100010000
0001000101000010
0000010010001010
0000000011100111
1110110011101100
1111101101110110
1111100110100100
1111011000000010
1111110101000110
1111011111010010
0000001010111010
0000101111010000
0000100000101110
1111110101000110
1111111100011001
1111001001100000
1110001111010110
1111010000110000
1110101100011100
1111000010001111
1111010000110000
1111010000110000
1111110101000110
1111111100011001
1110110001111000
1111110100110110
0000011101110000
0000011101110000
0001101011111000
0001111010110010
0010011100010000
0001111010110010
0001111110100000
0010001101011000
0001001110001000
0000110111110100
0000110100000101
0000000000000000
0000011010000010
0000000000000000
0000100101001100
0000111111010000
0001000010111110
0000100001011110
0000000000000000
1110111101000010
1111010011010110
1110111101000010
1110110001111000
1110110001111000
1110111101000010
1111001011111011
1111010011010110
0000000000000000
0000000111011100
1111111000100100
1101100011110000
1101100011110000
1101100011110000
1101100011110000
1101100011110000
1101100011110000
1101100011110000
1101101001010000
1101101000000100
1101110101001100
1110000101111010
1110111011011100
0000011110110011
0001110000010010
0010001000011010
0010010111000000
0010010100110110
0010001101101100
0010000101010100
0010000111000000
0001001110001000
0000000000011110
1110010101001110
1101101111101100
1101101110010000
1101101100110110
1101101011111000
1101100011110000
1101100011110000
1101100011110000
1101100011110000
1101100011110000
1101100011110000
1101100011110000
1101100011110000
1101100011110000
1101100011110000
1101100011110000
1101100011110000
1101100011110000
1101100110011010
1101100110100010
1101101011111010
1101111001011010
1110011111000101
0000000100101000
0000101111110000
0001010011010000
0001110000101000
0010000100101100
0010010101011110
0010010000100010
0010000011000100
0000001100110110
1110110010110100
1101111001100110
1101101111111110
1101101110101000
1101101110111010
1101101110011000
1101100011110000
1101100011110000
1101100011110000
1101100011110000
1101100011110000
1101100011110000
1101100011110000
1101100011110000
1101100011110000
1101100011110000
1101100011110000
1101100011110000
1101100011110000
1101100111111010
1101101000111100
1101111001101000
1110011100000000
1110011000010000
1110011100100100
1110010010010100
1110011010010010
1110010110010100
1110001100011000
1110001101001110
1110001100101010
1101111111000000
1101110101000100
1101111001111010
1110011001011000
1110110001111000
1110110000110100
1110101001100010
1110101111110010
1101100011110000
1101100011110000
1101100011110000
1101100011110000
1101100011110000
1101100011110000
1101100011110000
1101100011110000
1101100011110000
1101100011110000
1101100011110000
1101100011110000
1101100011110000
1110110100000110
1110010000011011
0001000111011100
0000100011101110
0001100010001110
0000010001110110
1101111010000100
1101101000001110
1101100011110000
1101110001001010
1101100011110000
1101100011110000
1111000101111110
0000101000001100
0000110101100100
0000010110010100
1110010000011011
1101100011110000
1101101100101100
1101111010000100
1101100011110000
1101100011110000
1101100011110000
1101100011110000
1101100011110000
1101100011110000
0010011100010000
0010011100010000
0010011100010000
0010011100010000
0010011100010000
0010011100010000
0010011100010000
0010011100010000
0010011100010000
0010011100010000
1110011001100000
1110010110101110
1110010001001010
1110001000011001
1110000011011100
1110000110010100
1101111100011000
1101101100010010
1101100011110000
1101100011110000
1111000001100000
0000101101111110
1101111001111010
1101111111111100
1110001000000010
1110101110001000
1111001110010100
1101101100111000
0000010001001000
0000010101001010
0000101001010110
0000011001001100
0001100111110110
0001101111111001
0010011100010000
0001101011111000
0001001111101000
0001000101100100
0001011111110010
0001110011111100
0010000010000010
0001100101110100
0001110001111010
0001100001110010
0001001011100110
0000101001010110
0000111011011110
0000110101011100
0001000001100010
0001010111101100
0000101001010110
0000111101100000
0001001011100110
0001010011101010
0001100001110010
0000011001001100
0000110011011010
0001001111101000
0000010111001100
1110111000011100
0000000101111111
0000010010000010
0001001010001000
0000110110000110
0001110000001100
0001011000001010
0010011100010000
0010000110001110
0001100100001010
0001001100001000
0001100010001010
0001000110001000
0001001000001000
0001011100001010
0001001010001000
0001001110001000
0000101110000100
0001011100001010
0000111010000110
0000100110000100
0000010100000010
0000101010000100
0000011110000011
0010001110001110
0001011100001010
0001010010001000
0001010110001000
0000101110000100
0000011100000010
0000101010000100
0000100000000100
1110110001111000
0000100000111010
0001000000011100
0001011101001100
0001110000101010
0010011100010000
0001111100101110
1111111010111011
1111100101100100
1111110101010110
1111111001000010
0000110000101100
1111111100110000
1111111100110000
1111111110100110
1111101110110110
0000000101000101
0000010000001110
1111101011001000
1111010111101010
1111011101001110
0000001100100001
1111011111000110
1111011011011000
1111110000101100
1111011101001110
1111100011101110
1111101101000000
1111100101100100
1111101011001000
1111010000010000
1111100100101010
1110111010000000
1101100100000000
0010011100010000
1101100011110000
1101100011110000
1101100011110000
1110000011000000
1101100011110000
1101100011110000
1101100011110000
1111000110110010
1111110111001100
1111111001011010
0000111101100111
0000110000011010
0000101001110100
0001010101110100
0010001000011100
0010011100010000
0001100011000010
0001000110011100
0000010001100110
0000010001100110
0000011010011010
0000100001000000
0000100101011010
1111100111110010
0000000110100110
1111100101100110
0000100001000000
0000100011001110
0000100001000000
0000111001001110
0000111011011010
0000110000011010
0000001111011001
0000011100100110
0000010110000000
1111110010110010
1111011111000000
1111000110110010
1110000110111110