1111110001100001
0000111111000110
0010001110110000
0010011100010000
0000011010000000
1110111110001100
1111000010010000
1111011110100110
1111100110000000
1111101110001000
1111011000100010
1111100110000000
0000001110011111
0000010000100010
0000101010110110
0001001111111110
0001010110000100
0001100100111010
0001100010111000
0001010110000100
0001000111001110
0001010101011000
0001100011100100
0001100000110110
0001100010111000
0001010110101110
0001001100100110
0000110010111110
0001000000011110
0001001011010000
0001010001010101
0001100011100100
1111100001011000
0000100101000000
0010000000001100
0001111110111010
1111000010001000
1110011100100000
1110011100100000
1110010011100110
1110111101101100
1111001001110011
1110010000011011
1110010010111101
1110011111000101
1111000011011010
1111001001110011
1111101110110010
0000100101101000
0001000011100110
0001100000010011
0001101100011010
0001010001101000
0000101011011000
0001000100010000
0001011001111100
0001111101000000
0010010011111110
0010011100010000
0010000010110000
0001011001111100
0001100100110000
0001100111111110
0001111010011100
1111010001011100
0000010010101100
0010000000011000
0001111001110110
1111110010000100
1111101011100010
1111011001001010
1110010100011000
1110111100000110
1110101111000100
1110111010111010
1110110010101000
1111010101100111
1111011111101100
1111100101000010
0000001110100010
0000100010101100
0001001000101000
0010001101011100
0010001110000010
0001100001100010
0001011111110010
0001101011000010
0010001011000100
0010011100010000
0010010101001000
0001101011101000
0001010000010110
0001001100110010
0001011000000100
0001100110010010
0010001110101000
1111001001011010
0000000110011000
0001011110101100
0001010011101010
0001011110000110
0000101100101110
0000001111000110
1111100000101000
1111010111111010
1111100101010010
1111011101101110
1111101011101010
0000010010000000
0000101100101110
0001001001110010
0001111011001010
0010001110111000
0010001011011010
0001111101011110
0010000101000010
0010000111111010
0010011001010110
0010011100010000
0010001100000000
0001100101101010
0001001011100000
0000111111010100
0001000111011100
0001010110100100
0010001010110100
0010000110110000
0001100101000100
1111100000100110
0000010011011100
0000100010011000
0010011011100000
0010011100010000
0001010111011110
0000011010111010
0000000001011111
0000001010011110
1111110110010010
0000010001111100
0000110010000110
0001101000101001
0010001000110100
0001100001111100
0001000011010010
0000010001001100
0000001011111110
1111111010000010
0000001111101100
0001000010100010
0001000001000010
0001000001000010
1111110101100010
1111101110110100
1111001010111010
1111010011001010
1111101001100100
0000110101000110
0000101100110110
1111111010110010
1111001000101100
0000000110010000
0001010000010110
0000111110100000
0001011101110000
0010000010010110
0010011100010000
0001101000011110
0001011110101010
0001000111011100
0000110110011110
0001011000011010
0010000101111100
0001110101110110
0001010100110011
0000100101100000
1111110010100110
1111001010011100
1111000101111110
1111011000101110
1111100011011100
1111010111110100
0000101000001100
0000111000010000
0000010111001110
1111101110001010
1111010110111100
1111010101001010
0000000111001010
0000010010110000
0000100110011010
0000000111001010
1110101010010010
0001000111000010
0010011100010000
0001001001110010
1111010110010100
1111101100010100
0001001111010010
0001011011001100
0000011101110010
0001011100000110
0001010110100110
0010001001111010
0001110001001100
0000010011101100
0000000101111110
1111111011111000
1110101111110100
1110000100110001
1110110010100100
1110111010110100
1111000011000100
1110101110111010
1110010101010000
1110100101101110
1111111011111000
0000100111111000
0000010000000010
1111101110001000
0000111100111100
0000111110110010
0000101110010010
1111101100010100
1110000010000000
0000010000001010
0001100110011000
0001111011111100
0010011100010000
0000010000001010
1111001111100000
1111011010010010
1111101111110110
0000010000001010
0000011010111100
0000010000001010
0000011010111100
0001010000110100
0001111011111100
0001010000110100
0001011011100110
0000011010111100
1111011010010010
0001000110000010
0000111011010010
0001010000110100
0001010000110100
0000010000001010
0000100101101110
0000111011010010
0000000101011000
1111101111110110
1111111010101000
0000000101011000
1111100101000100
1111001111100000
1111100101000100
1111111100000000
0001000100000110
0010000100001110
0010010100010000
0001010100001000
0000010100000010
1111011011111100
0000010100000010
0000011100000010
0000010100000010
0000001100000010
0000010100000010
0000111100000110
0001001100001000
0001110100001100
0010001100001110
0010011100010000
0010001100001110
0001010100001000
0001100100001010
0001100100001010
0010000100001110
0010000100001110
0010000100001110
0001000100000110
0001001100001000
0000101100000011
0000110100000101
0001010100001000
0001111100001011
0001111100001011
0001111100001011
1111010011000100
1111111001100110
0000101000101010
0010000110110110
0010001011001000
0001001111001100
0000010111100010
0000000110011010
0000001110111110
1111110101010100
0000001010101100
0000010111100010
0001000110101000
0001101000111000
0010011100010000
0010011100010000
0001001111001100
0000110101100000
0000111001110010
0000111001110010
0001101000111000
0001110101101110
0001110001011100
0000001010101100
0000001110111110
1111111001100110
0000001110111110
0000101100111100
0001010011011110
0001001111001100
0000001110111110
1111111001100110
1101100111010100
1101110000001010
1110011101010100
0010011100010000
0010011100010000
0010011100010000
0010011100010000
0010011100010000
0000011111011100
1110010110101000
1110010011011110
0001010011101100
0001110011000010
0001010001100010
0010001001101110
0010000001010000
0001010011100000
0000101101011100
1111001111011010
1111001110001110
1110110010001110
1110101000011000
1110001001000000
1101100011110000
1101100011110000
1101100011110000
1101100011110000
1101100011110000
1101100011110000
1101100011110000
1101100011110000
1101100011110000
1101100011110000
1101101000010110
1101111111010010
1111001100000010
0010011100010000
0010011100010000
0010011100010000
0010011100010000
0010011100010000
0000001110111100
1110000110111000
1110000101011110
0000001001011010
0001000110110000
0001010100000110
0001110111111110
0010000111110000
0001111101110110
0000110110100001
1110111100111000
1110111011011000
1110011100100010
1110010100100010
1110000010001010
1101100011110000
1101100011110000
1101100011110000
1101100011110000
1101100011110000
1101100011110000
1101100011110000
1101100011110000
1101100011110000
1101100011110000
1101101010000000
1110000000111010
0000101111111010
1110010011101010
1110011001011000
1110010100101100
1110010110010000
1110011010111100
1110000100100100
1101110111000000
1110000000011000
1110001001111100
1110011011101000
1110100001111000
1110011101101110
1110010010101000
1110011001001110
1110010000111000
1101111000001110
1110000001111100
1101101101001000
1101101101011100
1101110011111000
1101100011110000
1101100011110000
1101100011110000
1101100011110000
1101100011110000
1101100011110000
1101100011110000
1101100011110000
1101100011110000
1101100011110000
1111001110111010
0010011100010000
0010011100010000
0010011100010000
0010011100010000
1111010011010110
1111101110001010
0010011100010000
0010011100010000
0010011100010000
0010011100010000
0010011100010000
0001000111011100
1101100011110000
1110010000011011
1110100010010000
0001011101110000
0010011100010000
0010011100010000
1111100000110000
1110111101000010
1101101100101100
1110101111101010
1101100011110000
1101100011110000
1101100011110000
1101100011110000
1101100011110000
1101100011110000
1101100011110000
1101100011110000
1101100011110000
1101100011110000
1111100100010100
1111100101100010
1111100001010000
1111011011000000
1111010110011100
1111001010101100
1111000101111110
1111000110000100
1111101000111011
0000101010100011
1111100100111010
1111110010110000
1111111011111100
0000001111101010
0000011101011000
0000110011001000
0001000110100010
0001010101010000
0001010001011111
1111111010101000
1110110101000000
0000001001001100
1110000101011110
1110101010000110
0000000100110100
0000110011101010
0001000011011100
0010011100010000
1111010111101111
0000101011100000
0000111011100110
0001011111000010
0001011011110100
0001011000100101
0001100101011110
0001100101011110
0001011111000010
0001100101011110
0001101011111100
0001111000110100
0001110010011000
0001101000101110
0001111000110100
0001100101011110
0001101011111100
0001110101100110
0010001000111010
0010001000111010
0010000010011110
0010001100001010
0010011100010000
0010001000111010
0001111100000001
0001100101011110
0001011011110100
0001001000100000
0001001000100000
0000100001110100
0000001110011111
1111000111101000
1111100111000010
0000100010001110
0001000111001100
0001010000011100
0001010000011100
0001001100110000
0001001010111000
0001101110000010
0001101110000010
0001011011100010
0001100100110010
0001111100110100
0010000110000100
0001100010111100
0001011001101100
0001001110100110
0001001100110000
0001110011100100
0001111010111110
0010001001110000
0010010001001010
0001110101011010
0010011100010000
0010010011000000
0010001001110000
0010010001001010
0010001111010100
0010001111010100
0001101111111000
0001100100110010
0001011111001110
1111110011111110
0000110000001001
0001010001000100
0001010101110000
0000110000001001
0000011011000001
0000010001101000
0000010110010100
0001100011110110
0001001010000000
0000111011111010
0001011010011110
0001011111001010
0001011111001010
0000111110001111
0000010110010100
0001011000000111
0001011100110100
0001011000000111
0001100001100000
0001100011110110
0010011001111010
0010000100110000
0010011100010000
0001101111100101
0010001011110100
0001111001000000
0010011001111010
0010010111100100
0010000000000100
0001101000100100
0000111001100100
0000000101111000
1111110011101000
0010011100010000
1101100011110000
1101100011110000
1101100011110000
1101100011110000
1111000001100000
1110001101011010
1101100011110000
0001010000111010
0001001000100010
0001100100011100
0001100111010000
0001100001101010
0010011100010000
0001100100011100
0000101111011100
0000010000110000
0000010011100010
0000100111000100
0000010110010100
0000110111110100
0001100111010000
0000101111011100
0000101111011100
0000001011001010
0000000101100110
0000000010110010
1111101111010000
0000100100010010
0001011001010010
0000110101000000
1111110111101000
1111100001010100
1111001011000000
1111010011010110
1111001000001100
1111011110100010
1111101001101100
0000100111000100
1111101111010000