1111000001000100
0000010100000000
0001001010110010
0001100010100000
0000001011000101
0000110111100010
0000111110111100
1111110100111011
1111011011101110
1111101110111110
1111110001111100
0000000010001110
0000000011101100
0000101110101001
0001001010110010
0001000111110110
0001011000000111
0010000011000100
0001101100110110
0001001101110000
0001001101110000
0010001001000000
0010011100010000
0001111000101101
0000101110101001
0000110011000110
0000101011101100
1111111100010100
0000011100111000
0000011011011010
0000010101011110
0000110111100010
1111010110010010
0000010100100010
0001011110000000
0001011110000000
0000001001010110
0010000111000110
0010010001000010
0000011000010010
0000011001100010
0000101000011110
0000001001010110
0000100001000000
0000011010110010
0001001101110100
0001111101001000
0010000101110110
0001111011110111
0010001000010110
0010001110100100
0001101010011100
0010011100010000
0010010011100010
0010010010010010
0001111001011000
0001111010101000
0001001111000100
0000110110001010
0001001010000110
0000110110001010
0001000000001000
0001001100100100
0001100010111110
1111001100101010
0000000001101010
0001000101000000
0001000010110100
0000010011010100
0010001111000000
0010010010010100
0000101001011010
0001000011111010
0001001011101000
0000010111110000
0000111101010010
0001000101000000
0001101101111000
0010010000000110
0010011100010000
0001110111110100
0001101011101001
0001010100011110
0001110001001100
0001110000000110
0010000000101010
0001110110101110
0001101110111110
0000101100101110
0000011101010000
0000011001111100
0000011011000100
0000010101100010
0000101100101110
0001000011111010
0001000110001000
1111001101011000
0000000100011010
0000111111110100
0001000000111010
0000100001000000
0010010110110000
0010011100010000
0000110011101110
0001011000000010
0001100100001000
0000111100100010
0001011011010110
0001101110000010
0010010000001010
0010000001110110
0001110001010110
0001100101001110
0001011110101000
0001100000110110
0001100110010110
0001101110000010
0010010011011100
0001111010001000
0001011001001000
0000110101111001
0000100011001110
0000010111000101
0000100110100000
0000011000001110
0000100101011010
0001010100101110
0001011111101110
1111000100010000
1111111100001010
0000111010101010
0000111011110000
0000110000110010
0010011011001010
0010011100010000
0001010111001010
0001110100110001
0001111101100100
0001100011001110
0010001001101000
0010010101101010
0010000100001000
0001110100110001
0001000100100010
0001000100100010
0000111101111011
0001001110011010
0001111001001010
0001111011010110
0001111010010000
0001011111111100
0001001101010100
0000101101100000
0000011110001010
0000100000010110
0000100100101110
0000100001011100
0000110110010010
0001100001000010
0001011000010001
1110111110111100
1111111001111000
0000110001100000
0000111000001010
0001000010001010
0010010011010110
0010011100010000
0001011101111110
0001100100101010
0001110110011100
0001111000101010
0001110000111000
0010001001010110
0001011001100001
0001011010101000
0000011100010110
0000011100010110
0000101101000010
0001000101100000
0001111101001000
0010011000111010
0001011001100001
0000010011011110
0000011010000111
1111111001111000
1111111001111000
0000000011111010
1111110010000110
0000010001010000
0000110101111100
0001011000011010
0001011000011010
1111010110011000
0000101000000010
0000111010111000
0000111001010100
0001100000100100
0010000001100100
0010011100010000
0001101000011100
0001010111001010
0001101101001000
0001110110100100
0001100011101110
0000111001010100
0000110011000010
1111110101110010
1111011011000110
1111011100101010
1111101010110100
0000010101001100
0001111011010010
0010001010111110
0001101011100100
0000010010000100
0000001010001110
1111110001000110
1111011100101010
1111100010111100
1111001000010000
1111001110100010
0000001000101000
0000000101100000
0000001000101000
1110111011010000
0000011111010000
0001010001010000
0010001111110000
0001101010010000
0010000011010000
0001000100110000
1110111011010000
1110101110110000
0000000110010000
0000000110010000
0000011111010000
0000111000010000
0000101011110000
0001000100110000
0001011101110000
0000111000010000
0001101010010000
0001110110110000
0001010001010000
0001101010010000
0010011100010000
0010000011010000
0001000100110000
0001000100110000
0000010010110000
1111111001110000
0000000110010000
0000011111010000
1111101101010000
0000111000010000
0001010001010000
1110111100000100
0000000110110010
0000111101001010
0001001010101110
1111111001001110
0000101000101111
0000111101001010
1111101011101001
1111100100110101
1111110010011011
1111110010011011
1111111001001110
0000000110110010
0000111101001010
0001010001100010
0001011000010100
0001111010010010
0010000111111000
0001010001100010
0001011000010100
0001010001100010
0010000111111000
0010011100010000
0001100101111010
0000111101001010
0001001010101110
0000101000101111
0000011011001011
0000101000101111
0000001101100101
0000110110010110
0000101111100100
1110110010111000
1111100110010010
0000101001100010
0000110001011100
0000110001011100
0010010100010110
0010011100010000
0001000001010010
0001100100110111
0001111000101010
0001101100110010
0001111000101010
0010010000011000
0001011001000000
0001010001000110
0000100001101000
0000011101101010
0000101101100000
0001000101001110
0001110000110000
0010001000011110
0000111101010100
0000110001011100
0000100001101000
0000001001111000
0000010001110100
0000011001101110
0000001101110110
0000011001101110
0000110101011010
0001101100110010
0001110100101100
1101100011110000
1101100011110000
1101100011110000
1101100011110000
1101100011110000
1101100011110000
1101100011110000
1101100011110000
1101101110101110
1101101101000000
1111000010011110
0001001000100000
0001101001011010
0001110000111100
0010000011011010
0010011010100010
0010010110011110
0010010100001010
0010010001110110
0010000010010000
0001010100000001
1111110100001010
1110000110011010
1101110000011110
1101110001000010
1101101101000000
1101101101100100
1101101011110110
1101101101100100
1101101011010000
1101101101000000
1101101111111000
1101110011111100
1101100011110000
1101100011110000
1101100011110000
1101100011110000
1101100011110000
1101100011110000
1101100011110000
1101100011110000
1101101011100110
1101101011001000
1110100111000100
1111101000011110
0000010000111100
0000101100000110
0001100101010101
0010000001100110
0010000000011110
0010000001100110
0010010110010010
0001110101001100
0000100100011010
1110110101000000
1101111110000110
1110000000010100
1101111101110010
1101111001010000
1101111000010100
1101111011110000
1101111111000010
1110000001000110
1110000011100110
1110011100101100
1111000111001110
1101100011110000
1101100011110000
1101100011110000
1101100011110000
1101100011110000
1101100011110000
1101100011110000
1101100011110000
1101111010101010
1101110111100010
1110010010000110
1110100111101111
1111000000101110
1110101101111110
1110100111101111
1110101101001100
1110101001010010
1110100100100110
1110011101111000
1110011000010000
1110011000010000
1110011010110000
1111111000101100
0000110000111100
0001010000101101
0000011001100000
0000111000010000
0000101111111010
0001010011010100
0001010010110100
0000111101011100
0001100001011000
0010010001110100
1101100011110000
1101100011110000
1101100011110000
1101100011110000
1101100011110000
1101100011110000
1101100011110000
1101100011110000
1101110101100110
0010011100010000
0010011100010000
0010011100010000
0010000001011110
1111010011010110
1110010000011011
1110000011000000
1110011101110010
1110000111011110
1110001011111100
0000110001000110
0010011100010000
0010011100010000
0010011100010000
0000101100101010
1101111010000100
1101111010000100
1101110101100110
1101111010000100
1101111110100010
1101101000001110
1110100110101110
1111111011100010
0000000100011110
0001110100100111
0001110110001010
0001111011000010
0001111011000010
0010000001001010
0010000100100100
0010001110001100
0010011000101000
0010011100010000
0010011100010000
1111100000011100
1111100001000100
1111100100111100
1111100100111100
1111101100001010
1111101011110110
1111100111010100
1111001101111100
1110110100010010
1110010000011110
1110100110011010
1110101001100110
1110110111110110
1110101011011100
0000011011101000
0000001101010110
0000011110111010
0000001101000010
0000001001001100
0001001010110110
0001011010100110
0001000000010110
0001001010110110
0000111101101110
0001001010110110
0001001101011110
0010001100100000
0010010111000000
0010011001101000
0010011100010000
0010000111010000
0001010111111101
0001101010010110
0010000100101000
0010001100100000
0010001100100000
0001110100110110
0010001100100000
0010001001111000
0001111100110000
0000011000111100
0000110000100110
0000100000110100
0000011110001100
0000100110000100
0000011011100100
0000110011001110
0000011011100100
0000001001001100
1111010010000010
0000000000000000
0000100011100000
0001111111110110
0001111000110000
0000011100011010
1111101010101100
0000011000110110
0000010101010100
0001100011011100
0010000011011010
0001101110000110
0010011100010000
0010001010100000
0000101110001010
0000111000110100
0001001110001000
0010000011011010
0001110101001100
0000111100011000
0001010101001110
0001011000110010
0001001110001000
1111101010101100
1111111100011100
0000000000000000
0000110101010010
0000101010101000
1111111100011100
1111110101010110
0000010101010100
0000101010101000
1111010101011000
0001010011010110
0001111101000000
0010000000011110
0001100100101100
0000111011000010
0001001000111010
0001001000111010
0000111011000010
0010000000011110
0001111101000000
0001101000001010
0010011100010000
0001110010100110
0001001100011000
0000111011000010
0001001100011000
0010001010111000
0010001110011000
0010000011111100
0001111001100010
0001011010010010
0001011101110000
0000011111010000
0000011011110010
1111101110101000
0001001100011000
0001111101000000
0000110000100111
0000110111100100
0001001111111000
0001010110110100
0000000000000000
0001001010000010
1101100011110000
1101100011110000
0010011100010000
1101100011110000
1101100011110000
1101100011110000
1110000011000000
1101100011110000
1110100101010000
1111000011001100
1111010000010010
1111110111100110
0000000110100100
0000100100100000
0000010101100010
0000011100111111
0000001111111010
0000011100111111
0001000100010100
0001001001111010
0000110101010110
0000101011111110
0000011001010000
0001101001101110
0001110100111110
0001000010011100
0001100010010000
0001100010010000
0001111110010100
0001100010010000
0001110011000110
0001100010010000
0001101111010110
0010000010000100
0001110100111110
0010000010000100
0010011100010000
0010010010111010
0001010001011010
0000010101100010