1111000011000100
0001001010001110
0001100101111110
0000101100101010
1111100111010000
1111011001011000
1110111010000010
1110111110010000
1110101000100010
1110111000110100
1111001010111010
1111001010111010
1111110001100010
0000101110011100
0001001100101000
0001100100001010
0001100011100010
0001100010111100
0001011100111010
0001111000000100
0010011100010000
0010010111011100
0001110010000010
0000100111001110
0000100111110100
0000110101000110
0000110111100000
0001011010100000
0001011001010010
0001001010001110
0000011111011000
0000010110010100
1110111011110110
0001011101011010
0001111001011110
0000101101101110
1111001101110010
1110110010010010
1110101101110100
1110010110010000
1110000111101010
1101111010110000
1110100011001011
1110000101111110
1110101110111100
1110111010101110
1111010011011010
1111101010111110
0000101101101110
0010000000001100
0010010010001010
0010010111110000
0001110100011010
0010011100010000
0010000110011000
0001011010100110
0000110101000010
0000111011001100
0001001010111010
0000110100011110
1111110101000100
1111000111101000
1111010111111001
0000011010000110
1110110100000000
0001100001011110
0001110100101100
0000001110111110
1111001000010110
1110101101110010
1110010011001110
1101111110111000
1101111100101000
1101111000000110
1110000111010110
1110000111111011
1110011011101100
1110110010010100
1110111101000010
1111101001101100
0000001001010100
0001010101101000
0010011011101100
0010011100010000
0001111111011100
0010010110000010
0010011011001000
0001101111000010
0001010011111010
0001000110111010
0000001110111110
1111100111111110
0000000101011000
0000100111010010
0000111111000000
0001101100001110
1111000010110010
0001001001111010
0001001010011100
0000100000001100
1111000101111100
1110101011000000
1110001010110100
1110000001110110
1101111100100100
1101111100000010
1110000001110110
1110001101111110
1110010100110110
1110100110010000
1111000001101110
1111010001100100
1111111010101111
0000111111010110
0010001011111000
0010011100010000
0010010010001110
0010010001001010
0010011000000010
0001101101110100
0001011011010100
0000101110011100
1111111111011110
0000010000011000
0000010111110000
0000111001100010
0001001101100110
0010000010011000
1111001111110100
0001001010011000
0001101000011100
0000111001101010
1111011010111110
1110011111010110
1110011100100100
1110010010100010
1110001011110111
1110010011000111
1110000010011000
1110011010111010
1110100001000010
1110011100100100
1110101100101110
1111000101110010
1111111000011110
0000101011101110
0010000011001100
0010011100010000
0010010011111010
0010001011100010
0010011011001000
0010000111000110
0001001111111100
0000100001001010
1111101001011100
0000001000000100
0000010111001000
0000101010000100
0001010110000100
0001100110001110
1110111101011010
0000100110001000
0001000010100110
0000010110000000
1111001000001010
1110101001100100
1110001111010000
1110010000010100
1110000000110000
1101110011110110
1101110001101110
1110000110001000
1110001001111000
1110101001100100
1110101111011110
1111000111101000
1111110110111000
0000111010100010
0001110010111010
0010011100010000
0010010101010010
0010011001100100
0010010100001100
0001110100100010
0001010100110110
0001001000100000
1111111101010100
1111011000110100
1111111010000110
0000001100010110
0000111011000100
0001100111000110
1111001010011010
0000110111101000
0001001011011110
0000110100100110
1111011111101110
1110100111110110
1110010111100110
1110000100010011
1110001101111100
1110001010111000
1110001001111000
1110010101100010
1110010010000000
1110110110100100
1111000111110110
1111010001100001
0000001100111110
0001000101111000
0001110011100110
0010010011000110
0010010001100110
0010011001101110
0010011100010000
0001110001100100
0000111111010000
0000111111010000
0000111101110000
1111101000011000
1110100110110100
1110111011101010
1111101001011000
0000100011110100
1111101011001010
0000111110100000
0000010100110110
0000000000000000
1111100000110000
1110100010010000
1111100000110000
1111110101100110
1110110111000110
1111001011111011
1111100000110000
1111110101100110
0000000000000000
0010011100010000
0010010001110110
0000011111010000
0000110100000101
0000110100000101
0001001000111010
0001001000111010
0001111101000000
0000011111010000
0000111110100000
1111110101100110
0000010100110110
0001011101110000
0001101000001010
0001110010100110
0010000111011010
0010000111011010
0001001000111010
1111010110010110
1111001110101010
0001010010010000
0001101010111010
0000100000111010
0000011000101010
1111100111010110
1111001110101010
1111010110111000
1111010110111000
1111011111000110
1111110111110010
0000000000000000
0000100000111010
0000111001100100
0010001011110100
0010010100000010
0001100010101100
0001010010010000
0001100010101100
0001111011010110
0010001011110100
0010011100010000
0001101010111010
0000100000111010
0000101001001000
0000100000111010
0000111001100100
0001010010010000
0001011010011110
0001000001110010
0001001010000000
0000111001100100
1111000001111000
0001000001111000
0001000101101010
0000011000011110
1110110110100110
1110101111000100
1101111010010110
1110000101101000
1110000001111000
1101101011010010
1101110110100100
1110000001111000
1110001101001010
1110101111000100
1110101011010010
1111010100101100
1111111010010110
0000100011110010
0010001101001100
0010011100010000
0001110010110110
0010001001011100
0010011100010000
0001011111111111
0001011100010000
0000100011110010
1111111010010110
0000010100101110
0000010100101110
0000101011010100
0001011000011110
0001111110001000
1101101111001000
1101101110010010
1101101111111100
1101110000110100
1101101101101000
1101101110101110
1101101101100100
1101110000111100
1101101011000010
1101101010100100
1101101111111000
0001010111011010
0010000001101110
0010011000111010
0010010110110100
0001110011110101
0000100110000000
1111110000000010
1111101011101001
1110111111101100
1110110000010010
1110100101010010
1110100011000110
1110001001100100
1110011000111110
1110001010011110
1101111100101110
1101110111001000
1101110011001100
1101100011110000
1101100011110000
1101100011110000
1101100011110000
0001101110110110
0001111110111000
0010000111100110
0010010100110010
0010011100010000
0010011100010000
0010011100010000
0010011100010000
0010011100010000
0010011100010000
0000001110100110
0001001110011100
0010001001100010
0001110111010110
0001111001000100
0010000001110000
0001100101110010
0000001011000000
1111111100010000
1111100111000100
1111010100011100
1110110011110010
1110101100100000
1110001000001100
1111000000101010
1110001100111000
1110000100111011
1101111000000100
1101110100010010
1101100011110000
1101100011110000
1101100011110000
1101100011110000
0010011100010000
0010011100010000
0010011100010000
0010011100010000
0010011100010000
0010011100010000
0010011100010000
0010011100010000
0010011100010000
0010011100010000
0010010011011000
1110011000100000
1101110110100000
1101101110110110
1101110000111100
1101110001001100
1110000011111100
1110010010010100
1110010000110000
1110100001010100
1110101011101000
1110011110001100
1110010100101100
1110110011111100
1111000011000100
1110011100000000
1110101111110010
1110001010110100
1110001010110100
1101100011110000
1101100011110000
1101100011110000
1101100011110000
1101110101100110
1101110101100110
1101101000001110
1101110001001010
1101110001001010
1101101100101100
1101110001001010
1110000011000000
1110000011000000
0000101100101010
0010011100010000
0010011100010000
1111001010011100
1110111101000010
1101110101100110
1101110001001010
1111100000110000
1110010000011011
1110100110101110
1110011001010100
0001110100000100
1111010111110100
0000011010110010
1111110010100110
1111101110001010
1111001010011100
0000000000000000
0001010100110011
1110111000100100
1101100011110000
1101100011110000
1101100011110000
1101100011110000
0000000010111000
0000000010000100
0000000000100000
1111111110011010
1111111011001110
1111110010011000
1111101010101111
1111011011000110
1111001100001010
1111000001111100
1111011011110000
1111011111110000
1111100111111110
1111101111111110
1111110111111000
0000000101111100
0000010001111100
0000100010111000
0000110100100000
0001000101000010
0000000110010000
0000010100001101
0000000111001111
1111100010001010
0000110111100110
0010010000000010
0010011100010000
0000101000011000
1101101011001100
1110111000101010
1110111100001100
1111001100101110
1111001111001000
1111101110001010
0000001001010010
0000000110100000
1111111010111110
0000001000000000
0000010100011100
0000010111110010
0000011010001100
0000101101111000
0000111111001010
0000111111010110
0001000010100000
0001010001011000
0001100100100000
0010010010011010
0010011001101010
0010010100000100
0010011100010000
0010000000000000
0001110010101000
0001100000111110
0001101101110100
0001110101001110
0001110100010011
0001101100000111
0001011111001000
0000110100110000
1110000111010110
1110110100101110
1111001001001110
1111101011111000
1111101100110100
1111100110111010
0000000011111110
1111111101110000
1111111011011010
0000000010011010
0000000111011000
0000010110001010
0000011001111000
0000100111101110
0000111000001011
0001010100110010
0001011100111111
0001001101000000
0001111010001110
0001110111001000
0010010010101000
0010010111011100
0010010111010010
0010011100010000
0010001100101110
0010001101001100
0010000100001010
0010001011001010
0010010110000010
0010011000000100
0010000111110000
0001011100000011
1101111011001110
1110101100001000
1110110111011110
1111011001111100
1111011110001010
1111100111100100
0000000001111100
1111111101010000
1111110001100110
0000000011011010
0000010001111110
0000011000001000
0000100111010110
0000110010001100
0001000111100100
0001001101010000
0001011011110100
0001011101010000
0001111110110010
0010001010001000
0010011100010000
0010011010101000
0010010010101100
0010011010011110
0010001000110100
0010000111011000
0010011011100110
0010010111000100
0010001101110110
0010010001111000
0001110110011000
0001011001111000
1110010011001010
1101100011110000
0010011100010000
1101100011110000
0000000000000000
1101100011110000
1111100000110000
0010011100010000
1101100011110000
0000000000000000
0000101010011100
0000100000110010
1111101010110010
1110111110011010
1111110010100000
0000001001101010
0000101100010111
0001101111111000
0010000001010000
0010011100010000
0010001000111110
0001011010101010
0001011100100110
0000011011000000
0000001101100000
0000100010101110
0000110000001110
0000111101101110
0000111001111000
0000101110010010
0000010001011000
0000011110111000
0000011100111100
0000100110100110
1111110000100100
0000110000001110
0000111101101110
0000010101001110
0000011110111000
0000010011010010
1111011001011010