1110110001111000
0000001100010000
0000000110001000
0001000000010110
0001101110010010
0001010000011100
1111110010111110
1111010111011011
1111100011101010
1111101111001010
1111101110011000
0000110111111010
0010001111001110
0010010011110100
0001111001000010
0001000100111100
0001011111110000
0010001110011110
0010011100010000
0001110001010110
0001011011001010
0001001011000100
0001011110111110
0001110101001100
0010000101010010
0001111001110010
0001011110001110
0001000000010110
1111100110101110
1110010100110010
1101101100111100
1101110110001000
1110011001010000
1111110011001000
1111100110100100
0000100011010110
0001001110111100
0000110011111000
1111111101000010
1111101111110100
1111110101110000
0000000000010110
0000000010010100
0001000010011010
0010011100010000
0010001010011010
0000110101001100
0000110000100100
0001100011011100
0001111101110110
0001110001111110
0001000001000100
0000100111111110
0001010000111100
0001110101010010
0001110111010000
0001110001010100
0001101011011000
0001011100110100
0000010111011110
1110111101100110
1110011110100100
1110000100001001
1110101101110000
1111000010000010
0000000111110000
0000000011001110
0000110110111000
0001110101100000
0010000101101010
0001001100001100
0000110011101010
0000100010001110
0001001000010100
0001110110110100
0010001010110100
0001111010101100
0001010001010101
0000111011011010
0001001000111110
0001100111111100
0010001010001010
0010000110010100
0001100000001110
0001000001110110
0001101111101100
0010010111101110
0010011100010000
0010011000011000
0001111101010000
0001111001011000
0000010111111000
1111100110001100
1110100110010000
1101101110000110
1110000001011100
1111001011010000
0000010010111010
0000010000010000
0001000111010100
0010010101101000
0010011100010000
0001101011110011
0001011011001110
0010000101000010
0010001101101010
0001101001001010
0000111100101110
0000011010001110
0000100111011110
0000100010110110
0000110000110010
0000100000110110
0000101000110100
0001000100101010
0001001010101010
0000101001011110
0001001000101010
0001011111001110
0001001011111110
0001011001010000
0000110110000011
0000101011011110
1111100111001000
1110101000110000
1101111000010100
1101101101000010
1110001110111000
1111100001011000
0001001111101010
0000101001111000
0000111100010000
0001101101010010
0001101001001100
0000011110101000
0001001011100100
0001100110001000
0000100000101100
0000101101111110
0000010010011000
1111100010011000
1111100101011100
0000001000001010
0000011001100010
0000001101010010
0000111011001110
0001100010000010
0010000100110000
0010011100010000
0001111011100011
0001000111100000
0000101110111110
0001010000101100
0000111100010000
0000110100000101
1111010010000010
1110010011110000
1101111111010100
1110001100100110
1111100010011000
1111110100100000
0010001011000010
0001011111010110
1111101101101000
1111011010000110
1111000111101110
1110000000011110
1110110110011110
1111010110101000
1111110001000100
0000011000001000
1111100101100100
1111001110100110
1111001100010100
1110110111101000
1111000011000110
1111000101011010
1111001101011100
0000000100100110
0000110000010000
0010000100001000
0010011100010000
0000110110000000
0000010010011000
1111100111111000
0000010101110110
0001011110001110
0001000001100000
0000010011100010
0000000110111010
0000000100100110
0000111100111010
0001000101100110
0010011100010000
0001110100011101
1111110111011110
1110110000011110
1110001011100011
1111001111101110
1111010001001000
1111001011011101
1111011100100000
1111111000111010
1111001111101110
1111001000100110
1110101101101000
1110110011010010
1110111000111110
1110111011110100
1111001111101110
1110110110001000
1101111110110000
0000011011000000
0000110101111110
0000100010000110
1111100000110000
1111000101110000
1111111010010100
0000001000100010
1111100010001010
1111001011011101
0000010101010100
0000111111111001
0001001011010010
0000010101010100
0001000111000010
0000111111111001
0001001110001000
0001100011011100
0001101010100010
0000111111111001
0000111111111001
0000110001101110
0000110001101110
0000111000110100
0001010101001110
0001101010100010
0010001110000010
0010000110111100
0001111000110000
0001111111110110
0010000110111100
0010011100010000
0001111000110000
0001111111110110
0001110001101000
0001111000110000
0001111000110000
0001110001101000
0001101010100010
0001001110001000
0001000111000010
0000101010101000
1111111000111010
1111000000000111
1110010101011110
1111110100100100
0000110001100010
0000111001001010
0000111001001010
0001101110100010
0001010111101010
0000101001111010
0000010011000100
0000011010101100
0000100010010100
0000100010010100
0001010000000010
0010010100101000
0010011100010000
0001110110001000
0001101110100010
0001101110100010
0010000101011000
0001110110001000
0010001101000000
0001101110100010
0001101110100010
0001110110001000
0001111101110000
0010001101000000
0010001101000000
0010000101011000
0000110001100010
0000010011000100
1110011001000110
1110100000101110
1110101111111110
1110101100101010
0000101110111000
0000100100011110
0001000011101110
0010000111011010
0010000010001110
0001101000001010
0001110111110001
0000110100000101
0000101001101010
0001000011101110
0000001010011010
1111100000110000
0000001010011010
0000000101001110
0000110100000101
0000011010000010
0000111001010010
0001111101000000
0010010111000010
0010011100010000
0001110010100110
1111101011001010
0000110100000101
0001010011010110
0000111001010010
0000010100110110
1111101011001010
1110111100010010
1110010010101000
1110100010010000
1111010110010110
1101100011110000
1101100011110000
1101100011110000
1101100011110000
1101100011110000
1101100011110000
1101100011110000
1101100011110000
1101100111110010
1101101000111110
1110001101101010
0000100110110100
0001101010100010
0001111111100110
0010000101100010
0010011001111000
0010001011001110
0001011000000100
1111110011011100
1111001101110100
1110110001101000
1110011000000100
1110000100001100
1101100011110000
1101100011110000
1101100011110000
1101100011110000
1101100011110000
1101100011110000
1101100011110000
1101100011110000
1101100011110000
1101100011110000
1101100011110000
1101100011110000
1101100011110000
1101100011110000
1101100011110000
1101100011110000
1101100011110000
1101100011110000
1101100110011110
1101100110111010
1101111111111100
1111011111110000
0000100110101110
0001110100010011
0010010110101000
0001111111101000
0001001111010000
1111111010010100
1110011101011010
1110001000111010
1101111011101110
1101110100010000
1101101110011110
1101100011110000
1101100011110000
1101100011110000
1101100011110000
1101100011110000
1101100011110000
1101100011110000
1101100011110000
1101100011110000
1101100011110000
1101100011110000
1101100011110000
1101100011110000
1101100011110000
1101100011110000
1101100011110000
1101100011110000
1101100011110000
1101101011000010
1101110001010010
1110010110110010
1110110010010100
1110110110110010
1110110011011100
1110110010101010
1110100000101100
1110000100111100
1110001011001100
1101111100110000
1101111000000100
1101110010100110
1101111100110000
1101101011000010
1101100011110000
1101100011110000
1101100011110000
1101100011110000
1101100011110000
1101100011110000
1101100011110000
1101100011110000
1101100011110000
1101100011110000
1101100011110000
1101100011110000
1101100011110000
1101100011110000
1101100011110000
1101100011110000
1101100011110000
1101100011110000
1101101100101100
0001000010111110
0010011100010000
0010011100010000
1110111101000010
1101110001001010
1101110101100110
1110110100000110
1111001010011100
0001010100110011
0000101100101010
1111110111000100
1111000101111110
1110000011000000
1110011001010100
1101100011110000
1101100011110000
1101100011110000
1101100011110000
1101100011110000
1101100011110000
1101100011110000
1101100011110000
1101100011110000
1101100011110000
0001110100011010
0001111001110010
0001110100111011
0001111001110110
0001111100110010
0010000011011100
0010001000011100
0010010011000100
0010011100010000
0001010011000010
1110110111101110
1110111001101000
1110111011011100
1110111011000110
1110111010101100
1110111011010000
1110111110101010
1110111111010100
1111010000111100
1111110010101110
0000101011110000
1111101111011110
1110000110011010
1110101000000011
1111101101101110
1111111111010010
0000011110000011
0001100001101010
0000000101101010
0000001101001100
0000100101101010
0010011100010000
0001110110100110
0001000111100010
0001101001011010
0001100011110001
0001011010011000
0001101111000100
0001101001011010
0001101111000100
0010000101101010
0001001101001100
0001011100010000
0000101011010100
0000110010110110
0001001111000100
0001000101101010
0000111000011110
0001101101001100
0001011110001000
0001100011110001
0001010100101110
0001000101101010
0000100101101010
0000110100101110
0001001011010100
0000100011110010
0000100011110010
0000010100101110
1110000101101000
0000100110100110
0000101000011011
0000101000011011
0001001111000010
0001011111100110
0001111011001010
0010001000000010
0001110111100000
0001111011001010
0010001001111000
0001101010101000
0001111011001010
0010011100010000
0001100101000110
0001011000010000
0000101010010010
0001001111000010
0001000111101100
0000100100110000
0001010010101110
0001001001100010
0001101100011110
0001011000010000
0010000000101100
0001011000010000
0001000101110110
0001001111000010
0001011000010000
0000010100001101
0000100110100110
0001001101001110
0000011001110000
0000001110100100
0000100111101110
0000111011100110
0001000010001110
0000011001001010
0000100110011010
0001011100101011
0001110101110110
0001001111011100
0010011100010000
0001101000100110
0001000011100010
0000111110001111
0001101000100110
0000111011100110
0000110010010100
0001000011100010
0000101110010101
0000000101010001
1111111010101111
1111111001011000
0000001011111010
1111101110110010
0000010010100010
0000001001010010
1111100110110110
0000000011111110
1111100000001110
1111111001011000
1111110110101110
1111010101101000
1110100011010101
1101100100110010
0010011100010000
1101100011110000
1101100011110000
1101100011110000
1101100011110000
1101100011110000
1101100011110000
1101100011110000
0001111101000000
0001000011101110
0000011111010000
0001010011010110
0000111110100000
0001100010111110
0010000111011010
0000111110100000
0010000111011010
0001111101000000
0001100010111110
0001110111110001
0010000010001110
0010000010001110
0001011101110000
0001001000111010
0001110111110001
0010011100010000
0001011101110000
0001001110001000
0001001000111010
0000111001010010
0000101001101010
0001011000100010
0001001110001000
0001010011010110
0001001000111010
0001000011101110
0001001000111010
0000110100000101
0000001010011010
1111110101100110