1110011001101000
1111010110111110
0000010000011100
0000110000001110
0001110000100110
0001101001101100
0001000011100100
0000101000011110
0000001010000110
1111101011001000
1111111100010010
0000011000101110
0000000111111000
0000001111010110
0000101100010110
0000111011010010
0001010111011100
0010001001011110
0010011100010000
0010010110101110
0010001000000110
0001110001011100
0010001011011010
0010010110001010
0010010000000110
0010000100110000
0001010010011110
0001000010011100
0001000100000110
0000100110100010
0000101010011001
0000111101011110
1110100111111010
1111101111110100
0000100001010100
0000110100100110
0010011100010000
0010010110101010
0001110011110010
0001010010110010
0001010010001010
0000110011010110
0000101110000100
0001010111011110
0001010000111100
0001100101001010
0010011000001110
0010010100011110
0010010000001000
0001110111100010
0001111110101100
0001000010111010
0001000111010010
0001011010111000
0001100010010110
0010001000010110
0001111100011111
0001110101111110
0001000110010110
0000111100000100
0000101100100000
0000101110011000
0000111011110000
0000010111111110
1111000010101100
0000001110011100
0001011100100100
0001100010111110
0001101001110010
0010000001011010
0010010010101000
0001100100100011
0001001100001000
0000101000011110
0001000110100000
0001110110100110
0010011100010000
0001111000001100
0001111001000000
0001001111010100
0001000000111010
0000110101101100
0000100010110110
0000000100110100
0000011001101010
0000010011101000
0000101101101100
0001101000111101
0001100011110000
0000100111010000
0000001011100111
1111111010011010
1111010100101110
1111011010110000
1111101010110010
1111010000010100
1111011111111010
0000101001000000
0010011100010000
0010001101101110
1111111100111110
0001000100001010
0000101111000110
0001000110100000
0000101011010110
0000001010100010
1110111010011100
1111100011101010
0001010101100000
0001100101111010
1111101000110100
1111111010101000
0000101111100100
0001000110000010
0000001110010010
1111100001110011
1111101011101001
1110110111001010
1111100001110011
0000011101110000
0000011101110000
1111110000010100
1110100011011111
1110001110110110
1110000101000000
1110001100100000
1110001101111010
1110010100000000
1111100011000100
0000100110001100
0010011100010000
0010001010101010
1111011010101110
0000100010111110
0000000110010000
0000001100101110
0001000011011000
0000011100000000
1110010100011000
1110101100111010
0000011001101100
0000011111101110
1111001100110110
1111011001110100
1111011010101110
1111110110100000
1111011001110100
1111010111100000
1111011001110100
1110111110100000
1111010100101110
1111110101001000
1111101000101000
1111011011001100
1110101111101100
1110000101000110
1110001011000110
1101101011101000
1101101101011110
1101101000011000
1111101010001100
0000101110101110
0010011100010000
0010000110011100
1110111101100100
1111111111011110
1111111000001111
0000000111110001
0000110100111100
1111111100111000
1110100010000010
1110110001000110
1111001010100010
1111110110101010
1111111110111110
1111100011011100
0000000010100110
0000010110010100
0000100011110100
0000000000000000
1111000001101110
1111001011100100
1111101111011000
0000001111100011
0000001100111110
1111111000101110
1111101101110110
1110100011000110
1110000111000100
1110010001011100
1110001000100110
1110001000000110
1111110101100010
0001110011001000
0000110101110100
0000111100100100
1110011110110100
1111011111000110
1111100001010110
1111110111110010
0000001011111110
1111100111010110
1110111000111110
0000000111011110
0000000111011110
0000010101101100
0000011011101010
1111111100010000
0001010101001110
0001101000101001
0001111011010110
0000111101010100
0001001101000000
0000011000101010
1111110111110010
0001100100001100
0010011100010000
0010011010000000
1111110100000010
1111011000011000
1111001110101010
1110111110111110
1110111100101110
1110111011001110
1101110010101000
1111101001101100
1111110001001000
0000100101001100
0001000010111110
0000110100000101
0001000010111110
0000001110111000
0000001110111000
1111101001101100
1111110001001000
0000000111011100
0000001110111000
0000010110010100
0000010110010100
0000101100101010
0001100000101110
0001101111100101
0010001101011000
0010010100110100
0010010100110100
0010011100010000
0010000101111100
0010000101111100
0010001101011000
0001111110100000
0001101111100101
0000111011100010
0000101100101010
0000111011100010
0001001010011010
0000101100101010
1110101000100000
1111100000110000
0000100101100000
0000101011110000
0000010010110000
0000111110100000
0001000100110000
0000101011110000
0000000110010000
1111101101010000
1111111001110000
0000011111010000
0000011001000000
0000010010110000
1111111001110000
0000101011110000
0001010001010000
0001011101110000
0010001111110000
0010011100010000
0001110110110000
0001011101110000
0010000011010000
0001100100000000
0001111101000000
0001010111100000
0001001011000000
0001010001010000
0001010001010000
0000000000000000
0000100101100000
0000111000010000
1111000101111110
0000000000000000
0001000111011100
0001011001010010
0010000001011110
0001101111100101
0001110100000100
0001010100110011
0000111010000010
0000010001110110
0001000111011100
0001111101000000
0010011100010000
0001101111100101
0001011001010010
0000111110100000
0000010110010100
0000001000111100
0000010110010100
0000000100011110
0000001101011010
0000001000111100
0000101000001100
0001001011111010
0000111110100000
0000001000111100
0000001000111100
1111011100010010
1110100010010000
0000000000000000
1111111011100010
1110011001010100
1101100011110000
1101100011110000
1101100011110000
1101100011110000
1101100011110000
1101100011110000
1101100011110000
1101100011110000
1101101100110110
1101101101111000
1111011101000110
0001100000100110
0010010011001010
0001001101011000
0000000110000100
1111101110110100
1111101111010100
1111110101111000
1111111001011100
1111100001101010
1110110001101000
1110000110001000
1101110000011010
1101110000111010
1101101011010110
1101100011110000
1101100011110000
1101100011110000
1101100011110000
1101100011110000
1101100011110000
1101100011110000
1101100011110000
1101100011110000
1101100011110000
1101100011110000
1101100011110000
1101100011110000
1101100011110000
1101100011110000
1101100011110000
1101101011000010
1101101011110000
0000100000111010
0001111011001100
0001011100001100
0000100111011110
1111101100111100
1110100001101000
1110010111010100
1110010110001000
1110011000101000
1110010001110010
1110000000111000
1101110010111010
1101101100001100
1101101011111010
1101101010001010
1101100011110000
1101100011110000
1101100011110000
1101100011110000
1101100011110000
1101100011110000
1101100011110000
1101100011110000
1101100011110000
1101100011110000
1101100011110000
1101100011110000
1101100011110000
1101100011110000
1101100011110000
1101100011110000
1101101101001000
1101110101011100
1110111000101000
1111001110011010
1110101101110000
1110011011110010
1110010101010110
1110001101111100
1101110111000100
1101111000110110
1101111101010100
1110000011100100
1110001010011010
1110010001011100
1101111100110000
1101111010101010
1101101010000000
1101100011110000
1101100011110000
1101100011110000
1101100011110000
1101100011110000
1101100011110000
1101100011110000
1101100011110000
1101100011110000
1101100011110000
1101100011110000
1101100011110000
1101100011110000
1101100011110000
1101100011110000
1101100011110000
1101111110100010
0010011100010000
0010011100010000
0010011100010000
1110000011000000
1111001010011100
0001110100000100
0001111101000000
1101111110100010
1101101100101100
1101100011110000
1101110001001010
1101111010000100
1101101000001110
1101101000001110
1101100011110000
0000000000000000
1101100011110000
1101100011110000
1101100011110000
1101100011110000
1101100011110000
1101100011110000
1101100011110000
1101100011110000
0010011100010000
0010011100010000
0010011100010000
0010011100010000
0010011100010000
0010011100010000
0010011100010000
0010011100010000
0010011100010000
0001110100011000
0001011110110000
0001011100101011
0001011000101010
0001001111110110
0001000111111110
0000110110101010
0000010111110000
1111110010011000
1111001101001000
1111001000001010
1110101110110000
0010010011000100
0001101111000110
0001110101110100
0001100111111110
0001110000111111
0010010000111010
0010011100010000
1111010001101110
0000010001011000
0000101110010010
0000111001111000
0000010111001010
0000011100111100
0000101000100000
0000110100000101
0001110011110000
0001111001100010
0010011100010000
0010011100010000
0010010000101100
0001111111010100
0001101000001010
0001010110110100
0001101000001010
0001101000001010
0001101000001010
0001010001000001
0000111111101010
0000101000100000
0000000000000000
0000100010101110
1111101110101000
1111011101010010
1110110100110010
1111011101010010
0000000000000000
0000010001011000
0000000101110010
1111000110001000
1111010100001000
0000011011011010
0001001100110000
0000110100000101
1111110111110010
0000001000001110
0000010011001100
0000110001010110
0001011010011110
0010001001000100
0010011100010000
0010010110110010
0010010100000010
0001111000101000
0001100010101100
0001010111101110
0001101000001010
0010000000110110
0001110011001000
0001100010101100
0000111100010100
0000100110011000
0000100110011000
0000100110011000
1111110101000010
1110110000100000
1110110011010000
1111101111100100
0000010000011100
0000000101011110
0000010000011100
1111001110101010
1111100001010010
0000011100000010
0001100100001010
0001001001011100
1111111100000000
1111111001010100
0000000001010110
0000010100000010
0001000110110010
0010011100010000
0010000100001110
0010000001100010
0010010001100100
0001110110110110
0001001100001000
0001011100001010
0001011110110100
0001111110111000
0010000001100010
0001100100001010
0000011001011000
0001000100000110
0000111100000110
0000101001011010
0000010100000010
1111000011111010
1110111011111010
0000001001010110
0000011110101110
0000101110110000
0000101110110000
1111101110101000
0010011100010000
1101100011110000
1101100011110000
0010011100010000
1110000011000000
1101100011110000
1101100011110000
1101111101110010
1101100011110000
1111101010101100
1111101010101100
0000001110001110
0000010101010100
0001011000110010
0000111100011000
0001001110001000
0001110001101000
0001000111000010
0001011100010110
0001010101001110
0001010101001110
0010011100010000
0010000110111100
0000100011100000
0000101010101000
0000100011100000
1111111100011100
0001101110000110
0001000111000010
0001011100010110
0001011111111000
0000101010101000
0001000011011110
0001011000110010
0001010101001110
0001110101001100
0001001010100100
0000010001110000
0000011100011010
1110111100100010
1101111001000100