1111101110100100
0000100010100010
0000101111101100
1111001001000100
1110010101000110
1110010010011110
1101111110000100
1110000100101010
1101111001011110
1101111000001010
1110001000100110
1110101000001010
1110100100001110
1110101100110010
1111010111100010
0000010111111111
0000110011101010
0000101111000010
1111011100001010
1111001111101010
1111111011000100
0000110000010110
0001110110110000
0010000010100110
0001101100111000
0001101001100110
0010010000011010
0010010001101110
0010000010100110
0010011100010000
0001111001011000
0001010110100000
0000000101000000
0001000110000000
0001100110100000
0000111001100000
1111000101111000
1110101110110000
1110101100111000
1110100001000000
1101101111101000
1110001011110000
1110010111101000
1110110110111000
1111000111001000
1111100010000000
0000110111101000
0010000000110000
0010011100010000
0010000101110000
0000011111010000
0001000111111000
0001110110110000
0010010010111000
0001101010010000
0001100111001000
0001101010111000
0010001111110000
0010011010011000
0010010100110000
0010001111110000
0010000010101000
0010000011111000
0001110100010000
1111000001000000
0000110011011100
0001110000100001
0001001110011100
1111000010111010
1110010010101100
1110100111010001
1110000001010110
1101111101011110
1101110111101100
1110000110011110
1110101110111111
1110101101000100
1111110000100100
0001000100001010
0010001000111110
0010011100010000
0001000001100110
0001000100110100
0001110010011110
0001011001010111
0000101010011100
1111110101101110
1111110111101010
0000100100101010
0001011001010111
0001101101111110
0001100110010000
0001101000110011
0001100111100010
0001101100101010
0001000110000110
1110001110001100
0001000001100110
0010000011001100
0001011000000110
1111001110100000
1110110000010010
1110101101000100
1101110011110100
1101101001100010
1101111011100010
1110001000011010
1110101011110010
1111001000000100
0000010001011000
0001101001011100
0010010101110100
0001101011011000
0001010001000001
0001001001010100
0000111100011011
1111011100101000
1111001100100100
1111011100000000
0000001001000000
0001001001010100
0001110111100110
0010011100010000
0001111001100010
0001101010110000
0001111111010100
0001111111010100
0001011000000110
1110110110001010
0001100001101000
0001111111010100
0001011000101100
1110111001110110
1110000101001010
1110000111011000
1110000011101011
1110000010111100
1110001001100110
1110001011110111
1110111000011000
1111101111010100
0001011010111100
0001110010101100
0000111110101110
0001011001011100
0001101010100010
0001011110101010
1111100111001000
1111000000100010
1110111111110010
1111100111001000
1111111000111101
0001010101101110
0010000011110000
0010011100010000
0001100010010110
0001011011101010
0001110010101100
0001111110100100
0000111010010010
1110111111111110
0001001111011010
0010011100010000
0001111111101110
1110111100010100
1110100100001010
1110000100101100
1110000101011010
1110001110001100
1110011100000110
1111000101110100
0000010001001100
0001011101010011
0001011011001000
0000010010101010
1111111001000100
0000011101101000
0000101010110100
0000000001110110
1110010110010000
1110001010100010
1110000110111000
1110001100000001
1110110110011100
0000001100110100
0001111111101110
0010000111000010
0000110001011010
0000001101100010
0001000010111110
0001010110101110
0000010011011010
1111110100010100
0001000001100100
0010011100010000
0010010010011000
1111110111111010
1110100001101110
1110011000101110
1110110000000110
1111001111100000
0000001000000110
0000010111010110
0000000001110010
1111010111100110
1110110001111000
1111000000010001
1111110000101110
0000111101000100
0001001010100010
1111011001011000
1101101101101000
1110000100000100
1110000100111110
1101111111100110
1110100100011010
1111011011001100
0000111111101111
0001101111010110
0001001000110000
1111110111111010
0000001000111110
0000011100110000
1111010011000110
0000100111000100
0000011111010000
0000110110101100
1111111000001100
1111111000001100
1111110000011000
1111011000111100
1111010001001000
1111011000111100
1110110001111000
1111000001100000
1111011000111100
1111110000011000
1111100000110000
0000001111101000
1111111000001100
1111011000111100
1111110000011000
1111111000001100
1111110000011000
0000000000000000
0000010111011100
0001010101111100
0001110101001100
0001001110001000
0000110110101100
0001111101000000
0010010100011100
0010000100110100
0010011100010000
0000111110100000
1111111000001100
0000011011001011
0000101000101111
0000010100010111
1111110010011011
1111110010011011
0000000000000000
1110110101010010
1110101110011110
1110010011010100
1111111001001110
1111110010011011
0000000110110010
1111111001001110
1111110010011011
1111010000011100
0000011011001011
1111111001001110
0000111101001010
0001000011111100
0000110110010110
0001000011111100
0000110110010110
0001001010101110
0010000111111000
0010001110101010
0010011100010000
0010001110101010
0001101100101100
0001011111000110
0010000111111000
0010001110101010
0001011111000110
1110101111101010
0001100010001110
0010001110110110
0001101011001010
1110101111101010
1110000111011110
1110000111011110
1101110101100110
1110010000011011
1110000111011110
1110001011111100
1110111000100100
1110111101000010
0001000111011100
0010011100010000
0010010011010100
0000111110100000
0001101011001010
0001010100110011
0000010001110110
1111001110111010
1110111000100100
0000000100011110
1111111011100010
0001010000010110
0001111000100010
0010011100010000
0001111101000000
0001011001010010
0001101111100101
0010000101111100
0001100010001110
1101100011110000
1101100011110000
1101100011110000
1101100011110000
1101100011110000
1101100011110000
1101100011110000
1101100110010100
1101101001001110
1110000001100110
1110000110101110
1110011100101100
1110101110100001
1111001111111000
0000001000100000
0001011100000110
0010011000010000
0001110001110000
0000111111001110
0000101101101110
1111110111001100
1111000000101000
1110000010000100
1101101101100010
1101100111111010
1101100111001000
1101101000000110
1101100011110000
1101100011110000
1101100011110000
1101100011110000
1101100011110000
1101100011110000
1101100011110000
1101100011110000
1101100011110000
1101100011110000
1101100011110000
1101100011110000
1101100011110000
1101101000010000
1101101001010000
1101111100001100
1110000000001000
1110011010100010
1110110110000110
1111000101101101
1111111010000001
0001011101101110
0010011000110100
0001100001111100
0000100000101100
0000001100010010
1111100010111100
1110101100111110
1101111000011110
1101101110010110
1101101010101000
1101101001010110
1101101001100010
1101100011110000
1101100011110000
1101100011110000
1101100011110000
1101100011110000
1101100011110000
1101100011110000
1101100011110000
1101100011110000
1101100011110000
1101100011110000
1101100011110000
1101100011110000
1101101011000010
1101110111100010
1101110100011010
1110001010010010
1110001001010000
1110100010100110
1110001111100000
1110001000000000
1110010010010100
1110000110001000
1101111001101000
1101111011001100
1101110110110100
1101101110101100
1101110011101100
1101111000000100
1110001110111110
1101111110110100
1110000001111100
1101101100000100
1101100011110000
1101100011110000
1101100011110000
1101100011110000
1101100011110000
1101100011110000
1101100011110000
1101100011110000
1101100011110000
1101100011110000
1101100011110000
1101100011110000
1101100011110000
1110011001010100
1111101001101100
0000110101100100
1110001011111100
1111110010100110
1110100010010000
1110100010010000
1110010000011011
1101111010000100
1101110001001010
1110010100110110
1101111010000100
1110011001010100
1110111101000010
0000100011101110
1111010011010110
1101111110100010
1101111010000100
1101101000001110
1101111110100010
1101100011110000
1101100011110000
1101100011110000
1101100011110000
1101100011110000
1101100011110000
1110010111110000
1110010100110110
1110001110001110
1110001010010110
1110000100010100
1110000000001101
1101111000110100
1101110110111100
1110001010110110
1110100100110000
0010000101011000
0010000100001110
0010000110111110
0010000100011110
0010000010001000
0001110111001001
0001101100101110
0001011001001010
0000111110100100
0000010001010010
0000101111111010
0000010110000100
1101111101011110
1110000011110000
1110011001010110
1110100011000100
1110101000100100
1101100011110000
0000001000001110
1111101010111110
0001001101101010
0010001111011110
0001101001000110
0000111111000100
0001011111111100
0010001000001010
0001001011110110
0001011010011110
0001100111010000
0010011100010000
0010010001010010
0001001111100000
0001110100000010
0001010110110100
0001101100101111
0001111001100010
0001100001110010
0001001101101010
0001001101101010
0000010110110110
0000011110001010
0001001101101010
0000100111010010
0000001101101110
0001100101011100
0001000100100010
1111111011011100
0000000010110000
0000100001110100
1110010001011100
0000101111000110
0000100100110000
0001001000011000
0000111110000010
0000011111000010
0000101100110100
0001000011110010
0000111011110000
0001000111001110
0001000110000110
0001001011110100
0001101101001010
0001101100000000
0001100011111110
0010011100010000
0001101101001010
0001001110001000
0000101101111110
0000011111000010
0000011100101110
0000100010011110
0000100100110000
0000010011100010
0000010110111110
0000011010011100
0001000100111100
0001000011110010
0000001100101000
1111111110110110
0000010001001110
1111111010010000
1110010000100101
0001000111001100
0000111111110010
1111101111010110
0000000000000000
0000000000000000
1111101010110000
1111111110001010
0000011001111000
0000110011110001
0000000101100100
0000001001010000
0001011101011000
0001101110111100
0010011000100100
0010011100010000
0010001100100010
0001010111110110
0000101010100010
0000111011001010
0000000010110010
0000000111011010
0000000010110010
1111100101001100
1111011001001010
1111000111100110
1111110110110000
0000001100111100
1111011110101110
1111010010101100
1111001100001111
1111001001011100
1110001000101110
1101100100100010
0010011100010000
1101100011110000
1101100011110000
1101100011110000
1101100011110000
1101100011110000
1101100011110000
1101100011110000
1111101101110110
0001011010110110
0000010101110100
0001110111111010
0001110111111010
0001011010110110
0010000010110100
0001011010110110
0010001010000110
0010010001010110
0001110100010010
0010000110011100
0010011100010000
0001001000101100
0001101001011000
0001001100010100
0001110111111010
0010001010000110
0001111111001011
0001110111111010
0001011010110110
0001001100010100
0001000001011010
0000110010111000
0001011110011110
0001011010110110
0001010111001110
0000111101110001
0000011101000100
0000010010001010
0000011101000100
1110000000110101