1110010110001100
1111111010010010
1111101100100010
1111111001001000
1111011001110100
1110101000100000
1110100010110010
1110110000001010
1110101110010000
1110110011001110
1110110011111110
1110110110010010
1110111000111100
1110101110101000
1111001001110000
1111000010111000
1111000111011110
1111110110110110
0000010111010100
0001100010001100
0001110111001100
0001010100000001
0001100000101010
0010010001100100
0010011100010000
0001100101101000
0001011001000000
0000010110001010
0000001001001010
0000001110000111
0000101000100000
0001010100011100
1101111100110010
1111110010011011
1111101011111110
1111100011110001
1111010000110100
1110110000111110
1110011011111000
1110110010110010
1110011100010000
1110100010101101
1110001011011100
1110101000000011
1110011110000010
1110101111111011
1110100001111110
1110101101011010
1110110011110110
1111000111100001
0000000001110010
0000011101010100
0001110011100000
0010001011000110
0001100010010100
0001101011101000
0010001100111000
0010011100010000
0001100001101000
0001001011110100
0000111100000100
0001000101101110
0000111011010110
0001010100011000
1110001010101000
0000000101001110
1111111111101001
1111101000011100
1111011000000000
1111001011010010
1110110100111000
1110100100110010
1110010100010111
1110011101010100
1110100000010100
1111001100000010
1110111001101110
1110100010001100
1110100100011010
1110011101010100
1110101110111000
1111000111001100
1111100011100110
0000011111011010
0001101001110010
0010011100010000
0010011000111000
0010010011101010
0001111001100000
0010001111100010
0001111111110110
0001011010110110
0001001100010000
0001101100000010
0001100010101100
0010001010101100
1110000010111110
1111010010101100
1111100011111110
1111111001000010
1110101000111100
1110011011011010
1110001010000110
1110000101001110
1110001010111000
1110000010001110
1110010100101000
1110010110001010
1110010011001000
1110011000110010
1110101011100100
1110101010110100
1110011100100010
1110100000101010
1111000111110010
0000000100101100
0000111101111000
0001110100011000
0010011000100000
0010010100101110
0001111011001010
0010011100010000
0010010101110110
0001101000101110
0001011010011100
0001100000011101
0001011011111100
0010000000000010
1101100101100000
1110111010000100
0000101100101011
0000011111001010
1110000111000100
1110100000110010
1110010001000100
1110010101011100
1110011110001010
1110010101011100
1110010010110100
1110000000000110
1110010101111000
1110100010100000
1110111100001110
1110100110111000
1110011100110110
1110100100010000
1110110111111000
1111011011001010
0000011110101110
0001111010010000
0010011011110100
0010011100010000
0010001101011100
0001111011001000
0001101101101000
0001001001000000
0001001100000100
0001010000110110
0001100100000010
0010001011010000
1101101011010100
1110111111001000
0000111010010000
0000100101111000
1101110010111010
1110101111111110
1110011011101000
1110000111110001
1101100101001010
1110001001001010
1101111100011000
1110000011000000
1110100010101110
1110100000110110
1110100111000000
1110101111100000
1110011000010100
1110010101111100
1110100100101000
1111010010000100
1111111111100010
0001000001110100
0010011000111100
0010011100010000
0001001110100110
0001110011111111
0001101011111101
0000110000010010
0001011000000100
0001000111111110
0001010100010010
0010000110000000
1101101010101010
1111010100011100
0001101110101000
0001010111001000
1110011001000000
1111001011011110
1110101101101110
1110110100101000
1110010010110000
1101110111000110
1110010010110000
1101111011111100
1110111111101100
1110111111000000
1111011101011100
1110111100010000
1111000011110110
1110110111011010
1110111001011110
1110110110101110
0000011010111110
0010010100101010
0010011100010000
0010000001010010
0010010110101110
0010001111001000
0001101000011010
0000101000110010
0000001101110100
0000000101100010
0000010000100110
0001100001011110
1111010111100000
0000110100000101
0000111111101010
1111100011000100
1111010111100000
1110110100110010
1111001011111011
1110011101101000
1111010111100000
1111010111100000
1111001011111011
1111010111100000
1111101110101000
1111111010001110
1111101110101000
0000000101110010
1111101110101000
0000101000100000
0000111111101010
0001101101111110
0001100010011000
0000101000100000
0001111001100010
0001001011001110
0010011100010000
0001111001100010
0000110100000101
1111100011000100
0000110100000101
0000000101110010
0001010110110100
0010011100010000
1110101101110000
0000001000001110
0000001000001110
0000100000111010
0000000000000000
1110111110001110
1111000110011100
1111001110101010
1111101111100100
1111011111000110
1111000110011100
1111000110011100
1111110111110010
1111000110011100
1111010110111000
1110011101010100
1111001110101010
0000010000011100
0000110001010110
0001101010111010
0001101010111010
0001001010000000
0000111001100100
0010011100010000
0010000011100110
0001011010011110
0000110001010110
0000000000000000
1111100111010110
0000010000011100
0000100000111010
0000011000101010
1101101011110000
1110100111110110
0000001000000000
0000000100000000
1110001011110100
1110010111110110
1110010011110100
1110001111110100
1110101111111000
1110011111110111
1110010011110100
1101101011110000
1110011011110110
1110111011111010
1110011011110110
1110011111110111
1101111011110010
1110100011110110
1110100111110110
1111000111111010
0000101100000011
0001101000001010
0010011100010000
0010000100001110
0001011100001010
0001111000001100
0001011100001010
0000010000000010
0000110100000101
0001000100000110
0001001000001000
0001111000001100
1101100011110000
1101100011110000
1101100011110000
1101100011110000
1101100011110000
1101100011110000
1101100011110000
1110011000001110
1110001000010000
1110100001010110
1111000101110111
0001101010000100
0010000111101110
0001001010001000
0010001110100100
0001110111110000
0001100000111011
0001100111110010
0001010101100010
0001000111110110
0000110001000010
0000001010010000
1110101100110000
1110110001010100
1110011100110010
1110001000010000
1110001111000110
1110011100110010
1110001100110100
1110001100110100
1110000101111110
1110000001011010
1101100011110000
1101100011110000
1101100011110000
1101100011110000
1101100011110000
1101100011110000
1101100011110000
1101100011110000
1101111110001110
1101111011111000
1111111000000100
0010010110111110
0000010111001111
0001001000101100
0000111001111110
0000100111101110
0001100101100010
0001100011110000
0001010011010010
1111100111100100
1111011100111110
1110111101110010
1110101001110010
1110001101100010
1110010001000100
1110001101100010
1110001111111000
1110001111010101
1110001110101110
1110000111000100
1110001000110100
1101111101101010
1101111010001000
1101100011110000
1101100011110000
1101100011110000
1101100011110000
1101100011110000
1101100011110000
1101100011110000
1101100011110000
1101110000010000
1101101101001000
1110101000100000
0010001011100100
1111101010010110
1111110111111100
1111111010001101
1111100101001001
1111110010111000
1111110001110100
1111011010100000
1110111010101000
1110110001010000
1110110010111010
1110100000001011
1110011110000100
1110011101000010
1110100111111110
1110111011110000
1110101010100101
1110001100011000
1110000100000010
1110010001100100
1101101010000000
1101100110111000
1101100011110000
1101100011110000
1101100011110000
1101100011110000
1101100011110000
1101100011110000
1101100011110000
1101100011110000
1110000111011110
0010011100010000
0010011100010000
0010011100010000
0010011100010000
1110000111011110
1101111110100010
1101110001001010
1101101100101100
1101100011110000
1101110101100110
1101110101100110
1101100011110000
1101110101100110
1110000111011110
1110001011111100
1101111010000100
1110000011000000
1101110001001010
1101101100101100
1101110001001010
1101101100101100
1101110101100110
1101111110100010
1110000011000000
1101100011110000
0000001100110110
0000001110110100
0000010011011110
0000010100111110
0000010110111010
0000011011000100
0000011001111100
0000011100001100
0000011000100110
0000011011001010
0001101100011110
0001110011111010
0001111001001000
0010000001011110
0010000100000100
0010001010001110
0010001111011010
0010010100100110
0010010100111100
0010001001111000
1110011100000000
0001111011001010
0010011100010000
0000100101111110
1111110001000000
0000100000000100
0000011101001000
0010011100010000
1110010110111001
1110111000111110
1110011001101110
1111001111101110
0000000010110110
0000011111010000
0000000010110110
1111101001010010
0000110011001000
0000110011001000
0001000111000010
0001010010011000
0001101001000111
0001100110010010
0001100110010010
0001101110110010
0001111101000000
0010010000111000
0010000010101100
0010000010101100
0010000010101100
0010010110100100
0010011100010000
0001110001101000
0001000001010110
0000011100011010
0000011111010000
1111101100001000
1111100011100110
0000000000000000
1111011101111010
1110101101101000
1101111001011100
1110001111001011
1110111000011000
1110111010100100
1111001110000110
1111010000010000
1111010100100110
1111011101010010
0000000010001010
0000001010110110
0000001000101100
0000101001001110
0000111110111100
0000010111111000
0000101011011010
0000010101101100
0001001001110010
0001001110001000
0001010010011110
0001111101111000
0010011100010000
0010011100010000
0010001010111000
0010000000000010
0000111010100110
0000110110010000
0001001001110010
0000000010001010
0000100111000100
0000010111111000
1111101010010100
1110101101100010
1110111010101110
1110101101001000
1110110010100100
1111001011000000
1111000100001110
1111000110111100
1111010100100010
1111010001110101
1111101111101100
0000001010111000
1111100100110101
0000001101100101
0000101000101111
0000001010111000
1111110111110110
0000010101110000
0001001010101110
0000111101001010
0000110010010001
0001001010101110
0001101110000100
0010011001100010
0010011100010000
0001011001101100
0000110111101101
0000110011101000
0000101111100100
0000100100101100
0000001110111100
1111101111101100
1111111011111100
1111111010100100
0010011100010000
1101100011110000
1101100011110000
0010011100010000
1101100011110000
1101100011110000
1101100011110000
1110010111110110
0010011100010000
1111011001010010
1111100111101000
0000010101100000
0000010101100000
1111110011000110
0000100110101110
0000011110000110
0000110010001100
0000101100011100
0000101111010100
0001001110110110
0001111001110110
0010000010011100
0001100010111010
0001001110110110
0010010000110010
0010011100010000
0010001011000100
0010000010011100
0001100010111010
0000001010000001
0000001010000001
1111111011101100
1111100001111010
1111110101111111
0000000111001010
1111111110100100
1111100001111010
1111100111101000
1111100111101000
1111010110011100
1110100101101100