1101101010010100
1110110101010000
1110110011110010
1111001111110100
1111100111000111
1111110110101110
0000101001101010
0001001100001110
0010011100010000
0010010100101000
0010000100100110
0001111101101100
0010000000100110
0001101001101100
0001001011110110
0000100001101010
0000001100100100
0000001100100100
0000010011011110
0000101000111100
0000100011000110
0000000110011000
1111110000001100
1110110100001010
1111100110010110
1111111010101111
0000011111000110
0000100110011000
0001000100100100
0001000100111100
0001010111001000
0001000100001110
1101110110111110
1111001011000100
1111000001010010
1111010100100000
0000000101000100
0000101010000100
0001000011000100
0001011100110100
0010001001000010
0010011100010000
0010000011111110
0010001111111100
0001111101000100
0010000010001010
0000110110010111
0000101101101100
0000011000101010
0000010001000010
0000011010011110
0000010101011000
0000110011001000
0000011101011000
1111010101111100
1111000000100100
1110111100001110
1111100110101000
1111111100011001
0000110100111100
0001000010101110
0001001101111100
0001010110101010
0001001111110000
1101100110111010
1111000110010010
1110111010110110
1111100011011100
0000010010101110
0000110001110110
0001011110011000
0001110010011110
0001111110101100
0010000111110000
0001111111000110
0010000001110110
0010011100010000
0010011001111000
0001110101010000
0001001011000100
0000101101100000
0000100101010000
0000011110111100
0001000001001110
0001010001110010
0000100110000010
1111101001010110
1111000101000110
1110101110001110
1111001111010110
1111111000010100
0000110101110010
0001000000000010
0001001101000010
0001011011001110
0001011110011000
1101101110110010
1110101101110000
1111110111101110
0000001001101010
0000111011010010
0001011001101000
0001111100000110
0001111010010000
0001111011101000
0001010000011100
0001001010000000
0001101010101000
0001110101101010
0010001110011110
0010011100010000
0010001010110010
0001101011100010
0001001010000000
0001000100011110
0001100110011110
0001110111000010
0001011110101010
0000011111101110
0000001001001100
1111100010100110
1110111100000000
1111001111110000
0000000101000100
0001000101110110
0001110100101110
0010000101101110
0010001111011000
1101110100001010
1110110101010100
1111100111000111
1111110100111000
0000111101111110
0001100010000000
0001011110010010
0001000011110010
0000101000110010
0000011111010000
0000100001011000
0000101101000010
0001000001001010
0001001110111010
0001100101001010
0001111010111000
0010000010110100
0010000110000000
0001011100001010
0010001010110010
0010011100010000
0010010011010000
0001010101010001
0000001110110110
1111110100111000
1111010101101000
1110111000100000
1110110110111010
0000001100101110
0001100000111011
0001110110001000
0010010101111010
1101111010000100
1111011100011100
1111111011111000
0000011110100110
0000100011100100
0000011011010010
0000001010110000
1111110011100110
1111111110010110
1111110101010000
1111101010100000
1111100111001100
1111110110000110
1111101100001010
1111111100101100
1111110010110010
0000011111011010
0001010001110110
0001010001000001
0001110011110000
0010010111010010
0010011100010000
0010001101011000
0001010101001010
0000101011110100
1111011101010010
1110011011111110
1110011101101000
1111001011111011
0000101100101010
0001010101111110
0001111101101010
1110000101011000
1111011101111110
0000001111001100
0000010100000110
0000000110001010
1111010010011110
1111000101010110
1110100111110100
1110010101110010
1110000110001100
1110101001011110
1111011101001010
1111010101110001
1111100010000100
1111100010000100
1111000001010000
1111001101100101
1111010011010101
1111111100010100
0001011111100100
0010010101101100
0010011100010000
0010001111111100
0000111111100100
0000101000100101
1111011011100000
1111011011100000
1111010110100110
1110011011100010
1111100000011100
0000110000110100
0001001010001110
1101110110111000
1110110110101010
1110110110101010
1111011100111100
1111100011010100
0000000011001100
0000101111110110
0001010110000110
0001111100011000
0010001001001000
0010001111100000
0010011100010000
0010000010110000
0001111100011000
0000101111110110
0000110110001101
0000101001011110
0000101001011110
0000101111110110
0000111100100110
0001001001010110
0000101111110110
1111110110011100
1111010000001010
1111101001101100
0000011100101100
0000111100100110
0001010110000110
0001100010110110
0001100010110110
0001101111100101
0001011100011110
1101101010011010
1110100110010000
1110110011100010
1111011011011100
1111100010000111
1111111100101100
0000111000100010
0001100000011010
0010001000010100
0001101101101110
0010010101100110
0010011100010000
0010000001101010
0000111000100010
0001011001110000
0000101011001110
1111101111011000
0000100100100100
0000110001111000
1111111100101100
0000001001111110
0000010111010010
0000010111010010
1111001110001000
0000000011010100
0000101011001110
0000011101111001
0000011101111001
0001001100011110
0001100111000100
0001011001110000
0001010011001000
1110001111101100
1111010100000100
1111111011001000
1111100111100110
0001001001010000
0001001110001000
0001011100110010
1111110001010110
0000000000000000
1111110110010000
1111110001010110
0000001001110000
0000011000011010
0000101011111100
0000110000110100
0001001001010000
0001111110111100
0010011100010000
0001100001101010
0001110000010100
0001011100110010
0001110101001100
0001001001010000
1111101100011110
1111010100000100
1111111011001000
1111011000111100
1101110111010010
1111011101110100
0001011100110010
0001011100110010
0001011100110010
1101100011110000
1101100011110000
1101100011110000
1101100011110000
1101100011110000
1101100011110000
1101100011110000
1101100011110000
1110010101010010
1110000100001010
1111100001100000
0000110011011100
0001000010101100
0010000111010010
0001111011110110
0001111000000010
0001111011110110
0001010011110110
0000100000011010
1111101011000010
1111011001111000
1111010110000110
1110100110011100
1110100100100010
1110000100001010
1110001011110000
1101100011110000
1101100011110000
1101100011110000
1101100011110000
1101100011110000
1101100011110000
1101100011110000
1101100011110000
1101100011110000
1101100011110000
1101100011110000
1101100011110000
1101100011110000
1101100011110000
1101100011110000
1101101101010100
1101101101100000
0000001101100101
0010000011111110
0001111010110010
0010000101101100
0001110101000010
0000111010101110
0000000000100100
1111100111111010
1110111010100100
1110000110110000
1101111011010010
1101111010100000
1101110001001000
1101110000111100
1101101101100000
1101110000011000
1101100011110000
1101100011110000
1101100011110000
1101100011110000
1101100011110000
1101100011110000
1101100011110000
1101100011110000
1101100011110000
1101100011110000
1101100011110000
1101100011110000
1101100011110000
1101100011110000
1101100011110000
1101110101011100
1101101110001010
1110011000111000
1110110011101100
1110110000110100
1110111001001010
1110110100001110
1111000110111110
1110110011001010
1110111110000110
1110011011001110
1110010111100100
1110001111001110
1110000111010100
1110000001111100
1101111101110010
1101101100000100
1110001101011010
1101100011110000
1101100011110000
1101100011110000
1101100011110000
1101100011110000
1101100011110000
1101100011110000
1101100011110000
1101100011110000
1101100011110000
1101100011110000
1101100011110000
1101100011110000
1101100011110000
1101100011110000
1101111110100010
0010011100010000
0010011100010000
0010011100010000
1101100011110000
1101100011110000
1101100011110000
1101101100101100
1101111010000100
1101110101100110
0000001000111100
1110010100110110
1101110001001010
1101110001001010
1101111010000100
1110000011000000
1101111110100010
1110000111011110
1101100011110000
1101100011110000
1101100011110000
1101100011110000
1101100011110000
1101100011110000
1101100011110000
0010011100010000
0010011100010000
0010011100010000
0010011100010000
0010011100010000
0010011100010000
0010011100010000
0010011100010000
0010011100010000
0010011100010000
1101100011110000
1101100011110000
1101100011110000
1101100011110000
1101100011110000
1101100011110000
1101100011110000
1101100011110000
1101100011110000
1101111010011110
1110011100000000
0001000101110110
0001001011110000
0001111110001110
0010000100001010
0010001000100100
0001111010111110
0010011100010000
1111100010010000
0000000111011100
0000111011100010
0001101000001010
0010001101011000
0010011100010000
0010011100010000
0010000101111100
0000110100000101
0001010001110110
0001001010011010
0000011101110000
0000110100000101
0001101000001010
0001111110100000
0010000101111100
0010001101011000
0001100000101110
0001101000001010
0001101000001010
0001000010111110
0000010110010100
0000010110010100
0000000111011100
0000110100000101
0001011001010010
0001011001010010
0001010001110110
0000000000000000
0000011101110000
0000010110010100
1111010011010110
1110111011011000
1111100100010000
0000001010001110
0001010000010100
0001111111000001
0010001010101110
0010011100010000
0001001010011110
0000110000001100
0001000111100100
0001010011010000
0000011011110000
0000010000000100
0001110000011100
0001111111000001
0001111111000001
0001111100001000
0001010011010000
0001101010100110
0001110000011100
0001110110010010
0000110110000010
0000010101111010
0000011011110000
0000110011001000
0000111110110010
0001010011010000
0001000100101000
0000001010001110
1111110101110010
1111110101110010
1101111110000010
1111001110100110
1111111100000000
0000000110101100
0000110100000101
0010001100001110
0010001110111010
0010011100010000
0001100100001010
0000110110110000
0001000110110010
0001011100001010
0000101001011010
0000010001011000
0001011001011110
0001101001100000
0001110110110110
0001110110110110
0001100001100000
0001001001011100
0000111100000110
0001001100001000
0000101100000011
0000010001011000
0001000001011100
0001001100001000
0001001110110010
0001110110110110
0001110001100000
0000110100000101
0000111001011100
0000111001011100
1111101110101000
0010011100010000
1101100011110000
1101100011110000
0010011100010000
1101100011110000
1101100011110000
1101100011110000
1101111101110010
1101100011110000
0000000101010001
1111100010001010
0000100001010110
0000110010111010
0000100100111000
0000101000011000
0000110110011100
0000011101110110
0000001100010010
0001011101000100
0001111001001000
0010011000110000
0010011100010000
0001100000100100
0001110101101000
0001101110100110
0001101011000110
0010000111001100
0001101110100110
0000100100111000
0000111001111100
0000100001010110
0000100001010110
0000110010111010
0000111001111100
0000101000011000
0000100001010110
0001000000111110
0000111101011100
0000001100010010
0000000101010001
1111010100001000