1110100110101010
1111100110101000
1111100011101100
0000001010101010
0000111111100101
0010001111000000
0010011100010000
0010010010101100
0001110010010110
0001111110110110
0010011011100000
0010010001001110
0001011110100000
0000111110111000
0000100010001100
0000010100001101
0000001110010110
0000001001001100
0000000101100000
0000001101100101
0000111100101010
0001011100010010
0001010011011110
0000111010011101
0000001110010110
0000011000101000
0000001101100101
0000110011110110
0001100101000110
0010000010100000
0001110001100110
0001000000010110
1110011010000110
1111011011010100
1111001010010110
0000000010000010
0000111011000110
0010001010100110
0010011001100010
0010001011010010
0001011000010100
0001100111111100
0010010100110010
0010011100010000
0001111000001111
0001001001011000
0000011100100010
1111111011111100
0000000101011100
0000000100000100
1111101001100110
0000001110010010
0000110000001110
0001011000010100
0000111101110100
0000011101001110
1111011110101110
1111010000011100
1110110010100100
1111110001101110
0000001010001011
0000100100101100
0000101010110100
0000000010101110
1110001000000101
1111011101110000
1111010010110010
0000000100110100
0001001010101100
0010001000011000
0010001000011000
0001111101011010
0001011000011010
0001010011100110
0001101111101110
0010010100000010
0010011100010000
0001101100111110
0000111000111000
0000101000011011
0000011110110110
0000011001010110
0000000000000000
0000101101001110
0001001110110100
0001010111000010
0001000001110010
0000010111010100
1111011101000100
1111011010010100
1111000010010100
1111110001100110
0000011010101110
0000011111100010
0000000110110110
0000000000101100
1110000001011000
1111011010010010
1111010000001100
0000010001100000
0001011100111100
0001111001111010
0001111001111010
0000110101001110
0000111001111010
0000011111101010
0000011100111110
0001100110011000
0010001101011100
0010011100010000
0010010001011110
0001011101101000
0001001011011100
0001000010000000
0000111110101000
0001110101111000
0010001111011110
0010001011011010
0001011100010010
0000111110101000
0000110011001100
0000111101111110
0000111100101000
0000111011010010
0001100100010110
0001100100010110
0001101001110000
0001100101000001
1110100100010100
1111101001010000
1111111001011010
0001001101000010
0001100010010100
0001010010111010
0000011011001010
0000000010111100
0000001010010010
1111100111000100
1111110100010000
0000100011001110
0000110000011010
0001110010011100
0010010110011000
0010011100010000
0001111010100000
0001011000000010
0001010000101100
0001100010010100
0001100101111110
0001011001100000
0001010101000110
0001110001101100
0001110011001010
0001011011101100
0001000110011100
0001000100001110
0001110011001010
0001111110001100
0001110110110110
0001110111100100
1110111110100110
0000010011011110
0000111101011010
0001101100010100
0001100111010110
0000011101011100
1111110001100010
1111010101100100
1110111111100110
1110010111101011
1110001101101100
1111001000100110
1111110010100010
0000010010011110
0001011100010110
0010000010010010
0010011100010000
0001101110010100
0001001111011000
0000100111011100
0000100010011100
0000000110100000
0001010100011000
0001110101010100
0001100011010110
0001011110010110
0000110001011010
0000011100011110
0001110010010100
0010001100010010
0010001110010010
0001101111010100
0000000000000000
0000011010011110
1111100000100000
1110001010110100
1110011011001100
1111100101100010
1111110100101010
1110111101001110
1111001100010110
1110001110100110
1101111011101100
1110100001100000
1110110011001000
1110010100111010
1110101100110110
0000100010000010
0001110010101010
0001010100011100
0000101111111000
0000010111111100
1111000011100010
1111011101111110
0000110001001010
0010010111001110
0010011100010000
0001001001000110
0000010001101010
1111110011011010
0000111000101110
0000111100011110
0001000111110100
0000011111100000
1110111110011110
1111111010111110
1111111010111110
0000110111011100
0000110111011100
0001111110000000
0010011100010000
0001111110000000
0001111110000000
0001111110000000
0010011100010000
0001111110000000
0001001011100110
0000011001001100
0000100011010010
1111111010111110
0000011001001100
0000001111001000
0000101101011000
0000011001001100
0001000001100010
0010010010001010
0001110011111100
0001101001110110
0000101101011000
0000110111011100
0000110111011100
0001001011100110
0001101001110110
0010011100010000
0001011111110010
0001101001110110
1110110011111000
1111110011111110
1111111100000000
0000101100000011
0001001100001000
0001111100001011
0010001100001110
0001111100001011
0010010100010000
0010000100001110
0010011100010000
0010010100010000
0001100100001010
0001011100001010
0000101100000011
0000011100000010
0000001100000010
1111110011111110
1111100011111110
1111000011111010
0000010100000010
0000001100000010
0000110100000101
0000100100000100
0000000100000000
0000100100000100
0000100100000100
0001010100001000
0001001100001000
0001111100001011
0001011100001010
0001011100001010
1110011110010110
1111111011001000
0000011101010100
0001111010000100
0001100110100010
0000101011111100
0000000100111000
1111011101110100
1111001111001100
1110001111101100
1110101101000000
1111011000111100
1111111011001000
0000100010001100
0001100001101010
0001111110111100
0010011100010000
0001010111111000
0001001001010000
0000100010001100
0000111010100110
0000001001110000
0001010111111000
0010001000101110
0001001110001000
0001001001010000
0000110101101110
0000110101101110
0001101011011100
0001111110111100
0001111110111100
0001100001101010
1101100011110000
1101100011110000
1101100011110000
1101100011110000
1101100011110000
1101100011110000
1101100011110000
1101100011110000
1101100101100000
1101100101100000
1110011010010100
0000111001010100
0010000010001110
0010010010110100
0010010101001100
0010010111011000
0010010100011110
0001111101011100
0001100001011100
0000100111011110
1111001000010110
1110001010100010
1101111000010010
1101101110100010
1101101011110110
1101101001011110
1101101000010100
1101100011110000
1101100011110000
1101100011110000
1101100011110000
1101100011110000
1101100011110000
1101100011110000
1101100011110000
1101100011110000
1101100011110000
1101100011110000
1101100011110000
1101100011110000
1101100011110000
1101100100100010
1101100100011110
1110001010011110
0000010010100110
0001110001010010
0001100010011110
0001001110000110
0001001111101010
0001110110111100
0000011011000001
1111001111011010
1110011110111000
1110000100011101
1101101101000100
1101101000011010
1101100110100000
1101100101110100
1101100101011100
1101100101001000
1101100011110000
1101100011110000
1101100011110000
1101100011110000
1101100011110000
1101100011110000
1101100011110000
1101100011110000
1101100011110000
1101100011110000
1101100011110000
1101100011110000
1101100011110000
1101100011110000
1101110011011000
1101100110111000
1110010110010000
1110100100011110
1110100010010000
1110010101010010
1110010000110100
1110011001110000
1110101110010010
1110111001011100
1110101100000100
1110001110001010
1110101110110000
1101111100110000
1101101111101110
1110000011000000
1110100010010000
1101111010101010
1101110100011010
1101100011110000
1101100011110000
1101100011110000
1101100011110000
1101100011110000
1101100011110000
1101100011110000
1101100011110000
1101100011110000
1101100011110000
1101100011110000
1101100011110000
1101100011110000
1101100011110000
1101111110100010
0010011100010000
0010011100010000
0010011100010000
1110011101110010
1101110101100110
1110000111011110
0000100011101110
1111101110001010
1111110010100110
0000011010110010
0001010100110011
0010011100010000
0010011100010000
1110100010010000
1101111010000100
1101101100101100
1101100011110000
1101110101100110
1101100011110000
1101100011110000
1101100011110000
1101100011110000
1101100011110000
1101100011110000
0010011100010000
0010011100010000
0010011100010000
0010011100010000
0010011100010000
0010011100010000
0010011100010000
0010011100010000
0010011100010000
0010011100010000
1111010011010010
1110111010110110
1110110000011110
1110101000001000
1110100110101001
1110011010010100
1110010011100000
1110000100000000
1101101001000010
1110100011100100
0000100101100000
1111100000110000
1110001011100110
1111001111101010
0000010110110110
0001000110010010
0001101010000100
0010011100010000
0000000000000000
0000100110100100
0000010110010100
0000000100000100
0000101110101100
0001011001010010
0001111101110100
0001101001100010
0010011100010000
0001010001001010
0001111011110010
0001101111100101
0001110101101100
0001011101010110
0001010001001010
0001101111100101
0000001000001000
0000100010100000
0000100100100010
0000111000110100
0000011100011010
0001000111000010
0001001101001000
0000110010101110
0001001011000110
0001010011001100
0000011100011010
1111100111101010
0000101000100101
0000100000011110
0000000110000110
1111010001010100
0000010100111010
1111010011001110
0000111010101110
0000111000101110
0001000010101100
0001011100100100
0001100100100010
0001100000100010
0001111000011100
0001100000100010
0001101000011111
0001100110100000
0010010100010010
0010011100010000
0001010100100110
0001100110100000
0001010110100110
0001001110101000
0000101100110010
0001000110101010
0001000100101010
0001011110100010
0000111110101100
0001001110101000
0001001010101010
0001010110100110
0000111010101110
0001001100101000
0000010110111000
0000101010110010
0000001110111100
1110011011011110
0000001011011100
0000100100011110
0001101011010000
0010010010011100
0010001101000000
0010011100010000
0001101110100010
0001011100000000
0000101011000000
0000111101100010
0001001100110000
0001011010111010
0001011110001100
0000111000000100
0001001010100110
0001010110100100
0001000100000100
0000101001111010
0000011001100110
0001000010111110
0000111100011011
0000111001001010
0000101000110110
0000000100111010
0000000111000011
1111110111110110
1111100110011010
1111100011001011
1111011110110010
1111011111111000
1111000100101010
1110011011010011
1101100011110010
0010011100010000
1101100011110000
1101100011110000
1101100011110000
1101100011110000
1101100011110000
1101100011110000
1101100011110000
1111111110000100
0000000101110010
0000001001101010
0000101100010111
0000001001101010
0000100100101010
0000110111111100
0000110000001110
0000100000110010
0000100100101010
0000111011110011
0001000111011000
0001011010101010
0000110111111100
0001010110110100
0000110000001110
0000111011110011
0000100100101010
0001010010111100
0010011100010000
0001110001110100
0000110111111100
0000111011110011
0000111011110011
0000001001101010
0000010001011000
0000011100111100
1111100011000100
1111010111100000
1111001000000100
1111100011000100
1110100001011110