1111011011011000
0000101111000100
0001000111111010
0001010101000000
1111100101110110
1111110100001110
0000010010010100
1111011001011100
1110101110010010
1110101110010010
1110100010100000
1110010101011100
1110100101001000
1110111000110000
1110101111100111
1110101100010100
1111000011110110
0000000000000000
0000111110000101
0001111000111100
0001101001111010
0001001011110110
0000111011100000
0001001101110100
0001001100100000
0001101111110010
0010011100010000
0010001011010000
0001000011010110
0000111101011110
0000110000011000
0000011101011010
1111011010010010
0000110010110000
0001001011001010
0001100110011000
0000011100101010
0000001110011110
0000001011100111
1111111000010110
1110111111101000
1110101010000100
1110101111110001
1110100000011100
1110100010101110
1110110001011100
1110100101100010
1110100110000110
1110111010100010
1110111111101000
1111100111111010
1111110110000100
0000010001010100
0001010100110010
0001110010010010
0001100110011000
0001101100000010
0001110011011010
0001101000101000
0001001011101110
0010000000011110
0010011100010000
0001010011101010
0001011000001100
1111011010101010
0000110010100100
0001001011110100
0001100111111110
0000010110011010
0000001000101000
0000001010111010
1111110011111100
1111010000010100
1110100100101010
1110100101110100
1110101100101110
1110100000000100
1110100100000111
1110011100000010
1110100011100000
1110101010011011
1110111011101000
1111101110001100
1111010111001110
1111010011110011
0000111100111010
0001001100011010
0001101001000111
0010000010011010
0010011100010000
0010000101010010
0001011011010110
0001100101101100
0010001100110000
0010001000001010
0001111000000100
1111001101010000
0000011001000110
0001011001100001
0001101001100000
1111111001001010
1111100001001110
0000000011011010
1111010101110100
1111001100000110
1110011010100000
1110010101011000
1110010110100000
1110000101011010
1110100000110010
1110011011101000
1110000011101100
1110100000001100
1111011110010110
1111011000101010
1111000101010000
1111010100101010
0000000110010010
0000110010001100
0001001010001000
0001111011110000
0010000000010100
0001110010101000
0001101110101000
0010000011001010
0010011100010000
0010010011101100
0010001010100100
1110110111011010
0000001111100000
0001111100001000
0001110010101100
1111001000000010
0000011010000010
0000001001011010
0000001000010100
1111000100101110
1110100100100100
1110101111000110
1110100110110011
1110001011000110
1110101111101010
1111001010010001
1110100001110100
1110001001011100
1111010001011110
1111011110001100
1111000000010010
1111101110010010
1111110111101100
0000010111110100
0000101011001110
0001011010010100
0010010110101110
0010010101000100
0010010001101110
0001111011100011
0010011100010000
0010011010000010
0001111011100011
1110000001101010
0000110000000110
0001110001010100
0001010000101101
1111011100111100
1111101111111110
0000000100101000
1111011110100100
1110101100000010
1110100001101110
1110100010010000
1110100000101000
1110110000011000
1110110000011000
1110111101111110
1110110011101010
1110011010000110
1110110100101110
1111000100100000
1111000010010100
1110111111000100
1111010101010110
0000010011010010
0000110110000011
0001110110110000
0010000011010000
0001111101010010
0010010010011110
0010001001001110
0010011100010000
0010011011101110
0001111111011100
1101101010011010
0000011100101110
0001010110110000
0000100110011000
1111100011010010
1111100010000111
1110111101110100
1110100001011010
1110001100110110
1110010101010100
1110001100110110
1110101000101010
1110110100001010
1110100010000000
1110101010011110
1110010101111010
1101111101110000
1110011100100100
1110100011001110
1111000011010000
1111000111011110
1111101101100100
0000010000101000
0000111011100010
0001101010000110
0010011011000010
0010011100010000
0010000111101100
0010001000010100
0010011001110110
0010000111000110
0001011001001010
1111111100000000
0000100100000100
0000011100000010
0000100100000100
1110111011111010
0000011100000010
0000100100000100
1111100011111110
1111000011111010
1110011011110110
1110110011111000
1110110011111000
1110110011111000
1111110011111110
1111111100000000
1111100011111110
1111111100000000
0001100100001010
0001011100001010
0001101100001100
0001011100001010
0001001100001000
0001011100001010
0001010100001000
0001001100001000
0010000100001110
0010011100010000
0001011100001010
0000010100000010
0000001100000010
0000000100000000
1111101011111110
0000010001011000
0001000001111110
0001001111111000
0001001111111000
0000001010011010
0000011111010000
0000110100000101
0000001010011010
1111100111101101
0000001010011010
1111100000110000
1111001011111011
1111001011111011
1111011001110100
1111100111101101
1111100111101101
1111110101100110
0000000011011110
0001110010100110
0010001110011000
0001010110110100
0001001111111000
1111111100100010
0000111011000010
0001001000111010
0001100100101100
0010011100010000
0010011100010000
0000011111010000
0000111011000010
0000100110001100
0000100110001100
1111010111010001
0000110110010110
0001111101101100
0001110000000110
0000010100010111
0000101100001010
0000100001111110
0000011110100100
1111111100100110
1111101111000010
1111100100110101
1111100001011100
1110101011000110
1110100100010010
1111010011110110
1111001001101010
1111010011110110
1111010111010001
1111100001011100
0000000000000000
1111111100100110
0000000011011010
0000010100010111
0000101100001010
0010000111111000
0010011100010000
0010001110101010
0001110110111000
0001101100101100
0010011000110110
0010000111111000
0001110110111000
1111101101011000
1111100001011100
1111011010011100
1111011111010110
1111011100100010
1111001100011000
1110111111110000
1110111001011100
1110101100110010
1110110111010100
1111010110111010
0001011011101010
0010000101110010
0001101011000110
0001101101111010
0001010110000010
0001110001011010
0001101010011000
0010010110101000
0001011001100001
0000011110100100
1111011101111100
1110111011100010
1110101000100100
1110100010111100
1110011110110001
1110001101111000
1101111111110110
1101110011001100
1101101111000000
1101100011110000
1101100011110000
1101100011110000
1110110110000010
1110101101100100
1110100111101000
1111000001010010
1111001101001010
1111001000001010
1110110001000000
1110100101110000
1110110001111110
1110110110000010
0001101010001100
0001001000101110
0001100101110100
0001100011100111
0001100101001011
0010000001111110
0001111100010101
0001111111110010
0010000100001010
0000111110101110
0000000100001110
1111010100011000
1110110000000100
1110011101101000
1110001110111010
1110010010000010
1110000100111011
1101111110000010
1101110101010010
1101110001100000
1101100011110000
1101100011110000
1101100011110000
1110001000101110
1110100010110000
1110110111000100
1111101010101000
1111110100000001
1111000101001000
1110111101010100
1111010101010011
0000000101101110
0000000000100000
0001101110011010
0000100010000000
1111100001011100
1111100010111100
1111010110011100
1111010011111101
1111011010110100
1111101000010000
1110110001010000
1110111110011000
1110111000011100
1110101100111000
1111001001110100
1111010011101110
1111000101101010
1110100101011000
1110010001000100
1110011000010110
1110000011000000
1101101010000000
1101100011110000
1101100011110000
1101100011110000
1111001110111010
1110011101110010
0000100011101110
0000101000001100
1110100110101110
1110000011000000
1101101000001110
1101101100101100
1101110001001010
0000101100101010
0001011001010010
1111100101001110
1111001110111010
1110000011000000
1101110001001010
1101111010000100
1101101000001110
1101101100101100
1110000111011110
1101110101100110
1110001011111100
1110011101110010
1110000011000000
1110010100110110
1110100010010000
1110101011001101
1101101100101100
1101110101100110
1101101000001110
1101100011110000
1101100011110000
1101100011110000
1101100011110000
0000111011111000
0000111110011000
0001000000000100
0001000000011010
0001000010000000
0001000011100000
0001000101001110
0001000110001100
0001000100111110
0001000101011010
0001110001010010
0001110100100111
0001110110000010
0001110101000110
0001110101100110
0001111100010101
0010000010111100
0010000010110000
0010001111001010
0010010010101010
1110011110000110
0000010111111010
0010001010000110
0001001110101100
0001010010110000
0001010000110111
0001010101010000
1101101010010000
1111111000001100
1111110101000100
1110010100001101
1110011010011100
1110111011010000
1110110101000000
1111001010111000
0000000111110100
0000010010110000
1111010111011000
1111001100011100
1111101010001000
1111101010001000
1111110110101000
1111111100111000
0000001001011000
1111011100000100
1111110000011000
0000000001100100
0000000110010000
0000101010001100
0000101011110000
0000110000011100
0001010001010000
0010000011010000
0001101110111100
0010001111110000
0010010100011100
0010001100101000
0001111000010100
0010011100010000
0001100111001000
1111100101010110
1111100011111011
1110101101001100
1110010001110110
1110001100000100
1110100011001000
1111001110010100
1111010010101000
1111101011001000
1111111010111110
1111010101100010
1111100001000011
1111001110010100
1111011110001010
0000000011100110
0000000111111010
1111101100100100
1111011011010010
0000001001011000
0000011010101010
0000101001000010
0000110111011100
0000110000010000
0010000010010110
0010001010111110
0010000101001110
0010011100010000
0010011100010000
0001001010001010
0010001001100010
0010010000101110
0001101100101110
1111011001100100
1111011000100100
1110111100100110
1111010110100100
1110010111101011
1110010001101100
1110100110101010
1110101111101000
1111010000100100
1111011010100100
1111011000100100
1111101010100010
0000000111100000
0000001111011110
1111111011100000
1111011010100100
1111100110100010
1111100010100100
0000011000011110
0000101101011100
0000110111011010
0000111001011010
0001000011011010
0001101111010100
0001011011010110
0001101011010110
0010011100010000
0010011010010000
0001010100011000
0001100001010110
0001011111010110
0001000001011010
1110011111001100
1101100011110000
0010011100010000
1101100011110000
0001011101110000
0010011100010000
0000111110100000
1111001011111011
1101100011110000
0000110110101100
0000110100000101
0000000000000000
1111100000110000
0000011100101010
0000100001110110
0000101100010010
0000111001010010
0000100001110110
0000011100101010
0000010010001110
0001001110001000
0001111111100110
0001110111110001
0001111101000000
0001101111111110
0001000001000110
0001101000001010
0010011001101010
0010011100010000
0001101111111110
0001011000100010
0000111011111010
0001101101011000
0001111101000000
0001001011100010
0000100111000100
0001001110001000
0001011011001010
0001101101011000
0001000011101110
1111111000001100