1110110000001110
1111100110000011
0000010110001011
0000101101110010
0001101010001110
0001011001001101
0001000011100000
0000100101010010
0000011111101000
0000011010111010
0000010111001000
0000011001000010
0000101110101110
0000100111001100
0001000000101010
0010000111011110
0010001000011100
0010010100101100
0001111001010100
0001110001110000
0001111011001110
0001111001010100
0001110110100000
0010010100101100
0010011100010000
0001101100000110
0001100010101010
0001100010101010
0000111011000000
0001010010101000
0001100011100110
0001101101000010
1110101010101111
1111011010101010
0000010001000100
0000011001010110
0001001001010010
0001011000111110
0001100001001111
0000100000101110
0000011001010110
0000100100011010
0000011101111110
0000100001101010
0000110110110110
0000111000101100
0001001101111010
0001110101100010
0010001000111010
0010010010001000
0001110011101011
0001100110110010
0001101010011110
0001101110001010
0001101010011110
0010011100010000
0010000010011100
0001100111101101
0001100111101101
0001010101010001
0001001100111110
0001001010001110
0001100000010110
0001100011000110
1110101110011110
1111011001000010
0000010010000100
0000100000100010
0000111100101010
0010000001110000
0001111110100010
0000101010111110
0000011110111100
0000011011101110
0000101100100110
0000110111000010
0000111001011100
0001001111111100
0001101100000100
0001110101101100
0010011100010000
0010000110100100
0001011111001100
0001101110011110
0001011100110010
0001101000000001
0010010010101000
0001111101101110
0001110100000110
0001100011001110
0001010111001010
0001010000110000
0001000010010010
0000111100101010
0001010000110000
0001100100000010
1110101101110000
1111010001001010
0000001001000100
0000011011001010
0001011010001000
0010011001111000
0010001110111000
0000010100111000
0000111001000100
0000110000011010
0000111001110101
0000111110100110
0001001001100110
0001010000101100
0001111110010110
0010011001111000
0010011100010000
0001001111000110
0001011101010010
0001011100100000
0001001101100010
0001110111010000
0001111100110000
0010000101011100
0001101100001110
0001100010110010
0001010011110110
0000111011011100
0001000000001010
0000111101110001
0001011000100100
0001010110001100
1110101110000000
1111010111101000
1111111101111110
0000011110100110
0001110010101000
0010011000001010
0010000100100110
0001010111101110
0001001111100100
0000111000101110
0001000011010100
0001000111011010
0001010110111010
0010000001010100
0010001001011110
0010001010010100
0001101011010010
0001011000100010
0000111110011010
0001001100010010
0001011000100010
0001100010010100
0010001110011000
0010011100010000
0001111110111000
0001001101000110
0001000111011010
0001010110111010
0000111001100010
0000110100101000
0001001000001110
0001011101011100
1110001001000010
1110110100111110
1111101110010100
0000011011010000
0001110101000100
0010011011010010
0010011100010000
0001100011111000
0001000111001100
0000100001111100
0000110100000101
0000111100101100
0001011101001100
0010010000110010
0010011001011000
0001110100001000
0000110011001000
0000101011011110
0000110010001100
0000010001101100
0000010100100010
0001000111001100
0001111101101010
0010000101010100
0001111110101000
0000110101000010
0001001100111100
0000111001110100
0000100111101010
0000001110110100
0000101110010101
0000010001101100
1101111101010110
1110111110111100
1111110010000110
0000100101010000
0010000000011100
0010010100011110
0001010010110110
0000010100100100
0000010010010110
0000000110001000
0000001100110010
0000011101011110
0001001101010010
0010000000011100
0001110101010100
0001011011110000
0000111010011000
0000100000110100
0000010000001000
0000001100110010
0000100100001010
0000111011100000
0001110100001110
0010011100010000
0010010111110100
0000110001100000
0000110000011000
0000100001111010
1111011011110110
1111001010000100
1111100000010100
1111100000010100
1110100000111010
1111010000011100
1111111001001110
0000110110010110
0001101100101100
0001100101111010
0000011011001011
0000001101100101
0000000110110010
0000000000000000
0000000000000000
1111111001001110
0000010100010111
0000011011001011
0000100001111110
0001101100101100
0001110011100000
0010001110101010
0010000111111000
0001100101111010
0001111010010010
0010000001000100
0001110011100000
0010010101011110
0010011100010000
0001101100101100
0001011111000110
0001011111000110
0001010001100010
0001100101111010
0001100101111010
0001101100101100
1110100011101010
1111011100100000
0000000111000110
0000110001101110
0001010101001110
0000100011100000
0001000111000010
0000100011100000
0000010101010100
0000010101010100
0000011100011010
0000100011100000
0000100011100000
0000110001101110
0001001110001000
0010000110111100
0010000110111100
0010011100010000
0001101010100010
0001110001101000
0001111000110000
0001111111110110
0001111000110000
0010011100010000
0010011100010000
0001111000110000
0001100011011100
0001100011011100
0000111000110100
0001001110001000
0001111000110000
0001111000110000
1110100000111010
1111001001101010
1111101011101001
0000001101100101
0001101100101100
0010000100011110
0001110011100000
0001101001010100
0001010100111010
0000011011001011
0001001010101110
0001000000100010
0001011000010100
0001111101101100
0010011100010000
0010011000110110
0001011000010100
0001000000100010
0000011011001011
0000100101011000
0000110110010110
0001000011111100
0001110110111000
0010001110101010
0001110011100000
0000111001110000
0000101000101111
0001000111010110
0000110010111100
0000101000101111
0001000111010110
0001011011101110
1101100011110000
1101100011110000
1101100011110000
1101100011110000
1101100011110000
1101100011110000
1101100011110000
1101100011110000
1101101111110100
1101101100110010
1111000100001010
0000110001111100
0000011001110100
0000011111000000
0000111011011010
0001101011001100
0010001111010110
0010010011101010
0001001010011110
0000001000001100
0000000100010100
1111001110111100
1110011111100110
1101111111010100
1101110011101100
1101110001000110
1101101111011000
1101110001000110
1101101110111100
1101110011010000
1101101110000110
1110000011001100
1110000000001010
1101100011110000
1101100011110000
1101100011110000
1101100011110000
1101100011110000
1101100011110000
1101100011110000
1101100011110000
1101100111111110
1101100111111000
1110101111101100
0000011010110100
0000110001111100
0001001000110110
0001011010101000
0001110011000110
0010010011111010
0010001101010000
0001000001011000
1111111001111100
1111110000010100
1110100111111110
1110000100010011
1101111110111010
1110001101010010
1110011100101110
1110001101111010
1110001111110011
1110110111100110
1110110001000010
1110101111101100
1110101001110000
1110011111000101
1101100011110000
1101100011110000
1101100011110000
1101100011110000
1101100011110000
1101100011110000
1101100011110000
1101100011110000
1101110111100010
1101100110111000
1110001110011100
1110110111010110
1111001010010001
1110110001111000
1110111010101000
1110111010000000
1110011000010000
1110011110100000
1110011111110000
1110100100001000
1110011010110000
1110101101100000
1110101111110010
0000111101011100
0010011100010000
0010011100010000
0010011100010000
0010011100010000
0010011100010000
0010011100010000
0010011100010000
0010011100010000
0010011100010000
1101100011110000
1101100011110000
1101100011110000
1101100011110000
1101100011110000
1101100011110000
1101100011110000
1101100011110000
1101111110100010
0010011100010000
0010011100010000
0010011100010000
1111100101001110
1101111010000100
1101101100101100
1101100011110000
1110001011111100
1110100110101110
1111110010100110
0000000000000000
0001011101110000
0001001011111010
0010011100010000
0010011100010000
0000001000111100
1110111000100100
1101110101100110
1101110101100110
1110000111011110
1110011101110010
1110100110101110
1110001011111100
1110000111011110
0010011100010000
0010011100010000
0010011100010000
0010011100010000
0010011100010000
0010011100010000
0010011100010000
0010011100010000
0010011100010000
0010011100010000
0000101001011010
0000100110100100
0000100110100100
0000101000011010
0000100110000010
0000100100100110
0000100011001110
0000011100100010
0000001011001000
1111101001101000
1110101110110000
1110110100101000
1111001011000110
0000001010001000
0000011011010010
0000110001000010
0001000100111110
0010011100010000
1111001001010100
0000000111110100
0001000110010100
0001001110001000
0000111110100000
0000101110111000
0001010101111100
0001011101110000
0010000100110100
0010001100101000
0010000100110100
0010011100010000
0010010100011100
0010000100110100
0001101101011000
0001101101011000
0001110101001100
0001110101001100
0001100101100100
0001011101110000
0001100101100100
0001001110001000
0000011111010000
0000101110111000
0000000111110100
1111010001001000
1111111000001100
1111111000001100
1111110000011000
1111111000001100
1111111000001100
1110111001101100
1110111011100010
0000001000110010
0001011101000100
0000101111011010
0000010110110100
0000010011010100
0000101011111000
0001110101101000
0010011000110000
0010001010101100
0010011000110000
0010011100010000
0001100111100110
0001101110100110
0001001011100000
0001100111100110
0001011001100001
0010001010101100
0010001010101100
0000111001111100
0001110010001000
0000110010111010
0000011101110110
0000010110110100
1111011110101010
1110101001111110
1110011111011100
1101110101010100
1110011111011100
1111010100001000
1111110000001100
1110110001000000
1111100101101100
0000110011000100
0010000000011010
0001100111101010
0000100110101100
0000100000100000
0000110110001010
0001100100100011
0010011001001010
0010011100010000
0010000000011010
0010010010111110
0010010110000100
0001110100000010
0001011000001100
0001110000111100
0001111010001110
0010010010111110
0010010110000100
0001001011110100
0001101101110110
0001100111101010
0000101100111000
1111101000110010
1111011100011010
1110111101011110
1110110111010010
1111000110110000
1110110111010010
1111101000110010
1111101000110010
1111011111100000
0000011100001100
1101100011110000
1101100011110000
0010011100010000
1110000011000000
1101100011110000
1110100010010000
1101111101110010
1101100011110000
1110011011110110
1111000000101100
1110111111000110
1111000111000110
1111000101100000
1110101010010000
1111001000101110
1111010101100010
1111101010011000
1111100010010110
1111100101100100
1111101111001100
1111100000110000
1111011111001010
1111010101100010
1111111101100110
1111101111001100
1111110010011000
1111111111001100
0000011111010000
0000011101101010
0000010101101000
0000101010011110
0001001010100010
0001001010100010
0001011000111100
0001101111011000
0001101010100100
0010001111011100
0010011100010000
0010000111011010
0001001000111010