1111011111011110
0000011111010000
0001110111010000
0001111011000101
1111101101100000
1111001000100000
1111010100000000
1111000101111110
1110110100000110
1110111001001110
1111001110111010
1111011010011000
1111110101001010
0000100001110100
0000111011010100
0001100000010011
0001101110010110
0001101110010110
0001001011111010
0001101011110010
0001111110111010
0010011100010000
0010010101111000
0001011100011110
0001011001111100
0001011000101010
0001101111100101
0010000100000000
0010000100000000
0001101110010110
0001010010010010
0000111010000010
1111000000100110
0000011000011110
0001110001010100
0001101001010110
1111100001100100
1111000111100110
1110111001101000
1110100100101010
1110110111101000
1110110111101000
1111001000100110
1111101011100010
1111110110100000
0000001111011110
0000111101011010
0001110000010100
0010000010010010
0001111010010100
0001001100011000
0001011101010110
0001111101010100
0010010110010000
0010010101010000
0001111000010100
0001100101010101
0001100001010110
0001110001010100
0010001110010010
0010011001010000
0010011100010000
0001101011010110
0001001110011000
1111000101111100
0000111011001000
0010001010010100
0001111010011110
1111101000110010
1110111001010000
1110011111111100
1110011101110100
1110100100001010
1110111111100110
1110111001010000
1111010011101010
1111110011010110
0000001100101010
0000011010011010
0001010100011110
0010010001101100
0010011100010000
0001010010010110
0001000011100100
0001010000001111
0001101010101000
0001111001011010
0001111001011010
0001010110100100
0001000101101100
0001011111000010
0001101011101100
0001111101101000
0001110101001100
0001010001010010
0000110011101110
1111000110001000
0001001100011000
0010011001111100
0010000000011110
1111100011000100
1111001000011100
1110101011100001
1110100010010000
1110011100011110
1110110010011110
1110110001010010
1110111011101110
1111010101001100
1111110100011100
0000010100110110
0000111110100000
0001101010011110
0010000110010000
0001101111001000
0001000011001000
0001011001001000
0001111111010100
0010001101001110
0001111110001010
0001011010010010
0001010111111101
0001101101111110
0001101001010100
0001111111010100
0010011100010000
0001110001011100
0001101000001010
1110111010011100
0001011010101110
0010001001000110
0001100001110010
1111100111110100
1111010101101010
1110111010011100
1110010010001000
1110001111000110
1110001111000110
1110100001010000
1111000010100000
1111001000100100
1111010010101000
1111111000111101
0000001101000110
0001011001101110
0001111101000000
0001111100000000
0001010100101100
0001000110100100
0001110010111010
0010000000000010
0001100011110100
0001011110110000
0001001011100110
0001101011111000
0001111111000001
0010011011010000
0010011100010000
0010001101001000
0001110111111110
1110111000001010
0001001010110110
0001011101111100
0000011000101000
1111101000011000
1110111100001100
1110100000000010
1110010000111110
1110011010000000
1110010111000000
1110011010000000
1110100110000100
1110101101000110
1111010010010010
1111011011010100
1111111001011111
0000111111110100
0001110111000100
0001111010000110
0001011000111100
0001010101111010
0001101111000010
0010000011001000
0001110000000010
0001011011111100
0001010010111010
0001100110000000
0001111100000110
0010011100010000
0010011011010000
0001110000000010
0001111111001000
1111101010100010
0001000001011010
0001001101011000
0001010001011000
1111110000100010
1110101001101000
1110110011101000
1110100010101010
1110001001101100
1101101100110000
1110011101101010
1110100010101010
1110111011101000
1111011111100100
1111111100100000
1111110101100010
0000111011011010
0001111100010100
0010011100010000
0010011010010000
0001111100010100
0010001011010010
0010001111010010
0001110011010100
0000111100011010
0000101110011100
0000100011011100
0001011001010110
0001110001010100
0001101011010110
0001011000010110
0000101101011100
0000110001000110
0001101111100101
0010010011010100
0010011100010000
0000010110010100
0000000100011110
0000101000001100
1111100000110000
1111100000110000
1111000101111110
0000000100011110
0000000100011110
1111111011100010
0000110001000110
0000111010000010
0010000001011110
0001111000100010
0001011101110000
0001001011111010
0001100110101100
0010011100010000
0010011100010000
0010010011010100
0001010100110011
0001010100110011
0000111010000010
0001111000100010
0010011100010000
0001111000100010
0001101111100101
0001001011111010
0001001011111010
1111000011111010
0000100100000100
0001101100001100
0001101100001100
0000001100000010
1111000011111010
1111001011111011
1111010011111101
1111000011111010
1110111011111010
1111010011111101
1111110011111110
1111111100000000
0000100100000100
0001010100001000
0001101100001100
0010000100001110
0001111100001011
0001001100001000
0001100100001010
0001111100001011
0010010100010000
0010011100010000
0001110100001100
0001100100001010
0001101100001100
0001111100001011
0001111100001011
0001111100001011
0001101100001100
0001011100001010
0001001100001000
1111000100011110
0000111011100010
0010001001101010
0001111110100000
1111101101011010
1110111101000010
1111000000110000
1110101010011100
1110111101000010
1110111101000010
1111001011111011
1111100101111110
0000000000000000
0000010110010100
0000110100000101
0001100100011100
0001111110100000
0010010100110100
0001100000101110
0001010101100100
0001011100111111
0010011100010000
0010000101111100
0001110111000100
0001010101100100
0001010101100100
0001011001010010
0001110011010100
0010011000100010
0010010100110100
0001100000101110
0000110100000101
1101100011110000
1101100011110000
1101100011110000
1101100011110000
1101100101110110
1101100101101000
1101110010101110
1101111101011010
1101101111110110
1101101101010000
1110000010110000
0000110011011100
0010000110101010
0010011000001100
0010010110100000
0001111100100010
0001101000100010
0001001110010010
0000101010000101
1111100101000100
1111000101110000
1110011010010000
1110000111101110
1101110011100110
1101101000110100
1101101000110100
1101100111001000
1101100110001000
1101100110000010
1101100101100010
1101100011110000
1101100011110000
1101100011110000
1101100011110000
1101100011110000
1101100011110000
1101100011110000
1101100101110110
1101100101111010
1101111100001110
1110001100111010
1110001110010010
1110001001111000
1110000011100100
1111010111101100
0010000010010000
0001111010000010
0000101000000000
0000000011100001
1111110110011100
1111110100001010
1111100111011100
1111000111110010
1110101101110000
1110001010011100
1101110111101100
1101101110011100
1101101011000100
1101101000110110
1101100111011010
1101100111010000
1101100110000100
1101100110010000
1101100011110000
1101100011110000
1101100011110000
1101100011110000
1101100011110000
1101100011110000
1101100011110000
1101110101111000
1101101001111010
1110001111011010
1111101100000110
1111111111011000
0000001111000000
1111110011011010
1110010110011100
1110010110011100
1110101100011010
1110001100011000
1110001100011000
1110001010100000
1110001101000000
1110010100100001
1110011010110000
1110101110110000
1110011100000000
1110010100001101
1110110111000100
1111101101010000
1111000111110000
1110101001100010
1110100001101110
1101101111101110
1101110111100010
1101100011110000
1101100011110000
1101100011110000
1101100011110000
1101100011110000
1101100011110000
1101100011110000
1110100010010000
0010011100010000
0010011100010000
0010011100010000
1110011101110010
1110101011001101
0010011100010000
0010011100010000
0010011100010000
1110001011111100
1111001010011100
1101111010000100
1101100011110000
1101101000001110
1101101100101100
1110011001010100
0010000101111100
0010011100010000
0010000101111100
1110110100000110
1110010000011011
1111010111110100
1111101001101100
1110001011111100
1101111010000100
1111001110111010
1101100011110000
1101100011110000
1101100011110000
0000000010000010
0000000010000010
0000000101110110
0000000001110110
0000000100111000
1111111111000000
1111111100001010
1111111001010110
1111101011001100
1111011001110000
0000100100110110
0000100100110110
0000100111010100
0000101100011110
0000110001011010
0000110101101000
0000110110000110
0000110101000100
0000110110111110
0001000101111100
1110110101000000
1110110000111110
1101111010000100
1110110111011100
0000011000101110
0010001010111010
0010001111111000
0010011100010000
1111110111100010
0000000011100111
0000010111000000
0000011011110110
0000001010111010
0000110101101100
0001111100110000
0010000010011010
0001101011110011
0010011100010000
0010000101101000
0001110110010100
0001110111000110
0010010001110000
0010001111010110
0010000001100110
0001111001100010
0010001011010010
0010000010011010
0001100110001010
0001101111110110
0001111101100100
0001111000101101
0001011111101100
0001101111000010
0001101101011010
0001101011110011
0001011000011010
0001011100011110
0001010010110010
0000111101110001
1111111010110000
1110110010110000
0000000111010010
0000001110111010
0000010011110000
0000100101000100
0001000110010110
0001101001101010
0010011100010000
0010001100010100
0010011100010000
0010010100101000
0001111110011110
0001001111010110
0001111100011000
0001111111001010
0001101000010010
0001101001101010
0001100111100110
0001100011011100
0001100010000010
0001010100111000
0001000010001100
0001001011001100
0001010110010010
0001010100111000
0001001101010000
0001000111101110
0001001001110010
0000110001100010
0000110000001001
0000101110000110
0000000010011100
1111010000110010
0000001101100010
0000010110010100
0000010110010100
0000010100110110
0000001001001010
0000101000101000
0001111110010000
0001111010100110
0010001100111000
0010011100010000
0010010111001000
0001110010100010
0010000001001010
0010000011011000
0001011010011000
0001011010011000
0001101110111000
0001101001110000
0001010100100010
0001010100100010
0000111000101110
0000101101110000
0001001110101100
0001011011110110
0000111000000000
0001011110110010
0001001101001110
0000100110011100
0000110011100110
0000011111000110
0000000001110110
1110111100011010
1101100011110000
1101100011110000
0010011100010000
1101100011110000
1101100011110000
1110100010010000
1111110101100110
1101100011110000
1111001110010010
0000010111101100
0000001001011110
0000100011100000
1111111101101000
1111111101101000
0000001001011110
0000101100111110
0001100011011100
0001110001101000
0001111000110000
0001111011000101
0001101100111001
0001110110011000
0001100011011100
0001001011110000
0010011100010000
0010011100010000
0001101100111001
0001010000100000
0000110100000101
0000110100000101
0000000100110000
1111110001110010
0000001011110110
0000100011100000
0000111000110100
0000100001001010
1111111101101000
0000101111010110
0000010010111100
1111010000101010