1111101011001100
0001000011111100
0000101101011100
0000101111100100
0000101100001010
0001000010010000
0010000010110010
0010011011110100
0010011100010000
0001111111011000
0001110111110000
0001110110111000
0001100101011110
0001000000001000
0000101100100110
0000010110100000
0000010001110110
1111110100100010
1111101001000100
0000000001101100
0000000100010000
0000011010010100
0000111011011100
0001010110101000
0001110001110010
0001011100100100
0001000011100000
0000011100111000
0000011001111010
0000100011101010
0000111010100110
0000101110010010
1111011110110000
0000011100000100
0000000110000010
0000001011101010
1111110011000100
0000011111100000
0000110101100010
0010001000011010
0001110011010000
0010000110101010
0010011100010000
0010010010010100
0001110110010010
0001000011110010
0000111100000000
0000001100100001
1111110111110100
1111100110111110
1111010100110110
1111100100110101
1111101110110000
0000000011111000
0000001000001100
0000101101110000
0001000001001100
0001001000100000
0000100001010000
0000001000001100
0000000110111010
1111111101011010
1111110110100000
1111111010110100
1111010101010011
0000001011110000
0000010100110110
0000010110000110
0000010001100010
0001010100011010
0001011011110110
0010010011001010
0010001111111000
0010011100010000
0010001111000010
0010000111001100
0010011011011100
0001100111110100
0001011001110010
0000110000111010
0000001001101100
0000000101111111
1111111011010000
0000001001101100
0000001000111000
0000010001001000
0000111000110000
0001001010100000
0010000001011010
0001100111000000
0000101110011100
0000010000010100
0000000000101000
1111100100111111
0000001110101010
0000001010111100
1111001110010100
0000000110101000
0000010001100100
0000010111111111
0000010101010110
0001010111110110
0001100101000110
0010011100010000
0010001011101000
0001101101011010
0001100111010110
0001100101110110
0001111010010000
0001111101101010
0010001001010110
0001001111100010
0000111001111111
0000100000010100
0000011011011010
0000010101010110
0000010100001101
0000100111001000
0000111111101010
0001010011101100
0001001011000000
0000111001101000
0000001000001000
1111111110010100
1111111001000000
1111101110110100
1111110001011100
1111111111110101
1111101000001100
0000110100001110
0000111110001110
0001010011000010
0001110001000010
0001110010010000
0010000000010000
0001100110101000
0001000110101000
0000011100111111
0000011110101000
0000110011000010
0000110111000010
0001001101000010
0001110000101000
0001111101011100
0010011100010000
0010010111000100
0001111111110110
0010000101000010
0010000011000010
0010001000101010
0010010011000100
0010010111011100
0010001111011100
0001110100010000
0001001010001110
0000101100001101
0000100111000000
0000011101110100
0000100101000000
0000100111110100
0000001001101100
0001110010000000
0001101000010010
0010011100010000
0010000101110000
0001010100111010
0000110011100100
0000010001000100
1111101101011000
1111000010010110
1110111111010000
1111011010000000
1111111011110000
0000001010011110
0000001011100111
0000010110100000
0000100011101010
0000111011101110
0010000001100000
0010010101101010
0010010101101010
0010011001001010
0001110111000010
0001111111111100
0010011011000110
0010010111100110
0001110101000110
0001101001011110
0000111101101010
0000101001111000
0000111101010000
0000110111110110
0000010100001101
0010001111011000
0010000011111010
0001100101000110
0001001110100110
0000001010100011
1111101011010100
1110110001111000
1110101001100110
1110100101011110
1110010100011110
1110100000111000
1110111000010100
1111001000011010
1110111001001110
1110110010110010
1111011110011100
1111101100101100
0001001100010010
0001110011110100
0010011100010000
0010010011111110
0001011010100010
0001011101010010
0001111010101100
0001111110011000
0001101111001110
0001001110001000
0000111000000100
0000100100010100
0000011101111000
0000011011001000
1111001110001000
0000101011001110
0000100100100100
0000010000101000
0000100100100100
0001000101110100
0001110100010110
0010011100010000
0010010101100110
0001100000011010
0010001000010100
0010000001101010
0001100111000100
0001010011001000
0000111111001010
0000111111001010
0000101011001110
0000011101111001
0000010000101000
0000010111010010
0000010111010010
0001001100011110
0001100000011010
0001110100010110
0001111011000000
0001101101101110
0001000101110100
0000100100100100
0000110001111000
0000111000100010
0001001100011110
0001010011001000
1111100111101101
0001000001111110
0000111011000010
0000101101001000
0000101101001000
0001001000111010
0010000000011110
0010011100010000
0010000000011110
0001110010100110
0001001000111010
0001001111111000
0001011101110000
0000100110001100
0000111011000010
0000110100000101
0000011111010000
0000010001011000
0000000011011110
0000010001011000
1111111100100010
0000011000010011
0000010001011000
0000011111010000
0001110010100110
0001110010100110
0000100110001100
0000010001011000
0000100110001100
0000011000010011
0000101101001000
0000000011011110
1111010001101000
0000001100000010
0000001111011110
0000011101001100
0000100100000100
0001010111100100
0001101111100101
0001110110011110
0001110110011110
0001000010111110
0000101110011000
0000111000101010
0001011011000000
0001101111100101
0010011100010000
0010001011000110
0001110011000010
0000111100000110
0000111000101010
0000111100000110
0001000110011010
0001010100001000
0001100101010100
0001100101010100
0001010111100100
0000111111100010
0000000101001010
1111101001101100
1111100010110100
1111100010110100
0000001000100110
0000001100000010
1101100011110000
1101100011110000
1101100011110000
1101100011110000
1101100011110000
1101100011110000
1101100011110000
1101101001100100
1101100111111000
1101110111010000
1110101110001000
1111111111110101
0000000101101000
0000001100001100
0000100000011010
0000110100010010
0000101100011010
0001000001001100
0001101110001010
0010001101000100
0001000110000100
1111011110011110
1110100000110100
1110000001111010
1101101110110100
1101101000110100
1101100011110000
1101100011110000
1101100011110000
1101100011110000
1101100011110000
1101100011110000
1101100011110000
1101100011110000
1101100011110000
1101100011110000
1101100011110000
1101100011110000
1101100011110000
1101100011110000
1101100110101010
1101100110100000
1110001101110110
1110111010000100
1111011000000000
1111110111010000
0000001110110110
0001001000010000
0001110011010010
0001101101101110
0000111001000100
0000011000100100
1111111111100000
1110111100010110
1110010100011010
1110000000101110
1101111000000110
1101101100001010
1101101000100100
1101100011110000
1101100011110000
1101100011110000
1101100011110000
1101100011110000
1101100011110000
1101100011110000
1101100011110000
1101100011110000
1101100011110000
1101100011110000
1101100011110000
1101100011110000
1101100011110000
1101101001111000
1101101110111110
1101111110100110
1110011101110110
1110001110001110
1110100000111110
1110101010101000
1110011011000000
1110011001101100
1110010111111000
1110011110010000
1110010000010010
1110010101110000
1101101000101100
1101110000000000
1110001001010000
1110111000101000
1110101001000000
1110011001011000
1101100011110000
1101100011110000
1101100011110000
1101100011110000
1101100011110000
1101100011110000
1101100011110000
1101100011110000
1101100011110000
1101100011110000
1101100011110000
1101100011110000
1101100011110000
1101100011110000
1111101110001010
1111101110001010
0010011100010000
0010011100010000
1111101110001010
1110111101000010
1101111010000100
1101111010000100
1101101000001110
1110010000011011
1110111101000010
1110100010010000
0000010001110110
0000010001110110
1110100010010000
1110101111101010
0010011100010000
0001110100000100
1110111101000010
1101100011110000
1101100011110000
1101100011110000
1101100011110000
1101100011110000
1101100011110000
1101100011110000
0010011100010000
0010011100010000
0010011100010000
0010011100010000
0010011100010000
0010011100010000
0010011100010000
0010011100010000
0010011100010000
0010001000100010
1111111100111110
1111111011001000
1111110011111010
1111101101001110
1111100001011010
1111100100100000
1111011100101010
1111001101101111
1110110100101000
1111101100101110
1110100100010110
0001000101110110
1110101100111000
1111100000001110
1111010100101000
1111001110010110
1111001100101110
0010011100010000
1111101000101110
0000000000000000
0000100001010000
0010000001101010
0010001000010100
0010011100010000
0010011100010000
0001010110011100
0000111011110110
0000101011001110
0000100100100100
0001100000011010
0010000001101010
0001010110011100
0000111011110110
0001000101110100
0001110100010110
0010000001101010
0001001100011110
0001011101000110
0000111111001010
0000001001111110
1111000000110110
1110111101100000
1110110000001110
1110101001100100
1111000111011110
1111000111011110
1110100110010000
1110101001100100
1110011100010010
1110011111100110
0000011110011100
0000110110110010
0001000101000000
0010000111111110
0010000111111110
0010001110000010
0010011100010000
0000111010110110
0000101010101000
0000011010011000
0000100000011110
0001010011001100
0001010101001110
0001001001000100
0000011010011000
0000101100101010
0001000010111110
0001100001011001
0001001001000100
0001010011001100
0000110100110000
0000010000001110
1111010001010100
1111001011010000
1111011001011100
1111001001001110
1111010101011000
1111011001011100
1110110000111000
1111001011010000
1111100101101000
1111100111101010
0001000000011110
0001011111000100
0001000100110110
0010000110011010
0010011100010000
0010001111001000
0001101100001100
0001011100111000
0001001011011010
0000101110111110
0001001111110000
0001101100001100
0001110000100001
0001100011011100
0001001011011010
0001111001010010
0001101010000000
0001010001111100
0001101110010110
0001101010000000
0001100111110100
0000111100000110
1111011110001000
1111111000010110
1111101111101000
0000000101011110
1111111010100010
1111110011111110
1111010101011000
1111100110111000
0000101100110100
0000011111101100
0001010000100110
1101100011110000
1101100011110000
0010011100010000
1110000011000000
1101100011110000
1111100000110000
1110001101011010
1101100011110000
1111111100111000
0000000110010000
0000101000101000
0000100010011000
0000001100100000
1111101101010000
0000100101100000
0001010100011000
0001110110110000
0010011100010000
0001011010101000
0010000011010000
0010000000001000
0001010001010000
0001010001010000
0001010111100000
0000101011110000
0001000001101000
0000100010011000
0000100010011000
0001011101110000
0000011001000000
0000100101100000
0000110101001000
0000111011011000
0000111000010000
0000111000010000
0000110101001000
0001010001010000
0000110101001000
0000100010011000
1111011010100000