1110101011111000
1111110001111110
0000100111000100
0001000100000110
0000101011000100
1111100111111110
1111011100111100
1110110101111000
1110110100111000
1110101110111000
1111000100111010
1111010011111101
1111101001111111
1111111100000000
0000110100000101
0001101110001100
0010010110010000
0010011100010000
0001010111001000
0001110010001100
0010001001001110
0010001110001110
0001111101001100
0001110000001100
0001111100001011
0010000100001110
0010011000010000
0010000001001110
0001010011001000
0001011110001010
0000010001000010
1111000111111010
1110101101101000
1111111101100000
0000010101011110
0001000011011010
0000100011011100
1111100110100010
1111000111100110
1110101100101000
1110110011101000
1110011111101010
1110101111101000
1111000011100110
1111011110100100
1111111010100000
0000010011011110
0001000110011000
0010010100010000
0010011100010000
0001011111010110
0001101001010110
0010001001010010
0010000010010010
0010000010010010
0001100010010110
0001101100010100
0001011000010110
0010001110010010
0010001010010010
0001010110011000
0001010001011000
0000101000011011
1111011101100100
1110101100011010
0000000111111101
0000100001110110
0000110010110000
0000010010111010
1111100010001010
1111010100001110
1110101000011010
1110111011010110
1110101001011010
1110111110010100
1111000000010100
1111001011010000
1111100011001000
0000001110111100
0000111011101110
0010010110010010
0010011100010000
0001110010011100
0001111001011010
0010011000010010
0010001111010100
0010001010010110
0001100010100010
0001100101100000
0001011001100100
0010001001010110
0010000100011000
0001010101100101
0001010101100101
0000100000110110
1111001010010001
1110110000100000
0000100001111010
0000111110110110
0000110000011000
0000010000001000
1111101100100010
1111011111001100
1110101100000010
1110110011110100
1110101110010000
1110110111001010
1111000100100000
1111001101011011
1111101100100010
0000001111000000
0000100000110100
0010000111001000
0010010001001000
0010011000111010
0001111100000000
0010011011001000
0010011010000010
0010010101100100
0001101111110010
0001110000111000
0001100001010100
0010011100010000
0010010100011110
0001110000111000
0001101001000110
0000101101000010
1111000110101110
1110100100101110
0000100000100000
0000110111001100
0000000100101010
1111010111010001
1111000101101110
1110111100011100
1110001001111010
1110010111010100
1110011101100000
1110001101000000
1110111011011010
1110111010011000
1111001100111100
1111100011101000
0000001001110100
0001001101111000
0010001100110010
0010011100010000
0010000011100000
0010000101100100
0010000010011110
0001110001111110
0001010110001000
0001010110001000
0001010101000110
0010000001011100
0001111110010110
0001100110101000
0001011010010000
0000010110001011
1110110010001000
1110101101111000
0000101010001100
0000101111111010
0000010001000110
1111000011100101
1110010101111100
1110101000001100
1110101000001100
1110001111000110
1101111000010010
1101110100110110
1101111100110110
1110010111000100
1110001100110100
1110111111000000
1111001101110100
0000100010001110
0001101000111100
0010010101011010
0010001011001010
0001010011010000
0001100111110010
0001001110101100
0001010100011010
0001010110101100
0001100011001110
0010010110100100
0010011100010000
0001100100011000
0001100100011000
0000111001000010
1111011100101010
1111000101010000
0001001110110010
0001101001100000
0000011000000010
1111001011111011
1110100011110110
1110010111110110
1101111101001000
1110011111110111
1101101010011100
1110110001001110
1110111101001110
1111000011111010
1110110110100100
1110111111111010
1111010001010000
0000111001011100
0000111100000110
0001101001100000
0001010001011110
0000100010101110
0001000000000110
0001010010110100
0001110010110110
0010000110111000
0001011000001010
0010001110111010
0010011100010000
0001111110111000
0001110001100000
0000110000000100
1111000011111010
1110101001001100
1111110101100110
0000101101001000
0001001000111010
0001000001111110
1111110101100110
1111100000110000
1111001011111011
1111000100111110
1111000100111110
1111011001110100
1111101110101000
0000000011011110
0000011111010000
0001001111111000
0010000000011110
0010011100010000
0010010101010100
0001111001100010
0010000111011010
0010010101010100
0010011100010000
0010001110011000
0010000000011110
0010001110011000
0010010101010100
0010010101010100
0010000000011110
0001100100101100
0001010110110100
0000010001011000
1111000100111110
1110100100110110
1111100101111110
0000100111000100
0000111010100110
0000100000100100
1111000101011010
1111011111011100
1110010001010100
1110111110111010
1110000100010100
1110111000011000
1111000101011010
1111011000111100
1111011000111100
0000011010000010
0001011011001010
0010010101110000
0010001111001110
0001000111101000
0001100001101010
0010001111001110
0010001111001110
0001110101001100
0001010100101000
0010000010001110
0010000010001110
0010011100010000
0010010101110000
0001011011001010
0001100001101010
0000010011100010
1111011000111100
1110110001000100
0000011011011000
0000100101000100
1111111110011000
1111011010111100
1111001010110110
1110101010101000
1110100100001100
1110101010101000
1110100000111110
1110000011111111
1110100111011011
1110110001000100
1111000111101000
1111100001011010
1111110100101110
0000110101001010
0001110010011000
0001111111010000
0001101111001010
0001101000101110
0001110010011000
0001101000101110
0001011111000010
0001011111000010
0001100101011110
0010001100001010
0010011100010000
0001011011110100
0001011011110100
0000111110110100
1111100001011010
1101100011110000
1101100011110000
1101100011110000
1101100011110000
1101100011110000
1101100011110000
1101100011110000
1101100011110000
1101100111011100
1101100110011000
1110101010100101
0001101011000000
0010010111111000
0010001110011010
0001101011101100
0001100100101100
0001000110101110
0000100111100010
0000000010100010
1111001000111000
1110010110000100
1110010010000010
1101101101110000
1101101010100110
1101101000101010
1101101010011010
1101100111111110
1101100111010000
1101100111111110
1101101001111000
1101101010000100
1101101000010100
1101101000011110
1101100011110000
1101100011110000
1101100011110000
1101100011110000
1101100011110000
1101100011110000
1101100011110000
1101100011110000
1101100101100010
1101100101101010
1110100010010100
0001101101000110
0010001011011110
0001010101100100
0010000011001100
0001001101010010
0000001100001000
1111011110100100
1111010110011100
1110110011000100
1101110101100100
1101110100010100
1101100111110010
1101100110011110
1101100110110010
1101101100100010
1101111100100110
1110111010011000
1110110000001110
1111010110111100
1111010000101010
1110110110011000
1110100000010100
1101100011110000
1101100011110000
1101100011110000
1101100011110000
1101100011110000
1101100011110000
1101100011110000
1101100011110000
1101101110001010
1101101101101000
1110100011110100
1111001000100010
1111010101110100
1111001001010100
1111010011011111
1111010011011111
1110111000001000
1110100100110000
1110111000110000
1111001011100000
1110001111100000
1110010111101000
1110011111101000
1101111101110010
1101111001101000
1110100010010000
1111111010110010
0000010100010100
0000000010100110
0000000101001100
0000100001010100
0000010010110000
0000100111000100
1101100011110000
1101100011110000
1101100011110000
1101100011110000
1101100011110000
1101100011110000
1101100011110000
1101100011110000
1101101000001110
0010011100010000
0010011100010000
0010011100010000
1110100110101110
1101110101100110
1101100011110000
1110000011000000
1110111101000010
1110101111101010
0000010001110110
0010011100010000
0010011100010000
0000111110100000
1111110111000100
1101111010000100
0000000100011110
0010011100010000
0010011100010000
0010011100010000
1110011101110010
1110000011000000
1101110001001010
1110001011111100
1110100110101110
0001001100110110
0001001100110110
0001001110011010
0001001101101000
0001001111000010
0001010000000101
0001001000011010
0000111100011110
0000111010011101
0000001001111010
0001001111111110
0001001111111110
0001001111111000
0001001111001010
0001001110011100
0001001100010010
0001001100111010
0001001101101110
0001001111000010
0001011001011010
1111010110010110
1110101101010010
1110101001001000
0000011110110010
0010011100010000
0010000101111010
0001001101011110
0010011100010000
1111110011100110
0000101010001010
0000101111001000
0000011011010010
0000100101001100
0000101010001010
0001000010111110
0001110100100100
0010001101011000
0010001101011000
0010011100010000
0010010111010010
0010001000011010
0010001101011000
0010001101011000
0001101111100101
0001000111111100
0000101010001010
1111111101100010
0000010001011000
0000011011010010
1111011010110100
0000010001011000
0000011011010010
0000010110010100
0000101111001000
0000111110000000
0000110100000101
0000100101001100
0000000111011100
1111111101100010
1111010101110110
0000000001100010
0000011100110100
0000110101000110
0000001010101000
0000010000101100
0000010011101110
0000010110110000
0001110100110100
0010000111000000
0010000111000000
0010011100010000
0010001101000110
0001110111110110
0001111101111010
0001101110110000
0001000100010000
0000100101111100
0000001101101010
1110110010101000
1111110101011000
1111001010111010
1110101001100010
1111101001010000
1111100110001110
1111110010010110
0000101100000000
0000110101000110
0000100010111010
1111011010000100
1110111011110000
1111010111000010
1111000100110110
0000010110010100
0001001100111000
0001011110010000
0000011101110000
0000000111011100
0000010011110110
0000101010001010
0001101000001010
0010001010111000
0010000101111100
0010011100010000
0010010010010110
0010000011011100
0010001101011000
0001110111000100
0001011110010000
0000011101110000
0000011011010010
1111000110111110
1111010011010110
1111011010110100
1111011000010100
1111010000111000
1111111000100100
1111100010010000
0000000010011110
0000011011010010
0000000111011100
1111010101110110
1111001001011100
1111101001101100
1111011010110100
0000100000010110
1101100011110000
1101100011110000
0010011100010000
1101100011110000
1101100011110000
1101100011110000
1101111101110010
0010011100010000
1101111011001100
1110011100011001
1110100000010100
1110101000001000
1111010011000100
0000011011010110
0001011101110000
0001101101011000
0010011100010000
0010001000101110
0001111011000010
0001111001000110
0010010110011000
0001111101000000
0001111101000000
0001101001011110
0001010010000010
0001110111001000
0010000010110110
0010010000100010
0010010010100000
0001110101001100
0001010101111100
0001001000010000
0001001010001110
0001001110001000
0000110010110010
0000010001100100
1111001011010010
1111110000011000
0000001101101010
1111001111001100