1111101100101010
0001000110011010
0001010111010000
0000010011111010
1110111111001100
1110011011010011
1101110110010000
1101111001000100
1101110010111010
1101101110111110
1110001001111010
1110000010000010
1110010011011100
1110100111101000
1110111001100110
1111100000010100
0000000100001110
0000101111111110
0000101010111010
0000010001101100
0000001010111100
0000010001001000
0000101101101110
0001010110001000
0001111110100000
0010011100010000
0010011001011100
0001101000101000
0001011111000110
0000010110001010
0000001100000100
1111101000001010
1111011111110010
0001001000001000
0001011010001010
0000000001101000
1110101010001110
1110001000010110
1101110110111000
1110000001010000
1110000011111111
1110000011011100
1101100111000010
1101111111101000
1110010011110100
1110010111101011
1110101001101100
1111000110101000
1111110111010000
0000110000100111
0000111110010010
0000000011110100
1111110111010000
0000000010001100
0000010010100100
0001001101000010
0010000011001000
0010011100010000
0010010101001010
0001101110010110
0001011101111110
0000110101100010
0000011110000011
1111110010111000
1111011101011110
0000111101001000
0001001010111100
1111110001101010
1110100110101110
1101111101110010
1101101110111010
1110000111111000
1110000011000110
1101110000100000
1101101111011100
1101110001100100
1110000010000010
1110001001011110
1110101001111010
1110100111110010
1111101000000110
0000100010100010
0000011111110111
0000001010000110
1111110001101010
1111110101111010
0000010000011110
0000111011100010
0001101001001110
0010011100010000
0010011000100010
0001100101100000
0001100100011100
0000101110110010
0000001001000010
1111110001001000
1111100010110100
0000110001111010
0001000001101110
1111101001011000
1110100011100100
1110000110000110
1110001101001100
1110010010101010
1110000000001000
1101111100110110
1101101000001000
1101111001100100
1101111011001100
1110010011110000
1110010001000010
1110110100011110
1110111111011000
0000100010000110
0000101011010110
0000000101001100
1111110001000000
1111110010000110
0000001011001100
0000110111010110
0001100100000100
0010010101001010
0010011100010000
0001011110101000
0001011111101110
0000101101100010
0000000010011110
1111011001000000
0000000001001100
0001000100110110
0001011001001100
1111110100000010
1110110010001100
1110010111010000
1110000100000100
1101111011000110
1101111100010010
1101100011110000
1101111100010010
1110001011010000
1110001110110110
1110000111101010
1110010010011100
1110100100011010
1111001000111100
0000010111111100
0000100101101110
0000000100110010
1111010011000110
1111110001101000
1111110110011010
0000111111011110
0001011011000000
0010001001101100
0010011100010000
0001100110011000
0001100101110010
0001001111101000
0000100011111010
1111110010110110
0000100100100000
0001111000001010
0010010000110010
0000001110010110
1110111001000100
1110010110100110
1110000111110110
1110001110011010
1110000001010010
1101110001101100
1101101110011010
1110000111000010
1110000101011000
1101110110101000
1110001101100110
1111011110110010
0000011011011110
0001001111001010
0001100110111100
0000001110010110
1111001100110000
1111001101100101
0000000010000100
0001001111001010
0010000000011000
0010011010101000
0010011011011100
0001111100010000
0010011100010000
0001110100000100
0000110110100001
1111101100101110
0001001000100010
0001111011101100
0010010100110100
0000100001011110
1110101011011000
1110010001010100
1110010000011011
1110011101011010
1110000101001110
1101100100101100
1101101101111110
1110000010011100
1110011010101000
1110101111000110
1110110010110100
1111010110001010
0000100011010110
0001110011010100
0010011100010000
0001110100010000
0000110010001110
0001011100111111
0001101010000010
0010001000101110
0001111110100000
0001100000101110
0001000101110000
0001110001011110
0010000110110110
0010000010001110
0000111101011000
0000010110010100
1111101111011000
0001000101110100
0001010011001000
0000010111010010
1111101111011000
1110111010001100
1110011000111100
1110111010001100
1110100110010000
1101110111101100
1110100110010000
1110101100111000
1111000111011110
1111000111011110
1110111010001100
1111111100101100
0000010111010010
0001000101110100
0001000101110100
0000001001111110
0000010111010010
0000010111010010
0000110001111000
0001100000011010
0010001110111100
0010011100010000
0010010101100110
0010000001101010
0001100111000100
1111111100101100
0000000011010100
1111100010000111
0000000111000110
0001000111000010
0001110001101000
0000101010101000
1111100011100110
1101111001000100
1110101010110010
1110110001111000
1110100011101010
1111000000000111
1111000000000111
1110100011101010
1110110001111000
1111000111001100
1111100011100110
1111101010101100
0000000000000000
0001110001101000
0001101010100010
0000101010101000
0000100011100000
0000111000110100
0000110001101110
0001101010100010
0010000110111100
0010010101001010
0010011100010000
0001110001101000
0001000111000010
0000110001101110
0000100011100000
1111111000111010
0000001111111011
0001001100100010
0001011100011110
1111111001101000
1111010000001010
1110101101000110
1110110110101010
1110110000010010
1110100000010110
1110001101001110
1110100000010110
1110101101000110
1111000011011010
1110100000010110
1110110011011110
1110110110101010
1111100110100000
0000110110001101
0000111001011010
0000101111110110
1111101100111000
0000011001100000
0000000011001100
0001010110000110
0001001111101110
0010001100010100
0010011100010000
0001101100011010
0001001111101110
0001010010111010
0000110110001101
0000001100110000
1101100011110000
1101100011110000
1101100011110000
1101100011110000
1101100011110000
1101100011110000
1101101000000010
1101101001110000
1101101000010110
1101101001011110
1110010101110110
0001001011010000
0001111100011111
0010010011111100
0010010100100010
0001101101000010
0001001011100100
0000110101100000
0000100001110010
0000010001110000
0000000100100110
1111011000100000
1110010100111110
1101111010010110
1101101100111010
1101101010010110
1101101001110000
1101101010000010
1101100011110000
1101100011110000
1101100011110000
1101100011110000
1101100011110000
1101100011110000
1101100011110000
1101100011110000
1101100011110000
1101100011110000
1101100011110000
1101101001110110
1101101101110110
1101101100101110
1101110010101000
1110011000111010
0001000001010110
0001110101111100
0010010011010010
0010010101001100
0001101011110110
0001001100110010
0000110111011100
0000000111001111
1111110101111010
1111100100100100
1111000000100100
1110001011111110
1101111100001000
1101110011011000
1101110000100010
1101101111000000
1101101100101110
1101100011110000
1101100011110000
1101100011110000
1101100011110000
1101100011110000
1101100011110000
1101100011110000
1101100011110000
1101100011110000
1101100011110000
1101100011110000
1101100101110100
1101110010010100
1101110100111100
1110101001000000
1111000100101000
1110001001101000
1110010100001101
1110010111010100
1110010111101100
1110100001011110
1110100101011000
1110101111111011
1110001011010100
1110000100011000
1110000001111100
1101110111001100
1101111011001100
1110011010011100
1110011000111000
1101111101110010
1101111110110100
1101101101001000
1101100011110000
1101100011110000
1101100011110000
1101100011110000
1101100011110000
1101100011110000
1101100011110000
1101100011110000
1101100011110000
1101100011110000
1101100011110000
1111010011010110
1101110001001010
1111001110111010
0000101000001100
0010011100010000
0001100110101100
1101100011110000
1101101100101100
1101100011110000
1101100011110000
1101100011110000
1110000011000000
1110000011000000
1101111010000100
1101111010000100
1111000001100000
1110110100000110
1101110101100110
1101110001001010
1101101100101100
1101110101100110
1111001010011100
1101100011110000
1101100011110000
1101100011110000
1101100011110000
1101100011110000
1101101010100000
1101100111000010
1101100011110000
1101101010101000
1101100111111010
1101101011000010
1101101100100110
1101100111100000
1101100110001100
1101100111010100
0010000011000110
0010000100111000
0010001001111110
0010001111001100
0010001111111000
0010010000000000
0010011010011100
0010011000110100
0010011011100110
0010001001011110
1111100100111010
1111111010100000
1110010111001101
0000010010000110
0000111100000010
0001010110100000
0001101011110110
1110000011000000
1111011000011010
1111101101010000
1111110011100000
0000101111111010
0000011001000000
0000100011011010
0000001100100000
0000000110010000
0000010110111010
0000011111010000
0000010100110110
0001000000100110
0001011001100110
0001101100010110
0010011100010000
0001110000100000
0000010010110000
0000001000010110
0000000110010000
0000000100001010
0000000110010000
0000000000000000
0000000110010000
0000000110010000
0000010100110110
0000000010000110
0000010010110000
1111110011100000
1111011010100000
1111101101010000
1111011110101010
1110111001001010
1110111111001000
1111011010100010
1111100111010110
0000000100100100
1111101001001010
1111110101111100
1111000100100110
1111010101000100
0000101110100110
0000110000011100
0000010011001100
0000100101011110
0010000100100000
0001111011010110
0010011100010000
0001111011010110
0001001101101010
0001000010101110
0000000000111001
1111111001100110
1111011100011000
1111100011101100
1111111111000111
0000001011111000
1111111001100110
1111110010010010
1111110100001000
1111110111110010
0000000000111001
0000010011001100
0000010101000010
1111110010010010
0000011011111110
0000101000010000
0000001100111110
1111110111001000
1111101000001000
1111111001110110
0000000100110010
0000000111100000
0000110011001100
0000111011011000
0000110101111001
0001110011010100
0010011001100010
0010010100000100
0010011100010000
0001111000110010
0000100010110100
0000010111111000
0000010001000100
1111111100100110
1111110001101010
1111111101111100
0000111011011000
0000110100100010
1111111100100110
1111110101110000
1111110111001000
1111111000100000
1111110111001000
0000100101100010
0001000000110100
0000001111101100
1101101011110000
1101100011110000
1101100011110000
0010011100010000
1101100011110000
1101100011110000
1110000011000000
1110110001111000
1101100011110000
0000011000010000
0000011101101000
0000111011010010
0001000011010110
0000111011010010
0000110000100000
0000111011010010
0001001110001000
0001111110101000
0010010001011110
0010010100001010
0010010110111000
0001011110010010
0001100000111110
0010011100010000
0000111101111110
0000111011010010
0000101011000110
0001100011101100
0001100011101100
0000010010110110
0000011010111100
0000101011000110
0000000101011000
0000100101101110
0001000110000010
0000100000010100
0001000000101010
0000110101111000
0000111000100100
0000000101011000
1111010010001100