1110111101111010
0000100010101110
0001001010001000
0001000110001000
1110111111111010
1110010101110110
1111001001111010
1111000001001110
1110111011111010
1111011000100110
1111011001010010
0000000011010110
0000010110000001
0001000001011100
0001100000110100
0001011110001010
0001011000001010
0010001110001110
0010011100010000
0010001110001110
0001010111011110
0000100110101110
0000110110110000
0000111101011100
0000110111011100
0000111001011100
0000000011010110
1111000101111010
1110000110011110
1110001111001011
1101111001110010
1110001010011110
1110110000001000
0000010001000000
0000100010010110
0000001011001110
1110110001011010
1101111100110010
1110100110100000
1110110100100110
1110010010100110
1110011101100000
1110110111001010
1111000010101110
1111100100000110
0000000010111000
0001010000100010
0001010011000110
0001000001001000
0001011111111100
0010001100001110
0010011100010000
0001101110000100
0001010110111100
0000111111001110
0001011010110100
0001100000100100
0000111101111011
0000010000011000
1110110110100010
1101111010001110
1101111000010010
1101101000111000
1110011011100100
1110111101001110
0000000110110000
0000110010010000
0000010010011000
1110000101011100
1101110000000000
1110101011011100
1110111010001010
1110011101010110
1110110010001100
1110111000111010
1110111101110100
1111000111000000
1111110110001100
0000110101111001
0001000101110110
0000110010110110
0000111101111000
0001100100100000
0010011100010000
0010010100010010
0001011100100001
0000111111101110
0001001001100010
0001011101110000
0000101101111110
1111111101100100
1110101111101110
1110010011100010
1101111011101010
1101111001001100
1110011010010010
1110011100110100
0000001100001110
0000110000111010
1111101100010100
1110110010100100
1110001011110111
1111001001101010
1111010001001000
1110110000100010
1110110110101000
1110100101101010
1111000001100000
1111001001101010
1111111011111100
0001001000101100
0001010010111000
0000101011011110
0001001000000000
0001101100101100
0010011100010000
0010010000101100
0001101001111110
0001001001011000
0001100011111000
0001100011111000
0001010000110110
0000010001101010
1111010100100010
1110100111000000
1101101100100110
1110000110011010
1110010101010110
1110111100101010
0000010110111010
0000110000111010
1111111100010000
1111000111100110
1111000001011100
1111011000000000
1111100011101000
1110101000110100
1111010100100110
1111100000001100
1111100101101100
1111101111010000
0000011011101100
0001100010001000
0001110001001010
0001001010001100
0001000110000110
0001110111010011
0010010011011000
0010010010101100
0001110101010010
0001001100111100
0010001100100010
0010011100010000
0001100101100010
0000110000111010
1111010111010100
1110110111001100
1111001100011000
1110001010101110
1110011001000110
1110000110101010
1111111001101000
0000001110000100
1111000100110100
1101110010001110
1110000011010000
1110010111101100
1110011100110100
1110100001111010
1110011001011010
1110000011010000
1110101101110110
1111000001011010
1111100001110011
0000101111010000
0001011110000110
0000110100011000
0000101011110110
0001011110000110
0010001100000100
0010011100010000
0001010101100100
0000110000001000
0000111111011100
0001100111011110
0001101000010100
1111110110001110
1111010000110000
1110100110001010
1110010010100110
1101110010001110
1110000000101100
1101110111100000
0000001000000110
0000011000010000
1110011111000010
1101110101101110
1101111011000110
1110101110010010
1110110101011110
1110000010010010
1110100001101110
1110101111001100
1110111111010110
1110111000001010
1111001100110100
0000100110101000
0000110111101100
0000000111001100
0000011000010000
0000101111100110
0010001110110010
0010011100010000
0001011100100000
0000010111010110
0001001011011100
0001100110011000
0001010111000110
1111100110110110
1110110011101010
1110001101111110
1101111011000110
1110001101000100
1110010110000010
1111110110110100
0000010010011000
0001100101000110
0000110111001010
1111101101101000
1110110110011110
0000001001001100
0000001001001100
1111101101101000
0000101101111110
0000110111001010
0001010010101110
0001011011111001
0000011011100100
0010000000101100
0001110111100000
0001010010101110
0010001001111000
0010011100010000
0010000000101100
0001011011111001
0000011011100100
0000110111001010
0001010010101110
0001010010101110
0000100100110000
0000100100110000
1111011011010000
1111101101101000
0000000000000000
0000000000000000
0000001001001100
1111011000111100
0000111010100110
0001000001000110
0001001110001000
0000000110100000
1111101100011110
0000001101000010
0000001101000010
0000001101000010
0000000110100000
0000101101100100
0000111010100110
0001100001101010
0010000010001110
0010000010001110
0001101110101100
0010000010001110
0010011100010000
0010010101110000
0010001000101110
0001111011101100
0001101000001010
0001101000001010
0001101000001010
0001011011001010
0001000001000110
0000101101100100
1111111001100000
1111000101011010
1111000101011010
1110010111110110
1110101011011000
1110010010101000
0000100111000100
0000110110101100
0000011111010000
1111010101000010
1110111001101100
1111000001100000
1111000101011010
1110100010010000
1111100100101010
1111110000011000
1111100100101010
1111010101000010
1111111100000110
0001011101110000
0001100001101010
0000011111010000
0000111010100110
0001101101011000
0010011100010000
0010010100011100
0001011101110000
0001001010001110
0001010010000010
0001110101001100
0001100001101010
0000110110101100
1111011100110110
1111100100101010
1111100000110000
1110001110101110
1101111111000110
1101110001111000
1101110101011010
1101110011101000
1101110011101000
1101110110010010
1101110000000110
1101110001000000
1101110010110000
1101110001000000
1101110110010010
1110100101000100
0001101001111100
0001100001000101
0000111011001010
0000011011011000
0000101110110010
0000001000110100
1111110001111001
1111001111011100
1110110100111110
1110110010010100
1110101101111010
1110011110111011
1110001110001000
1101111011100110
1101111011100110
1101100011110000
1101100011110000
1101100011110000
1101100011110000
1101100011110000
1101100011110000
1101100011110000
0000101011010010
0000101110100010
0001010001011110
0001001000001000
0010000011111000
0010001101101000
0001001100001100
0000111011111100
0000110010001100
1111101101100000
1110111101001010
0001010110110000
0010000110010100
0000110110101010
0000010010111010
0000011010001110
0000010111011000
1111111101010110
1111001111011100
1110110000001010
1110101000011100
1110100000010100
1110010000011100
1110001001111100
1101111011101110
1101111001010010
1101100011110000
1101100011110000
1101100011110000
1101100011110000
1101100011110000
1101100011110000
1101100011110000
0010011100010000
0010011100010000
0010011100010000
0010011100010000
0010011100010000
0010011100010000
0010011100010000
0010011100010000
0010011100010000
0010011100010000
0000110011000010
1110010100000000
1110001100101110
1110011001111010
1110011001111010
1110010010101000
1110101101101100
1110101000100000
1110100001001100
1110011110011010
1110100010100100
1110011010110000
1110001010010010
1110011001111010
1110000000111010
1101110100011010
1101100011110000
1101100011110000
1101100011110000
1101100011110000
1101100011110000
1101100011110000
1101100011110000
1101110001001010
1101111010000100
1101101100101100
1101101000001110
1101101000001110
1101110101100110
1101101100101100
1101110101100110
1110010000011011
0000110101100100
0010011100010000
0010011100010000
1101101100101100
1110010100110110
1101110001001010
1101100011110000
1101100011110000
1101110101100110
1101101000001110
1101101000001110
1101100011110000
1101101100101100
1101101000001110
1101111010000100
1101111110100010
1110000011000000
1101100011110000
1101100011110000
1101100011110000
1101100011110000
1101100011110000
1101100011110000
1101100011110000
1111110100100100
1111110001101010
1111110001110110
1111110010010000
1111110100000110
1111101001111000
1111100111000010
1111011011101010
1111011110101010
1111110100110110
1110011100011010
1110011110011000
1110100001110010
1110101001000100
1110101101010100
1110110110000100
1110111110100000
1111001101111100
1111011100100110
1111101110111000
0001001000111010
0000001011000010
1110101110100010
1111011000110010
0001011011001110
0010000011111000
0010010111011000
1110110001111000
1110100110010110
1110001100001100
1110101110011110
1111001000101000
1111010010010000
1111011010101000
1111000100011100
1111011101010110
1111100101000000
1111101101111000
1111110111111110
1111111010011100
1111111000101110
0000000100010100
0000011100001111
0000111110010010
0000111100010100
0000101110110000
0001000010111110
0001100101010000
0010000110000100
0010001011011110
0010001000000010
0010010111010100
0010011100010000
0010010011011000
0010010100010110
0010010100010110
0010000100110100
0001111111111000
0001100010000010
0000100001011010
1110011001110000
1110001101010010
1110100011100100
1111001000110010
1111001100010000
1111010101111000
1111001100010000
1111001011000010
1111100101000000
1111100100011000
1111111101110000
1111110100010110
1111110100110000
1111111001101010
0000000011101100
0000000110010110
0000011001001010
0000101110101000
0001000010010000
0001010111001000
0001110101011010
0010001111100100
0010001111011000
0010001110111110
0010001100111010
0010010001101000
0010011100010000
0010010010101000
0001111011100010
0001111111011010
0001110000011110
0001001110111100
1110010100011010
1110001101000010
1110100000111110
1111000000010010
1110111011100010
1111011101101110
1111011111011000
1111010111110010
1111011101101110
0000010010101000
0000000100011000
1111111001000000
0000000101100100
1111111101000010
0000001100011110
0000011110000010
0000011001111101
0000101110111000
0000110100110010
0001010110111110
0001111011111110
0010001110111110
0001110111101110
0010011100010000
0010011000101100
0010000110001100
0010010110110010
0010000101101110
0001101100100100
0001101101111110
0001101011011000
0001000111100010
1110100110011010
1101100011110000
0010011100010000
1101100011110000
1101100011110000
1101100011110000
1101100011110000
0010011100010000
1101100011110000
0000001110110100
0001001010000000
0000110110010010
0000011011111110
0000011011111110
0001001010000000
0000110011000000
0001110100110001
0001100111101000
0010010010011000
0010011000111110
0001111000000100
0010011100010000
0010001111000110
0000011000101010
0000101100011010
0000000100111100
1111101010101000
0001100100010110
0001010000100110
0000101100011010
0001010011111000
0001001010000000
0000011000101010
0000011000101010
0000100101110110
0000111100110110
0001000110101110
0000101111101100
0001000000001010
0000101111101100
1110001110100000