1110110010001100
0000101111000100
0001001100100000
0000111000111000
1110111111111100
1110001110010000
1110010111011010
1101110000001010
1101101010111100
1101111011010010
1110011111010000
1110100111110000
1111001110010100
1111110100001110
0001001101001010
0010011100010000
0010001001010010
0000100111001110
0000100000000010
0001011100001100
0010001111110110
0010010111000010
0001011011100010
0000101000100010
0000000011111100
1111111011011100
0000000011111100
0000100001010110
0001001011110110
0010000100101110
0010010001001000
0001110010011010
1110101010100010
0000011011111010
0001001010101100
0000111100111000
1110110111101110
1110100011111101
1110010110101110
1101111110110000
1110001000010110
1110010001111100
1110100000010110
1110110111101110
1111001011100010
1111101000010100
0000100111010010
0001110111000100
0010000100010000
0001011100101010
0001001000010010
0001101000101001
0010011000000100
0010011100010000
0001010111111000
0000111110000101
0000010110100000
0000011101000110
0000101011100000
0001001010101100
0001111110111000
0001111110010000
0001110001101010
0001000101010010
1110100110100000
0000010000110110
0001001100100000
0000111100100100
1111000001101100
1110101101000000
1110001101000110
1101111001100110
1110000001111000
1110000111110010
1110010111001010
1110011110110100
1111000100101000
1111011100010000
0000000010000100
0001010010011010
0001111111010100
0001111111111010
0001000111001100
0001100010010110
0010011100010000
0010010010001110
0001100001110010
0000100011001010
0000011100000100
0000011110011100
0000100110101100
0001010010011010
0001110110011100
0001110101010000
0001010100001011
0000110011101100
1110101001111000
0000010110001010
0001010001110011
0000111110001000
1111001001010000
1110100011101110
1110001011110000
1110010011101111
1101111100111110
1110010100111110
1110011000101010
1110101001111000
1111000001111000
1111011011000110
1111110010011110
0001000110001000
0010000011101010
0010010000100100
0001101110101110
0001110111010110
0010010011000010
0010011100010000
0001011010011100
0001000011000100
0000100001001110
0000101000100101
0000101101100010
0001100111111110
0010001111010110
0001110001110100
0001001111010110
0000110001001110
1110110101110100
0000011111110111
0001001010110100
0000100011101010
1111001011010010
1110100001000000
1110001110000100
1110010010011110
1101111011110000
1110000010000100
1110010000100101
1110011011111100
1110101110010000
1111000100010111
1111101000111110
0000101011010000
0001110110011000
0010010100101100
0010000100010000
0001100011011100
0010011001101110
0010011100010000
0001110011001110
0000111011000010
0000011111010000
0000011010110110
0000110000010010
0001110001111100
0010000111011010
0001111011011001
0001001101111110
0000101000101110
1110111100011000
0000100010101000
0000111110011100
0000011010001110
1111001111110100
1110100011001011
1110010110111001
1101111111100100
1110000010001010
1101110101001110
1110011000001010
1110001111110000
1110100111101100
1111000010110110
1111011110101100
1111111111101100
0001011001100110
0010010111101110
0010011100010000
0001100110100100
0010010110011100
0010001100000100
0001110100001000
0000111111000110
0000001101010000
0000001000110000
0000100001111110
0001011100001100
0001101100011000
0001100110100100
0000100000000010
1111111001110110
1111110100100100
0000111110001100
0001000110010110
0000110111101000
1111000101000110
1110010010011000
1101111101001000
1101111001000010
1101110011010010
1101100111110110
1101110110100100
1101110011010010
1110011101110110
1110011010100100
1110101001010010
1111010011000000
0000100001100010
0010000010000100
0010011100010000
0010010010011100
0001110000000011
0010000110111110
0001111101001010
0000101110101000
0000000001101000
1111011110011110
1111101101001100
0001000101100010
0001110101110100
0001011101010000
0000000111011000
1111010000100100
1111100000110000
0001000110010100
0000111110100000
0000101110111000
1111110000011000
1110100010010000
1111000001100000
1101101011100100
1110011010011100
1110001010110100
1111000001100000
1111001001010100
1111011000111100
1111111000001100
0001111101000000
0010011100010000
0001011101110000
0000010111011100
0000001111101000
0001001110001000
0010001100101000
0010011100010000
0001010101111100
0000011111010000
0000000111110100
0000000000000000
0000000111110100
0000010111011100
0000000000000000
0001010101111100
0010010100011100
0001100101100100
0000000110110010
0000101111100100
0001010001100010
0001000011111100
0000001101100101
1111001001101010
1111101011101001
1111010000011100
1110111100000100
1110110101010010
1111100100110101
1111110010011011
1111101011101001
0000011011001011
0001001010101110
0010011100010000
0010000111111000
0000111101001010
0001000011111100
0001011111000110
0001101100101100
0010010101011110
0000101111100100
0000101111100100
0000011011001011
0000100001111110
0000011011001011
0000110110010110
0000110110010110
0001011111000110
0010001110101010
0001001010101110
1111000011001010
0000101100011010
0001001101010100
0000111001100100
1111011010001010
1110111100100100
1110101100001000
1110011000011000
1110011000011000
1101100111000010
1110110010101100
1110111111110110
1111001001101110
1111011101011110
1111110111110010
0000001011100000
0001110001100000
0010010010011000
0010001111000110
0001001101010100
0010011000111110
0010011100010000
0001111110101010
0000111100110110
0000001000001110
0000011000101010
0000101111101100
0001110100110001
0010001111000110
0010000001111100
0001000110101110
0000010101011000
1101101010000000
1101100101010110
1101100110000000
1101100101110100
1101100101111010
1101100111011110
1101101010110110
1101110001000000
1101110001011100
1110001100110000
1111010101011110
0000101101111010
0001101011011010
0010001110101010
0010011010111100
0010001111110000
0001101110001110
0001001111000000
0000110001101110
0000001010101010
1111010101111011
1110100101000110
1110000010111000
1101111000010000
1101101011001110
1101100111111100
1101100011110000
1101100011110000
1101100011110000
1101100011110000
1101100011110000
1101100011110000
1101100011110000
1101110000000000
1101110111101110
1110000010110100
1110000001101100
1101111111111010
1110000010111100
1110000110100000
1110001010001110
1110001011110000
1110010110100100
1110110111110110
0000000010010110
0001000101011110
0010001011111100
0010001011001010
0010001101001010
0001011000010000
0001010001001000
0001000101111110
0000010011011110
1110111111011110
1110001011011010
1101111001000000
1101101111100100
1101101010001100
1101101000000100
1101100011110000
1101100011110000
1101100011110000
1101100011110000
1101100011110000
1101100011110000
1101100011110000
0000100110100010
0010011100010000
0010011100010000
0010011100010000
0010011100010000
0010011100010000
0010011100010000
0010011100010000
0010011100010000
0001101111111110
1111000100000110
1110101010011100
1110111101001100
1110111011010000
1110101100110010
1110001101111100
1110001011111110
1110100000101100
1110011101111100
1110010100010111
1110000100101110
1101110101000110
1101110111100010
1110010111010100
1110111001001010
1110011111001000
1101100011110000
1101100011110000
1101100011110000
1101100011110000
1101100011110000
1101100011110000
1101100011110000
0010011100010000
0010011100010000
1101111010000100
1101101100101100
1101101000001110
1101110101100110
1101110101100110
1110000011000000
1111000001100000
0010011100010000
0010011100010000
0010011100010000
1110000011000000
1101101000001110
1101100011110000
1101100011110000
1101100011110000
1101100011110000
1101110001001010
0000000000000000
0000110001000110
0001010000010110
1111000101111110
1110101011001101
1110100010010000
1110100110101110
1101100011110000
1101100011110000
1101100011110000
1101100011110000
1101100011110000
1101100011110000
1101100011110000
1110110001010110
1110101101110100
1110101111001100
1110101110110010
1110110010001000
1110110110110000
1110111010111110
1110111100110100
1111000011101010
1110110101010110
1111100000100010
1111100000011100
1111100100011110
1111100101000000
1111101001111000
1111101111011000
1111110110100110
1111111110111000
0000001001110010
0000011011110000
0000011011000110
1111111000101010
1110111010100100
1111011101001100
1111111101101000
0000011100000010
0000110010011110
1110100110001010
1110011011000010
1110101011011110
1110111010111110
1111000000111110
1111001101111010
1111011111010010
0000000101110110
0000001011100010
1111111010110010
1111101111011010
0000001111000000
0000001000011000
1111111011000110
0000010010110100
0000011001001000
0000101011011100
0000100000011000
0001000000010100
0001010110000110
0001101000110000
0001111000100010
0010011100010000
0010011000110010
0010010111110100
0010010101010100
0010011100010000
0010000100111000
0010000100010000
0001111100101001
0010000001000100
0001100101111010
0000111101110001
1110000100000000
1101111111111100
1101111010111010
1110010100111010
1110011110000000
1110110111010110
1110111100101100
1111110001111010
1111100111100100
1111100011110100
1111111011101000
0000000000010100
1111110011001010
1111110110010010
1111111110001000
0000010001100010
0000001101011110
0000100100101000
0000111110111100
0001000111101110
0001100010000000
0001110011100001
0010000101000110
0010010001100110
0010010100000110
0010011100010000
0010010100000110
0001110001101010
0001110010010010
0001110111010011
0001110100011101
0001010110011100
1111111001110100
1111111011111000
1110111100101100
1110110110110110
1110110101001000
1110111100101100
1111001111010000
0000100101011100
0000100101110010
0000001000100110
0001000000001110
0000111001101011
0000000011110010
0000001001010010
0000100011101110
0001001000110100
0001000011010100
0000100101110010
0001010011000110
0001101111010000
0001110010010110
0010001000101100
0010000101010000
0010000100111010
0010001000000000
0010011100010000
0010000110101000
0010001000101100
0010000101111100
0001101100001100
0001100100111110
0000100110001000
1101110101000000
1101100011110000
0010011100010000
1101100011110000
1111000001100000
1101100011110000
1110000011000000
0010011100010000
1101100011110000
1111100110011000
1111011100001000
1111100110011000
1111110011001100
1111110101110000
0000000101001000
0000010001111100
1111111010111000
0000101011100010
0010011100010000
0001111101100000
0001110101110100
0001000010100110
0001000111101110
0001000000000010
0000101011100010
0000101110000110
0001000000000010
0000111101011110
0000100011111000
0000100011111000
0000111101011110
0000110000101010
0000010111000100
1111111101011100
0000010111000100
0000011001101000
1111111010111000
0000100011111000
0000100001010100
0000011001101000
1111110000101000