1111000110011000
1111101101010000
0000001110100110
0000011100011110
0000111100011010
0001101101000010
0001101101000010
0001100001111010
0000110100000101
0000100100110100
0000011111010000
0000111101110100
0000111011000010
0001000000100110
0001100110000110
0001011101110000
0010000111011010
0001111010111010
0001011101110000
0001110011111110
0010000100101000
0010001010001100
0010010011111010
0010011100010000
0001111010111010
0001110011111110
0001010010101000
0001011000001100
0000111001101000
0001000001111110
0001000111100010
0000111001101000
1110101011010111
1111011010001010
0000010001001110
0000001010010100
0000100011000110
0001111011001110
0001101101011100
0000011101100110
0000100111010000
0000011110111101
0000011100001110
0000101000101000
0000111011111000
0001001100011010
0001010100101001
0010001011101110
0010011100010000
0001110111000110
0001110000001100
0001110010111100
0001011111101100
0001111101111110
0010010010101000
0001111000011110
0001011011100100
0001011010001010
0000100011000110
0000101110001000
0000100011000110
0000110010010000
0000100011000110
0000011010110110
1110111100100000
1111100000110000
0000011100110000
0000010001100000
0000111111101111
0010000000110000
0001110100010000
0001100010110000
0000111111101111
0000011111010000
0000101001010000
0000111110100000
0001001100010000
0001011101110000
0001111110010000
0001111101000000
0001111010100000
0001100101010000
0001101100101111
0001101001000000
0001111101000000
0010011100010000
0010010100110000
0000111110100000
0001100000010000
0001011010000000
0000100011000000
0000110000110000
0000101001010000
0000110011010000
0000110101101111
0000111010110000
1110101000110000
1111001110101000
0000010000111010
0000001011100000
0000111001100000
0001110111101110
0001100011011100
0001101110010000
0001001011000110
0000101110101100
0000110101011100
0001000100010100
0001010001110110
0001110010010100
0010011100010000
0010010001011100
0001110101000010
0001100000101110
0001111001000100
0010000001001100
0001011011010100
0001111111110110
0010000101010000
0001011000100101
0000111010110110
0000111010110110
0000110101011100
0000010110010100
0000011101000110
0000101001010000
0000100111111010
0000100110100100
1110111111010100
1111101110010000
0000100111100000
0000100001110010
0000101101001110
0010000101010110
0001111110100000
0001101110011110
0001011111100110
0001011001110110
0001001100001000
0001001100001000
0010000001111100
0010011100010000
0010010100010000
0001111111101000
0010001110100000
0001110111100111
0010010111101010
0010001011000110
0010001000110010
0010000011000100
0001010000101100
0001000100000110
0001000100000110
0000011111011110
0000010001110000
0000011000101000
0000011111011110
0000011110010110
0000011111011110
0000110100000101
1110111100111000
1111110111011110
0000001110101010
0000010101111110
0000111000001010
0001001110001000
0001011100110010
0001010101011011
0001000101100110
0000010111001100
0000101111100110
0000100000111110
0001000100011000
0010010110001010
0010011100010000
0001101101111000
0000111101000010
0001011001001000
0001010001110010
0000110011010010
0001001001010000
0000100011011010
0000001100001110
1111111001111010
1111100111100110
1111011011011000
1111011111000010
1111011101110100
1110111100111000
1111011101110100
1111011111000010
1111010010110110
1101111001011110
1111001001101100
1111010101011000
1111011100000100
1111011111011010
1111110000001000
0000001111111000
0000011110111010
0000001001001100
1111010010000010
1111101110011110
0000000000110110
0001011100110000
0010011100010000
0010001110111000
0001111100011111
0000010100111000
0000001010111000
0000100000100110
0000011000001110
1111100010110000
1111111011110100
0000010001100010
1111111000011110
1111101001011100
0000001010111000
1111011000101110
1111011101110000
1111010101011000
1110110000101000
1111001110101100
1111101001011100
1111100100000110
0000001011001010
0000011011111010
0000111101011000
0001000010111110
0001011110111000
0001101111100101
0001101111100101
0000111101011000
0000110111110100
0001001000100010
0001001110001000
0000110111110100
0001100100011100
0001110101001100
0001101111100101
0010000000010110
0010010110101010
0010001011100000
0001110101001100
0010010110101010
0010010001000110
0001110101001100
0010011100010000
0010010110101010
0001110101001100
0001100100011100
0001101010000010
0001010011101110
0001001110001000
0001101010000010
0001011110111000
1110100101001010
1111011111010010
0000000011100111
0000000011100111
0000110110100000
0001101001011000
0001000101000010
0001000101000010
0000111101110001
0000010010001010
0000010010001010
0000100111111110
0000000011100111
0001001100010100
0001010011100100
0001111111001011
0010011100010000
0010001101101110
0000101111010000
0001110111111010
0001101001011000
0001110000101010
0010001101101110
0010001101101110
0001011010110110
0001011010110110
0001000101000010
0000011001011100
0000100111111110
0000011001011100
0000001010111010
0000111101110001
1111000100101110
1111111010101000
0000011110100010
0000100010001000
0000110111101100
0001110001001010
0001111000010110
0001101001111110
0001001001101000
0000111011010010
0000110111101100
0000111011010010
0001100010110010
0010011100010000
0010001101111000
0010001101111000
0001100010110010
0001100010110010
0001101001111110
0001010000110100
0001101101100100
0000101100111010
0000010011110000
0000100101101110
0000010000001010
1111111110001110
0000001100100100
0000000001110010
1111110011011100
0000001000111110
1111101000101010
1111111110001110
1101100011110000
1101100011110000
1101100011110000
1101100011110000
1101100011110000
1101100011110000
1101100011110000
1101100011110000
1101101011100110
1101101101110000
1110100110010110
0000010100111010
0001010100000000
0010000100110000
0010001110110000
0010011100010000
0010001100001010
0001110100101010
0001001010111000
0000010010010010
1111010011100110
1101111110110000
1101110011011010
1101110001101100
1101101100011110
1101110000011000
1101101100000010
1101101110001100
1101101101010100
1101101100011110
1101101111100000
1110100010000000
1101110111010110
1101100011110000
1101100011110000
1101100011110000
1101100011110000
1101100011110000
1101100011110000
1101100011110000
1101100011110000
1101100111111010
1101101000000100
1110011011110110
0000100011111110
0001001110101010
0001111101000110
0010000111101000
0010000010001110
0010010111000010
0001111011110000
0001000000010100
1111100110011000
1110100110000110
1101110111011000
1101101011110000
1101101001011100
1101101000001010
1101101000110010
1101100111111010
1101101000010000
1101100111110100
1101100111001010
1101100111101000
1110101010010000
1111110011010000
1101100011110000
1101100011110000
1101100011110000
1101100011110000
1101100011110000
1101100011110000
1101100011110000
1101100011110000
1101110001010010
1101101010000000
1110011110100111
1111000011100101
1111011011100010
1110110110000010
1110101110110000
1110111110011000
1110110111000100
1110111111111100
1111000110001100
1110111010011110
1110111000111010
1111001001010100
1110010110110010
1101111010101010
1101111110110100
1101111011101100
1101101111001100
1101101110001010
1101110000010000
1101101110001010
1101110001110100
1111101010101000
0010011100010000
1101100011110000
1101100011110000
1101100011110000
1101100011110000
1101100011110000
1101100011110000
1101100011110000
1101100011110000
1101101100101100
0010011100010000
0010011100010000
0010011100010000
0010011100010000
1110111101000010
1101110001001010
1101110101100110
1110000011000000
1111101110001010
0010011100010000
0010011100010000
0010011100010000
0010011100010000
0010011100010000
1110010000011011
1110010000011011
1101110101100110
1101110001001010
1101100011110000
1101100011110000
1101100011110000
0010011100010000
0010011100010000
0010011100010000
0010011100010000
0010011100010000
0010011100010000
0010011100010000
0010011100010000
0010011100010000
0010011100010000
0010011100010000
0010011100010000
0010011100010000
0000000111110000
0000000100111000
0000000100111000
0000000010100100
1111110100111100
1111101100010110
1111100110100000
1111011001011110
1110111111110110
1110001001011100
1110100010010000
1110010111001110
1110110000011110
1111111001101010
0001001000101100
0001101011000000
0010001011000100
0010011100010000
0000011011111010
0000101100101010
0001010011101110
0001110101001100
0001111010110010
0001110101001100
0001101111100101
0010001011100000
0010010110101010
0010010001000110
0010000000010110
0010011100010000
0010010110101010
0001101010000010
0000110010001110
0001001000100010
0001011001010010
0001100100011100
0001011110111000
0001011110111000
0001101010000010
0001011110111000
0010000101111100
0010000101111100
0001101111100101
0000101100101010
0000110111110100
0000100001011110
0000000101100110
0000000101100110
0000010000110000
1111110100110110
0000010011101110
0000100101111100
0001011001100000
0001100010100110
0001100010100110
0000111011001010
0001011001100000
0010000000111100
0010011100010000
0010000111000000
0010000011111110
0010010000001000
0010000011111110
0001010000011001
0000100101111100
0000110101000110
0001011001100000
0001101011101110
0001000100010000
0001011100100001
0001010110011110
0010000000111100
0010010011001010
0010010011001010
0001010110011110
0000111011001010
0000110010000100
1111101001010000
1111101001010000
1111100011001100
1111100000001010
1110110010101000
0000001110011111
0000101000010001
0001100010010000
0010001000111010
0001000101010000
0000111110110100
0001011000100101
0001101011111100
0001110101100110
0010001111011000
0010011100010000
0010001111011000
0001111100000001
0001011000100101
0001000101010000
0001011011110100
0001001000100000
0001001000100000
0000111110110100
0000100101000100
0001001110111100
0001111111010000
0010000101101100
0001100101011110
0000101011100000
0000100001110100
0000100001110100
1111101110010010
1111101110010010
1111110001100001
1111010001010010
1110101010101000
0001010011011010
1101100011110000
1101100011110000
0010011100010000
1101100011110000
1101100011110000
1101100011110000
1101111101110010
0010011100010000
1110001001110010
1110000011001010
1110011000101010
1110101100100000
1110101111110100
1110111110101100
1111011110000110
1111101000000010
1111101000000010
1111100001011010
1111011100011100
1111010101110110
1111110101010000
0000000000110100
0000000000110100
0000011011010010
0000010001011000
0000101000100000
0001000100101000
0001011111000100
0001010110110100
0001110100100100
0001111001100010
0010000110110000
0001110111111000
0001101001000000
0010011010100110
0010011100010000
0001111011001100
0001101101111110
0001011111000100
0001000111111100