1111010110110100
0000101010001110
0001001111001100
0000111111010110
1111110101011101
1110100011000110
1110000011011100
1101111101000110
1101111010111110
1110000101100010
1110001010110100
1110011010101011
1110111011011000
1110110110000110
1111000100111000
0000001000011100
0001001000110110
0001110010000010
0001101101110100
0001001110001000
0001011100111010
0010010010110000
0010011100010000
0001000111110010
0000101001001100
0001000101101100
0000110000100100
0001110110010000
0001110011000100
0000011110101000
1111110010010010
1111100110101010
1110110110011110
0000011110101000
0000110001110010
0000110101101000
1111011011010000
1110010111000100
1110110001111000
1110011010111010
1110010000111100
1110010000001100
1110010111000100
1110011000100110
1110111110001000
1110111110001000
1111001001101001
0000000000110010
0000111010001110
0001110010001000
0001111010100100
0001100101000110
0001110011101010
0010011100010000
0010010111101010
0001110001010110
0001001100100110
0001010101110010
0001010101000010
0001010101000010
0001011101011100
0000100000001010
1111100010111010
1110101000101100
1110101101010010
0000010100100000
0000011010001010
0000010101111010
1111001000001010
1110010001101110
1110101010011100
1110011110011100
1110010101010000
1110010001101110
1110100011011000
1110011110011100
1110111011011010
1111000110101110
1111011101010110
0000000111000011
0000101101111110
0001111110100100
0010011001011100
0001111011000010
0001111001100110
0010011100010000
0010011100010000
0010000010110100
0001011111011100
0001101000101000
0001101010000100
0001100101110100
0001011110000010
0000101011110110
1111101100111010
1111000001000100
1110100001001010
0000001010000000
0000011100101000
0000010010111110
1111000110011010
1110011000111000
1110010010101010
1110011111110010
1110010000100110
1110001001000000
1110011010010000
1110001110100010
1110110010011010
1110110000010100
1111000100010111
1111111111101010
0000100010110110
0001111110100110
0010011001100000
0010001000111100
0001110011100100
0010011100010000
0010011100010000
0001110001011110
0001001010110110
0001101110000010
0001110100010000
0001011010000010
0001010100011111
0000011110101100
1111101110011010
1110111011011000
1110010010000010
0000000000000000
0000011001000011
0000000011001110
1111001000000100
1110010010000010
1110000000000011
1101111110110000
1101110011110100
1101111000111110
1110000000101100
1101110111000010
1110000111001001
1110011011101100
1110110100110010
1111010111100000
0000000110011100
0001011101111000
0010011100010000
0010010110011110
0001011010101010
0010000101000110
0001111100110000
0001011011111100
0001000101011100
0001010011100110
0001001010100110
0001001100100010
0000100100101010
0000000110011100
1111010001000100
1110101010011110
1110110101101110
0000000111000000
0000110101010000
0000010111110100
1111011010111000
1110000100101100
1110100001011010
1110101101010100
1110010100000110
1101110000011000
1101111000000100
1110010000100110
1110101011001110
1110110000110100
1110110101000010
1111001110111100
1111110110001100
0000111111101111
0010010001110000
0010011100010000
0001010100110010
0001111111100010
0001110101000000
0000111101101010
0000011111100010
0000011010101000
0000111101101010
0000110011110110
0000010000001000
1111110110111010
1110110101101110
1110010010101100
1111011100101110
0000111111100000
0010011100010000
0001100110110100
1111110011111010
1110100010010000
1110010101001010
1111000010100000
1110111101011110
1101110110111010
1110101011010100
1111001000100100
1111000110100010
1110110110011010
1111100000110000
1111010111101100
1111111000111101
0000000100000010
0001111100000000
0010011000001110
0001011111110010
0001101010110110
0001100100110100
0000111011011110
0000110101011100
0000100111010100
0000101111011000
0000111101100000
0000111001011110
0000100001010010
1111001000100100
1111010010101000
1111001111100000
0000100101101110
0000111011010010
1111101111110110
1111001111100000
1110000100000100
1110011001101000
1110000100000100
1101101110100010
1101111001010100
1101111001010100
1101101110100010
1110111001111110
1110111001111110
1101111001010100
1111111010101000
0001000110000010
0001011011100110
0001110001001010
0001100110011000
0001110001001010
0010011100010000
0010010001011110
0001010000110100
0001110001001010
0001111011111100
0001000110000010
0001110001001010
0001100110011000
0000010000001010
1111011010010010
0000110000100000
0000001001001100
0000100100110000
0001110111100000
0001110111100000
1111100100011100
1111010010000010
1110001000100000
1110111111101010
1110110110011110
1110110110011110
1111101101101000
1111011011010000
1111001000110110
0000000000000000
0000000000000000
1111100100011100
0001010010101110
0001101110010010
0001100101000110
0000101101111110
0000100100110000
0001110111100000
0010011100010000
0001101110010010
0000110111001010
0000101101111110
0000010010011000
0001101110010010
0001101110010010
0000110111001010
1111101101101000
1111011011010000
1110101111010100
1111111010110110
0000100000101000
0000000001101110
1111011111011000
1101101010101000
1110101111010100
1110110110001010
1110011110001000
1101101010101000
1110001001100010
1110010111010000
1110111001100110
1110101111010100
1110111101000010
1111011011111100
0000000001101110
0000110001110010
0010011100010000
0010010001111100
0001000010111110
0001110011000010
0001011110011100
0000111111100010
0000110101001110
0000110001110010
0001001001110110
0001010000101100
0000010110010100
0000001111011110
1110111001100110
1110101111010100
1101100011110000
1101100011110000
1101100011110000
1101100011110000
1101100011110000
1101100011110000
1101101100100000
1101101001111000
1101110010111100
1110010010011110
1110101010101111
0001001010011110
0010010000111000
0010010010111010
0001100100001100
0001000110011000
0000100110010000
0000010001001110
1111110110111100
1111101000101000
1111001100000000
1110111110000000
1110011100101100
1101111011011010
1101101110110110
1101101101000110
1101101011111100
1101101010001100
1101100011110000
1101100011110000
1101100011110000
1101100011110000
1101100011110000
1101100011110000
1101100011110000
1101100011110000
1101100011110000
1101100011110000
1101100011110000
1101101010000000
1101101000111110
1101110100011010
1110100010100011
1110011100000110
1111011011001100
0000001011010100
0001011111110101
0010001000010000
0001111110110010
0001110100100100
0000101111100010
1111111110101100
1111010000001010
1110011000011101
1110001010010010
1101111100010100
1101110001101110
1101101101000010
1101101101001000
1101101010111100
1101101010110110
1101100011110000
1101100011110000
1101100011110000
1101100011110000
1101100011110000
1101100011110000
1101100011110000
1101100011110000
1101100011110000
1101100011110000
1101100011110000
1110000011010000
1101101100000100
1110000011000000
1111010101010011
1111100100011000
1110001010001000
1110001000110010
1110101000111100
1110110011001100
1110111110011000
1111000111110000
1111001101000110
1111000110110110
1110110100100110
1101111000110110
1101101110101100
1101111000000100
1110011100100000
1110100100110110
1110011001111010
1101111011101100
1101111010101010
1101100011110000
1101100011110000
1101100011110000
1101100011110000
1101100011110000
1101100011110000
1101100011110000
1101100011110000
1101100011110000
1101100011110000
1101100011110000
1111010111110100
1111010011010110
0010011100010000
0010011100010000
0000110101100100
0000101000001100
1111000101111110
1110000111011110
1101101000001110
1101100011110000
1101111010000100
1101101100101100
1110000111011110
1111100101001110
1111100101001110
1101110101100110
1101110001001010
1101110101100110
1101110001001010
1101110101100110
1101110001001010
1101110001001010
1101100011110000
1101100011110000
1101100011110000
1101100011110000
1101100011110000
1110111001001110
1110111001001110
1110111010000000
1111000000011100
1111001011000110
1111010011001000
1111011010101010
1111011110010110
1111100011100100
1111011000011000
0000110001100110
0000110001100110
0000110110111110
0000111110111000
0001000101111000
0001001100100110
0001001110110010
0001010001001011
0001011001100000
0001010100100110
0000001110100110
1111100100011100
1110011000110110
1111000110011000
1111011011011010
1111101101110110
1111111100100000
0001110101001100
0000001010110100
0000101010001111
0000100110010100
1111101111010010
0000000000111110
0000111111111000
0001001001101100
0010001100100010
0010000100101010
0010011100010000
0010011000010100
0001010101100000
0001101011001000
0001111010110110
0001110110111010
0001010011100010
0001111000110111
0010001010100100
0001111110110010
0001100111001100
0001101001001010
0001101111000010
0010000110101000
0001000011110100
0000100000011100
0001011001011100
0000111101111010
0001100011010000
0000110010000111
0000111011111100
0000110000001001
1111001001111101
1111010011111010
1111010110011010
1111111000011100
1111110010001000
1111100110110100
0000100100100010
0000101001100110
0010010000111010
0010011100010000
0001011000001110
0010001001010110
0010001001010110
0001001011100110
0001010100011100
0001011110100000
0001011010101110
0001100010010010
0001101110111000
0001100111010100
0001101001110110
0000110010011010
0000101001100110
0001101000100110
0000110001001010
0000101010110110
0000101000010100
0001001001000110
0001001010010110
0000111011001110
0000010010111010
0000001111001000
1110101010010100
0000010100101010
0000110110010000
0000001010010110
0000001111100000
1111011101001000
0000000110011110
0000010100101010
0000110011101010
0001111001011000
0001110001101000
0010011100010000
0010010011001110
0001011001000110
0001111101010000
0010000111100110
0001110100001110
0001111101010000
0001010010101010
0001010101001110
0010000111100110
0001000100011100
0000101101001100
0001010111110100
0001011100111110
0000000001010010
0000100000010010
0000110001000100
0000111100101100
0001000011001010
1111110110111110
1111100011100110
1110111010010010
1110100010011100
1101100011110000
1101100011110000
0010011100010000
1101100011110000
1101100011110000
1110000011000000
1110101100101010
1101100011110000
1111101011010000
0000010001111110
0000101010111000
1111101000100000
0000001111001110
0000111011011110
0000101010111000
0000110000011010
0001100100111100
0010001000111010
0010000110001000
0010011100010000
0001111000010100
0001101010011110
0001011111011010
0001010111001000
0010011100010000
0001011100101010
0000111110001110
0001010100010101
0001010001100110
0000110101111100
0000011111110100
0000010001111110
0000111110001110
0000110011001010
0000101000000110
0000111011011110
0000101101101000
0000011101000010
1111100010111110
1110110001001100