1111000001010000
1111110100111100
0000011100010100
0000101100010010
0001010110001000
0010000010011010
0010001011000010
0001000001001110
0000011011000100
0000010001001110
0000100000000000
0000101011000100
0000011110110000
0000101000100101
0001000010011100
0001001001110100
0001100001001100
0010001100010000
0010011000100100
0010011100010000
0001111111111100
0010000001001100
0010001011000010
0001110111010110
0010001011000010
0001111111111100
0001100001001100
0000111100010001
0001000111010110
0000110100111010
0000110001001110
0000110010011011
1111001011111011
0000000011110100
0000011010101100
0000100110001000
0001101010101110
0001101000001010
0010000101011000
0001100011000110
0000010110111000
0000110010110100
0000100010010100
0000110111111010
0000110110101000
0000110111111010
0000111100111110
0001101000001010
0001110111011010
0010010111001010
0010001001001100
0010011100010000
0001111101110000
0001110111011010
0001110010010110
0001101101010000
0001101010101110
0001011111010010
0001001101100000
0001000000110010
0000110010110100
0000110101010110
0000101101101110
1111100111111000
1111001100110100
0000000101111110
0000010100101000
0000011101111001
0001100000011010
0001110100010110
0010001110111100
0001100011000100
0001100000011010
0001010101110010
0001000000100000
0001001101110010
0001000100011110
0000111101110110
0001001001110100
0001100100011001
0001100111000100
0010011100010000
0010001101101000
0010000001101010
0001010000011100
0000110000100010
0001010001110010
0001011111000110
0001110000010111
0001110011000010
0001101000011000
0001010011001000
0001001101110010
0001000011001010
0001001011001000
0001000111001010
1111010100101100
0000001110011100
0000011110110000
0000100110010010
0001011000011110
0001110111110110
0010000110111010
0010011100010000
0010010010001110
0001011111111111
0001000000101000
0000111111011000
0000010101111110
0000011101100000
0000101000110010
0000110110100110
0001101111000100
0010000100011010
0001001110011100
0000110100000101
0000101000110010
0000101010000010
0001000000101000
0001000000101000
0001000101101010
0001001101001100
0001010000111100
0000111110001000
0000110111110110
0000100011110010
0000101000110010
0000110010110110
1111001001011000
1111110100100100
0000010101100110
0000001011011100
0000101001111010
0001110111011010
0010001011110000
0010011100010000
0001100101101000
0001000101111000
0000111011101110
0000110010110100
0000101100011110
0000001100101110
0000100001000010
0001000011010100
0001000100100110
0001100000100010
0001010010100100
0000111011101110
0000111010011100
0000111110001111
0001011010001100
0001000100100110
0000111011101110
0000010011000100
1111111010111011
1111011100011100
1111100001100000
1111101110001110
1111101011101100
1111110011010010
1111001010000000
1111110101001100
0000011010101010
0000000110011110
0001010010110100
0001100010101010
0001110101011000
0010011100010000
0010010011101000
0001000001100010
0000100100101110
0001001111111100
0001000101110110
0000111101001110
0001010101101100
0010001111010010
0001111111011100
0001111100100100
0000111101001110
0000000000101110
0000100011010010
0000101010011110
0000101001000010
0001000100011010
0001001011100110
0001000000000110
0000001111001000
0000000000101110
1111110000111000
1111011001110110
1111110101001100
1111101110000000
1111000000101100
1111011111001010
1111110000110010
1111110101100110
0000111101101100
0001001000111010
0010000001000000
0010011100010000
0001011010100010
0000011101101010
0000010100000010
1111101101100100
0000101100000011
0000111000111010
0001010100001000
0001000010100000
0000101100000011
0000001101101000
0000100000110110
0000101111010010
0000110000111000
0000100010011110
0001001101101110
0001110010100110
0001000100000110
0000111010100000
0000000111001110
1111110010011000
1111101010011000
1111011111001010
1111010101100010
1111111100000000
1111001000011000
1111110010110000
0000011101001000
0000100010011100
0001100010000000
0010000001110010
0010000001110010
0001000010001110
0000001101010000
0000010010100010
0000110010010100
0000110010010100
0000010111110110
0001000010001110
0001000111100000
0000110111101000
0001101100100101
0010010001101010
0010010110111110
0010000111000100
0001111100011110
0010000111000100
0010000111000100
0010000111000100
0010011100010000
0010010110111110
0001010010000110
0001100010000000
0001100111010010
0001000111100000
0000101101000010
0001000111100000
1110111100001100
1111110001010000
0000001110110000
0000110010000111
0001011011011010
0001100001010010
0001110010111110
0001001111100110
0000011010100010
0000010100101000
0000010100101000
0000100000011100
0000100000011100
0000110010000111
0000111000000000
0001001111100110
0001100001010010
0010000100101010
0010001010100100
0010011100010000
0010010000011110
0001110010111110
0001111000110111
0001111000110111
0001111000110111
0001101101000110
0001001111100110
1111101011011000
0000011010100010
0000111000000000
0000110010000111
0000001000110110
1111010010000010
0000001100111000
0000011011100100
0000100010111100
0001011010000100
0001110011110100
0010001101100010
0010001001111000
0010001001111000
0001011101110000
0001000100000000
0001001111000010
0000010111111010
0000010000100010
0000110101010100
0001100001011100
0001101100011110
0010011100010000
0001111110110110
0001101000110010
0001000111101100
0000100110100110
0000101101111110
0000011011100100
0001011101110000
0001101100011110
0001011101110000
0000110101010100
0000101101111110
0000101010010010
0000111001000000
0000111001000000
1101100011110000
1101100011110000
1101100011110000
1101100011110000
1101100011110000
1101100011110000
1101100011110000
1101100011110000
1101101011100010
1101101001011110
1111010101011110
0010001010100000
0001011010111110
0001111001100000
0010011100010000
0001111010111110
0001011111110010
0001010110001010
0001001000010100
0000101011101000
0000100001010010
1111011001101110
1110001100101001
1101110010001100
1101110000111000
1101101101111010
1101101101011000
1101101010110010
1101101011001010
1101101010000010
1101101010111110
1101101010110010
1101101001101010
1101100011110000
1101100011110000
1101100011110000
1101100011110000
1101100011110000
1101100011110000
1101100011110000
1101100011110000
1101100110011000
1101100110000110
1110101101001100
0001000101001010
0000011101011110
0000001101110100
0010011100010000
0000101010000100
1111011111011000
1111010000101000
1111100001100110
1111011111010000
1110100101111100
1110010000000111
1101110111011000
1101101100101110
1101101101001000
1101101011110110
1101101010111010
1101101100011100
1101101100011010
1101101010000100
1101101001110000
1101101010110010
1101101110011010
1101100011110000
1101100011110000
1101100011110000
1101100011110000
1101100011110000
1101100011110000
1101100011110000
1101100011110000
1101111110110100
1101101100000100
1110011000010110
1110100010010000
1110001110011100
1110010001100100
1110011100000000
1110011001111010
1110010100111110
1110000111101100
1101111000110110
1110001001010000
1101111011001100
1110000101010110
1110101011101000
1111110011100000
0000100001010100
1111111000101100
0000010111111100
0000101111011000
0000111001110100
0000100111000100
0000101101001010
0000111011011100
0000111100100000
1101100011110000
1101100011110000
1101100011110000
1101100011110000
1101100011110000
1101100011110000
1101100011110000
1101100011110000
1101110001001010
0010011100010000
0010011100010000
0010011100010000
0000100011101110
1110010000011011
1110100110101110
1111110010100110
0000011111010000
1111010111110100
1110100010010000
1111101001101100
0000101000001100
0001011101110000
0010001110110110
0001010100110011
1110010100110110
1101101000001110
1101101000001110
1101100011110000
1101111010000100
1101110001001010
1101100011110000
1101101000001110
1101101000001110
0010011100010000
0010011100010000
0010011100010000
0010011100010000
0010011100010000
0010011100010000
0010011100010000
0010011100010000
0010011100010000
0010011100010000
0001000111111100
0000110111001100
0000110111001100
0000101100010100
0000101001001010
0000100111001110
0000011101101110
0000010010000010
0000000110000010
1111100011100000
1110100100010110
1110011001000100
1111001001010010
0000100110000010
0000101011101110
0000001100110000
0001110010000000
0010011100010000
0000000000000000
0000101100101010
0001001011111010
0001010000010110
0001010000010110
0001000111011100
0001000111011100
0001011101110000
0001111101000000
0010010011010100
0010010011010100
0010010111110010
0010011100010000
0010010111110010
0010001110110110
0010000001011110
0010000001011110
0010001110110110
0010010111110010
0010010011010100
0010010011010100
0010001110110110
0010000001011110
0001101011001010
0001011001010010
0000110101100100
0000101100101010
0000011010110010
0000010110010100
0000011010110010
1111110010100110
1110111000100100
0000000011100111
0000100011001000
0001000111011110
0001011000011010
0001000010101000
0000101111010000
0000110110100000
0001001001111000
0001110000101010
0010011100010000
0010010010100100
0010000110011100
0010010100111110
0010000001100110
0001101110001110
0001100100100010
0001100100100010
0001110111111010
0010010100111110
0010000100000010
0010001011010010
0001110101100000
0001101001011000
0001011010110110
0001010001001010
0000100011001000
0000000011100111
0000011001011100
0000001000011110
0000001000011110
1111011111010010
1110010110101000
1111111100000100
0000110011001110
0001101111100101
0010000111010000
0001000010111110
0000110101110110
0001000101100110
0001010111111101
0010000100101000
0010011100010000
0010001001111000
0010000100101000
0010001001111000
0001101111100101
0001011010100110
0001000010111110
0001010000000101
0001110100110110
0010000100101000
0010000100101000
0001100010011110
0001001000001110
0001000101100110
0000101011010110
0000101000101110
0000100011011100
0000000011111100
1111111001011100
1111110110110100
1111010010000010
1110101010101010
1110011010111010
0000011110100010
1101100011110000
1101100011110000
0010011100010000
1101100011110000
1101100011110000
1101100011110000
1101111101110010
1101100011110000
1110011000010011
1111000100111010
1111011001111100
1111001100110010
0000001110011100
0000001110011100
0000000110100100
0000100110000100
0001110010001110
0001100101000110
0000110011001110
0000111000011110
0001010010101110
0001010000000101
0001010000000101
0001010010101110
0001111111011000
0001101111100101
0001111100110000
0001111010001000
0010010001110000
0010011100010000
0001111010001000
0001111010001000
0001101100111110
0001100111101101
0001111100110000
0010001100100000
0001110111100000
0001110100110110
0001110010001110
0000111101101110