1110101110010000
1111101100010110
0000001110011111
0001111110010000
0010011100010000
0001100010010100
0000001011011000
1111100010000000
1111101101011000
1111010011100000
1111110010100101
1111100101000110
0000101001011010
0001100101011010
0001110111000000
0001100110011100
0001001011100010
0000100110010010
0000111101000100
0001010111111101
0001101110101110
0001101101101100
0000110110110110
0000101000010110
0000010011101010
0000011010111010
0000100010001010
0000010110110000
0000100110010010
0000000000000000
1111110111101110
1111011011110010
1110110000110100
1111101111111100
1111111001100110
0001100100100110
0001110011100110
0001101001111100
0000100011010100
1111101100110000
1111111000100000
1111010100001000
1111111011101110
0000011001101100
0001001101000100
0010011100010000
0010010100110000
0000110101100000
0000111011111100
0000011100111010
0000111111001010
0001010100100010
0001101101001010
0001001100000000
0000001001101000
0000100001001100
0000010100010110
0000011011110100
0000100001001100
1111100010000010
1111100100001100
1111011011101000
1111101011101010
1111110011001010
1110101110100001
1111101101110110
1111111010010010
0001010011100100
0010001100101100
0010011100010000
0001000000111000
1111111001010000
0000010000000110
1111110011000010
0000001100111110
0000111000100110
0001101110100100
0001111000111100
0001100011001010
0000100110111100
0000100001110000
0000110110100000
0001000010111110
0001010111101110
0001101001011000
0000101111010000
0000010101010001
0000010001001000
0000010111011000
0000010010001010
0000001110000010
1111100110100100
1111010100111010
1111001110101100
1110101110100001
1110100111001110
1110101010011011
1111100110001000
1111101100000110
0000110101101111
0010001011010110
0010011100010000
0001100100100010
0000100001110110
0000011001111000
0000011001111000
0000111100101110
0001101110011110
0010011100010000
0001111111011000
0000100100110100
0000010111111000
0000010010111010
0000110100110000
0001011101100100
0001101010100000
0001101100011110
0000101111110010
0000011001111000
0000000011111110
0000000110111110
0000000101111110
0000001011111100
1111110001000100
0000001010111100
1111110101000100
1110111101010100
1110010111100001
1110101111010011
1111101010010010
1111110010100101
0000110000100111
0010000011011010
0010010111000100
0001100000001110
0000101110100100
0000101101100010
0000101000010110
0001100110011100
0010011100010000
0010001100101110
0001000010001110
0000111101000100
0000010110110000
0000100001001000
0000100000000100
0001011010000010
0001100110011100
0001001100100100
0000110111110111
0000000010000100
0000001111100010
0000000011000110
0000010010101000
0000100000000100
0000101101100010
0000101111100110
0000011001111000
1110111110110100
1110101101001110
1110111001100110
1111100001101010
1111101101001000
0000100000101000
0010000000110010
0010011100010000
0001100000101110
0000111001110100
0000101000101000
0001001001110110
0001110001111010
0001110100001100
0001110001111010
0000101001110010
0000100001110010
0000010100000010
0000000010111000
1111110001101100
0000100101001100
0001101111100101
0001011001110110
1111101110010000
1111010101000100
1110101110001010
1110110101000010
1111011110001110
1111101110010000
1111110000100010
1111101000100010
1111000001101000
1111001101000100
1110111111010100
1111101110110100
0000001101111010
0000011110010010
0001101110011100
0010000000011100
0010011000111110
0010011100010000
0000111011101110
0000110000010010
0001110000000011
0010011000111110
0010000110111110
0000001101111010
1111011001100100
1111010001011000
1110110010010010
1111010100101010
0000001111100010
0001000010010000
0010001000101000
0001001000110100
1111001111101110
1110100001111100
1110100110110110
1110010001100100
1110011011011000
1110011000000110
1110001100101010
1110111000110110
1111010001011000
1111001100011110
1110011110101010
1110101011111000
1111110011111110
0000110100000101
0010001100001110
0010011100010000
0001011100001010
0000010100000010
0000001100000010
1111110011111110
1111110011111110
1111110011111110
0000000100000000
0000110100000101
0001010100001000
0001110100001100
0010000100001110
0001011100001010
0001000100000110
0001001100001000
0010000100001110
0010000100001110
0001110100001100
0001110100001100
0001011100001010
0001100100001010
0001011100001010
0001010100001000
0000110100000101
0000100100000100
0000000100000000
0000010100000010
1111000011111010
1110100110101110
1111001011111011
0000000111011100
0001111110100000
0010010100110100
0001110111000100
1111111000100100
1111101001101100
1111100010010000
1111100010010000
1111101001101100
0000000111011100
0000011101110000
0010001101011000
0010011100010000
0001101111100101
0001011001010010
0000000111011100
0001100000101110
0001011001010010
0010001101011000
0010000101111100
0000110100000101
0001000010111110
0000000111011100
0001000010111110
0000110100000101
0000110100000101
0000111011100010
1111111000100100
0000010110010100
0000000111011100
1110101110111010
1111011110011000
1111110010001010
0000101001100010
0010001000011110
0010011100010000
0001101000110011
0001000001010010
0000110001011100
0001010001000110
0001111000101010
0010001000011110
0001111100100110
0000001101110110
0000001101110110
0000000001111110
0000000101111100
0000000101111100
0000110001011100
0001010001000110
0001000101001110
1111110110001000
1111011110011000
1111001010100110
1111010010100000
1111101010010000
0000001101110110
0000011101101010
0000110001011100
0000010101110000
1111111110000010
0000001001111000
1101100011110000
1101100011110000
1101100011110000
1101100011110000
1101100011110000
1101100011110000
1101100011110000
1101100111000010
1101100111101000
1101101111100110
0000010111011010
0010010100101100
0010000111000000
0000111110000010
0001000101110010
0001100111111100
0001110111101010
0001101000100010
0001100110000110
0000111101100111
1111111011001100
1111010000000100
1101111110101110
1101101001011110
1101101000011100
1101100111001110
1101101000000010
1101100111110110
1101100111110110
1101101001101100
1101101000011100
1101101001101100
1101101000101010
1101100011110000
1101100011110000
1101100011110000
1101100011110000
1101100011110000
1101100011110000
1101100011110000
1101100110011010
1101100111001100
1101110100110010
1111100000101010
0000101110100010
0000011100110010
0000001011011110
0000111001111100
0001011100111000
0010001111101010
0010010001011000
0001111100011000
0000110100100011
1111011001010110
1110100000001110
1101110001111000
1101101010100100
1101101010111010
1101101001110110
1101101010100100
1101101001010100
1101101000101110
1101101000110110
1101101000011110
1101101000010000
1101100111101110
1101100011110000
1101100011110000
1101100011110000
1101100011110000
1101100011110000
1101100011110000
1101100011110000
1101100111111110
1101110101011100
1101111011101100
1110110011111100
1110001011001000
1110001011110000
1110100001000000
1110001101101000
1110001101000000
1110001111100000
1110011000010000
1110010000001000
1110001100011000
1110001111100000
1101111110010100
1110110010011000
1110110110000010
1111101101010000
1111111000101100
1111001010111000
1110110011111100
1110101010100101
1110110101000000
1110000011000000
1110001110011100
1110000100000010
1101100011110000
1101100011110000
1101100011110000
1101100011110000
1101100011110000
1101100011110000
1101100011110000
1111001010011100
1111000001100000
0010011100010000
0010011100010000
0000010001110110
1110010100110110
1110000011000000
1110000111011110
1110000011000000
1110000111011110
1101111010000100
1110110100000110
1111010011010110
0000100011101110
0010011100010000
0010011100010000
1110111101000010
1101111010000100
1110000011000000
1101111110100010
1101111010000100
1101101100101100
1101111110100010
1110000011000000
1101110101100110
1101101100101100
0010011100010000
0010011100010000
0010011100010000
0010011100010000
0010011100010000
0010011100010000
0010011100010000
0010011100010000
0010011100010000
0010011100010000
1110111101100010
1110110100011010
1110101001101010
1110100111000010
1110100010100100
1110100000001100
1110010100101010
1110000111010100
1101110010000000
1101100011110000
1111110001011010
1110111010001010
1111111110110100
0000101011000010
0000110011010000
0000100001000000
0000010001111010
0010011100010000
1111011100101010
0000001100100001
0000000101101100
1111011010011000
1111111100100110
0000010111111100
0000101010001100
0001110000111010
0001101010000100
0001101010000100
0010011100010000
0010011001111110
0001101100010110
0001000111110110
0001110011001100
0001100000111011
0001010000111110
0001010000111110
0000101110110000
0000001010010000
1111011000000110
1111011000000110
1111011010011000
1111100101110010
1111100011100000
1111011110111100
1111100001001110
1110110011100110
1111001100101100
1111011100101010
1111101000000100
1110001000010000
0000000010001110
0001010010100110
0001100100011100
0000101100101010
0000001101011010
0000010100000110
0001110001110110
0010001110110110
0001101101011000
0001011101110000
0010011100010000
0010001100101000
0001101000111010
0001001001101010
0001101000111010
0001010010100110
0001000010111110
0001010010100110
0001011101110000
0000110101100100
1111101001101100
1111010101100111
1111011010000100
1111111001010100
1111010101100111
1111001110111010
0000000110101100
1110111010110100
1111001100101010
1111110100110110
1111100101001110
1110010000011011
0000010001111110
0001011011100110
0010011100010000
0001000100010000
0000101011000110
0000110101111000
0001100000111110
0010001000100000
0010001000100000
0001111111011111
0010001101111000
0010000011000110
0001110001001010
0001101101100100
0001101111010110
0001010100011010
0001000000101010
0000111001011110
0000110000100000
0000110100000101
1111011100000110
1111000010111100
1111010100111010
1111110101001110
1111011100000110
1111011010010010
0000001100100100
1111010001010100
1111000001001010
1111010011000110
1111011010010010
1111001010001000
0001110001101100
1101100011110000
1101100011110000
0010011100010000
1110000011000000
1101100011110000
1101100011110000
1110010010101000
1101100011110000
1111011000010100
1111011101010010
0000000010011110
0000000111011100
0000100111101100
0000111011100010
0001000111111100
0001011110010000
0001001100111000
0001000101011100
0001011110010000
0001010110110100
0000111110000000
0001101111100101
0001110010000110
0001110010000110
0001110111000100
0001110010000110
0001111100000000
0010011100010000
0001011011110010
0001100000101110
0000111110000000
0010000011011100
0001010100010100
0001010110110100
0001011110010000
0001110100100100
0001101000001010
0001000010111110
0001001100111000
0000110001100110