1110110000010000
0000110110110110
0001000101100110
0001111001001110
0010001110011100
0001110110011110
0001100100000010
0001001110110100
0001000011110000
0001000001000000
0000001111001110
0000011011001011
0000010111100000
0000101101101000
0000010110100110
0000110100000101
0000101110100100
0001011001111000
0001100001001111
0010000001100010
0010011100010000
0010011000100100
0010010111101010
0010000111111110
0010010011000010
0010010010001000
0001110001110110
0001100010001100
0001001011001000
0001001111110000
0001001110110100
0001010001100110
1110110110110110
0000101001100010
0000110010100100
0001110010101110
0010000000010000
0001001000010000
0001010011000110
0000101101001010
0000111000111010
0000100001011010
0000010100110010
0000001011110000
0000100011001110
0000100010010100
0000011101110100
0000101000101010
0000101110000100
0001000010110110
0001001100110010
0001101110001100
0001100101001010
0010011100010000
0010010111101110
0010001101110100
0010010000100000
0001110010101110
0001111000001000
0001001011111000
0001001101101100
0001001100110010
0001000110011100
0001000000001000
1111001010100110
0000101011111010
0000101101100000
0001111000101010
0001111001011100
0001010101110110
0001011001000000
0000110001011100
0000111000100100
0000011100000101
0000100001101000
0000000011100100
0000001110101000
0000011011010010
0000101000101111
0000011010100000
0000101001100010
0000111101010100
0001010100010000
0001100000111010
0001111011000010
0010000110111000
0010011100010000
0010001110110100
0010010111100000
0010001000011110
0001011000001110
0001001001111110
0001010101000100
0001001101111100
0000110111110010
0000111100100010
1111010101111000
0000101110000100
0000110101001000
0001111011111110
0001110011010100
0001010110111110
0001001110010100
0000110011100100
0000100111110000
0000011101100010
0000010001101110
0000001011011010
1111111111100110
0000100000101010
0000010011010010
0000100011000010
0000010011010010
0001000000111100
0000111100001110
0001100010110010
0001011101010010
0010010110110000
0010010000011100
0010011100010000
0010001100100000
0001101101110100
0001011111101000
0001011110000100
0001001111111010
0001000100000110
0000110011100100
0000111011011100
1111011110111010
0000101011001010
0001010101000010
0010000001011100
0001101011101001
0001011001001101
0000111010001110
0000100111110010
1111111101111010
0000001010011110
1111111101111010
0000000011110010
0000001011010100
0000001100001001
0000011010011010
0000010100100010
0000101100110100
0000101001011110
0001000101001000
0001010101000010
0001111010110000
0010001000001010
0010011100010000
0010010001010110
0010001110000000
0010000000100110
0001110111011000
0001011111111100
0001001101100000
0001000011011100
0001000010100110
0000111101100110
1111010111100101
0000011100100000
0001100001011100
0001110111100000
0001010110011010
0001010010101110
0000011110010110
0000010110000100
1111110011001000
1111101000000110
1111101001111100
1111011110000000
1111100101010110
1111111000101010
1111111001100100
0000001000010010
0000010011010100
0000100011110110
0000111001000000
0001001111111110
0001110000001000
0010001101100010
0010011100010000
0010010010001000
0010001011101110
0010010001001110
0010000110001100
0001111110110110
0001101001101100
0001010011101000
0001001111000010
0001010001110011
1110100101010100
1111110011111110
0001011010101100
0001101110010110
0001100000001001
0000011011010100
1111111100101110
1111010100010010
1111000111001100
1111000011111010
1110111010000100
1110111100010000
1111000010110100
1110111111100010
1111000111001100
1111101101011100
1111100110111000
1111110110001010
0000011001001000
0001000111000010
0010000101010100
0010011100010000
0010001010110010
0001111011011110
0001110011110100
0010000111100000
0010000010000010
0001111011011110
0001010111011010
0001010110010100
0001000010101010
0000111011000000
1110111100010010
0000111001010010
0001000011101110
0001110010100110
0010010001110110
0001110010100110
0001100010111110
0001010011010110
0001000011101110
0001000011101110
0000011111010000
0000011111010000
0000011111010000
0000110100000101
0000100100011110
0000110100000101
0000111001010010
0001010011010110
0001011000100010
0010001100101000
0010010001110110
0010011100010000
0010011100010000
0010000111011010
0010001100101000
0001110111110001
0010000111011010
0001011000100010
0001001000111010
0000110100000101
0001011101110000
0001010011010110
1110011100100100
0000100100111100
0000110101111110
0001101110110010
0010000101100010
0001011101110000
0001011000000100
0001000111000010
0000111011101001
0000110101111110
0000001000100010
0000010011111000
0000001000100010
0000100100111100
0000000010110110
0000101010101000
0000100100111100
0001011000000100
0001011000000100
0010000101100010
0010011100010000
0001111010001010
0010011100010000
0010000101100010
0010011100010000
0010011100010000
0001101001000111
0001101110110010
0001000001010110
0001011101110000
0000110101111110
0001011101110000
1111000110100100
0000100110101110
0000101001011010
0001110001100000
0001110001100000
0001010100001000
0001010110110100
0000101110110000
0000110110110000
0000011100000010
0000100001011000
0000000110101100
0000010001011000
0000011001011000
0000100110101110
0000011110101110
0000110001011010
0000110100000101
0001010001011110
0001011110110100
0010000001100010
0001110100001100
0010011100010000
0010000100001110
0010011001100110
0010001110111010
0001010110110100
0001000001011100
0001011100001010
0001010100001000
0000111001011100
0000110100000101
1101100011110000
1101100011110000
1101100011110000
1101100011110000
1101100011110000
1101100011110000
1101100011110000
1101100110011000
1101100101101000
1101101110101000
1110110001100010
0010000110110100
0010001111111010
0010011010000100
0010010011111000
0010001001001110
0010001001001110
0010001001010100
0001110101010000
0001011001011100
0000000101100110
1111011100011010
1101110000110100
1101100110011110
1101100101110110
1101100110100100
1101110101100010
1101101011000100
1101101010101010
1101101011010010
1101101010111000
1101101011010010
1101101100001110
1101100011110000
1101100011110000
1101100011110000
1101100011110000
1101100011110000
1101100011110000
1101100011110000
1101100110100110
1101100110000100
1110100001100110
1111010111110010
0010000110000100
0010001000101010
0010010110000110
0010010110101010
0010010010111110
0010001110000010
0001111010101010
0001100011011010
0001000100101010
0000000101111000
1111100101110010
1101101101010110
1101100111001110
1101100110010110
1101100110100010
1110100111001000
1111111011001100
0001000111111100
0000000100111100
1111001101011011
1110010111011000
1101110001111010
1101100011110000
1101100011110000
1101100011110000
1101100011110000
1101100011110000
1101100011110000
1101100011110000
1101110101011100
1101100011110000
1110011001111010
1111100011010110
1110100011110100
1110100110001010
1110100100100110
1110101101111110
1110101101001100
1110011101100100
1110011011001110
1110011110010110
1110001110010000
1110010101001000
1110001101101000
1110010001100100
1101111100110000
1101110001010010
1101110011011000
0000111001110100
0010010100011100
0010001100101000
0010000111111100
0001110111110001
0001010001110000
1111011000011010
1101100011110000
1101100011110000
1101100011110000
1101100011110000
1101100011110000
1101100011110000
1101100011110000
1101111010000100
0010011100010000
0010011100010000
0010011100010000
0010011100010000
0000101000001100
1110010000011011
1110101111101010
1110101111101010
1110010100110110
1101111010000100
1110000111011110
1110111101000010
0010011100010000
0010011100010000
0010011100010000
1111110111000100
1101100011110000
0010011100010000
0010011100010000
0010011100010000
1111101110001010
1110111101000010
0010011100010000
0010011100010000
0010011100010000
0010011100010000
0010011100010000
0010011100010000
0010011100010000
0010011100010000
0010011100010000
0010011100010000
0010011100010000
0010011001010100
0010001000010000
0010000011101010
0001110110100010
0001110110100010
0001110100001110
0001111001011100
0001111111101000
0001111001001000
0001111100010101
0001111110001010
0010010011011100
1110000101000110
1110100111110000
1111100001110011
0001111010110100
0010001100110100
0010000111010010
0010010100000010
0010011100010000
1111001001000000
1111110100101010
0001000011001110
0000110111000000
0000001001100110
0000000010101000
0000100010000010
0000100101100010
0001000001011110
0001110100000110
0010011100010000
0010001100100010
0010010101010010
0010000010000100
0001100111110111
0001011101011010
0001100100011000
0001111001010110
0010000101100100
0010000000010100
0001101001101000
0001011111001010
0001100000111010
0001011111001010
0001001011111100
0001000001011110
0001000011001110
0001000001011110
0000111100001110
0000110111000000
0000000000111000
1111011000101110
1111010010000010
0000000001010100
0001010010101110
0001000010111110
0000001011110100
0000001001001100
0000010011101100
0000001001001100
0000010011101100
0001000000010110
0010011001101000
0001111100110000
0010011100010000
0010000111010000
0001010101010110
0001100010011110
0001100010011110
0010010100011000
0010000111010000
0001011111110101
0001001010110110
0000111000011110
0000111011000110
0000111000011110
0000100110000100
0000010011101100
0000101011010110
0001011111110101
0001101100111110
0001101010010110
0000101000101110
1111010010000010
0000000001111110
0001010001101110
0001101001010000
0001101110100000
0000110110010000
0000101011110100
0000110111100100
0000111011100000
0001000011010110
0001110101000010
0010011001101000
0010011010111100
0010011100010000
0010000111010110
0001101110100000
0001100100000010
0001100100000010
0001111110001100
0010000100101110
0001110010011010
0001110010011010
0001101110100000
0001101011111000
0001011100001100
0001000011010110
0000100011111110
0000100000000010
0001000010000010
0001001000100100
0001001111000110
0000011001100000
1111100110100000
0001000101111010
1101100011110000
1101100011110000
0010011100010000
1101100011110000
1101100011110000
1101100011110000
1110010111110110
0010011100010000
1110000100001110
1110011100100100
1110011110100111
1111000001000110
1110111101000010
1110111000111110
1111000001000110
1111001011010000
0000001010001010
0000001100001100
0000001000001000
0000110000101100
0000111010110110
0000111110111010
0001001111001000
0001100011011100
0010001100000010
0010001110000010
0010011100010000
0010001010000000
0010011000001100
0010011100010000
0010010000000100
0010010110001010
0010011000001100
0010001110000010
0010001100000010
0010010100001000
0010010000000100
0001110111101110
0001111111110110
0000011100011010