1110101101010110
1111011000011000
0000111001110000
0001000110001100
0001000000100010
1111110011100010
1111101100110000
1111010110000110
1111001111010100
1111000110010000
1111010110000110
1111011110000010
1111011100111010
0000010011010000
0000101110011100
0001011001011100
0010010010000100
0010011100010000
0001010111001100
0001011111000110
0001011101111110
0001001101000000
0001101101110100
0001001000011110
0000110010111100
0000001100011110
0000100100001110
0000010100010111
0000100001111110
0000011111101100
1111010110000110
1111010100111110
1110110011101000
0000000011100000
0001100001011001
0001100010110010
0001000110110010
0000001001000110
1111100110000100
1111011101101010
1110110101000010
1111001011011101
1111010010011110
1111101000111000
1111110010101100
0000000010000110
0000100000111100
0001010110001100
0010010001000010
0010011100010000
0010001000101000
0001100001011001
0001011011110010
0001011111111111
0001101011001100
0001011111111111
0000100111111100
0000101001010110
0000000110010100
0000000011100000
0000000010000110
1111111111010100
1110111110110110
1111001010000100
1110111111001100
0000110000011100
0010001011111000
0010000110011010
0000100010110100
0000001100111110
1111011110100100
1111000100101000
1110100111111110
1110110100010000
1110111100011100
1111010010010010
1111001100110100
1111100010101010
1111111000100000
0000101001101000
0001001011110000
0001111111100110
0010011100010000
0001101100100000
0001110000100110
0001111110001110
0010000000111110
0001110000100110
0000111011011000
0000101000010000
0001000111101010
0000110000011100
0001010011111100
0001000010001100
1111101101100100
1111010101000000
1110111001000110
0000111010010110
0010000001111010
0001110111110110
1111100010100000
1111011110110000
1111001010101010
1110100001010000
1110011100001111
1110001000001010
1110000100011000
1110010011011100
1110011010111111
1110101000110010
1110110101010100
1111101100100100
0000010101111110
0001011100010000
0001100011110001
0010001000001010
0001101100100100
0010011100010000
0010000101101010
0010000000101000
0001100110010010
0001011100010000
0001000001111000
0001010011011110
0001000001111000
0001000100011010
0000100110010010
1111101101110100
1110110110011010
0001001100001100
0001110110110100
0001100011011100
1111110011000110
1111011011110110
1110111111011100
1110101111111100
1110010010010000
1101101111011000
1101111001101100
1110001001001100
1110000000001010
1110010011100010
1110011000101100
1110101101010110
1111001011000100
0000101010101000
0001011011101100
0010011000011000
0010011100010000
0010000101000000
0010001111010110
0001110110110100
0001010101001110
0001011010011010
0001011010011010
0001101111000100
0001011100111110
0001001101011110
0000100000010010
1111011110011100
1110101001111110
0000111001111100
0001000011010100
0000101101000100
1111101101110110
1110111100101100
1110101011001010
1110010100111010
1110010011110000
1101111010000000
1110001011100011
1110010110000100
1110100101010010
1110111011100010
1111001101000110
1111100010001010
0000100000001100
0001011110001110
0010011100010000
0010011000110000
0010001110001110
0010010101001110
0010001111011000
0001110100011101
0001101011000110
0000110010111010
0000101000011000
0000100111001110
0000110000100100
0000110100000101
1111011110101010
1110101100010100
1110111110111010
0001011011001010
0001100110111110
0000011011001110
1111001110010010
1110011101110000
1110001100000001
1110000001010110
1110001000011100
1110001100000001
1110001001101000
1110010111110110
1110011100100100
1110110101011100
1110110111110010
1111100000000010
0000011101100110
0001111111110110
0010011100010000
0010001001010100
0010011011000100
0010010001100110
0001110101001100
0010001110000010
0001100011011100
0001000011011110
0001110001101000
0001100010010000
0001101010100010
0001001001011000
1111111010000110
1111001010101110
1110111101000010
1111110010100110
0001011101110000
0001101111100101
0001010100110011
0000110001000110
1111111011100010
1111111011100010
1111101001101100
1111100000110000
1111101001101100
1111101001101100
0000000100011110
0000010110010100
0000110001000110
0001010100110011
0010011100010000
0010010011010100
0000111010000010
0000111010000010
0000111010000010
0010001010011010
0010011100010000
0001101111100101
0001100110101100
0000101000001100
0001001011111010
0000110001000110
0001000010111110
0001000010111110
1111010111110100
1111111011100010
1110101110001010
1111110001001000
0000101100101010
0000101100101010
0000101100101010
0000010110010100
0000000000000000
1111110001001000
1111101001101100
1111100010010000
1111101001101100
1111110001001000
0000000000000000
0000100101001100
0001000010111110
0001101000001010
0010010100110100
0010011100010000
0010000101111100
0001111110100000
0001110111000100
0001101000001010
0001101111100101
0001011001010010
0000111011100010
0000100101001100
0000001110111000
0000000111011100
0000001110111000
0000011101110000
1111110001001000
1111100010010000
1111000010010100
0001000001110010
0001110011001000
0001100110110010
1111110111110010
1111101011011100
1111010010110010
1111001010100010
1110110110000000
1110010000111110
1110001100111000
1110110110000000
1110000100101010
1110111110001110
1110111110001110
1111101111100100
0000010000011100
0000101101001110
0010001111111010
0010011100010000
0010000011100110
0001111111011110
0001111011010110
0001111011010110
0000110001010110
0001011010011110
0001011110100100
0001111011010110
0001100010101100
0001101010111010
0000100101000000
0000001000001110
1101100011110000
1101100011110000
1101100011110000
1101100011110000
1101100011110000
1101100011110000
1101100110001100
1101100111001100
1101110001001010
1110101010111100
0000110001010100
0001110011100001
0001010001101110
0001100000101010
0001101001110110
0001110101100110
0001010010011000
0000100011100010
1111101101100100
1111000111000010
1110100010111010
1110011100110010
1101101101100100
1101100111001100
1101100110010100
1101100111100100
1101100111010100
1101100111100100
1101101000001110
1101101000100110
1101100110101100
1101100111011100
1101100110110100
1101100011110000
1101100011110000
1101100011110000
1101100011110000
1101100011110000
1101100011110000
1101100101110110
1101100101111110
1101111110011010
1110011011001001
0001000110100000
0001100001001000
0001000010001100
0000000001111010
1111110010100101
1111100011110110
1111011001100100
1110111110011110
1110100100100100
1110100010110010
1110011000000100
1110000010000010
1101101000010100
1101100110100110
1101100101110100
1101100101111000
1101100101111100
1101100110011100
1101101111101110
1101111101100000
1101111111001010
1110001111101010
1110010101011000
1101100011110000
1101100011110000
1101100011110000
1101100011110000
1101100011110000
1101100011110000
1101101011000110
1101101111001100
1101111011101100
1110110101000000
1111011110101010
1110011010011100
1110101010011000
1110001001010000
1110001001010000
1110000110001000
1110010000110000
1110000110110000
1110000010011000
1110000111011000
1110100110000000
1110001001010000
1101111010101010
1101111011101100
1101110111100010
1101111010101010
1110000110001000
1110001111100000
1101111011001100
0000001101100010
0001001000011000
0001000110010100
0001000111010110
1101100011110000
1101100011110000
1101100011110000
1101100011110000
1101100011110000
1101100011110000
1110100010010000
0000100011101110
0010011100010000
0010011100010000
0010011100010000
1111001010011100
1101111110100010
1101110101100110
1110010100110110
1110100010010000
1110010100110110
1110111000100100
1110010000011011
1110101111101010
0010011100010000
0010011100010000
0010011100010000
1110001011111100
1101101100101100
1101101000001110
1101100011110000
1111100101001110
0010011100010000
0010011100010000
0010011100010000
0001000010111110
1101111010000100
0001110101100100
0001110101010010
0001110101010010
0001110100111110
0001101011110010
0001101100100000
0001101011010110
0001011010101010
0000111101000100
0000001001000100
1111101111110010
1111110001010110
1111110001010110
1111101000111110
1111100101000100
1111011110111110
1111100001111110
1111100110010010
0000001101100101
0000111001000000
0000000000000000
1110110100101000
0001111101011100
0010011100010000
0000111010001110
0000111101111110
0000000110010110
0010011100010000
1111011001101100
0000111100001100
0000111000100010
0000000100010000
1111011101010110
0000000101011110
0000100010101010
0001101111010000
0001111010001110
0010010000000110
0010011100010000
0010010110001010
0001111010001110
0001011011110100
0000110111010100
0000011111000000
1111110100011100
1111100101110110
1111000001011000
1111001000101100
1110110110011100
1111010001001100
0000000111111010
1111111100111110
1111111100111110
0000000110101100
0000000110101100
1111110101101010
1111101110011000
1111101110011000
1110110000010110
1110000111000000
0000101101011010
0001100001100000
0001101100001100
0000011110101110
0000000010101010
0000000000000000
0000011001011000
0001100101100000
0010001110111010
0010010101100100
0010011100010000
0010001110111010
0010001010111000
0010000001100010
0001010100001000
0001001001011100
0000110001011010
0000001110101100
1111101101010100
1111011111111100
1111011101010010
0000011100000010
0001000001011100
0001000000000110
0000010101011000
0000011010101110
0000011100000010
0000100110101110
0000000101010110
0000000110101100
1111111110101010
1111010011111101
0000001011101110
0001011101011000
0001100011111011
0000100111111000
0000010111000000
0000011010110000
0000111101011110
0001110000001010
0010011100010000
0010001110001100
0010010000000100
0010000100110010
0010001000100010
0001011101011000
0001001100011110
0001000100000010
0000000000011110
1111111000111110
1110111111101110
1111001011111011
1111011010000000
0000000110000110
0000100011001100
0000010111111100
0000011011101100
0000100001010100
0000001100101010
1111110110001010
1111101010111001
1111111000000011
1111100100010100
1111000111001110
1111110100111011
1101100011110000
1101100011110000
0010011100010000
0000000000000000
1101100011110000
1101100011110000
1110110001111000
0010011100010000
1110010100010010
1110010010010110
1110101011100100
1110110101010010
1111000000111010
1111111001001110
1111110101010100
0000100001111110
0000100101110110
0001010100011100
0001101001110010
0001110111011000
0010001010110010
0010011100010000
0010011100010000
0001101111100101
0001101001110010
0001111101001100
0010000100111110
0010010000100110
0010010100100000
0010001010110010
0001110111011000
0010000011000010
0010000011000010
0001101101101010
0000101101101000
0000111001010000
0000101111100100
0000101001101110
0000110111010100
0000010010011100