1111100111011010
0000011101111001
0001011101110000
0001101101101110
0001111101000000
0000110111001100
0000100011010000
0000001001111110
1111000110001011
1110110010111000
1110001010111110
1110110100111000
1110101110001110
1110110000001110
1111100011011010
0000110010100010
0001101010011000
0010001010010100
0001011110011010
0010001000111110
0010011100010000
0010010101100110
0010011100010000
0001111010010110
0010010000010010
0010011000010000
0010010000111100
0001111110010110
0001000110011110
0000100011111010
0000100011010000
1111111010101100
1110111100010000
0000001111001010
0001010001010100
0010000000010110
0010000011100010
0001100010000100
0000110111000000
0000001110010110
1111100000111010
1110110000010010
1110110010101100
1110101010101100
1110110111011110
1111000010101000
1111110010011100
0000100111111000
0000111111110010
0001000110001010
0000110110001101
0001101110000000
0010000111100010
0010010110101010
0001101101001110
0001000010001010
0001100111101000
0010001101111010
0010011100010000
0010010010101100
0001011101010010
0000111101011000
0000101111000010
1111111010011010
1110110101011100
0000000011001100
0000110100010110
0001010010100000
0010011001000100
0010001001001110
0001001100111100
0000100000100010
0000001001100010
1111011000010110
1111000110000110
1111001000011110
1111101100111110
0000001110010010
0001010011010010
0001111011101101
0001010100111000
0000100010111010
0000011101010110
0001111010111100
0010011100010000
0010011001111000
0001100011111011
0001011001101000
0001001000001100
0010001011100110
0010011001111000
0010010101111010
0001010111010000
0000100110000100
1111111111001110
1111001100011100
1110110101110110
0000000101011100
0000101101101010
0001110001100010
0010011100010000
0001011110010000
0000101110011111
0000111101100110
1111110100101100
1111011001000010
1111011110111010
1111101111101010
0000111011000100
0001101001111110
0001111001111010
0001011111111100
0000001111100000
0000101011001010
0000010101011000
0001000101111110
0001110010011000
0001101001111110
0000110011100010
0000111000100100
0001010101111000
0001111110000110
0010001110110110
0010000100110010
0000110001000000
0000001001101000
1111011111110000
1111111001101110
1111111111001000
0010000000011110
0010011100010000
0001110101001100
0000100101010100
0000101000110100
0000011010000010
0000110100000101
0000101110000000
1110101010000100
1110000011000000
1111100110110100
0000111101100111
0000110100111100
1110011101111010
1111000101110111
1111111011101010
0001010010011110
0001100011110100
0001010001100110
0001101101011000
0001100000010110
1111000000101000
1110100101101110
1110100100000000
1110111100010010
1110110000001000
1110011000101100
1101111010010100
1101110011011000
1110100011001000
0000000110111100
0000011100001100
0001010110111000
0010011100010000
0001101011011110
0000100000000000
0000011111010000
1111110011110100
0001001111010010
0000100100100110
1111000100100100
1110010101010010
1111101010101010
0000100111101000
0000001000011000
1110100110110100
1111011000011000
0000110111101000
0001011010101100
0001100110001000
0001000101011000
0001100111101010
0001100001100100
0000001001111010
1110100010010000
1101111111001100
1110000110110100
1110001111001100
1110000010010000
1101111110011100
1101111111111100
1110101111001110
0000000110111000
0001000010010000
0001101010010000
0010011100010000
0010001000010000
0000110010000000
1111011111100000
0000010001100000
0000010100000000
1111011110010000
1101101000110000
1110001000000000
0000111100000000
0010000000110000
0010010100110000
0001011111000000
0000111010110000
0001100001100000
0001110001110000
0001101010010000
0000111001100000
0001100100000000
0001110001110000
0001000110000000
1111101010110000
1110100100110000
1111100010000000
1111011001010000
1111001010010001
1111010100010000
1111101001100000
1111111001110000
0000101101000000
0000101100010100
0000100111101010
0001001100111110
0001101101100110
0001110010010010
0001001100111110
0000111010010011
0000110101101000
1111011101000010
0000000111000000
1101110001110000
0000000010010110
1111111001000000
0000000111000000
0000100111101010
0001011010111100
0010000000010000
0010001001100110
0001110010010010
0010001001100110
0010010111100110
0010011100010000
0010010010111010
0010001110010000
0010001110010000
0010001110010000
0010000100111100
0001110010010010
0001010001101000
0000100010111110
0000111010010011
0000110101101000
1111101011111110
0000011100000010
0001000100000110
0001000100000110
0001011100001010
0000001100000010
0000011100000010
1111110011111110
1111101011111110
1110011011110110
1110010011110100
1110101011111000
1110001011110100
1110010011110100
1111100011111110
0000011100000010
0001000100000110
0010011100010000
0001110100001100
0001111100001011
0010000100001110
0001111100001011
0010001100001110
0001011100001010
0001110100001100
0001101100001100
0001100100001010
0001000100000110
0000111100000110
1111111100000000
1110110011111000
1111100011111110
1111100110011100
0000110000010010
0001000111000010
0001101001000111
0001011000000100
0001011101110000
0000011111010000
0001000001010110
0000100100111100
1110111110101010
1101111010011110
0001001100101110
0010011100010000
0010010110100100
0000001110001110
1111100000110000
1111111101001010
0000110000010010
0000010011111000
1110000101110110
0000011111010000
0000111011101001
0000011001100100
1111100110011100
0001010010011000
0001100011011100
0001111111110110
0001000111000010
0000110000010010
0000001000100010
0000010011111000
0001010010011000
1101100011110000
1101100011110000
1101100011110000
1101100011110000
1101100011110000
1101100011110000
1101100011110000
1101100101110100
1101100101100100
1101110001110110
1110110011101000
0000110011001100
0010000010110110
0010010011010000
0001111010011100
0010000011010100
0010001000000100
0000011001010010
1111111111000010
1111101000110010
1111001111000000
1110101001001100
1110000011000000
1101110101010000
1101101011110010
1101101000001000
1101101001000110
1101100011110000
1101100011110000
1101100011110000
1101100011110000
1101100011110000
1101100011110000
1101100011110000
1101100011110000
1101100011110000
1101100011110000
1101100011110000
1101100011110000
1101100011110000
1101100111000100
1101100110100010
1110000011100110
1111000110100100
0000111111101111
0001101110011010
0001111110000110
0001111100111000
0010010101100000
0010000000010100
1111100111001110
1111000111110110
1110111000011010
1110100101111110
1110010110110100
1110000000101000
1101110101001000
1101101100110000
1101101010001100
1101101001100100
1101100011110000
1101100011110000
1101100011110000
1101100011110000
1101100011110000
1101100011110000
1101100011110000
1101100011110000
1101100011110000
1101100011110000
1101100011110000
1101100011110000
1101100011110000
1101110010010100
1101100111111010
1111000110101100
1110111011010000
1110100011011010
1110011010110101
1110011001101010
1110011100000000
1110001101111100
1110000101110000
1110001101011010
1101110000111100
1101101101011110
1101101001010010
1101111110110100
1101110001110100
1110001001110000
1110011010111100
1110011100000000
1110010110110010
1101100011110000
1101100011110000
1101100011110000
1101100011110000
1101100011110000
1101100011110000
1101100011110000
1101100011110000
1101100011110000
1101100011110000
1101100011110000
1101100011110000
1101100011110000
1101110101100110
0010011100010000
0010011100010000
0010011100010000
0000100011101110
1111001010011100
1101100011110000
1101110001001010
1101110101100110
0010011100010000
0010011100010000
1111001110111010
1101101100101100
0000011111010000
0001001011111010
1111111011100010
1110000111011110
1110010100110110
1110000011000000
1110100110101110
1101100011110000
1101100011110000
1101100011110000
1101100011110000
1101100011110000
1101100011110000
0001100101010010
0001100111010010
0001101010010000
0001101110100010
0001110010110100
0001110111111010
0001111101100110
0010000110110000
0010010110110010
0001010100010010
0001101000000001
0001101011001010
0001101111000100
0001101101101100
0001101010011100
0001101001101000
0001101011110110
0001101000000001
0001010110100100
1111111001110100
0000011111010000
1111111110001010
1111001110001101
0000010011000010
0000111111110100
0001011001111010
0001110000101000
0001100010111110
1111011011011100
1111111001010110
0000011010100110
1111101010011010
1111100010000111
1111011011011100
1111101111011000
0000111010001100
0010010000101000
0010001001111110
0010000100111110
0010010101100110
0001110111101100
0010011100010000
0010001110111100
0010010011111100
0001000111011110
0000001001111110
1111101010011010
1111101000101110
1110111010001100
1111110001000010
1111101010011010
1111101000101110
1111000100001010
0000000000000000
1111110010101100
0000010111010010
0000011010100110
1111111011000000
1111110110000010
1111000000110110
0000010000001110
0000110010011000
0000110101110010
0000011000110000
1111010010110000
1111011001100100
0000001110011111
0001010110010000
0010011100010000
0001111010000110
0010000100010110
0010000000111100
0001111000011000
0001100111010100
0001101111110110
0001100011111010
0001010001001000
0001000101001010
0000000111101100
1111010111111001
1111000101000110
1110111111111110
1110101101001100
1110101101001100
1111011001100100
0000000100010010
0000101000000111
0000111110010110
0001000101001010
0000001001011010
1111111111001010
1110111010110110
0000101100010100
0001000011101000
0001010100101110
0000001000100100
1111101011000000
1111001101011110
1111100000001001
0000110010100010
0010001111110100
0010011100010000
0010011010101100
0010011100010000
0010000100111100
0001101111001010
0001011100100000
0000100010111110
0000001010000110
0000010101000000
1111010010001000
1111001011111011
1111010110110100
1110101011010010
1110011011101110
1110110011000010
1111000001000010
1111111010100100
0000011001101010
0000100001011100
0000001000100100
0000010000010100
1111111101101010
1110100110100110
1110100001101100
1101100011110000
1101100011110000
0010011100010000
1110000011000000
1101100011110000
1101100011110000
1110100010010000
0010011100010000
1110111101000010
0000101111011100
0000101100101010
0001101010000010
0000001101111100
0001001000100010
0010011100010000
0001110111111110
0000101001110110
0000110101000000
0001011110111000
0001101111100101
0001101010000010
0001010011101110
0010001000101110
0010010011111000
0001001110001000
0000011011111010
0000110101000000
0000101001110110
0000001011001010
0000011001001000
0000011001001000
0000011110101100
0000100111000100
0000010011100010
0000100111000100
0001000000001100
0000110010001110
0000010000110000
0000000101100110
1110111101000010