1111010101110010
0001110101111000
0001110000010111
0001001011001000
1111101101111010
1111000000111100
1110100100011100
1110000010011100
1110000000010000
1101111011111000
1101110111100000
1110001101011010
1111010010100000
0000000011110110
0001011000010001
0001101111010010
0001010110000100
1111111111011100
0000001010011010
0000111111000100
0001100100010110
0001011000010001
0001000000001010
0000011101000100
0000000010110000
0000001010011010
0000001111111010
0001011010011110
0010010000001100
0010011100010000
0001010001101100
1111110010010010
1111000001111000
0001100101101010
0001100101101010
0000111000011110
1111111111000100
1110111000011110
1110110111100010
1110101100001110
1110011111000101
1110010011110000
1110100101101000
1111000010110100
1110111101001010
0000000101101010
0000011000011110
0010011100010000
0010011010011000
0001000111100010
0000110010110110
0000010010110100
0000001000011110
0000010000000000
0001001011010100
0001001111000100
0000010001111000
0000001010010110
0000010101101010
0001000001111000
0001011111000100
0001011010011000
0000010101101010
1111011010010110
1111011100100000
0010011100010000
0010011100010000
0000111111111001
0000011010011000
1110110110111100
1110111111000100
1110110101111100
1110100001101010
1110011000100000
1110001001010010
1111010010010110
1111000111001100
1111110111111000
1111101011101110
0000101111101100
0010001101000010
0010010010000110
0010000001111000
0000111110111010
0000101001100110
0001000111000010
0010001011000000
0010010101001010
0001011110010110
0000011010011000
0000011010011000
0001001000000010
0001111011110010
0010000011111010
0001011001010010
0000000000000000
1111011010011010
0001110001100010
0001101101100100
0000101001100010
0000001000010100
1110110011101010
1110111101111100
1110110010000100
1110010111001101
1110001011010100
1110010000110110
1110110110000010
1110101010001010
1111011101100110
1111010100000110
1111101101011010
0001000110000010
0010011100010000
0010010010110000
0000010011011000
0000001110101000
0000001000010100
0001101101100100
0001100001101110
0001000010110110
0000110001011100
0000100111001010
0000101111111000
0001010110101000
0010000101010100
0001111110001100
0000101010010100
1111100110001100
0010000100110010
0001111110001110
0001000100000010
0000000011010010
1110111000001110
1110101100111100
1110001101111110
1110000110011110
1101100100101100
1101110101100110
1110010110011100
1110010111011000
1111000110010010
1110111011000010
1111100100010100
0001010000001111
0001111001100010
0001111000100110
0001000010001010
0000100001010100
0001011001101000
0001110110101110
0001101110010010
0001111011011001
0000110101111110
0000110000010110
0000110101000010
0001100011111011
0010011100010000
0010010010111000
0001011100011100
0000001000010100
0010010100011010
0010001011100110
0001101111001100
0000000000100000
1111110111101100
1111010000100000
1110011001101000
1110011111100000
1110010010110010
1110100000100000
1110101011010000
1110110111000010
1111001110100010
1111001101100101
1111100110000011
0000100011110000
0001000100000110
0001111100111010
0010000111101100
0001010011110000
0001100111010110
0010001110100010
0010011100010000
0001111110111000
0001010010110010
0000100001110100
0000011001111101
0000010010001000
0001100011011100
0001111011111100
0001001001111110
0000101100101010
0001011110010110
0001001110001000
0001001010000100
1111111100111110
0000100010100000
0000010010010000
1110110101111100
1101111111001010
1110000101001110
1101110111000010
1110011011100100
1111000111001100
1110111000111110
1110110100111010
1111001001001110
1111110001110010
0000010111010110
0001001101001000
0001000000111100
0000111011111000
0001111001110000
0001111111110110
0010011100010000
0010000010111000
0000111010110110
0000000110000110
1111111100111110
1111111101111110
0000010011010010
0001011001010010
0001001110001000
0000100001001010
0001111111110110
0001110110011000
0001010000100000
1111111011010000
0000000100110000
1111000010011100
1111101000010100
1111011110110110
1110100110000010
1111000010011100
1111110001110010
0000000100110000
0001010000100000
0001111111110110
0001100011011100
0001100011011100
0000100001001010
0000111101100100
0001011001111110
0000111101100100
0010001001010100
0010011100010000
0001010000100000
0000110100000101
0000110100000101
0000110100000101
0001010000100000
0001111111110110
0010011100010000
0010001001010100
0001110110011000
0000001010011010
0001011101110000
0000110100000101
0001010011010110
1111110101100110
1111101011001010
1111001011111011
1110110111000110
1110110111000110
1110100010010000
1110010111110110
1110101100101010
1111101011001010
1111110101100110
0000101001101010
0000001010011010
0000010100110110
0000011111010000
0000111110100000
0000111110100000
0000101001101010
0000011111010000
0000111110100000
0000110100000101
0000000000000000
0000001010011010
0000110100000101
0000010100110110
0001110010100110
0010011100010000
1111110101100110
1111010110010110
1110110101011110
0001110000111110
0001110101110010
0001000101101110
0000010000110100
1111010111001000
1111001101100010
1111000011111010
1110111111000110
1110101011111000
1110111010010010
1111010111001000
1111011011111100
0000011111010000
0000101000111000
0010010010101000
0010011100010000
0010001001000010
0001000000111010
0000110010011110
0000011111010000
0000100100000100
0001111010100110
0001110000111110
0000110010011110
0000010101101000
0000110111010010
0001011000111100
0001110000111110
0001110000111110
0000111100000110
1111111000110010
1101100110101100
1101100110011000
1101100111110000
1101101001000000
1101101000101100
1101101100000100
1101101111001010
1101110101001010
1101111001010100
1110000100010000
1110110011101100
0000101110001000
0010000101101000
0010010000010000
0010010100101110
0010000101011110
0001101110101010
0001010000011110
0000110011001110
0000011001100000
0000000011100111
1110111110010100
1110010010111000
1101110111011110
1101101010110110
1101101001010010
1101100111011100
1101100011110000
1101100011110000
1101100011110000
1101100011110000
1101100011110000
1101100011110000
1101101000000000
1101101001010100
1101101001101000
1101101010110100
1101101110011110
1101111000110000
1110001100110010
1110011011101110
1110011000110010
1110010111010010
1110111101011000
0000010111011000
0010000001111000
0010001001110000
0001100100111110
0001011110110100
0001010111101010
0000110000001001
0000010011010000
0000000000100100
1111101001100010
1110101010110010
1110001011101010
1101110111101010
1101101111010010
1101101101001010
1101101010110100
1101100011110000
1101100011110000
1101100011110000
1101100011110000
1101100011110000
1101100011110000
1101110000010000
1101110010010100
1101111110010100
1110110000110100
1110111111011010
0001001100100100
0010010011111010
0010000000001000
0001111001010110
0001010000101101
1111111111011110
1110000111111011
1110000010100010
1110000111111011
1101111110100010
1101111110000100
1101111101001100
1101111110100010
1101111001101000
1101110101001010
1101110110100000
1110000100010100
1101101011000010
1110100010110000
1111001010111000
1110101101101100
1101111111111000
1101100011110000
1101100011110000
1101100011110000
1101100011110000
1101100011110000
1101100011110000
1111001110111010
1101110101100110
1110001011111100
0000010001110110
0010011100010000
0001011001010010
1111110010100110
1110000011000000
1101101100101100
1111001010011100
0001100010001110
0001111101000000
1111001110111010
1110100010010000
1110000011000000
1101111110100010
1101100011110000
1101100011110000
1101100011110000
1101111110100010
0000000100011110
0000010001110110
0000011111010000
1110110100000110
1101111110100010
1101110101100110
1110001011111100
1101100011110000
1101100011110000
1101100011110000
1101100011110000
1101100011110000
1101100011110000
1110011110100111
1110100001111000
1110100100010010
1110101010100010
1110101100011110
1110110100011000
1110111000011000
1110111110111110
1110111101100100
1110110110111100
1111101111000000
1111101110111010
1111101110101100
1111101101101100
1111101011000010
1111100101111010
1111100110110011
1111101110110100
0000000011010100
0000101011110110
0000000110010000
1111011110111010
1111000001111011
1111101101111110
0000010110001011
0001001010000000
0001111011000000
1101110100101100
1110111110011010
1111001111001000
1111111011100000
0000001010010010
1111100011000100
1111101000001110
0000100000110010
0000100101111100
0000010000101110
0000011100111100
0000111001111000
0000101110010010
0000110100101110
0000100001011100
0001010011100110
0001000110101110
0001010000011000
0001000101011100
0001100110111000
0010011100010000
0001110101101010
0001101010110000
0001111101011000
0001111111111101
0010011000011010
0010010111000110
0001110011000110
0001100110111000
0001011011010100
0001011101010000
0001001001010100
1111010011000000
1110100111001010
1110011101101100
1110001111001100
1110110011111110
1110110001110000
1110111111000110
1111100010001100
1111110101001000
1111100001000110
1111100010110000
1111011111011010
0000000010100000
0000000001011010
1111111011110100
0000000010100000
0000100101100110
0000010111001000
0000000110111110
0001001101001010
0001111010110100
0001110100001001
0010000011001100
0001110100101100
0010001001010100
0010000010101000
0001111111110110
0010011000111010
0010010110001000
0010011100010000
0010010011010110
0001101010001000
0000010010000110
1111111101010000
0000011100001010
1110111011100010
1111001011000000
1111000011110100
1111011011100100
0000000001000110
0000010011010100
0000001011000010
0000000100111110
0000100100011100
0000011011000100
0000011001111100
0000110111001110
0001001001011100
0001011100110000
0001100110001010
0000101110111100
0001011001011100
0010000110001010
0010001100010000
0010011100010000
0010001001011110
0010011011101100
0010010001110000
0010011010100110
0010001100110010
0010000000101010
0010011100010000
0010000111110100
0010000110001010
0001001101010010
1101101010101000
1101100011110000
0010011100010000
1101100011110000
0000111110100000
1101100011110000
1110000011000000
0001011101110000
1101100011110000
1111100010010100
0000100000010010
0000101010101000
0000110010011000
0000101010101000
0000100101011100
0001010001010101
0001001110110010
0000111111010010
0010001111010110
0010011100010000
0010001010001010
0010000010011100
0001001001100110
0001101000100110
0010001111010110
0010000111100110
0001000100011100
0001010001010101
0001010110100010
0001100000110110
0001110000010110
0000110100111100
0000111010001000
0000111100101100
0001000001110110
0001000001110110
0000110100111100
0001010011111100
0000111100101100
0000010011011000
1111111100001000