1111001000011100
0001101001100100
0001100001001000
0000111111010110
1111011001010110
1110110100111110
1110100010110010
1110001110101000
1110000111011110
1110001010000110
1110010111000100
1110110000011010
1111001001110000
1111101011100010
0000101011110110
0001100010011100
0010011100010000
0010001101010100
0001100010011100
0001100000011101
0010010000100100
0010010010100000
0001111110011000
0000101100100000
0001010100001000
0001110101010010
0001010000110111
0001100011101110
0001110111111000
0000110110111010
1111110110100110
1111000110100000
1111001000101010
0001011001010100
0001011100111100
0000000011111000
1110100010000010
1110011101011010
1110011000110010
1101110100001110
1101111100011110
1110001111000001
1110010010000110
1110011100011001
1110100111001100
1110101110011010
1111001001001010
1111101000000100
0000110010001100
0001100101101100
0001101100111000
0001010011101010
0000100001001110
0000100110010110
0001001011111100
0001000100101110
0010001110010110
0010011100010000
0001111000101101
0001101100011000
0001111101011000
0001101000110010
0000110001101100
1111101010001000
1111010001000110
0001101111111000
0001111001011110
0000001100001000
1110111101111000
1110110110000110
1110010100101110
1101111100111010
1101110011010100
1101110010110110
1110010110100010
1110000111111011
1110010111111010
1110111100111110
1110111000011010
1111000101101010
1111110100010110
0001001011010000
0001011011110000
0000110101101111
0000010011000000
0000001010010010
0000000111100100
0000110101101111
0010001110100010
0010011100010000
0010001100101100
0001110000110010
0001111111111000
0010000101110110
0001011100101010
0001001101100100
1111111000000011
0010001001000000
0010001011010110
0000101001110000
1111001111101010
1110111110110010
1110111100111010
1110001100100100
1101111011101100
1110010000010100
1101110001110100
1101111110111110
1110001001010010
1110001010001110
1110111001001010
1111001110101110
1111110001000000
0001101001100100
0010000001000010
0001101100011000
0000010110100010
0000010101000111
0000001011010000
0000010100101010
0010000001100000
0010011100010000
0010010001011110
0010001010111000
0001101011011100
0010000101010000
0001110101010100
0001010001001011
1111111001101110
0001100001101110
0001101001000010
0000010111000000
1111000100111100
1110010000101100
1110001101100100
1101111000001000
1101101100101000
1101110001010110
1101111000001000
1110000010100110
1110001110100110
1110110001000110
1110101111100010
1111000000110010
1111101001100010
0001000100011110
0001101010100110
0001110111001001
0000101101011110
0000001000011000
0000010110011110
0000011001000110
0001000000110100
0001101110110010
0010010000110000
0010011100010000
0010001001111110
0001111000001100
0001001001101100
0001000110000010
1111101011011110
0001010110010010
0001001101011100
1111110101010010
1110110110110010
1110001110101010
1110001111100110
1110001000100110
1101101110011110
1110000011000000
1110000000101011
1110000110010000
1110010000000100
1110100011001100
1110011100101010
1110111001000110
1111001010110110
0000110000100000
0001110110000000
0001101010010110
0000010000010100
0000000001011010
0000000010110100
0000110010110110
0001000110011100
0001000101100000
0000111000111010
0001101101001010
0010011100010000
0010001001001000
0001011111001010
0000011111101110
1111100001100100
0001000100101110
0001001110100100
0000001001000000
1110011000100000
1110001000010010
1110001010100110
1101101111111100
1101110010110100
1101100110000100
1101101110110010
1101111101110110
1110000010011110
1110010110110010
1110101101011000
1110110111110100
1111011000010010
0001011001000000
0010011100010000
0010001110010110
0000101000111000
0000010101001010
0000101000111000
0001011000011010
0001101001110100
0001011100011110
0000111110010100
0000110101101000
0001110001111100
0010000010110000
0001011010001010
0000000111001111
0000111010100110
0001101011011100
0000111010100110
0000011101010100
0000011101010100
0000010011100010
0000010011100010
1111001111001100
1110110001111000
1110111011101000
1110111011101000
1111110110010000
0000011101010100
0000100111000100
0010010010100000
0010010010100000
0010011100010000
0010001000101110
0001010111111000
0001101011011100
0010011100010000
0010010010100000
0010001000101110
0000110000110100
0001010111111000
0001001110001000
0001001110001000
0010010010100000
0001101011011100
0001010111111000
0001101011011100
0000111010100110
0000000110010000
0001011101110000
0000101011110000
0000111000010000
0000010010110000
1110001001010000
1111100000110000
1111000111110000
1110100010010000
1110100010010000
1111000111110000
1111100000110000
1111100000110000
0000000110010000
0001101010010000
0001011101110000
0010011100010000
0010000011010000
0001010001010000
0010000011010000
0010000011010000
0010000011010000
0001110110110000
0000010010110000
0000000110010000
0010000011010000
0010000011010000
1111101101010000
0001110110110000
0001011101110000
0000101011110000
1111111001110000
1111100111001010
0001100110111110
0001110001101000
0000011100011010
1110111000111110
1110110101011100
1110110001111000
1110010101011110
1101101010110110
1110000011101110
1101111100100110
1110001110011000
1110100011101010
1110100011101010
1110110101011100
1111011000111100
1111110101010110
0001101110000110
0001111100010010
0000111100011000
0000001010101010
0000010101010100
1111111100011100
0000111000110100
0010000011011010
0010011000101100
0010011100010000
0010000011011010
0001110001101000
0001110101001100
0001010101001110
0001000111000010
1101100011110000
1101100011110000
1101100011110000
1101100011110000
1101100011110000
1101100011110000
1101100011110000
1101110000000000
1101101011001100
1101101010100010
1110101100110110
0001100110100100
0001111100001010
0001000110101100
0000011001110010
1111111100010110
1111101110001000
1111010111010001
1111100001100100
1111001111011100
1110101001000110
1110010100110100
1110001011111100
1101111010111010
1101110000101110
1101101010010100
1101100111010010
1101100101110100
1101100011110000
1101100011110000
1101100011110000
1101100011110000
1101100011110000
1101100011110000
1101100011110000
1101100011110000
1101100011110000
1101100011110000
1101100011110000
1101100011110000
1101101100001000
1101101001010000
1110000011111000
0001100001100000
0000111100010000
0010000000110010
0000101111010000
1111110101010100
1111100101011110
1111001110110110
1111000001000110
1111010101011000
1111000001011000
1110100001111100
1110001111100110
1110001111111010
1101111011100000
1101110000010010
1101101001110110
1101101000000010
1101100110101110
1101100011110000
1101100011110000
1101100011110000
1101100011110000
1101100011110000
1101100011110000
1101100011110000
1101100011110000
1101100011110000
1101100011110000
1101100011110000
1101100011110000
1101110101011100
1101101000111100
1110011101000010
0000011111110000
1110010101001000
1110100000000100
1110010101001000
1110010011010001
1110000101010000
1110000010001000
1110010111101110
1110101010110000
1110010100111000
1110101001010110
1110101001010110
1110011100100000
1110110111000100
1110110011111100
1110110001111000
1110101111110010
1110000110001000
1101100011110000
1101100011110000
1101100011110000
1101100011110000
1101100011110000
1101100011110000
1101100011110000
1101100011110000
1101100011110000
1101100011110000
1101100011110000
1101100011110000
1101111010000100
0010011100010000
0010011100010000
0010011100010000
0000011010110010
1110010100110110
1110111101000010
1110100010010000
1111100101001110
1110101011001101
1110100110101110
1110010100110110
1111100000110000
0000000100011110
1110100110101110
1110101111101010
1111110111000100
0000011111010000
1110101111101010
1110010100110110
1110001011111100
1101100011110000
1101100011110000
1101100011110000
1101100011110000
1101100011110000
1110111000111000
1110110101111100
1110110110011100
1110110101011110
1110110010101000
1110110001010000
1110100011110000
1110010100100110
1110001111101001
1110000001011010
0000000010111100
0000001110100110
0000010011010010
0000011100000100
0000101010001100
0000111000110010
0001001100001110
0001011011011000
0001101100111100
0001101111010010
0000000000000000
0000101000011011
0001000011101110
1111101011000000
0000101000101100
0001011111010000
0001110001000010
0010011100010000
1110010101111100
1110111100101110
0000100101101000
0000111110101110
0001000111110110
0001001010001000
0001001010001000
0001001010001000
0001100011001110
0001010011010000
0010001110100100
0010010000110110
0010001010000000
0010011100010000
0010000111101110
0001110101011110
0001100000111011
0010001110100100
0010001010000000
0010000101011100
0001010000111110
0001011010000110
0001100000111011
0001101010000100
0001000011010010
0001011110101010
0001100101100000
0001000011010010
0000100111111010
0000100111111010
1111110101110000
1110101111000010
1111000001010100
1111011011001100
1111110101000100
1111111101000001
0000000110111110
0000011110110110
0000101010110010
0001011110100010
0000110110110000
0000111010101110
0001100010100010
0001000000101100
0001010110100110
0001101000011111
0001110010011100
0001001100101000
0001101000011111
0010000000011000
0001110010011100
0001111110011010
0010000010011000
0010000000011000
0001110000011110
0010011100010000
0010011000010010
0001010010100110
0000101100110010
0001010000101000
0001000110101010
0001000010101100
0001001110101000
0000000100111110
0000111011001000
0001010000001111
0000100001110010
1111100100100100
1111011110001110
1111111001101010
0000011011011100
0010000010111010
0001111010011110
0001001001111010
0001100001001000
0001010100011110
0000111101001110
0001001100000000
0000110100110010
0000111001000000
0001000101101100
0001101001100100
0001111010011110
0010010011110100
0010011100010000
0001110110010000
0001110010000010
0001010010010110
0010001011010110
0001001110001000
0001111000010110
0001101011101100
0000110000100100
0000101110011100
0001010000001111
1111110111100100
0010011100010000
1101100011110000
1101100011110000
0010011100010000
1110000011000000
1101100011110000
1101100011110000
1110010010101000
1101100011110000
0000001001000010
0000101000000010
1111011101001000
1111110001110010
1111010010110100
1111110100011001
1111101100101000
0000001011100111
0000011000100010
0010000010011100
0001110010111100
0001011001000110
0001111000000101
0001100011011100
0001010011111100
0001000100011100
0000100010111000
0001111111110110
0010011100010000
0010000101000000
0001001001100110
0001011110010010
0001001110110010
0000110010011000
0000010011011000
0001100000110110
0001101011001100
0001001100001100
0000010011011000
0000111010001000
0000111010001000
1111100111011110