1111101001110000
0010011100010000
0010001001000110
0010001101101000
0001100011111011
1110110101011010
1111100101110100
1111110101000010
0000100011001100
0000100110000000
0000101010100000
0000111010010010
0000101011000100
0000001100101010
1111100110011000
1111010011010000
1111001111110111
1111001111110111
1111001011010110
0000000111100110
0000000011101010
1110111001010110
1110110011001010
1110101100111100
1110001001011110
1110001110100010
1110000001000010
1101110100000110
1111000100000011
1111001100011110
1111001011010110
1110111001010110
0000010000011110
0010011010100010
0001110010110010
0010001100111010
0000011011110110
1111110001110010
0000001000100010
1111110001110010
1111110010011000
1111111010111000
0000101110000001
0010011100010000
0010010011101110
0000101000111001
0000011010101110
0000010101100110
0000001001101010
1111111010111000
0000011001000000
0000100111110010
0001011001110010
0000101011110000
1111001011101110
1110111001100010
1110111101100010
1110111011110100
1110011100000000
1110010010111010
1111010001011010
1111101101110100
1111100110011100
1111000101011110
1111100011100100
0001010000111110
0000111101110000
0001011111011110
0000110010000000
1111010101011110
1110111000000100
1110111001001110
1111010000011000
1111001011101010
1111000111101110
1111100011100100
0000000100111010
0000001010110010
0000100101110110
0000001101100010
0000101001011000
0000111000101010
0001010000001100
0001111110000100
0010001010100110
0010011100010000
0010010101001100
0001110110001110
0001101010000100
0001011110010100
0001011000011010
0000110111011110
0001000101001110
0001001111011010
0001100101110000
0001101101111110
1110101110110000
1111111111100100
1111110011111010
0000010100111000
1111110011100110
1110101000111010
1110010110001110
1110011000100100
1110100101101100
1110011110111110
1110000100011101
1110001100111010
1110101001001100
1110110010110100
1111000110111110
1111010100011000
1111011101101110
1111110100110010
1111110001110110
0000110000010010
0001010100001011
0010000101110010
0010000011011100
0010010101110110
0010001100001100
0010011100010000
0001111000000100
0001111000111100
0001101100111110
0001100110110110
0001101000111010
0001101100000110
1110100011000100
1111100111111010
0000001101011000
0000100010110110
1111100111010100
1110101100111100
1110000000110010
1110001001100000
1110010110111001
1110001011110111
1101111111010110
1110010111011100
1110011100011001
1110100010011110
1110100000011100
1110110100001100
1110111111110100
1111010100011100
1111101000001100
0000000000111000
0000100011011100
0001010001101000
0010010100011010
0010011100010000
0010001010110100
0010001000110010
0010000101010100
0001100101101010
0001011011110010
0001001101100010
0001001111100100
0001101010010010
1110100100011100
1111011110010110
0000101001100110
0000110010101110
1111001010111100
1110010101001000
1110011001110110
1110011011111011
1110011000101010
1101111100110000
1110000110011100
1101111101010100
1101111100110000
1110000110101110
1110100001001100
1110111101001000
1111000111001000
1111000101111100
1111010100010110
1111100011010110
0000011011001011
0001010010001010
0001110000110000
0010001011100000
0010010011101110
0010011100010000
0010001011110010
0001011011010010
0001001100100110
0001001001000100
0001000011011110
0001010101000110
1110111100111010
0000101010010010
0001001100101110
0001110100110000
0000000001110010
1110100100100110
1110011101100000
1110011001011100
1110101111101110
1101111101000100
1101101111111010
1110101011101011
1110111110011010
1110011000111100
1110101110101110
1110111000110110
1111000110000001
1111011101110100
1111100111011100
0000101101010110
0000111101000010
0001110100010000
0001110101010000
0010010010001000
0010000111011110
0010011100010000
0010010000000110
0001001011101110
0000100111010000
0000111111000100
0000110101011100
0001000000100100
1111110101100110
0010011100010000
0010011100010000
0001111101000000
0001110010100110
0000010100110110
0000001010011010
0000001010011010
0000010100110110
1111001011111011
1110000011000000
0000001010011010
0000011111010000
0000101001101010
0000110100000101
0000011111010000
0001001000111010
0000110100000101
1111000001100000
1111110101100110
1111001011111011
0000000000000000
1111010110010110
1111101011001010
1111110101100110
1111110101100110
0000000000000000
1110101100101010
1110100010010000
1110101100101010
0000001010011010
0000000000000000
0000100100110000
0010011100010000
0010010011000100
0010000000101100
0010001001111000
0000101101111110
0000011011100100
0001010010101110
0001010010101110
0001010010101110
0001010010101110
0010000000101100
0001101110010010
0000001001001100
0000001001001100
1111101101101000
0000000000000000
0000011011100100
0000001001001100
0001010010101110
0001010010101110
0000101101111110
0000100100110000
0000001001001100
1110001000100000
1110110110011110
1111100100011100
1110111111101010
0000100100110000
0000101101111110
0000001001001100
0000001001001100
1111011100010010
0001010000010110
0001000111011100
0001100010001110
0000111110100000
1111000001100000
1110101111101010
1111000101111110
1111010111110100
1111100000110000
1111010011010110
1111010111110100
1111110111000100
0000100011101110
0001010000010110
0001000010111110
0001101111100101
0001101011001010
0010001110110110
0010001110110110
0010011100010000
0010010111110010
0010011100010000
0001101011001010
0000110101100100
0000111010000010
0001000111011100
0000110001000110
0000111110100000
0001000010111110
0001100110101100
0001111101000000
1101100011110000
1101100011110000
1101100011110000
1101100011110000
1101100011110000
1101100011110000
1101100011110000
1101100011110000
1101101110010100
1101101100100010
1110000100000000
1111110110111010
0000001110111100
0000000100011010
0000100110011010
0001101111101100
0000001100000010
1111111110100010
0000010011101010
0000010101011010
0000000001011110
1111100100001010
1101101110111000
1101110010011010
1101110011000000
1101110010011010
1101100011110000
1101100011110000
1101100011110000
1101100011110000
1101100011110000
1101100011110000
1101100011110000
1101100011110000
1101100011110000
1101100011110000
1101100011110000
1101100011110000
1101100011110000
1101100011110000
1101100011110000
1101101011000000
1101101010101100
1101110001001000
1110010110110110
1110100001110100
1110011100110100
1110111110101010
0001110101000110
0000111101111110
0000111111011010
0000011110011000
0000000100100110
1111000011001010
1110010010000000
1101110010100100
1101101111000010
1101101111101100
1101101110001110
1101100011110000
1101100011110000
1101100011110000
1101100011110000
1101100011110000
1101100011110000
1101100011110000
1101100011110000
1101100011110000
1101100011110000
1101100011110000
1101100011110000
1101100011110000
1101100011110000
1101100011110000
1101110110100000
1101101110001010
1101111101010000
1101110100101100
1101110110101110
1110000000010010
1110001011001000
1111111010001010
0000010000010000
0000001001001010
1111111100111000
1111101100011010
1110100111010110
1110001101001010
1110100001011000
1110001000011001
1110001001111100
1110000010101010
1101100011110000
1101100011110000
1101100011110000
1101100011110000
1101100011110000
1101100011110000
1101100011110000
1101100011110000
1101100011110000
1101100011110000
1101100011110000
1101100011110000
1101100011110000
1101100011110000
1101100011110000
1110001011111100
1101101000001110
1111000001100000
1111001110111010
1101111010000100
1101111110100010
0010011100010000
0010011100010000
1101101000001110
1101101000001110
1101100011110000
1101101000001110
1111000001100000
1111100000110000
1110011101110010
1110011001010100
1101101000001110
1110011001010100
1101100011110000
1101100011110000
1101100011110000
1101100011110000
1101100011110000
1101100011110000
1101100011110000
1111111011001110
1111111001101100
1111111100101110
1111111111110000
0000000101111010
0000000110011000
0000000100001100
1111111101111110
1111111010010010
1111110001001110
1101101111010110
1101101111010100
1101101111010010
1101101011101000
1101100100010110
1101100110111110
1101100100011100
1101101010101000
1111001000000110
0000110110101000
1110001111100000
0001111101000000
1101101111000010
1110000111001110
1110010100111010
1110010101001110
1110011011100000
1101100011110000
0000100011011110
0001001011101110
0001010111001110
0001011100111110
0001011110111010
0010000011010100
0010000001011010
0010011010010110
0010010000110000
0001100110100100
0001100010110000
0001010101010100
0001110011111111
0001110101111010
0000101001001110
0000100111010100
0010000101010000
0010011100010000
0001001011101110
0001101010011010
0001110000001010
0001011110111010
0001001011101110
0000111010011101
0001100010110000
0001001001110100
0001000010001010
0001001011101110
0001010101010100
0000110000111000
0001001001110100
1111110101011110
0000001001000110
0000011011010000
0000111101110001
0001011010110110
0001010011100100
0000001110100010
0001011110011110
0001010101011010
0001010111001110
0001010011100100
0001001010100000
0001000101000010
0000011110111000
0001000011001110
0000110110100000
0000011001011100
0000111010001000
0010011100010000
0001011010110110
0001001111111100
0001010001110000
0001000001011010
0000111000010100
0000100100010110
0000001001000110
0001001010100000
0001001110001000
0000101101011010
0000110110100000
0000101001110010
1111111100011001
1110110011101100
1111110110001010
0000001100000010
0000111001111010
0001101010000000
0000101010101000
0001010110010100
0001001011011010
0001100111110100
0001101100001100
0001110111000110
0001000000011110
0001011000100000
0000111110010010
0000111001111010
0000111110010010
0000110011010110
0000110111101101
0010011100010000
0000011011010100
0001000000011110
0000100100000100
0000101110111110
0001010110010100
0000101010101000
0000101100110100
0000100001111000
0000010110111100
0000010000011000
0001000010101010
0001010100001000
0000000101011110
1111010101011000
1101100100011010
0010011100010000
1101100011110000
1101100011110000
1101100011110000
1101100011110000
1101100011110000
1101100011110000
1101100011110000
1111000100100010
1111111001000110
0000000110111010
0000010001111110
0000001111001110
1110110110101110
1111100010111110
1111111011110110
0000101101101000
0010000000100110
0010011100010000
0001110000000000
0001100111101101
0001111101110110
0001100010001100
0001111101110110
0001100111101101
0000011111110100
1111110110010100
0001010001100110
0001010001100110
0000100010100100
0000100101010110
0000001001101100
0000010001111110
0000110000011010
0000001111001110
0000011101000010
0000011010010001
1111111011110110
0000010100110000
1111110110010100