1110110111111100
0000000010110000
0001001011011110
0001000110110010
0000010010000100
0000000111011100
0000000110100110
1111100111111110
1111101010000110
1111101000110110
1111110010001100
0000011010001010
0000011010100100
0001000000011010
0001101010100000
0001110010001010
0001101000110011
0001010011111110
0001001100010100
0001011001000011
0010000110100100
0010011100010000
0010010011110000
0001111100011000
0001110011011100
0010000001011110
0010001001001000
0010010101000010
0010010000010110
0010001010011010
0001001111101110
0000101011100110
1110100100010100
1111110111100110
0000111101001000
0000110101111000
1110111100011000
1111011001000010
1111001111011110
1111010101111110
1110110000100010
1111001111111000
1111011101010000
1111011001000010
1111110000101110
1111111011011010
0000001111010010
0000101110001110
0001000111110100
0001100010111100
0001100001000010
0000110111110010
0001010111111000
0001101001000100
0001111001100000
0010001101101110
0010000010010010
0001110110110100
0010010000011010
0010010001001010
0010011100010000
0001111100111100
0001010100110011
0000100100101100
1110011110011010
0000000101011000
0000111000111000
0000101000100000
1111001010101110
1111010011000110
1111010000101110
1111000011001000
1110101011001101
1111000100101110
1110111011100100
1111011001100000
1111100011111000
1111100101011110
1111110011110100
0000000001000000
0000111010111000
0001100000110001
0001110101001000
0001011101001100
0001001110110100
0001011110110010
0001111011100010
0010001110010010
0010001111111000
0010000011111010
0010001001100000
0010011100010000
0010010111011110
0001111100010100
0001110101100010
0001010111001110
1110011011111100
0000000101111100
0000010111011100
0000010110010100
1111100010111110
1111001110111010
1111001000111100
1111000100000110
1111000010010000
1110111011111010
1111001111010000
1111101000111100
1111101011001010
1111101010011100
1111111000100100
0000000110101100
0000101011111010
0001011001101010
0001110010100110
0001101011011111
0001010011010110
0001011101011000
0001110101111100
0010000010111100
0010000111011010
0010000001110110
0010001001101010
0010011100010000
0010010101111100
0010000011101100
0001101101000000
0001100011010110
1110001001100110
1111011111110100
0000011001001010
0000001110101000
1110110110011110
1110101101111000
1110101100101110
1110100000001110
1110100000101000
1110101100101110
1110101101000110
1111000000001110
1110111001111110
1111001001100100
1111011010010110
1111101100010100
0000000110011100
0001001010101110
0001110000001010
0001101000110000
0000111101011100
0001001011100000
0001101011011110
0010001100101010
0010000111111110
0001110010100000
0001111001100010
0010011001001000
0010011100010000
0010000011010010
0001100010111010
0001001001111100
1110010011101111
1111011111111000
0000001100110000
1111110110010100
1110111100101010
1110011001011100
1110010101100000
1110010110011000
1110001111110000
1110011010110010
1110101001010010
1110101100110100
1110110010100010
1111001000000110
1111010110101000
1111100011011010
0000001100110000
0001000101100010
0001101011110110
0001011100011100
0001000010111010
0001001101000010
0001110011110000
0001111101011100
0010000110010000
0001110011110000
0001110101000100
0010011010100000
0010011100010000
0010001010001110
0001001111001110
0001000110011100
1110010100000011
1111010111000000
1111101011110000
1111111001010000
1111011010000110
1111000101111000
1111000001001100
1110111110100110
1110011010010000
1110011001110000
1110010111101011
1110100010100100
1110011111111110
1111000001101110
1111011101110000
1111010111000000
0000001010011000
0001000100100010
0001100101001110
0001100000000010
0000111100001110
0001001101010110
0001110000001000
0001110110111000
0001101111000110
0001000001111100
0001001110111010
0010000011010110
0010011100010000
0010000100111000
0001000100100010
0000100000101110
1111110000101100
0001010010101110
0001011110111110
0000110100000101
0001001100100110
0000101101111110
0000100001101100
1111110110110100
0000111010001110
0000111010001110
0000001111010100
0001010010101110
0001011000110110
0001011000110110
0001101011001110
0001010010101110
0001100101000110
0001100101000110
0001110111100000
0001101011001110
0001110001010110
0010011100010000
0010000011110000
0010001001111000
0001111101101000
0001110001010110
0010001001111000
0010001001111000
0010001001111000
0001011110111110
0001111101101000
0001110001010110
1110110001111000
0000000000000000
0001000010111110
0001000010111110
0000100111000100
0000010110010100
0000010110010100
0000000101100110
0000001011001010
0000010000110000
0000011011111010
0000110111110100
0001001000100010
0001100100011100
0010010110101010
0010011100010000
0001101010000010
0001001110001000
0001010011101110
0001100100011100
0010001011100000
0010010001000110
0010001011100000
0001101111100101
0001101010000010
0001100100011100
0001100100011100
0001101010000010
0001100100011100
0001011001010010
0000111101011000
0000000101100110
1110100100110110
0000000111110100
0000111110100000
0000110100000101
1111010011101110
1111011110001010
1111010001001000
1111010001001000
1110011010011100
1111010001001000
1111001011111011
1111010011101110
1111101101110010
1111101000100100
1111110010111110
0000001010011010
0000111110100000
0001100000010110
0001110101001100
0001011000100010
0001001000111010
0001001110001000
0001110010100110
0010000010001110
0010000100110100
0010000100110100
0010001010000010
0010001010000010
0010011100010000
0001111111100110
0001100000010110
0001001000111010
1101101000001100
1101101010100110
1101101001110000
1101101010110010
1101101010010000
1101101001111010
1101101011101000
1101101011001000
1101101010111100
1101101010010000
1101101110011000
0001000011000010
0010010000000110
0001110000000011
0001010101101100
0000011101111000
0000000101111010
1111101101000110
1111011000100010
1110111001111000
1110101011100001
1110001010110010
1110001001000110
1101111000010100
1101110001011100
1101110001011100
1101100011110000
1101100011110000
1101100011110000
1101100011110000
1101100011110000
1101100011110000
1101100011110000
1110101100010110
1111010000100100
1111010111110010
1111001011001100
1111011001110100
1111010110110100
1111100001000000
1111101001011000
0000001010000100
0000001110000010
1111111010111110
0000010100000000
0010001111001000
0001010100000001
0000101000000100
0000111101001010
0001000101101110
0001010001111100
0001100011011010
0000101011001000
1111000110001100
1110000011100110
1101110111011000
1101101110100010
1101101110111100
1101101101011110
1101100011110000
1101100011110000
1101100011110000
1101100011110000
1101100011110000
1101100011110000
1101100011110000
0010011100010000
0010011100010000
0010011100010000
0010011100010000
0010011100010000
0010011100010000
0010011100010000
0010011100010000
0010011100010000
0010011100010000
0010011100010000
1111101001010110
1110110111000100
1110100110110000
1110101111110010
1111000010100000
1111011101001110
1111101110101000
1111100010001000
1111111111010100
1111010110101100
1111010101111110
1111000100011100
1111000010011001
1111001000000110
1110101111000110
1101100011110000
1101100011110000
1101100011110000
1101100011110000
1101100011110000
1101100011110000
1101100011110000
1110100010010000
1110010100110110
1110000011000000
1101110001001010
1101101100101100
1101101100101100
1101111010000100
1101101100101100
1101110101100110
1110100110101110
0010011100010000
0010011100010000
0000000100011110
1110010100110110
1101110101100110
1101101100101100
1101110101100110
1101110101100110
1101100011110000
1110101011001101
0000000000000000
1111101110001010
1111001110111010
1111000001100000
1110000011000000
1110101111101010
1101100011110000
1101100011110000
1101100011110000
1101100011110000
1101100011110000
1101100011110000
1101100011110000
0001011111100110
0001100000111110
0001100001110000
0001100001111110
0001100000011100
0001011101100010
0001011000111001
0001010000001010
0001001100100100
0000111100000111
0000110100101110
0000111010110110
0001000011011110
0001001001110110
0001001110010000
0001010011000110
0001011111100000
0001101010001100
0001111101100110
0010000010100100
1111010100010000
0000000101100000
1111110111011100
1111010110000010
1111101111000000
0001101101011100
0010001100000010
0010011100010000
1101110101110110
1110000111001110
1110100101011000
1111000011110010
1110111011010110
1111000110101100
1111000010010110
1111010000000110
1111011111010100
1111010101001010
1111010000110100
1111100010011100
1111111000101000
0000001110110110
0000011010001100
0000111010110000
0000111100001110
0001001001111110
0001011000001100
0001101000011000
0001110010110000
0010000010011100
0010011100010000
0010010111111010
0001110111110100
0010010100010010
0010001010101000
0010000100110110
0001111110110100
0001011011110100
0001000000100100
1111101110100000
1101101101011100
1110000110100100
1110010001000000
1110101011011100
1110100111001010
1110101001000010
1111000100100110
1111000111001100
1111001111001110
1111010000010100
1111011001110100
1111101010100110
1111111101110000
0000000001001000
0000100110000000
0000111000010000
0001001001011000
0001001100111010
0001100011100111
0001101111001100
0001110011011110
0010000000010100
0010001100000100
0010010111100110
0010010010110000
0010011001101010
0010011001101010
0010011100010000
0010000010001100
0001111110110100
0001010100111100
0000110000100110
1101101011101000
1110000010110010
1110010000101100
1110100000101000
1110101110001101
1110101100101010
1110111000101010
1111010011111010
1111010101101000
1111011011010010
0000000001011000
0000001111010000
0000000001101110
0000001011110110
0000101100000110
0000111011110110
0000111111111110
0001011100011100
0001110011010000
0001111110010000
0001110011000110
0001111000111010
0010011100010000
0010001110100010
0010010000011010
0001110110111000
0010001000100010
0010010010010100
0010000011100100
0001111010001000
0001011110100000
0000101110011110
1101101101000100
1101100011110000
0010011100010000
1101100011110000
1101100011110000
1110000011000000
1101100011110000
0010011100010000
1101100011110000
1110101111100100
1111100100011100
0000001001001100
0000101001011000
0000001001001100
0000000010010100
1111110100100000
0000001101110010
0001100111011010
0001011110001110
0001010010101110
0001010111010100
0001101001101100
0001111001110010
0010011100010000
0000110000010000
0000111011110000
0000011001010010
1111101101101000
1111101011010100
0000000000000000
1111110100100000
0000100111000100
0001000100111100
0000011011100100
1111010110101000
0000011001010010
0000010100101100
0000001101110010
1111001011001010
1111101101101000
1110110100001100