0000110011111000
0010011100010000
0001110111111011
0000001100111110
1110011000111010
1110011111011010
1110001111001100
1110011111011010
1101111110010110
1101100101101100
1110001011010100
1110010011101111
1110101001110010
1110111000000010
1110101110111111
1110110001100100
1110001111110110
1110111001010110
1111110001000110
0001101000011000
0001100011110110
0000000011010000
1111011101000000
1111010011111010
1111001100001000
1110101101101010
1110011100001010
1111011010011010
1111001010001100
1111110011000010
0000000100100010
0000111011000000
0000100100100100
0010000101100110
0001011001100110
0001001111111010
1111000011100000
1110101000010110
1110011101010110
1110101100111000
1110101111011101
1110000100000110
1110000111010110
1101111010011010
1110010111100001
1110011011011010
1110100011001011
1110100101110000
1110110000000110
1111011111111110
0000101001101110
0001111111110010
0010001110000010
0001011011100100
0000100111001010
0000010000100000
0000010111101000
0000001110100100
0000011100001010
0000101011101100
0000111011001100
0001111111001000
0010001011011100
0010011100010000
1111110110100110
0001010010011110
0001001011111110
0001101111011010
0001011011100000
0000010101010110
1111110110111110
1111101100110110
1111010110011010
1111101100000110
1111010101010100
1111100010010110
1111110001100010
1111111001001000
0000011101010100
0000011011100000
0000110100011100
0001000010111010
0010000001110110
0010011001101110
0010011100010000
0010001100010110
0001110100110100
0001110011010111
0001100111110100
0001101100100000
0001100001010010
0001010101101110
0001001100010100
0001001011001110
0001001111001110
0001010001011000
1111100000000010
0000101110100100
0001010101010110
0010000000110000
0001101010100010
0000001110110000
1111110011100100
0000000000110110
1111100100000000
1111100111111110
1111101110100110
1111101111111100
0000000011110100
0000010001011010
0000110110100000
0001000100011100
0001011101101000
0010000000011010
0010011100010000
0010010011101000
0010000011000100
0010001000000010
0001110110001000
0001001110101110
0000101111100100
0000100100101000
0000010001000100
0000001011110000
0000010111000010
0000010110011000
0000100000010100
0000101100100100
1111100000000000
0000101000000111
0010011000111010
0010011100010000
0001010000110000
0000110100100011
0000111000011000
0000100000111110
1111111101001000
0000010000010000
0000011111000100
0000110011100110
0001101101011100
0010000100110110
0001111101101010
0001100110010000
0001001111110100
0001000111001100
0001010110000000
0001110110111110
0010000111001110
0001111001011000
0001000001000000
0000011000110110
1111110110111010
1111101000100110
1111011100101010
1111100100010010
1111100010011000
1111101010100000
1111111011101100
0000010101100000
1111100111001010
0001000011011110
0010011011000100
0010011100010000
0010001111001110
0000111001011010
0000000110100000
0000010000100100
0000110101010010
0001001110001000
0001101100010100
0000111010100110
0000011000110110
1111010110100100
1111010101011000
1110100111110100
1111001000011000
1111010111110000
0000000101111010
0000101010101000
0000100010111010
1111111101101000
1110111110010100
1110010010100000
1101111111100100
1101110111111000
1101110001011000
1110000101100000
1110000101100000
1110010010100000
1110001110111110
1110011011111110
0000100001111010
0001101101111000
0010011100010000
0001100011011100
0000101010000010
1111101110111010
0000000010100110
0000101010101000
0001001000001100
0000100000001100
1111100011111000
1111011000111000
1111000101001010
1110111111010110
1111000001101100
1110110011110000
1110100001001110
1111000010010000
1111010000110000
1111111000001100
1111110111100110
1111001110011100
1110011010010000
1110010010001000
1110010101101000
1110011000100000
1101110110111000
1101111100101100
1110001110101010
1110100101110110
1110101101111110
1110100110011100
0000011010101100
0010011100010000
0010011100010000
0000011010101100
0000001011011100
1111110100100100
1111010110000110
1111010110000110
1111011101101100
1111000110110110
1111010110000110
1110011001000110
1110101111111110
1111100101010100
1111100101010100
1111110100100100
0000000011110100
1111101100111100
1111011101101100
0001001000011010
0001010111101010
0000100010010100
1111111100001100
1111100101010100
1111100101010100
1111001110011110
1111010110000110
1111100101010100
1111011101101100
1111110100100100
1111100101010100
0000010011000100
0001001010101110
0010011100010000
0010001110101010
0000101000101111
0000001101100101
0000001101100101
1111110010011011
0000000000000000
1111010111010001
1101101010100010
1111101011101001
1111110010011011
1111101011101001
1111111001001110
1111110010011011
1111110010011011
1111110010011011
0000001101100101
0000000110110010
0001011111000110
0001011111000110
0000101111100100
1111100100110101
1111110010011011
0000000110110010
1111111001001110
1111000010110110
0000000000000000
0000001101100101
1111011110000010
1111110010011011
0000101111100100
0000001011001010
0001011001010010
0000111011100010
0001010001110110
0000010110010100
1111100010010000
1111001111101000
1111001111101000
1111100101111110
1111000100011110
1111000000110000
1110010111110110
1110101010011100
1111001111101000
1111001011111011
1111000100011110
1111100101111110
0000000011101110
0000110100000101
0010000010001110
0010010001000110
0001001110001000
0000101100101010
0000101100101010
0000110111110100
0001000110101100
0001000110101100
0001100000101110
0001101000001010
0010011100010000
0010011000100010
0010000101111100
1101100011110000
1101100011110000
1101100011110000
1101100011110000
1101100011110000
1101100011110000
1101100011110000
1101100011110000
1101100011110000
1101100011110000
1101110110010110
1110100101111010
1110100000101110
1110111100011000
0000001011100000
0001001110010100
0010001101001000
0001111110110000
0000000111110110
1111100010011100
1111010010111110
1110100110111000
1101111111011100
1101101010010110
1101100110110010
1101100011110000
1101100011110000
1101100011110000
1101100011110000
1101100011110000
1101100011110000
1101100011110000
1101100011110000
1101100011110000
1101100011110000
1101100011110000
1101100011110000
1101100011110000
1101100011110000
1101100011110000
1101100011110000
1101100011110000
1101100011110000
1101110000111110
1110010011111110
1110010010101000
1110110000011000
0000010110111110
0001110010111000
0010010000000010
0001100010000010
1111101000100000
1111001001101110
1110110001010110
1110001100111100
1101110100001110
1101101000111100
1101100110110110
1101100011110000
1101100011110000
1101100011110000
1101100011110000
1101100011110000
1101100011110000
1101100011110000
1101100011110000
1101100011110000
1101100011110000
1101100011110000
1101100011110000
1101100011110000
1101100011110000
1101100011110000
1101100011110000
1101100011110000
1101100011110000
1101111001101000
1101111111000000
1110001000011001
1110010111011100
1110110110001000
1110110110011010
1110100110100000
1110001010011000
1110000001000000
1110000001111100
1101111010101010
1101111010011010
1101111101010000
1101111001101000
1101110110100000
1101100011110000
1101100011110000
1101100011110000
1101100011110000
1101100011110000
1101100011110000
1101100011110000
1101100011110000
1101100011110000
1101100011110000
1101100011110000
1101100011110000
1101100011110000
1101100011110000
1101100011110000
1101100011110000
1101100011110000
1101100011110000
0010011100010000
0010011100010000
1110010100110110
0001101011001010
0000111110100000
1110101111101010
1110010000011011
1111010011010110
1111100000110000
1111110111000100
1111100000110000
1110110100000110
1110100010010000
1110010100110110
1101101100101100
1101100011110000
1101100011110000
1101100011110000
1101100011110000
1101100011110000
1101100011110000
1101100011110000
1101100011110000
1101110100111110
1101111011111000
1101111010100000
1101111011110010
1101110111111000
1101110001111000
1101111010001000
1110011010110010
1111010101111011
0000001000011100
1111101100001110
1111110011011000
1111110010010110
1111110001110010
1111110111111110
0000000101010001
0000011001101110
0000101111011110
0000110001001000
1111010101001010
1110001001010000
0000110101010100
1101101110111110
1110010001111000
1110011010011100
1110001100110100
1110001111101110
1110110101110010
1111110100110110
0000100001011110
0000011010000010
0000101100101010
0000011101110000
0001001010011010
0001000110101100
0000111111010000
0000110000011000
0001000110101100
0000111111010000
0000101000111100
0000110100000101
0000110000011000
0000110100000101
0000100101001100
0001011001010010
0010000010001110
0010000101111100
0010011100010000
0010010100110100
0001110111000100
0001011100111111
0000110111110100
0000001110111000
1111110100110110
1111101101011010
0000001110111000
0000011010000010
0000010110010100
0000100001011110
1111011010110100
0000111001010110
0001110000110000
1111111010000100
0000001001111000
0000000001111110
0000011001101110
0000010001110100
0000001101110110
0000111101010100
0000100101100110
0000101001100010
1111110110001000
0000100001101000
0000000001111110
0000010001110100
0000101101100000
0000110101011010
0001010001000110
0001101100110010
0001111100100110
0010011100010000
0010001000011110
0000110001011100
0000001001111000
1111110010001010
0000011101101010
0000010001110100
1111111010000100
0000110001011100
0000110101011010
0000110101011010
0000100001101000
0001011011100000
0010011001011100
1111110110001010
0000001111011110
0000001100101010
0000001111011110
1111111011110010
0000010010010100
0000111001101110
0000000001011010
0000100000011000
1111111000111110
1111011111101000
1111000110010010
1111010100011000
0000010010010100
0000101011101000
0001101100011000
0010011100010000
0010001000100010
0001101001100100
0001101111001110
0001010011000100
0000001111011110
1111111000111110
0000011101100100
0000011010110000
1111110011010110
0000100000011000
0000101011101000
0000010101000111
0000000111000010
1110101011110010
1101100011110000
1101100011110000
0010011100010000
1101100011110000
1101100011110000
1101100011110000
1110001000001111
1101100011110000
0001010110000110
0010011100010000
0000001001100100
0000101111110110
0001000110001010
0000101111110110
0000111100100110
0000110110001101
0000111111110010
0000110110001101
0001111111100100
0001111100011000
0000100011000100
0000001100110000
0000111100100110
0000111001011010
0000101100101010
1111101100111000
1111110011010000
0000010011001000
0000110011000010
0000000000000000
0000011001100000
0000101100101010
0000000011001100
1111110000000101
0000000000000000
1111010000001010
0000101100101010
1111111100110100
0000001111111011
1111000011011010