1110101001111010
0000000111001111
1111111101011010
0000100100110100
0001001101011010
0001011010001010
0000001110001110
1111101100100100
1111001000000100
1110110100111010
1111010011101010
1111001011100010
1111010111101111
1111101010110110
0000000110000110
0000010100000000
0000010110111010
0001110000001100
0001111010101000
0010000110110100
0010000011111010
0001110100110100
0010001110111010
0010011100010000
0001100010110110
0000111011011100
0000100111001000
0000010100100110
0000011101110110
0000101101100000
0000111101001010
0001011000011010
1111010000010110
0000111111011100
0000101101001000
0001011000000100
0001001010001100
0001101001000111
0000011001100100
0000101000101110
1110110111000110
1110001111111101
1111001100100100
1110110101110100
1110111010111000
1111010000010110
1111101110101000
1111100111000100
0000000011011110
0000101011010000
0001001110100110
0010001111000000
0010011001101110
0010010111110110
0010011100010000
0001011011001110
0001000011111000
0000110010001100
0000100011000010
0000011110000000
0000100001001010
0000100101100100
0000010100100010
0001000111000010
1111011101111100
0001001110010010
0000111011010000
0001101101100110
0001000110111010
0001011110110110
0000011000010000
0000100011010100
1110111110101000
1110110110000010
1111100100000101
1111010100000110
1111001011100000
1111101010001110
1111111101010000
1111101100000010
0000011011111011
0001001011001110
0001101001010010
0010001001110110
0010001001001110
0010011100010000
0010001111010110
0010000110001010
0001001110010010
0001010010100100
0000010110011010
0000011101001001
0000111000110010
0000100010000100
0000011000111000
0001010000001000
1111010110101010
0000110111011010
0001010001110010
0001110100111110
0001001001000000
0001010010011000
0000100001101110
0000010001111000
1110101101000010
1110111111001110
1111001010111100
1111100111101010
1111101010100110
1111001011100010
1111010000001110
1111011100100010
1111110101110000
0000001001000110
0001000011101110
0001000010100010
0001100001000010
0010001101100110
0010011100010000
0001100110010100
0000110011010100
0000110001100010
0000100011011110
0000101000001010
0000101111001100
0000011111111110
0000011101000010
0000101111110010
1111011001101110
0000111001100110
0001101110000010
0010000101100000
0000111101110000
0000110100110010
0000001111100010
1111100101011100
1110101000110000
1110100011111010
1110101100111000
1111100010101100
1111000010111100
1110001101001010
1111011011000110
1111010010110100
1111011101001010
1111110110000000
0000010001100110
0010000010101110
0010010011010010
0010011100010000
0010000110001100
0010010000100010
0001110000000110
0001111001000100
0000011011111011
0000101000010110
0000101111010000
0000010111110100
0000101011110100
0001011011011010
1111010110101100
0000101010110000
0001100100111100
0001101100110110
1111110000100100
1111101010110100
0000000110000110
1110101111001100
1110101101000010
1110101101110000
1110101110011110
1110110010110010
1110110010000100
1110101101000010
1110111111000000
1110100000110100
1111100111111100
1111110000100100
1111011101111000
0000110010101010
0010001010010010
0010011100010000
0010010100010110
0010000110101100
0010010101000100
0010000011000110
0001001011110010
0000100101101110
0000110001111100
0000101111110010
0000111111100100
0001010110100100
1111001100011100
0000011001000000
0001000010011010
0000111110100000
1111100010010100
1111000000101110
1111000100101000
1111000010010010
1110010000010010
1110001101001010
1110010001110110
1110000011110010
1110011111111010
1110110000010100
1110111001101100
1110011100000000
1110110010101010
1111000110111110
0000000011111010
0000010101000110
0001101101011000
0010011100010000
0010010111100100
0010000100000010
0001110010000100
0001011001000011
0000111011011000
0000011101101100
0000000111000010
1111111111001110
0000101100100001
0001100101100100
1101110101001000
0000000000000000
0000001000101100
0000101011011010
0000111100110000
0000000000000000
1111010100100110
1111110111010100
1111010100100110
1111011101010010
1111001011111011
1110001111001011
1110101001001100
1111110111010100
0000010001011000
0000101011011010
0000101011011010
0000101011011010
0000101011011010
0001010110110100
0001000101011100
0001101000001010
0010001010111000
0010011100010000
0000010001011000
1111101110101000
1111001011111011
1111001011111011
0000100010101110
0000100010101110
0000111100110000
0001001110001000
1110011111100110
1111101111011000
0000010000101000
0000011101111001
0001100111000100
0001100111000100
0000000011010100
1111100010000111
1111101111011000
1111001110001000
1111111100101100
0000000011010100
1111101000101110
1111111100101100
0000000011010100
0000001001111110
0000111000100010
0001011001110000
0010000001101010
0001111011000000
0001000101110100
0010010101100110
0010011100010000
0001100000011010
0001011001110000
0001010011001000
0000110001111000
0000010000101000
1111111100101100
0000101011001110
0000101011001110
0001011001110000
1111001011111011
0000101100101010
0000011010000010
0001001010011010
0000100001011110
0000111011100010
1111101101011010
0000000000000000
1111011110100010
1110111001010100
1111101101011010
1111011010110100
1111011110100010
1111010011010110
1111110001001000
1111010111000100
0000011010000010
0001010101100100
0001101011111000
0010011100010000
0010010100110100
0000111011100010
0000100001011110
0001010101100100
0001000110101100
0000010110010100
0000000000000000
0000001110111000
0000100101001100
0000000111011100
0000010110010100
0000110111110100
1101100011110000
1101100011110000
1101100011110000
1101100011110000
1101100011110000
1101100011110000
1101100011110000
1101101110000010
1101101110110010
1101110110001000
1101110111100110
0001000101100000
0001011010000100
0001110111100000
0001111101011000
0010000010100000
0010010110011000
0010001101100010
0001010111111000
0000011010110110
1111110111100010
1111000100110100
1110011010111010
1101111101100000
1110000010101000
1101111001000100
1101100011110000
1101100011110000
1101100011110000
1101100011110000
1101100011110000
1101100011110000
1101100011110000
1101100011110000
1101100011110000
1101100011110000
1101100011110000
1101100011110000
1101100011110000
1101100011110000
1101101111100010
1101101111100010
1110111111001110
1110010001110000
0000101010000010
0001001001100010
0000001010110100
0000011001100110
0000101110001010
0000011100000100
0000001101010010
1111101100111110
1111001110010010
1110111100001110
1110011100011100
1110001100100100
1110001001000000
1110000010001010
1101111011010100
1101100011110000
1101100011110000
1101100011110000
1101100011110000
1101100011110000
1101100011110000
1101100011110000
1101100011110000
1101100011110000
1101100011110000
1101100011110000
1101100011110000
1101100011110000
1101100011110000
1101101010000000
1101101101001000
1110100100010100
1110111100110100
1110111111011010
1111001110000000
1111000011100101
1110111011100110
1110111111011010
1110111111011010
1110101100010100
1110110100101100
1110101010011000
1110101010101100
1110101100111000
1110100111011100
1111010011101110
1110111010001100
1110010110110010
1101100011110000
1101100011110000
1101100011110000
1101100011110000
1101100011110000
1101100011110000
1101100011110000
1101100011110000
1101100011110000
1101100011110000
1101100011110000
1101100011110000
1101100011110000
1101100011110000
1101101000001110
0000000100011110
0000110001000110
0010011100010000
0010011100010000
1110110100000110
1110001011111100
1101111010000100
1101110001001010
1101110101100110
1101110001001010
1101100011110000
1101101000001110
1110100110101110
1110110100000110
1101110001001010
1101110101100110
1110000111011110
1110001011111100
1101100011110000
1101100011110000
1101100011110000
1101100011110000
1101100011110000
1101100011110000
1101100011110000
0010010111110100
0010010111001100
0010010111100000
0010010101010110
0010010010101000
0010010001100100
0010001101111100
0010000100011000
0001111101010110
0001010111010000
0000110101011000
0000110011010100
0000110011000010
0000110100100011
0000110111100110
0000111001110000
0000111001011010
0000111011000000
0000111010100110
0001010011111010
1110010111110110
0000001110101110
1110010111100001
1110111110011010
0001000110110100
0001001001010000
0000111001011000
1110110000100100
1110110101000110
1110101100100010
1111110101010100
0000001110111110
0000110001001110
1111011111111010
0000001010101100
1111111001100110
0001000010010110
0010010011101100
0001110001011100
0001111110010010
0000111001110010
0001011100000010
0001011100000010
0001101101001010
0010011100010000
0001010011011110
0000110001001110
0001001010111010
0001010011011110
0010010111111110
0001001111001100
0001000110101000
1111011111111010
0000000010001000
0001001010111010
0000111110000100
0000101100111100
0010000010100100
0001101000111000
0000101000101010
1111010110111000
1111110001001100
1111110001001100
0000001000001110
0000101001001000
0000001011100000
0000111100110110
0001000011011100
0000111001100100
0010000101001110
0010001011110100
0010011100010000
0001010011111000
0001000011011100
0000101001001000
0001011010011110
0010001000100000
0000111001100100
0000100101110110
0000001011100000
0000101111101100
0001101110001100
0000110110010010
0000101001001000
0000101100011010
0001000110101110
0001000011011100
0000011000101010
0000110011000000
0001101010111010
0001100111101000
0000110011000000
1110100100101010
1111000001100000
0000100001101010
1111111000110010
1111011011111100
1111100000110000
0000000000000000
0000001110011100
0000100001101010
0010010101000010
0010010000001110
0010011100010000
0010000100001110
0001011000111100
0001011000111100
0001100100111110
0010000001110100
0001111000001100
0000011100110101
0000111110100000
0000111001101011
0010000001110100
0001110011010111
0001001100111100
0001001111010100
0001011011010110
0001001000001000
0001010110100010
0001010110100010
0001110000111110
0001100100111110
0000001001101000
0001001011011110
1101100011110000
1101100011110000
0010011100010000
1101100011110000
1101100011110000
1110000011000000
1110010111110110
1101100011110000
1110100111110100
1111100010100110
1111101011111000
1111101110111110
0000000111110000
1111010110001110
1111010000000010
1111111011010110
0001001000101110
0010000011100000
0010011100010000
0010001100110010
0001000010100010
0000100011100110
1111111000010000
0001000010100010
0000111111011100
0000101111111110
0000011101011010
0000100000100000
0001000010100010
0001011110011000
0010001111111000
0001110111001000
0000101111111110
0000000001100100
0000100011100110
0000010111001110
0001011000001100
0000100000100000
0000100011100110
0000001101111100