1110101110000100
0000111001001010
0001001000011010
0001001100001110
1111100001100000
1110111110100110
1111000010011001
1110110011001010
1110100011111010
1110010011011000
1111000100010010
1111010010111010
1111100110100110
1111101100010100
0000010111100000
0001011000111100
0001111001010100
0010001000100100
0001011100101110
0001110110110010
0010011100010000
0010011011101000
0001100010011100
0000101011110100
0000010011000100
0000011011111011
0000011011010100
0001000011010100
0001011100101110
0001011010001100
0000110100000101
0010001011000110
1110100001001010
0001000111111000
0010010001011100
0010000001111100
0000000111000110
1111001001101010
1110101001010010
1110011000011010
1110000110001100
1101111100000100
1110101000100110
1111010101001010
1111001101000010
1111110001100001
1111111010111100
0001010011010110
0001111001001010
0001111001001010
0001010001010101
0001100111100110
0010010000110010
0010000000100100
0001011110001010
0000011110101110
0000010111111110
0000011100101100
0000110101101010
0001011110110110
0010000001010000
0001101100010110
0001000011110110
0010011100010000
1111001000101010
0001011111101100
0010011100010000
0001110010100110
0000010001100100
1111001010101000
1111000001100000
1110110111000110
1110111000011000
1110101101111110
1111001010101000
1111011011100010
1111010000011110
1111011111011100
1111110100111100
0000100111000100
0010000000111010
0010000110001000
0001010000101101
0001100011100111
0010000001100100
0010010111101100
0001100110111000
0000111011111010
0000110110101100
0000110110000010
0001011101000110
0001110100100010
0010001010000010
0010000110110000
0000110010110010
0001011101110000
1111001110000110
0001011100111110
0010000100110000
0001010011001100
0000000100111010
1111000011101010
1111000000011011
1111001000001110
1110101110110010
1110000010011010
1110001010111010
1110110000101110
1111001011011110
1111010101010011
1111110001111110
0001000001100100
0001101110100110
0001101101010010
0000111101101010
0001100000001110
0010010110011000
0010011100010000
0001111010111110
0001001101111110
0001000110110010
0000111100010110
0001001000110000
0010001010101000
0010010001001010
0001100110110000
1111111110011000
0000001010001000
1111001000110010
0001100110000100
0010001010110110
0001100101011000
1111111101101010
1110101110101100
1111101000111011
1111101110111100
1110010111111100
1110010100100110
1110001101010000
1110111001011010
1111001010001000
1111010100001010
0000000010010110
0001010001010100
0010011100010000
0010010100001110
0001001111010010
0010001000110110
0010011000111010
0010011100010000
0010001100110110
0001110010110000
0001000111010010
0001001011010010
0001000001010000
0010000101100000
0010010000111000
0001101110110000
0000110100100010
0000001010011000
1110110011101110
0000011001110110
0001000100010010
0000110011000100
1111001100010100
1110100100010110
1110011110001100
1110010010100000
1110010110001100
1110011011001001
1110010110001100
1110111000101010
1110110110001100
1111001100111100
1111011110001010
0000110011101100
0001111011000010
0001110110101110
0001010010011100
0001100100010010
0010000111010110
0001111001001100
0001100100110111
0001001101100000
0000101100010010
0000110110110000
0001001001110100
0010000111111100
0010011100010000
0001110011101010
0000110001001110
0000001001110110
1110110110000100
1111011011000010
1110111110011110
1111010011011111
1110010100011110
1110011100111000
1111000111101110
1110110100011010
1110010001111100
1110000001001010
1110001101110000
1111000110000010
1111000000001010
1111001110011100
0000011000011000
0001011110111100
0001110110011100
0000110100000101
0001000010011000
0001111110110110
0010011100010000
0001110011111100
0000101111000010
0000001000011010
0000010000110100
0000000101111000
0000101010110110
0001011010101110
0001111000111110
0001010011001010
0000000101000010
0000000010100010
1111011101010010
0000001000101100
0000110100000101
0000110100000101
1110111010100100
1111000011010000
1111010100100110
1110101001001100
1110101001001100
1110101001001100
1110101001001100
1110101001001100
1110111010100100
0000000000000000
1111110111010100
0001001110001000
0001110000110101
0001011111100000
0001011111100000
0001110000110101
0010011100010000
0010011100010000
0001000101011100
0000101011011010
0000010001011000
0001000101011100
0000100010101110
0000001000101100
0000010001011000
0001010110110100
0001010110110100
0000110100000101
1110101010010100
0000011001001100
0000001111001000
0000011001001100
1111110000111000
1110110100011010
1110001100000100
1110110100011010
1110110100011010
1101110111111010
1110010110001010
1111011100101110
1111110000111000
1111110000111000
0000001111001000
0001001011100110
0001001011100110
0001101001110110
0001011111110010
0001110011111100
0010011100010000
0001110011111100
0001110011111100
0001011111110010
0000110111011100
0000110111011100
0000101101011000
0001000001100010
0001011111110010
0001001011100110
0001001011100110
0001110011111100
1111000011000010
0001010011110110
0001111101110000
0001101010101110
0000000111101000
1111111000011000
1111111000011000
1111010110000110
1111110000110000
1111010110000110
1111011001111000
1111001010101010
1111010110000110
1111100101010100
0000000000000000
0000010011000100
0001111101110000
0010000001100100
0001010011110110
0001011111010010
0010011100010000
0010011000011100
0010001001001100
0000111100111110
0001000100100110
0000111100111110
0001101010101110
0001110010010110
0010001001001100
0001110110001000
1111101100111100
0000110001100010
1101100011110000
1101100011110000
1101101010110010
1101101001101100
1101101111101010
1101111011000000
1110001010001000
1110000110010110
1110001100010101
1110000110111010
1110001011110000
0000011100101010
0001011111101100
0010000111101110
0010010000111010
0001010001101000
0000100010000100
0000001011010110
1111101110101100
1111001111111000
1110110001000100
1110001111100010
1110000010100100
1101110011111110
1101101100111100
1101101111000110
1101100011110000
1101100011110000
1101100011110000
1101100011110000
1101100011110000
1101100011110000
1101100011110000
1101100011110000
1101100011110000
1101110000001110
1101110001000000
1110100011101010
0010011010101100
0010011100010000
0010011000010110
0010011100010000
0000010111000000
1111100010000000
0001010001011100
0001101010011000
0010000001011000
0010000100111000
0001100001000010
0000101000111001
0000010100010000
1111110011001010
1111100100010110
1111001010101000
1110011001001000
1110010001010110
1110001100010010
1110000000111111
1110000001011000
1101100011110000
1101100011110000
1101100011110000
1101100011110000
1101100011110000
1101100011110000
1101100011110000
1101100011110000
1101100011110000
1101100110111010
1101101011000010
1101111010101010
0001110011101000
0010000011110000
0001110010000100
0000111111000000
0000101000000110
0000011000011110
1110100101011000
1110011001001100
1110100000011000
1110100001010100
1110010011100101
1110011111011100
1110001110000100
1110001101110010
1110100000100010
1110101101000010
1110101111111000
1110101010100101
1110111010001100
1110011010111100
1110001101011010
1101100011110000
1101100011110000
1101100011110000
1101100011110000
1101100011110000
1101100011110000
1101100011110000
1101100011110000
1101100011110000
1111010111110100
1111100101001110
0010011100010000
0010011100010000
0000010001110110
1110011101110010
1110111000100100
0001011101110000
0001100010001110
1111110111000100
1101110101100110
1101100011110000
1101101000001110
1101111110100010
1101101100101100
1101100011110000
1101110001001010
1101110001001010
1110110100000110
1110001011111100
1101101100101100
1110010100110110
1101111110100010
1101111010000100
1101100011110000
1101100011110000
1101100011110000
1101100011110000
1101100011110000
1101100011110000
1101100011110000
1111111000110110
1111110110011000
1111110111100100
1111111000010110
1111110101010100
1111101101100100
1111101000101100
1111100010000100
1111100101110110
1111110000101100
1111110011010100
1111110101010010
1111101111011100
1111101011110110
1111110000111111
1111111010101010
1111111100010100
1111111001111010
0000001110101010
0000010011011010
0001000100110000
0000100100110000
1111000101100100
0000010010010100
0001000001011110
0001110000100110
0001101011001010
0010011100010000
1101111110111010
1110101111001010
1110110001100100
1111010101110010
1111100001110110
1111100100010000
1111101001000100
0000101101010000
0000101010110110
0000010000010010
0000111100010110
0001000101011000
0001010000001111
0001100001101110
0001111000101010
0010011001001110
0010011001110110
0001110010000010
0010011100010000
0010010100011010
0010001011111110
0010010010000000
0010000110100010
0010001011010110
0010000001000110
0001111011000100
0001100101010101
0001011110001000
0001100011100010
0001100001101110
0001001111000010
0000110000010000
1110001101010100
1110100101010010
1111000110101010
1111011001011000
1111100110110110
1111011000110010
1111111000111110
0000111001010110
0000111000110000
0000110110011100
0010000110100110
0010000111001100
0000110101110110
0001100010111010
0001110000010111
0010010110011010
0010000000001010
0010001010101100
0010001100011100
0010011100010000
0010001010101100
0010001011111000
0001111111000000
0001100010111010
0001110101000010
0001111001101110
0001110110110010
0001001101010000
0001001101110110
0001011010101110
0001000111011010
0000100011001000
1111000000100100
1111100101111010
1111100010101000
1111100100010000
1111101111010000
1111100101011000
0000010100100110
0000101000011000
0001110110111010
0001101110101010
0010011100010000
0010001010101100
0001011010111010
0001011110110000
0010000111111100
0010000000110010
0010001100111000
0010010001010010
0001101111001110
0001100000111011
0001010100110110
0001101011111010
0001010111000100
0001011000101100
0001011111010010
0001101000101000
0001100100001110
0001000111001000
0000111011100110
0000111100000111
0000101110111110
0000001101011110
0010011100010000
1101100011110000
1101100011110000
0010011100010000
1101100011110000
1101100011110000
1101100011110000
0000101001101010
1101100011110000
1111111010111000
1111100011110100
1111110101110000
0000010100100000
1111101110000100
1111011001100100
1111101000111100
0000100110011100
0000101011100010
0000110101110010
0010011100010000
0001101011100110
0000010001111100
0000110000101010
0000111101011110
0000000010100100
0000011001101000
0000011001101000
1111011110101100
1110101110000010
1111100001010000
1111001010001110
0000000000000000
0000101011100010
0000010001111100
1111111010111000
0000111010111010
0000100011111000
0000011001101000
1111100110011000
1111101110000100
1110011001100010