1101100101100110
1111101111011110
0000001001110100
1111110100111110
1110011111110100
1110011000011101
1110001111010000
1110010011100010
1110011101010110
1110010110100110
1110001001001000
1110001010010110
1110010010111101
1110100111110000
1111100110111000
1111001000110110
1110101010110110
1110010001101110
1110101100000100
1110110000111110
1111010011111000
0000000001110110
0001101101000011
0010001101100010
0001110101101010
0001111000000101
0010011010011010
0010011100010000
0010000011110000
0001111011001010
0001111011110010
0001110010100110
1110001010111000
1111011100010100
1111001111011010
1111010011110110
1110110001001010
1110000110011100
1110001110000110
1110011110101000
1110101111001010
1110101001000110
1110001011010010
1110000011100110
1110001110111010
1110001000110111
1110111010000010
1110101011001000
1110100001110110
1110110010110010
1111000010100000
1111011101100010
1111111001110000
0000100101010100
0001100100100110
0010001100111100
0010010110100110
0010001010111010
0010011010101000
0010011100010000
0010000110000100
0001101011111000
0001100100100110
0001011010001000
1101111100000100
1110111011011110
1111001000000000
1111011111100010
1110101101000010
1101110101111110
1110001111110011
1110001101111010
1110101000011110
1110001100110000
1110001110010010
1110100111010110
1110100010011010
1110011000100010
1110110001100110
1110100110001100
1110110101000000
1110111110111000
1111010010101000
1111010010010000
1111111011010000
0000101110111010
0001000110000100
0010010110100100
0010011100010000
0001111000111100
0001101010100000
0010000110100110
0001101101001010
0001011001000010
0001000101010010
0001000111001100
1101110001110110
1110110100001010
1110111011001100
1111010000110000
1110010110010100
1101110110011010
1110001001000100
1110010000100000
1110110000110110
1110001111010010
1110010011011011
1110010000100000
1110001110000010
1110000101010100
1110100110111010
1110100101001110
1110101001110010
1110101111100111
1110111011101000
1111010000110000
1111111010101000
0000110001010100
0001010000110100
0010011100010000
0010011011110110
0001111100110000
0001111101100110
0010011001110000
0001101110101010
0001011110100000
0001010110001110
0001010000110100
1101101100101010
1110101101011100
1111000011111001
1111011011100110
1110011101010110
1110001011100100
1110010111110110
1110100011010010
1110111000011100
1110010010110000
1110010011001100
1110101010111001
1110101001001100
1110001011100100
1110011001100010
1110000110111010
1110010011100110
1110010100011100
1110101001101000
1111011001111000
1111110001100110
0000101111110110
0001001011110010
0010011001101110
0010001010000010
0001101100011010
0010001100001010
0010011100010000
0001010111101010
0001010001010100
0001001001101100
0001000010011110
1101111011011110
1111010111011110
1111000111110101
1110011000111000
1101111011000000
1110001000110000
1110001111110110
1110010001110000
1110011011001110
1110001111011000
1110011001110100
1110011000111000
1110011101100110
1110010110100000
1110100111000111
1110010110100000
1110010010001110
1110001001001110
1110101100110010
1111001101000010
1111110100110110
0000111011000010
0001110100111010
0010010000011010
0010011100010000
0001111101111010
0010001010101110
0010010110000110
0001111001101000
0001010001110011
0001001010101100
0001000110111010
1101110001101100
0000010000001010
0000010001011100
1111100101101100
1111011010010010
1110101100101010
1110100000100110
1110101100101010
1110101011011000
1110011000011000
1110100010100000
1110110010111110
1110111000101100
1110111001010100
0000001101101000
1111111001111110
1111001101100110
0000001001110100
0000011111011000
0000101010001010
0001001110010010
0001101010110100
0001110001001010
0001111101110100
0010001001001110
0010010100000000
0010011100010000
0010010100101010
0001000100110010
0000101000010000
0000110110110110
0000011101011110
1111111100001100
0001001000011010
0001101110100010
0000111001001010
1111011101101100
0000011010101100
0000101001111010
0000110001100010
0000111001001010
0000110001100010
0000101001111010
1111111100001100
0000101001111010
0000101001111010
0001010000000010
0001001000011010
0000011010101100
0000101001111010
0000010011000100
1111010110000110
1111110100100100
1111100101010100
0001110110001000
0010010100101000
0001110110001000
0010001101000000
0010011100010000
0001111101110000
0001101110100010
0000111001001010
0001111101110000
0010000101011000
1110001001010000
0001010001010000
0010011100010000
0001101010010000
1111111001110000
0000000110010000
1111111001110000
1111100000110000
0000010010110000
1111111001110000
1111010100010000
1110010101110000
0000111000010000
0000101011110000
0000111000010000
0000011111010000
0000101011110000
1110101110110000
1111101101010000
1111000111110000
1111100000110000
0000111000010000
0001010001010000
0010011100010000
0001011101110000
0001000100110000
0001000100110000
0010001111110000
0001011101110000
0001011101110000
0000111000010000
0000101011110000
1101110000111010
1110111001010010
1111000110011100
1111011101011110
1110100101100010
1101111010110010
1110000111111100
1110100101100010
1110111111110110
1110100101100010
1110100101100010
1110100101100010
1110001110100000
1101111010110010
1110101000110110
1110101100001000
1110011110111110
1110110110000000
1110111100100100
1111100000110000
0000000001101010
0000110011000000
0001000011011100
0010001111000110
0010010101101010
0001101110001100
0001101110001100
0010011100010000
0010000101001110
0001010111001010
0001011010011110
0001011010011110
1101100011110000
1101100011110000
1101100011110000
1101100011110000
1101100011110000
1101100011110000
1101100011110000
1101100011110000
1110001101111110
1110000101100010
1110111100011100
0000110000100100
0001000001011110
0010000010111010
0001111000010110
0000101110011100
0000011011011100
0000000010001000
1111100010011100
0000000100001110
0001000001011110
0000010011000000
1110101111110001
1110011100110000
1110100111010100
1110000001010100
1110010000000111
1101100011110000
1101100011110000
1101100011110000
1101100011110000
1101100011110000
1101100011110000
1101100011110000
1101100011110000
1101100011110000
1101100011110000
1101100011110000
1101100011110000
1101100011110000
1101100011110000
1101101100000010
1101101100001110
1101110011111010
1110010000011000
0000100100010110
0001101110101000
0001011000001110
0000110111010100
0000000101011100
1111000011110110
1110110011000110
1110101111011101
1110101011000000
1110001001000110
1101111100001100
1101111000100010
1101110110111100
1101110010101100
1101110000010010
1101100011110000
1101100011110000
1101100011110000
1101100011110000
1101100011110000
1101100011110000
1101100011110000
1101100011110000
1101100011110000
1101100011110000
1101100011110000
1101100011110000
1101100011110000
1101100011110000
1101101110001010
1101101000111100
1101110111000000
1110100101011000
0000101000010100
0000100100111010
0000100111001100
0000100110101000
0000011100011010
0000011001000000
0000010110101110
0000000011010010
1111100100111000
1111000110100100
1111000100100000
1110110100111000
1110011001010000
1110101101000100
1101111111110000
1101100011110000
1101100011110000
1101100011110000
1101100011110000
1101100011110000
1101100011110000
1101100011110000
1101100011110000
1101100011110000
1101100011110000
1101100011110000
1101100011110000
1101100011110000
1101100011110000
1111000001100000
1110000011000000
0000101000001100
0010011100010000
0010011100010000
1101110101100110
1101111010000100
1101100011110000
1110010100110110
1110000111011110
1101100011110000
1101110001001010
1111001110111010
1111101001101100
1110001011111100
1110010000011011
1110011001010100
1110001011111100
1110000111011110
1101100011110000
1101100011110000
1101100011110000
1101100011110000
1101100011110000
1101100011110000
1111111001001110
1111110011110100
0000000001110000
0000001011100100
0000001001010010
0000000100000000
0000000001010110
1111111110111010
0000000000110110
0000010000010100
0001011101001001
0001100011110110
0001101101001000
0001111001100110
0010000001101010
0010010010000100
0010011100010000
0010011100010000
0010011100010000
0010011100010000
1110010101110000
0000110001101000
1101110101111010
1110000000101000
1110000000110101
1110001101010110
1110101100101000
1110011001001000
0000000000000000
1111110111000000
0001001011001000
0001010001001000
0001110010001100
0001100000001001
0001110010001100
0001101111001100
0001100000001001
0001101001001010
0010011100010000
0001100011001010
0001111110001100
0001011101001001
0000111001000110
0001010111001000
0001011101001001
0001001000001000
0010000001001110
0010000100001110
0001100011001010
1111111101000001
0000001111000001
0000011110000011
0001000101001000
0001111000001100
0000110110000110
0001011010001010
0000101101000100
0000110110000110
1111110011111110
1110101000111000
0000110001110010
0000010110000000
0001001101100010
0010000000011110
0001111110001010
0000101010110100
0001100111000000
0010010111101000
0010010111101000
0001110010100110
0001101011101000
0010000111011010
0010011100010000
0010010101010100
0010000111011010
0001100010011000
0001001111111000
0001001011001110
0000101111011110
0001001011001110
0001110000010010
0001000001111110
0001100010011000
0001011001001000
0001001000111010
0000100001100100
0001011101110000
0000110001110010
0000000001001010
0000111101010110
0000011111010000
1111111010001110
1111111010011000
0000101001100110
0001001011010100
0000101110000110
0001011011000100
0000100111010110
0001011101010011
0010001010010000
0000111101110100
0001100001110010
0001011000110100
0001001011010100
0001111010100010
0001101010110010
0010010001000000
0001111111000001
0010011100010000
0001101101000010
0001101010110010
0001010110100100
0000110010100101
0000110100110110
0000010111100110
0000010011001000
1111111010011000
0000101001100110
0000110000010110
0000011100000101
0000001110101000
0000000011011000
0000000001001000
1110000101011110
1101101001000000
0010011100010000
1101100011110000
1101100011110000
1101100011110000
1101100011110000
1101100011110000
1101100011110000
0010011100010000
1111001000011000
1111110101011010
1111110000001000
0000100010011100
1111111000000100
1111110101011010
0000000111111100
0000000010101010
0000011101001000
0010000111000100
0010001111000000
0000111100111010
0001011010000010
0001111001110100
0001011111010110
0001000111100000
0001010010000110
0010011100010000
0001100100101000
0001011100101011
0001010100110000
0001100100101000
0001011111010110
0000111010010000
0000100101000100
0000011111110010
0000011010011110
0000000101010001
1111100101100010
0000111010010000
0000111010010000
1111101000001010