1110111100001010
1111101001001100
0000011000011110
0001000011010010
0010011011101100
0010011000111010
0010000001000000
0010011100010000
0010000001100100
0000110101011000
1111101100100010
1111010011100010
1111000111110110
1110001101011110
1110010011000000
1110001111001000
1110000101001000
1110010011100101
1110111101110110
0000000000100100
0000100110111100
0000101000000010
1111110110100100
1111000011011000
1110000111010110
1110000101001000
1111011110101000
0000000101000000
0000010101000111
0000001111000000
1111111000110010
1111100110111110
1111000101001100
1111110111101100
0000010001110100
0001011000100010
0010011000000110
0010011100010000
0010001000000100
0010001001010000
0010000010000110
0000111001000010
1111111000010010
1111110010010110
1111011100010110
1110011010011010
1110010011010010
1110000100011101
1110001000100110
1110011101111110
1111001111010010
0000100011101010
0000111111100100
0001000110000110
1111110001001010
1110101011101000
1101110011110010
1110111110000100
0000100001111000
0000101011111110
0000101011111110
0000111100100110
0000001111011100
1111001001010110
1110110110010110
1111101111101010
0000000101010000
0001011110101000
0010000111111010
0010011100010000
0001111110101010
0001111011100110
0010000001001000
0010000011100110
0000001111101110
1111101111000100
1110100101101100
1110001000101110
1110010011001110
1110011101101100
1111001000001110
1111000101110000
0000000100000000
0000011111110000
0000101011011110
0000001010110010
1110010111100010
1110001110010010
1110001101000010
1111110010001000
0000100110100010
0000100110100010
0000001100101000
1111101111101010
1110110110111110
1111000001011100
1110110110110100
1111101011001110
0000001001010010
0001010111111000
0001110001011100
0010001100111010
0001000111111010
0001000001100000
0010001010010110
0010011100010000
0010000111110100
0000110011011100
1111001100100100
1111000101100011
1111100111011010
0000001001111010
0000010101011010
0000101001001110
1111110101011110
1110010011000010
1110100011101010
1110000011101100
1110001111110110
1110000111100010
1110011010000100
1111110011100010
0000001111101010
1111011110011100
1111011000101100
1110000000100001
1110000111100010
1101111000110110
1111001110101100
1111111111001000
0000011111100110
0001011111011010
0001110101110110
0010000100000010
0000100101100000
0000100111111000
0001010010011010
0010001101011110
0010011100010000
0001111011001010
0000010011110010
0000011110011100
0000101111100100
0000101001000100
0000000001011110
1111100001000000
1110100100001000
1110000001010010
1110010011100110
1110001111011111
1110000000101100
1101111000011100
1110110010111010
1111000101110100
1110100100001000
1110101101100110
1110100000000001
1110001111011111
1101111100100100
1101101111100100
1111010001001010
0000000110111100
0000100110011000
0001101010101100
0010000110100000
0010000101010010
0000111010010110
0000001011110010
0000111110100100
0010001011111100
0010011100010000
0010000001101010
0001001110111000
0001001110010010
0001010111010110
0000101001011010
1111101110110010
1110111000011000
1110010001000110
1101110101010010
1110111011011010
1110110101111110
1110011011010110
1110011101001100
1110110011100010
1110101100010010
1110100110110110
1110101011000100
1110010101010100
1110000011110010
1101101101011010
1101101110000010
1111100110001000
0000010100101000
0000011011001011
0000010010000010
0001100001111100
0001110110010000
0000111011010010
0000111000000000
0000110011011100
0001100111001100
0010001001010000
0010011100010000
0010000010101100
0001110001101010
0001111111011100
0001010000001111
0000000100010000
1111000001011100
1110111010111000
1110001111000001
1110111010111000
1111000001011100
1111001111110111
1111011001000010
1111100000001110
1111001111001100
1110101001001100
1110100000000010
1110100110100100
1110100110100100
1101111101111110
1101111011010110
1111101010100100
1111111100111100
0000101101111110
0001000000010110
0010010000000000
0010010110001000
0001110001010110
0010011100010000
0010010110001000
0000100001101100
0000000011000100
0000001001001100
1111111100111100
1110111111101010
1111011000001010
1110111001100010
1110100001000010
1111011000001010
0000000011000100
0001011110111110
0010001001111000
0010010000000000
0001100101000110
0000010101011100
0000000011000100
1111110000101100
0000100111110110
0001011000110110
0001110001010110
0001100101000110
0001010010101110
0000111010001110
1111101100001000
0000100100111100
0000111011101001
0001001100101110
0010010000111000
0010010110100100
0001111010001010
0010011100010000
0010001011001110
0001001100101110
0000011111010000
0000011001100100
1111101100001000
1110101101101000
1111000100010111
1110111110101010
1110101101101000
1110100111111100
1111100000110000
1111100110011100
0000011001100100
0000001110001110
1111011011000100
1110111000111110
1110000000001010
1110101101101000
1111100000110000
0000001000100010
1111111101001010
0000001110001110
0000001110001110
0000001000100010
1110111010010110
1111100011110001
0000000001111000
0001000101101010
0001100011110001
0001110110100110
0001000101101010
0001010100101110
0010011100010000
0010010000111110
0001011100010000
0000001001011010
1111000001111000
1111001001011010
1110111110001000
1111011000011110
1111101011010010
0000011100001111
0000001001011010
1111011100001110
1110110110100110
1110110110100110
1110100111100010
1110011000011110
1110010100101100
1111100000000000
0000111110001000
0000101011010100
0000011000011110
1110010100101100
1110010000111100
1110010100101100
1101100011110000
1101100011110000
1101100011110000
1101100011110000
1101100011110000
1101100011110000
1101100101001110
1101100101001000
1101101100100110
1101111010100110
1111000100010000
0001100101000000
0001111010010010
0010000010101110
0010011000000000
0010000000110100
0001000110001100
0000001111111110
1111110101010100
1111100000100100
1110110100001100
1110000101111000
1101111100010000
1101110011010010
1101101011101010
1101100111011010
1101100110000000
1101100110010010
1101100011110000
1101100011110000
1101100011110000
1101100011110000
1101100011110000
1101100011110000
1101100011110000
1101100011110000
1101100011110000
1101100011110000
1101100011110000
1101100101001100
1101100100111110
1101101101111100
1101111111111000
1111000010101100
0001110111010010
0001111111010000
0010000100000000
0010001100100110
0010001111100110
0000111011001100
1111110111010000
1111011000011110
1110111111010100
1110100111111010
1101111111001010
1101110011011000
1101101101110110
1101101001111100
1101100111111000
1101100110100100
1101100110010100
1101100011110000
1101100011110000
1101100011110000
1101100011110000
1101100011110000
1101100011110000
1101100011110000
1101100011110000
1101100011110000
1101100011110000
1101100011110000
1101101100000100
1101100111111010
1101101110101100
1110011110000100
1110011011011110
1110010100000000
1110001100000001
1110001010111110
1110000111110110
1110001111110110
1110001110011100
1110001001111100
1110010010111110
1110001101000100
1110010001111010
1110001011101010
1101111001101000
1110000110001000
1110011111101000
1110110000010100
1110110111000100
1101110100011010
1101100011110000
1101100011110000
1101100011110000
1101100011110000
1101100011110000
1101100011110000
1101100011110000
1101100011110000
1101100011110000
1101100011110000
1101100011110000
1110011101110010
1110111101000010
0010011100010000
0010011100010000
0010011100010000
0000010110010100
1110000011000000
1110101111101010
1111000001100000
1111001010011100
1111001010011100
1110101111101010
1110100010010000
1101110101100110
1110101111101010
1111111011100010
1110011001010100
1101111110100010
1110010000011011
1110000011000000
1101110001001010
1111011100010010
1101100011110000
1101100011110000
1101100011110000
1101100011110000
1101100011110000
0010011100010000
0010011100010000
0010011100010000
0010011100010000
0010011100010000
0010011100010000
0010011100010000
0010011100010000
0010011100010000
0010011100010000
0000001001010010
0000000001010100
1111111101111100
1111111100010100
1111111100000010
0000000101100000
0000000100000010
0000001110011111
0000000110100100
1110011011010100
1111101111010110
0000000111010110
1111001001010100
0000110000110110
0001110111101100
0010010111010000
0010001110101100
0001011111000100
1110110111101110
0000010001111000
0010011010101100
0010011100010000
0010011010101100
0000011100110000
1111111010100100
1111110001001110
0000000111000000
0000000011111000
0001001110100000
0001010000000100
1111111100001000
0000011001101010
0001000110110000
0000111101011010
0000011110010100
0000111000110000
0001010100101110
0001001011011010
0000011110010100
0000100110000110
0000010101000000
0000011000000110
0000100110000110
0001000010000100
0000101100010100
0000010110100010
1111100110010110
1111000001000010
1110100101000100
1101111110001100
1111110110010000
0000100000000110
0001111110111100
0010001111101100
0010011100010000
0000100010111000
1111111110100110
1111110010000100
0000010010001000
0000101100101010
0010001011100000
0001110101001100
0000000100001100
0001011110111000
0010000100100010
0010000101111100
0001010011101110
0001100111010000
0001100000010000
0001000101110000
0000101000011110
0000101111011100
1111101111010000
0000100101101010
0000010110010100
0000111101011000
0000011011111010
0000011011111010
1111011110100010
1111001111001100
1110100110101110
1110100011111101
0000111100000110
0001101101010100
0010000101010110
0010010011000110
0010011100010000
0001001111100100
0000101000101000
0000000010111000
1111111001101110
0001001110011010
0010000101010110
0010000001111100
0000111101010000
0001111100001011
0010010001111100
0001111011000100
0001011100001010
0001011111100110
0001110001111010
0001011111100110
0001011101010010
0000111010111100
0000100000101000
0000010111011110
0000001100000010
1111111111011100
1111111000100100
1111101010110100
1111001011111011
1110101001100100
1110110001100110
1110000010101010
1110010011110000
1101100011110000
1101100011110000
0010011100010000
1110000011000000
1101100011110000
1110100010010000
1110110001111000
0010011100010000
0000000001010110
1111110001010100
0000010001011000
0000101110110000
0000011110101110
0000111001011100
0010011100010000
0010001100001110
0001110100001100
0001011110110100
0001001110110010
0001101001100000
0010011100010000
0001011110110100
0000001100000010
0000011100000010
0000101110110000
0000010110101100
0000001001010110
0001001110110010
0000111110110010
0001001001011100
0001100100001010
0001000001011100
0001101001100000
0001101110110110
0001011110110100
0000110100000101
0000111001011100
0000101001011010
0000101110110000
1111111100000000