1110110100100110
1111101111101000
0000010000011000
0000101000011011
0001101101011110
0001100100010100
0000111001011110
0000101001110000
0000101100110100
0000001101010110
0000001000111110
0000010111011000
0000010101001100
0000100100100000
0001000011000110
0001010010110100
0001100010100100
0010010100110100
0010001110010000
0001111111011010
0001110110101010
0010000000010010
0010001100111100
0010010011000100
0010011100010000
0001111000011001
0001100111011000
0001010110110000
0001001010000110
0001001110011100
0001010011101100
0001011000000100
1110110110111100
1111100011101000
0000010101110010
0000101010011000
0001010010110010
0000111000010101
0000100000101010
0000101001100110
0000011000111000
0000001011010010
1111110111011100
1111110010110010
0000010011011100
0000101011001010
0000101101000110
0000111000010101
0001101001101110
0001110100001110
0010011100010000
0010010000001100
0001111000000101
0001111110010100
0001111001101010
0010010110110100
0001111110010100
0001111110101110
0001101001010110
0001011010100100
0001010011001100
0001010101000111
0001001101110000
0001011011010110
1110110111101100
1111011101101000
0000101000101100
0001000110101000
0001011100111111
0000100001111100
0000010100011110
0000011011001011
0000000001011110
1111110100011010
1111100010010010
0000000110111110
1111111110000110
0000010001111100
0000101110001011
0000101111111000
0001001100111110
0001111100101000
0010010010100100
0010010111001100
0010000110010100
0010000000110110
0010001010001000
0010011011000000
0010011100010000
0010001101111010
0001101100001100
0001100011110000
0001010001100110
0001001010000000
0001010100001000
0001100011010100
1110110100101000
1111110000110000
0000101001010100
0001010100001011
0001011000101000
0000001001100000
0000000011010100
1111110101001010
1111110110000100
1111010011001000
1111011101110000
1111101001101100
1111110000110000
0000000010011100
0000001100001001
0000010010110010
0000111100110010
0001100001000010
0010000011000100
0010011100010000
0010010011110110
0001110010010000
0001111101010100
0010001011111010
0010010010000110
0010001100010110
0001100110010100
0001010110110110
0001001001100110
0001000000010100
0001000011110110
0001010100001011
1110110000110100
0000010000101100
0000111011110011
0001101101011000
0001010101000111
1111111101010100
1111101111110110
1111101110110000
1111001100010010
1110101110000110
1110110110001100
1111001111100000
1111000110010110
1111100011011100
1111100001010010
1111111000011110
0000011111010000
0000111010001100
0001110000000011
0010011100010000
0010010101110010
0010010100001010
0001100111011100
0010010111111100
0010001111110110
0010000000001110
0001111001110010
0001001110101010
0000111101111110
0000101110010101
0000111000000001
0001000100011100
1110111100111100
0000100100011000
0001010011011110
0001110001011100
0001001001100000
1111011000000010
1110110111001110
1111000100110010
1110010110011010
1110001111010010
1110100011111110
1110101110101011
1111000001001110
1110101101010000
1111001110110010
1111010110101000
1111100010000010
1111101110111000
0000101010110100
0001011110001100
0010010010010000
0010011100010000
0001101010010100
0010001101010010
0010010111111110
0001111011011100
0001100001000010
0001000101111010
0000100010010000
0000010100101100
1111111110100100
0000011011110100
1111010000000001
1111111100100000
0000100101100010
0000111101111110
0000010011001110
1101111101111100
1110010001001010
1110001011111010
1101110110000110
1101101101010110
1110000111100010
1110110100000100
1110010101100000
1110001110100010
1110001110100010
1110100101001110
1111000100101010
1111100000100100
1111010001110000
0000010100111100
0001111001010110
0010011100010000
0001100100011000
0001001110100100
0001101011011000
0001101010100000
0000100101100010
1111111011101000
1111101011000100
1111001010110000
1111001010110000
1111110001001010
1110110001111000
1111111001100000
0000011010000010
0000111010100110
0001101110101100
0001110101001100
0000111010100110
0000011010000010
0000100111000100
0000100000100100
0000011010000010
0000100000100100
0000100111000100
0000111010100110
0001000001000110
0001010100101000
0010000010001110
0010001111001110
0010011100010000
0010010101110000
0001110101001100
0001111011101100
0001111011101100
0010010101110000
0010011100010000
0001110101001100
0001101000001010
0001100001101010
0001011011001010
0001010100101000
0001011011001010
0001100001101010
1111001101101100
0000001101010000
0000100111101110
0000110111101000
0001110001111000
0001101100100101
0001000010001110
0000110010010100
0000111100111010
0000100010011100
0000100111101110
0000101101000010
0000100111101110
0000101101000010
0001001100110100
0001011100101011
0001101100100101
0010010110111110
0010011100010000
0001101100100101
0001110111001100
0010000001110010
0010000001110010
0010001100011000
0010010001101010
0010001100011000
0001010111011010
0001010111011010
0001011100101011
0001010111011010
0001010111011010
0001100010000000
1111000101111000
0000100000101110
0000111101110001
0001011010110110
0000111101110001
1111111100011001
1111101101110110
1111111100011001
1111001001100000
1111011111010010
1111010000110000
1111010100011010
1111100010111100
1111100110100100
1111001001100000
1111110001011110
0000011001011100
0000100111111110
0001000101000010
0001111011100010
0010011100010000
0010011100010000
0001001111111100
0010000010110100
0001101101000000
0001110000101010
0001110000101010
0001001100010100
0000110010111000
0000100100010110
0000100000101110
0000111101110001
1101100011110000
1101100011110000
1101100011110000
1101100011110000
1101100011110000
1101100011110000
1101110001110110
1101110001110110
1101101110001110
1101101101110000
1110110111000000
0001110101100110
0010010100000100
0010001111111110
0001101101011010
0001011001110110
0001000001101110
0000110101000000
0000000111000011
1111011100010010
1110110011110100
1110011011101100
1110000011001000
1101110111010100
1101110110011010
1101110000100000
1101101111001000
1101100011110000
1101100011110000
1101100011110000
1101100011110000
1101100011110000
1101100011110000
1101100011110000
1101100011110000
1101100011110000
1101100011110000
1101100011110000
1101100011110000
1101101001100000
1101101001111100
1101101100111010
1101101100011010
1110100100101100
0001000001111000
0010000110110000
0001111010000100
0000111110011000
0000011001001101
1111110001010010
1111010000010110
1110101100011010
1110010000110110
1110000000100100
1101110111100000
1101101111100110
1101101101101000
1101101101001000
1101101010001000
1101101001111100
1101100011110000
1101100011110000
1101100011110000
1101100011110000
1101100011110000
1101100011110000
1101100011110000
1101100011110000
1101100011110000
1101100011110000
1101100011110000
1101100011110000
1101110010010100
1110000000111010
1110011001011000
1110101010000100
1110100101011000
1111001000101100
1111010011000000
1111011010100000
1111010000110100
1111001100011100
1111011101111100
1110111010101000
1110101010101100
1110000010101010
1110000101110010
1110000100110010
1110001001111100
1110010010110010
1110001110101000
1110000010001000
1101111000110000
1101100011110000
1101100011110000
1101100011110000
1101100011110000
1101100011110000
1101100011110000
1101100011110000
1101100011110000
1101100011110000
1101100011110000
1101100011110000
1101100011110000
1101100011110000
1110111000100100
1111101110001010
0001011001010010
0010011100010000
0010011100010000
1110010100110110
1101100011110000
1101100011110000
1101101100101100
1110000011000000
1101110101100110
1110100110101110
1110100110101110
1101111110100010
1101111110100010
1101101100101100
1101101000001110
1101110001001010
1101100011110000
1110000111011110
1101100011110000
1101100011110000
1101100011110000
1101100011110000
1101100011110000
1101100011110000
0010011100010000
0010011100010000
0010011100010000
0010011100010000
0010011100010000
0010011100010000
0010011100010000
0010011100010000
0010011100010000
0001101000011100
0001000100100010
0001000111011010
0001001000110110
0001001010100000
0001001000111010
0001001010010100
0001001100000000
0001010001010000
0001011011011100
0001011110110100
1110111011010000
0000011101011010
1110101101111000
1111111001101110
0000111011000110
0001011010011000
0001011001010110
0010011100010000
1110101100111000
1111101000101110
0000101011001110
0000101011001110
0000010000101000
0000010000101000
0000100100100100
0001001100011110
0001101101101110
0010000001101010
0010000001101010
0010011100010000
0010011100010000
0001111011000000
0001100000011010
0001010011001000
0001011001110000
0001010011001000
0001001100011110
0000110001111000
0000100100100100
0000110001111000
0000111111001010
0000111111001010
0000010111010010
0000101011001110
0000111000100010
0000011101111001
0000010000101000
1111101000101110
1110001011101010
1110011111100110
1111111100110000
0000011101010100
0000111010100110
0001001010111000
0000010011100010
1111110010111110
1111111001100000
0001001010111000
0001010100101000
0001110101001100
0001100100111010
0010011001000000
0010011100010000
0001011011001010
0000111101110110
0000111101110110
0001000001000110
0000111101110110
0000110111010110
0000001101000010
1111101100011110
0000011101010100
0000010011100010
0000101101100100
0000000011010000
0000100111000100
0001001010111000
0000110000110100
0000011010000010
1111110010111110
1111010010011100
1110110001111000
0000010001011000
0001000000101110
0001101100111001
0001110110011000
0000111101100100
0000100111011110
0000110100000101
0001011101001000
0001111111110110
0010011100010000
0001110110011000
0010010101111100
0010010010110010
0001100110100110
0001001101010110
0000110000111100
0001001101010110
0000111010011010
0000101101110010
0000011110000000
0000101010101000
0000010111101100
0000010111101100
0000100001001010
0000011110000000
0000100100010100
0000110100000101
0000100111011110
0000010100100010
1111110100111100
1111100010000000
1110010011000111
0000011001010100
1101100011110000
1101100011110000
0010011100010000
1101100011110000
1101100011110000
1111000001100000
1101111101110010
1101100011110000
1111110100110110
1111101101011010
0000000111011100
0000000011101110
1111111100010010
0000101000111100
0000110000011000
0000100101001100
0001100000101110
0001010001110110
0010011100010000
0010010001000110
0010000101111100
0000111011100010
0000110000011000
0000100101001100
0001001010011010
0001100000101110
0000010110010100
0000000011101110
1111111100010010
0000000000000000
1111110001001000
0000001110111000
0000011010000010
0000000000000000
1111110001001000
1111111000100100
1111110100110110
1111100010010000
1111100101111110
1110001100101100