1111001011110001
1111100000001100
1111011111001110
1110100111001100
1110011111100110
1101100111100100
1101101001111100
1110000010001010
1110010011010001
1110010000111000
1110100000000100
1110110111010110
1110111101000010
1111010110001110
0000010001100100
0000111101010000
0000111101110000
0000100101000010
0000110010110100
0001100101001010
0001111011111110
0001111010100010
0001011111111100
0001001111010100
0001011011101010
0010000010100110
0010011100010000
0010010100001100
0001001101111000
0000110111000110
0000011001101010
0001000011011100
1110110011110110
1111010100011100
1111011110110010
1110001011011001
1110011000100110
1101101111010100
1101100111000100
1101101111101110
1110000011100010
1101111111000000
1110010011101000
1110011001000000
1110100101011000
1110111101010110
1111111111011000
0000101010010100
0001010100011010
0000111110111110
0000001111111010
0000100000011010
0001000011100000
0001101000010000
0001110100100111
0001100111011010
0001101011111100
0001111100000100
0010011100010000
0010001101011000
0001000111001110
1111110111111100
0000001100100110
0000101110110110
1110110110111100
1111110001110110
1111111001111100
1110101001000000
1110110010000000
1101100101100100
1110000001111000
1101111000011100
1101111100111100
1110000011101100
1110011110001110
1110011001010000
1110101100100110
1110110111011000
1111101101010110
0000100000001010
0001011000110100
0001011011111100
0000101011110110
0000101101001100
0001001010011010
0001100111101010
0010000010001010
0010000000110100
0001111011110111
0010001011101000
0010011100010000
0010001011001010
0001000010010100
0000101001100110
0000100101000110
0001001001111110
1110111100011100
1111111010001101
1111110010110000
1111000101111110
1110101011111000
1101111010100010
1101101000101110
1101111101011100
1110000011010000
1110010001010110
1110011000110100
1110101010101000
1110110001101010
1110111101101100
1111100010100100
0000001011001100
0001001111001010
0001011010110010
0001001000001000
0000110100101000
0001001110110000
0001101010111100
0001111111101001
0001111110011010
0001110110111100
0010001111110100
0010011100010000
0001111110110100
0000101010101100
0000101110011010
0000111001101000
0001100011111000
1110110001111000
1111010110111010
1111100111001010
1110101001110000
1110001011100000
1101101110001000
1101101111100000
1101111101000010
1101111000100010
1101111101000010
1110010001110100
1110011101100100
1110100011011100
1110101011000110
1111000110001100
1111110001100100
0001000111010110
0001011010110010
0001001101101100
0000110100011000
0001010100011100
0001111100101000
0001111111110011
0001110000000000
0001101110001100
0010001010001100
0010011100010000
0001101010001000
0000010110001000
0000001111010110
0000100010010100
0001100001000101
1110101100001100
1111101010111010
1111101100101000
1111000010111110
1110010100110010
1101111111101100
1110011011000100
1110100111101000
1110101100110000
1110101111000010
1110101010011110
1110110111000000
1111000101110111
1110111011100100
1111100010010110
1111110110111000
0001100000011000
0001111100111000
0001100101100000
0001010111010000
0010001101011100
0010011001111110
0010000110100110
0001100110000100
0001100011001110
0010001100010010
0010011100010000
0001100010101010
0000001010110110
1111011001110010
0000011000100010
0001011001100001
1111001110000000
1111101001101100
1111100100010100
1111010001100100
1110101000100000
1110000000010100
1110001100110100
1110111001011110
1110100101110100
1110011000011101
1110100101110100
1111010101001010
1111000001100000
1110011010001110
1110011010001110
1110110011001110
0000100001000010
0000111100101110
0000101010110110
0001000110100010
0001111011001110
0010011100010000
0001011011111110
0000110010000000
0001001110100100
0001110111101010
0010001101000100
0001010111100000
0000000010101100
1111010110111100
1111001110000000
0001011000011010
1111110111011110
0000001000100010
1111101100001000
1110111000111110
1111001010000010
1110111000111110
1110101101101000
1110100111111100
1110111110101010
1111000100010111
1111100000110000
1111100000110000
1111100000110000
1110111000111110
1111001010000010
0000001000100010
0000001000100010
1111110111011110
0001000111000010
0010001011001110
0010010110100100
0001111010001010
0000010011111000
0000011001100100
0001010010011000
0001011000000100
0001111111110110
0001101001000111
0001001100101110
0001110100011101
0010000101100010
0010011100010000
1111110001110010
1111110001110010
1110111000111110
1111011100100000
1111000111001100
1110011100100100
1110101010110010
1110100011101010
1110100011101010
1110110001111000
1110111000111110
1111001110010010
0000000000000000
0000100011100000
0000111000110100
0001011100010110
0000100011100000
0001000111000010
0001011100010110
0001111111110110
0010001110000010
0010001110000010
0001100011011100
0001100011011100
0001011100010110
0001101010100010
0001111111110110
0010011100010000
0000111111111001
0001100011011100
0001101010100010
0001011100010110
1110110000001110
1111110110000010
1111101100000100
1111001110001000
1110110000001110
1110000001101010
1110100110010000
1110011000111100
1110110110111000
1110110011100010
1110110011100010
1111000111011110
1111001110001000
1111000100001010
1111001110001000
1111110110000010
0001011101000110
0001110001000010
0001011001110000
0001000101110100
0001111110010110
0010011000111100
0010001011101000
0001100011101110
0001101101101110
0010010101100110
0010011100010000
0001101101101110
0000011010100110
1111100101011010
0000010000101000
0001010011001000
1101100011110000
1101100011110000
1101100011110000
1101100011110000
1101100011110000
1101100011110000
1101100011110000
1111001011011101
1110110111001000
1110001110100000
1110110010001110
0001010100000110
0010010011001010
0010000111001110
0001110000110100
0001111110110100
0001111110110100
0001000101011000
0000010010111010
1111110011011000
1111000110100010
1110101011111010
1110010110001100
1110010001010010
1110000011111111
1101110010011110
1101100011110000
1101100011110000
1101100011110000
1101100011110000
1101100011110000
1101100011110000
1101100011110000
1101100011110000
1101100011110000
1101100011110000
1101100011110000
1101100011110000
1101100011110000
1101100011110000
1101110111111110
1101110100010000
1101101110100010
1111001111110010
0000100100011000
0010001001001110
0010000000001000
0000110110010100
0001001110011000
0001110100111000
0001101101001000
0000100010000110
1111111001001100
1110000011010111
1101111001100010
1101110000110010
1101101111100110
1101101101001100
1101101001101000
1101100011110000
1101100011110000
1101100011110000
1101100011110000
1101100011110000
1101100011110000
1101100011110000
1101100011110000
1101100011110000
1101100011110000
1101100011110000
1101100011110000
1101100011110000
1101100011110000
1101101100010110
1101110000011100
1101111110000000
0000110111111100
0000100000001100
1111111010011000
0000001010000000
1111111011101000
1111110000001010
1111101000010000
1111100101110000
1111100100100000
1111011100011000
1111000010001000
1110100000110100
1110101011000110
1110100110111101
1110000001011100
1101101101101000
1101100011110000
1101100011110000
1101100011110000
1101100011110000
1101100011110000
1101100011110000
1101100011110000
1101100011110000
1101100011110000
1101100011110000
1101100011110000
1101100011110000
1101100011110000
1101100011110000
1110011001010100
1101100011110000
0010011100010000
0010011100010000
0010011100010000
1101111110100010
1110010000011011
1110101111101010
1101100011110000
1101100011110000
1110100110101110
1110100010010000
1111110010100110
1111101001101100
1110011001010100
1101101100101100
1110000011000000
1101110001001010
1110011101110010
1101100011110000
1101100011110000
1101100011110000
1101100011110000
1101100011110000
1101100011110000
1101100011110000
1110000100001010
1101111110111100
1110000000110010
1110000010001000
1101111010000010
1101111101001010
1101111011011110
1110000110011100
1110000111111100
1110100111101111
0001100110010000
0001100111001110
0001101001101110
0001101010111110
0001101111011011
0001110010011010
0001110101000000
0001110111110100
0001111011101101
0001110001101010
0000110010000000
0000011101011010
1111010010000100
1111111111001010
1111111000100110
0000111111010010
0001100101100100
0010011100010000
1110101110011110
1111101000001110
0000000000000000
1111111001001110
0000111001110000
0001100010100000
0001011111000110
0001001010101110
0000111101001010
0000101100001010
0001000111010110
0010001011010010
0010001110101010
0010010010000100
0010001110101010
0010000111111000
0001111010010010
0001101100101100
0001011011101110
0010011000110110
0010011100010000
0010010010000100
0001101100101100
0001000011111100
0000101111100100
0000110010111100
0000110110010110
0001001010101110
0000110110010110
0000100001111110
0000000000000000
1110101011000110
1110110000001110
1111000100001010
0000010011111100
0000010111010010
0000001101010100
0000001001111110
1111111001010110
0001110001000010
0001110001000010
0001001001001000
0001010110011100
0001001100011110
0001001100011110
0001110001000010
0001010011001000
0010001011101000
0001111110010110
0010000100111110
0001110100010110
0010001011101000
0010010101100110
0010010010010010
0010011100010000
0001100111000100
0010000100111110
0001111110010110
0001110111101100
0001100000011010
0010000001101010
0001110111101100
0001010011001000
0000100001010000
1110100100010110
1110100010010000
1110010001100110
1110100010010000
1110100000001011
1110110000110110
1110101110110000
0000000010000110
1111111011110110
0000100101100000
0001001101000110
0000011011000110
0000001000010110
0001010001010000
0001000110110110
0001011011101010
0001110010100110
0001110010100110
0010001011100110
0010011100010000
0010000001001010
0010000111011010
0010000001001010
0001111111000110
0001000010101010
0001001111001010
0001111111000110
0001111010111010
0001100100000000
0001011111110101
0001001000111010
1111110001011010
1111110101101110
1101100011110000
1101100011110000
0010011100010000
1101100011110000
1110000011000000
1110000011000000
1110001000001111
1101100011110000
1111111011110010
0000000000000000
0000110010101100
0000111011001000
0000011101100100
0000110110111010
0001010000001111
0000101110011100
0001001100000000
0010001111100110
0010011000000010
0001111110101100
0001000111110010
0000100110000000
0000110010101100
0000011001010110
0000111011001000
0001010000001111
0010011000000010
0010011100010000
0001101101110100
0001011000101100
0001100001001000
1111010101110010
0000010000111010
0000100110000000
0000111111010110
0000101110011100
0001101001100100
0001110110010000
0000110010101100
1110001101111110