1111101101011000
0001000100001000
0000111001001110
0001000000100110
0001000110111100
0001100001111110
0001101100001010
0001111101000000
0001010111000110
0001000000111110
0000110010111010
0000101010110110
0001001100100010
0001001100100010
0001110000101110
0010010000101010
0010011100010000
0010010100001100
0001111001110110
0001011000011110
0001010010111000
0001010110000010
0001100000100100
0001011111110101
0001110000000000
0001110010001000
0001101001010110
0001010010001010
0001010110011000
0001000111111110
0000111111001100
0001011001111000
1111010000110000
0000010010101010
0000010001011000
0000100111111000
0000111111010110
0001000011110110
0000101001110010
0000011110111000
0001000011100000
0000101011000110
0000111010110110
0000111101000110
0000111101011010
0001010100100100
0001100011101010
0010000000100110
0010001111000100
0010011100010000
0001011110100010
0001011101100100
0001001111000110
0001000000111100
0001011100111010
0001011011101000
0001101001110010
0001111101011000
0001111100110000
0001011100100110
0001010000101100
0001011101100100
0001001000010110
0001011101010000
1111001100010110
0000001010001010
0000010101000100
0000100111100000
0001000111101010
0001001001100010
0000011100100100
0000101100110100
0001000110000110
0000101001000100
0000110000100010
0000110101001110
0000110000001110
0001001111011100
0001100101101000
0001110111101110
0010011001011100
0010011100010000
0001101011010000
0001100000111011
0001100010110100
0001011010000100
0001100111001100
0001110010011010
0001110010011010
0010001111011100
0010000100001110
0001011111101100
0001011111111111
0001100111100000
0001011001011100
0001010100011100
1111010011111010
0000001100111100
0000101010100110
0000110011010100
0001011000100101
0001000000101000
0000010110000100
0001011010000110
0001010001110000
0000010110000100
0000010000101110
0000011010101000
0000110011101110
0000100111111010
0001000010100010
0001101101111000
0010001101011100
0010011001111110
0010000110111110
0001010001110000
0001010111000100
0001100110101010
0001101011100110
0001110001010010
0010010100101010
0010011100010000
0010001101000010
0001101101111000
0001100100000000
0001011011101000
0001010010001000
0001011101100010
0000010110111100
0001100110101000
0010011100010000
0010000100111110
0001001011001000
1111000100011010
1111010110000010
1111100101100010
1111000110100000
1111010001110010
1110111001110100
1110011111000000
1110110010110000
1111000010010010
1110011101100110
0000110110101010
0001010101101110
0000100001100000
0000100100010110
0001000101011110
0000011101010010
0000101011011000
0000111101101110
0001101111110100
0001110100000010
0010001011010100
0001010101000000
1111111011011010
1110100100101010
1110000011100001
1110001111100000
1110101101001000
0000111011001110
0001101100010100
0010011100010000
0001110011010000
0000101011101000
1111010111110110
0000110000110100
0000001111111000
1111101100101010
0000010010110010
1111001100111000
1111010110001000
1111100110010010
1110100010101110
1110000010111100
1111110111101000
0000010001101000
1111101101110100
1111101001001100
0000100001001110
0000100000101000
0000001110001010
0000101001111000
0000111110000101
0001110111010010
0001111100011110
0000110001011000
1111001010100100
1110000011100010
1110001010011100
1101100111001110
1110010011001000
0000111110001110
0001110011011110
0001001000100110
0000101100010000
0000011011101010
1111101010100100
0000000010110000
1111000100100010
1110111111000000
1110111101101000
1110000011100100
1110000111101100
1110010111100110
1110001101001110
0000011000111000
0001011111011010
0001001111100000
0000101111000000
0000010011010110
0000100001111000
0000110001110010
0000100110101110
0000111001011000
0001000100011100
0010011100010000
0010001001100110
0000110101111100
1111011111100000
1110111000110010
1110110111011010
1110100100110000
1110110110000010
0000001100000010
0001101100001100
0001100110001010
0001100000001001
0001001000001000
0001111000001100
0001110010001100
0010010000001110
0010000100001110
0001100000001001
0001001000001000
0000111100000110
0000100100000100
0000011110000011
0001100110001010
0010010000001110
0001111110001100
0010001010001110
0001111000001100
0001010100001000
0001000010000110
0001001110001000
0001100000001001
0001100000001001
0010010000001110
0010011100010000
0010010000001110
0010010000001110
0001111000001100
0001101100001100
0000101010000100
0010001010001110
1111101111011000
0001001100011110
0000111111001010
0001001100011110
0001000101110100
0001110100010110
0001100111000100
0010001000010100
0001100111000100
0000111111001010
0000011101111001
0000100100100100
0001100000011010
0001100000011010
0010000001101010
0001110100010110
0010011100010000
0010010101100110
0001111011000000
0001100111000100
0001011001110000
0000111000100010
0001100000011010
0001101101101110
0010001000010100
0010001110111100
0010001110111100
0001111011000000
0001111011000000
0001100000011010
0001001100011110
0001101101101110
1111110100011100
0000110100000101
0001110011110000
0001110011110000
0010000101000110
1111101110101000
0000000101110010
0000101110010010
0000000000000000
1111101110101000
1110000110011110
1111101000110110
1111001011111011
1111011101010010
0001001011001110
0010011100010000
0010011100010000
0001010110110100
0001101000001010
0001010001000001
1111000110001000
1111111010001110
0000101000100000
0001100010011000
0001101101111110
0001100010011000
0001111111010100
0001100010011000
0001001011001110
0000100010101110
0000101000100000
0001100010011000
1101100011110000
1101100011110000
1101100011110000
1101100011110000
1101100011110000
1101100011110000
1101100011110000
1101100011110000
1101100110010110
1101100110011110
1110100000110010
0000000000101010
0001001011110100
0001110101011000
0010010101110010
0010001110111100
0001110101001010
0000111100010000
1111100011110010
1111001100001000
1110110101100000
1110100010011010
1110100000111000
1110010001000110
1110000000101110
1101110011001100
1101101101000100
1101100011110000
1101100011110000
1101100011110000
1101100011110000
1101100011110000
1101100011110000
1101100011110000
1101100011110000
1101100011110000
1101100011110000
1101100011110000
1101100011110000
1101100011110000
1101100011110000
1101100100111000
1101100100110110
1110000000001000
1110111011011100
1111011100111010
0001011111001010
0010000001110100
0001001111111100
0000000100010110
1110101011011100
1101111111101110
1101111001100100
1101110100110000
1101110101101110
1101110011001100
1101110010011000
1101110001100010
1101101110111010
1101101100101010
1101100011110000
1101100011110000
1101100011110000
1101100011110000
1101100011110000
1101100011110000
1101100011110000
1101100011110000
1101100011110000
1101100011110000
1101100011110000
1101100011110000
1101100011110000
1101100011110000
1101101010000000
1101110010010100
1110001000001100
1110101001110010
1110111101110110
1111010000110110
1111010011011111
1111010101100010
1111000110101100
1110010110010000
1101101110101100
1101101010110010
1101101000111100
1101110101110000
1101111100110000
1110100011010010
1111101101010000
1111110000111000
1111100001110011
1101100011110000
1101100011110000
1101100011110000
1101100011110000
1101100011110000
1101100011110000
1101100011110000
1101100011110000
1101100011110000
1101100011110000
1101100011110000
1101100011110000
1101100011110000
1101100011110000
1101110101100110
0010011100010000
0010011100010000
0010011100010000
1110111000100100
1111001110111010
1101100011110000
1101101100101100
1110111000100100
0010011100010000
0010011100010000
1110110100000110
1110010000011011
0010011100010000
0000101100101010
0000001101011010
1110111101000010
1110010000011011
1110000111011110
1101100011110000
1101100011110000
1101100011110000
1101100011110000
1101100011110000
1101100011110000
0010011100010000
0010011100010000
0010011100010000
0010011100010000
0010011100010000
0010011100010000
0010011011001100
0010011000110010
0010010101111010
0001001100010100
1111110000100010
1111101001111010
1111100100110110
1111011001001000
1111001110111110
1111001001100000
1111010110010100
1111100111111100
1111111101011000
0000011011100110
1110100010010000
0001000101110110
1110000101100010
1110010001010010
1110100101100010
1111001001011111
1111011001001000
0010011100010000
0000110101001000
0001100000111000
0010001111110000
0010011100010000
0010001111110000
0001110011101000
0001101010010000
0001101101011000
0001110011101000
0001011101110000
0001010100011000
0001110011101000
0001111101000000
0010000000001000
0001111001111000
0001101010010000
0001101010010000
0001010100011000
0001100100000000
0001100111001000
0001100111001000
0001011010101000
0000100010011000
1111101010001000
1111100111000000
1111101101010000
1111100000110000
1111100000110000
1111110011100000
1111000100101000
1111100000110000
1110100101011000
0001000110000010
0001011110010010
0010001001011010
0010011100010000
0010010100001010
0001010110001110
0001100011101100
0001101011110000
0010001110110010
0010001110110010
0001011110010010
0001101110011100
0001101011110000
0010000001010100
0001001110001000
0001011011100110
0001010011100000
0001000000101010
0001100110011000
0001110110100010
0001101011110000
0001011110010010
0000100000010100
1111110010100010
1111100101000100
1111110101001110
1111010111100110
1111101111110110
1111011010010010
1111100111110000
1111101111110110
1111100101000100
0001000100111110
0001100001001000
0001110010000010
0010010011110100
0010011100010000
0001011110010100
0001010000001111
0001110111101010
0010000010111010
0001101100011000
0001010101111000
0001100001001000
0001101100011000
0001110100110110
0010000010111010
0010000010111010
0010010001000000
0010001110001100
0001111010011110
0001010101111000
0001101001100100
0001101111001110
0000101110011100
1110110010100110
1111010001100100
1111000000101010
1111001001000110
1111010001100100
1111010001100100
1111000110010010
1111101010111001
1111010111001100
1110010100100100
1101100011110000
1101100011110000
0010011100010000
1101100011110000
1101100011110000
0000000000000000
1110000011000000
1101100011110000
1111111110000000
1111111100000000
1111110011111110
0000100010000100
0000111010000110
0000001100000010
0001011010001010
0001011010001010
0001111010001100
0001111110001100
0001001010001000
0001000100000110
0010001110001110
0010011100010000
0001011000001010
0001101000001010
0001010110001000
0001001110001000
0000101100000011
0000011110000011
0001001110001000
0001011000001010
0001101010001010
0000111000000110
0000011100000010
1111111100000000
1111110001111110
0000001000000000
0000000101111111
1111101001111111
1111101001111111
1111001011111011