1111001100101110
0000000001001100
0000111001010000
0010010010101110
0010001101111100
0000101101010100
1111111101101000
1111111010000010
1111110111101010
1111101100111010
1111010110010000
1111111010000010
1111111011001110
1111101011101110
0000000100110010
0000110101101100
0001001101100010
0001100111110010
0010011100010000
0010010111011110
0001110100111000
0001101100100010
0010010000010100
0010010000010100
0001000000011010
0000101111101110
0000100110001010
0000100100111110
0000010000101100
0000101111101110
0001001011001010
0001010001000110
1111001011100000
0000000110111110
0001001111000100
0010011100010000
0010010000111000
0000010010010110
1111100001000000
1111010000100100
1111010001110101
1111011101001110
1111000111101100
1111001010001110
1111100010010010
1111110000001100
1111011001011010
1111111010010100
0000111110101000
0001101001101010
0010001000000000
0001101000011000
0001001100100010
0001000100111100
0000111110101000
0000110101110010
0000010110001010
0000011000101010
1111111100110110
0000000001111010
0000001001100000
0000010111011010
0000011101101110
0001001100100010
1111001101001100
0000011101001110
0001001110110000
0010011100010000
0010010010000110
0000010101100110
1111110010000011
1111011000101000
1111100001100000
1111100111111000
1111001011111011
1111001001011000
1111100010110010
1111101110001110
1111011101101100
1111100000010000
0000101100011110
0001101011111101
0010001110010010
0001100000100010
0001011010001100
0001100011000110
0001110011100110
0001000111001000
0001000000110010
0000011010101100
1111111100001100
0000101111000000
0000100011100100
1111110011010010
0000010011000100
0000111111100010
1111010010101100
0000100010100000
0001100010000110
0010011100010000
0010001100000010
0000010010010000
1111110000011101
1111000101001010
1111010010101100
1111011110110110
1110101110001010
1110111000111110
1111001101010010
1111011010110100
1111010101011000
1110110010001110
0000001110001110
0001100011011100
0010001010101010
0001110101000010
0001100110001000
0001110110011000
0010001110101110
0001110010010100
0001001100011100
0001000111000010
1111101011000010
0000101001010000
0000011101000110
0000010111101100
0000100101001100
0001011001111110
1111011110101100
0000111001000010
0001111010001100
0010011100010000
0010010111110100
0000010100000000
0000001000001010
1111100000001010
1111100011001000
1111011010001110
1111010010110110
1111000100000011
1111010111010010
1111010100010100
1111101100000000
1111011010001110
0000001100100110
0000111010100000
0001111011101010
0001111110101000
0001011100100100
0010000011000100
0010000100100100
0001110101110000
0001011000000111
0000111010100000
0000010100000000
0000001111100011
0000101011101100
0000110111100010
0001011011000110
0010010001111000
1111001100110000
1111110110100000
0001010000010110
0001000010011100
0000101111011100
1111110101010000
1111001110000011
1111001011100000
1111010001110101
1111011001011010
1111001011100000
1111011000001010
1111101101101010
1111110000001100
1111110010101110
0000010001000110
0001000010011100
0010000100001110
0010010100101010
0010011000011110
0010010101111100
0010010011011010
0010011100010000
0001110010100000
0001000001001010
0000110100100000
0000010010010110
0000011101101110
0000011001111100
0000101001001000
0001000111011110
0001101010111010
1111100001000100
0000011110111100
0001000001000110
0000110010011110
0000010011100010
1111001101100010
1110101110101000
1110101000001000
1110101001110000
1110011001011110
1110000111100100
1111000111000010
1111001101100010
1111001011111011
0000001001110000
0000000110100000
0001010110010000
0001100001101010
0001100000000010
0001000111101000
0001000111101000
0010000000100110
0010011100010000
0001101110101100
0000010000010010
0000010011100010
1111101100011110
1111101111101110
0000001000001000
1111111011001000
0000110101101110
0001100011010010
1110111110001110
1111010110111000
0000110001010110
0001111011010110
0001111011010110
0000100000111010
1111011111000110
1111100111010110
1111100111010110
1111001110101010
1111011111000110
1111100111010110
1111101111100100
1111011111000110
0000000000000000
0000101001001000
0000111001100100
0010000011100110
0010011100010000
0010010100000010
0001010010010000
0001111011010110
0010010100000010
0010001011110100
0000101001001000
0000110001010110
0000101001001000
0000100000111010
0000011000101010
0001000001110010
0001010010010000
0001100010101100
1111001110101010
0000100000111010
0000110001010110
0010010100000010
0010001011110100
0000110001010110
0000010000011100
0000000000000000
0000000000000000
1111110111110010
1111010110111000
0000000000000000
0000000000000000
1111101111100100
0000010000011100
0000111001100100
0001010010010000
0001010010010000
0010011100010000
0010001011110100
0010001011110100
0001110011001000
0010011100010000
0010001011110100
0001001010000000
0001000001110010
0000100000111010
0000101001001000
0000100000111010
0000110001010110
0001001010000000
0000111001100100
1111010111101100
0000010100001010
0001101001110110
0001110011111100
0001110011111100
0000001010000110
1111110101111010
1111011100101110
1111101011110110
1111010010101000
1111000011100010
1111001000100100
1111011100101110
1111100110110100
1111011100101110
1111100110110100
0000011110010000
0001101001110110
0010000011000100
0010010111001110
0010001000000110
0010011100010000
0001101110111000
0010000011000100
0001011010101110
0000011110010000
0000011001001100
0001000001100010
0000110010011010
0000001111001000
0001100100110100
0001111110000000
1101100011110000
1101100011110000
1101100011110000
1101100011110000
1101100011110000
1101101010000100
1101101001011100
1101101001101010
1101101000000010
1101110110111000
0000001100100001
0001110110110010
0010010010011110
0010011010000000
0010011001000000
0010001001001000
0001111011101100
0001100001000000
0001000000110110
0000001111110010
1111110101101110
1110010110011100
1101101110111100
1101101000011100
1101101101001000
1101101000011100
1101101000101000
1101101000101000
1101101010010000
1101101100000110
1101101110001000
1110000001010010
1101110010001110
1101100011110000
1101100011110000
1101100011110000
1101100011110000
1101100011110000
1101101010110010
1101101010101010
1101101010001100
1101101001011000
1110011111001000
0000100111101110
0001110001110110
0010010011100110
0010001110000100
0010000000100000
0001110011100000
0001010101010001
0001001010110110
0000011110010110
0000011110100100
0001101011100010
1110010100110100
1101101110011010
1101101001110110
1110101010111110
1111001000110110
0000101001010110
0010011100010000
0010011100010000
0010011100010000
0010011100010000
0001011000000110
1111001101111001
1101100011110000
1101100011110000
1101100011110000
1101100011110000
1101100011110000
1110100101101000
1101110001010010
1110001001010000
1101101000111100
1110100000101100
1110101111010000
1110010111010100
1110011000111000
1110010100001101
1110000110001000
1110000110001000
1110010001000100
1110011010001000
1110010001011000
1110010010101000
1111001010111000
1110011110100000
1110011000010110
1101111101010000
1110101000100000
0001101000101100
0001111011011100
0001110001100010
0001111111100110
0001111001111000
0001111010111010
0001010000001100
0001001011100000
1101100011110000
1101100011110000
1101100011110000
1101100011110000
1101100011110000
1110101011001101
1101101100101100
1101101000001110
0010011100010000
0010011100010000
0010011100010000
1110001011111100
1101111110100010
1101110001001010
1101100011110000
1101100011110000
1101100011110000
1101100011110000
1101110101100110
1110011101110010
0010011100010000
0010011100010000
0010011100010000
0010011100010000
0010011100010000
0010011100010000
0010010011010100
0001000010111110
1101111110100010
1110001011111100
1111100000110000
0010011100010000
0010011100010000
0001110010011100
0001110001110000
0001101101001010
0001101101000110
0001101000100110
0001100110111100
0001011001001101
0001010100001000
0001001110001010
0000111011011000
0000110111001100
0000110101111001
0000101111111111
0000101000000010
0000100001011110
0000011010101100
0000010101100010
0000010010100110
0000011111001110
0000100011010000
1111000011100110
1110101011011100
0000111111000000
0001100000111000
0010000100111100
0010010100100010
0010010011100110
0010011100010000
1110110001111000
1111101000010100
0000000010011000
1111101101000100
1111101000010100
1111010111110000
1111100101111110
0000110110011100
0001111111110110
0010000110111100
0001111111110110
0010011100010000
0010001110000010
0001100001000100
0001101010100010
0010001001010100
0010000100100100
0001010000100000
0001010101001110
0001011100010110
0000010010111100
0000000010011000
0000110110011100
0000100011100000
0000011100011010
0001100011011100
0001111101011110
0001101010100010
0001000100101010
0000010101010100
0000010010111100
1111111000111010
0000101111010010
0001001100000100
0001100110110010
0001010000001100
0000000100001000
0000010010100000
0000100000111010
0001010100010010
0010000001100010
0010011100010000
0010010001111110
0010010001111110
0010010001111110
0001100100110000
0001010100010010
0001110001000100
0001101010111010
0001000101111010
0000110011011010
0000100111000100
1111110101101110
1111111001110110
0000101111010010
0000101011001100
0000000010000100
0000111001100100
0000111011101000
0001100100110000
0000101001001000
1111110111110010
0000010010100000
1111111101111100
0000000110110010
0001100010100000
0001111101101100
0000111001110000
0000010000111110
0000001111010010
0000010100010111
0000111000000001
0010001100111110
0010011100010000
0001111010010010
0010010111001010
0001101100101100
0001000111010110
0001001111110100
0010000010110010
0010000100011110
0001011000010100
0000111110110110
0000110001010000
1111101111000010
1111101111000010
0000100111000100
0000010100010111
0000000101000101
0000111011011100
0001110110111000
0001000111010110
0000100001111110
1111110010011011
0000001010001011
1111101111000010
0000101111100100
1101100011110000
1101100011110000
0010011100010000
1110100010010000
1101100011110000
1101100011110000
1110010111110110
0010011100010000
1110001010101000
1110100101000100
1110111100011000
1110111111011110
1110111101111100
1110111001010000
1110111111011110
0000000000110010
0000100010111110
0000011001101010
0000111000110000
0001001000010010
0001100001001010
0010001011001010
0010011001001000
0010011100010000
0010001100101100
0001110110111100
0010000000010000
0001111011100110
0001101100000100
0001110011110100
0001111000100000
0001111110101110
0010001000000010
0010001001100110
0010011001001000
0010000011011000
0001111010000010
0010000001110100
0001100010101110
0000011110010100