1111001100011110
0001010111010010
0010000110001000
0001111100110000
0000011000010010
1111001111111000
1110111011011110
1110010100010010
1110011000100010
1110000110101010
1110000100000110
1110101100111110
1111001011101000
1111011100101010
1111110100100000
0000001100010110
0001110000110100
0010010001001100
0010000110111110
0001100100111010
0010011100010000
0010010000010110
0010000110001000
0001011000000111
0001010100101110
0001101001001010
0001101101011010
0010010111001010
0010010010000010
0001100100000100
0001110111100111
0001011110000110
1111000100011110
0001100000010000
0010011100010000
0010000010010010
0000001001011010
1110110111000010
1110010010010100
1110010100000110
1110001111101001
1101110011111000
1110001100111100
1110010111101100
1110100001100010
1110110101001110
1111000111001010
1111001000000010
1111011000001010
0000001000100000
0000111011100010
0001000110010010
0001011010111000
0001100000010000
0001111001010110
0001111001010110
0001101101101100
0001110101110000
0001101110100110
0010001100001000
0001111110101100
0001100001001010
0000111010101010
0000101111000000
1111011000011110
0001000111010010
0001101100001110
0001000110100100
1111101001011110
1110101101101000
1110100001000100
1110010000110100
1110100011010010
1101111001111010
1110010100100001
1110011011111011
1110011000111100
1110110110100000
1110101111000110
1110101100001010
1111010100000010
1111101110101000
0000110100110100
0001100000011010
0001110111010011
0001111111011100
0001110101000110
0010000011001000
0010010010101010
0001111101111110
0010000000111010
0010011100010000
0010011001010010
0001110100010110
0001101011011111
0001101111001100
1111010100010110
0000110101001110
0001001101000110
0000010100011110
1111010101000000
1110100010100011
1110000001000110
1110011100011001
1110011111110010
1110001001010010
1110000101001100
1110011011000010
1110010100001101
1110011000010011
1110100101010000
1110101001010110
1110110010111010
1111100010101010
1111110111001000
0000011111011000
0001011110001010
0001100110010110
0001010011111100
0001111100111000
0010000001101000
0010000011101100
0001110110000010
0010001101010000
0010011100010000
0001110111011010
0001111100001011
0001111110111010
1111001001000000
0000000111101010
0000011001001000
1111111000010110
1110101011111000
1110001101010010
1101111001100110
1110000101010000
1101110111011010
1110000011110101
1110000011110101
1101111011110010
1110000001101000
1101111011110010
1110101100100110
1110101010011011
1110100100100110
1111001001000000
1111010001000010
0000101001001010
0001101001010000
0001101001010000
0001011010101100
0001111000100011
0010011100010000
0010001111111000
0001111010000000
0010001000100110
0010010010110010
0010000001010100
0001101000100010
0001111001010010
1111010001010010
0000010001110110
0000110110010110
0000011101101110
1111001100001100
1110101100110010
1110100010100110
1110010110101100
1110010101000000
1110000100000010
1110011010111100
1110101000100010
1110100010100110
1110111100111010
1111010101100010
1111010011000000
1110110011100100
1111000110010000
1111011101001100
0000000110110010
0001111100110110
0010010000011000
0001100100001110
0010000010110010
0010011100010000
0010010010000100
0001110000000110
0010001000101110
0010001000101110
0001110101001100
0001011100100100
0001011001001010
1110110010010100
1111101001111100
0000010110111100
1111011110011110
1110111011001010
1101111100011110
1101101001111100
1110011101001000
1110101010011000
1110001111000001
1110011011011000
1111000001010100
1110111010010000
1110111001011000
1111010011111000
1110111100000010
1111011100101100
1110111010010000
1111000110101000
0000001010100110
0010010001101010
0010011100010000
0001011110011110
0001100010111000
0001111000111100
0001110110010010
0000111100000010
0001101110010110
0010000111000100
0001100010111000
0000101001100000
0000110010010100
1111011100101110
0001001011100110
0001011111110010
0001010101101100
0000011001001100
1111010010101000
1111001000100100
1110111110011110
1111001000100100
1110111110011110
1110101010010100
1111111010111110
0000100011010010
0000110111011100
0001011111110010
0001110011111100
0010011100010000
0010010010001010
0001110011111100
0001001011100110
0000110111011100
1111100110110100
1111111010111110
0000001111001000
0000101101011000
0001011111110010
0010001000000110
0010011100010000
0010010010001010
0010001000000110
0010010010001010
0001111110000000
1111100011000100
0000111001111000
0001011100100110
0001010110110100
0000011100111100
1111101000110110
1111010111100000
1111010001101110
1110011101101000
1110100011011010
1110010111110110
1111100011000100
1111111010001110
0000001011100100
0000011100111100
0001000101011100
0001111111010100
0010000101000110
0001101101111110
0001110011110000
0010000101000110
0001111111010100
0001100010011000
0001010110110100
0001110011110000
0001111111010100
0010010000101100
0010011100010000
0010010110011110
0001111001100010
0001111111010100
0001101000001010
1111100110101010
0001001100000000
0001011000101100
0000101010001110
1111100010011100
1110111100011100
1110100011000110
1110100011000110
1110110100000000
1110001101111110
1110101111110001
1110111100011100
1110111000001110
1111001001000110
1111111011110010
1111101010111001
1111101010111001
0000000000000000
0000010101000111
0000100001110010
0001011000101100
0001011000101100
0001000011100100
0010010011110100
0010011100010000
0010011000000010
0001011000101100
0010000010111010
0010000111001000
0001111010011110
0001111110101100
0010001111100110
1101100011110000
1101100011110000
1101100011110000
1101100011110000
1101100011110000
1101100011110000
1101100011110000
1101100011110000
1101100111101110
1101100111100000
1101110110101110
0001010010001100
0010011010011000
0001111011010010
0001000001000110
0000011100100110
1111110111011100
1111010011110011
1110101011100001
1110011111000000
1110010100010111
1110000011111000
1101110111100100
1101110000011110
1101101011011110
1101101010101000
1101100011110000
1101100011110000
1101100011110000
1101100011110000
1101100011110000
1101100011110000
1101100011110000
1101100011110000
1101100011110000
1101100011110000
1101100011110000
1101100011110000
1101100011110000
1101100011110000
1101100011110000
1101101000111000
1101101000100010
1101111001100010
0001001101010010
0001011001101000
0000110101001010
0000110110110100
0000011110000000
1111111000001000
1111101111100010
1111010011011100
1110100111100010
1110100010011010
1110001001110110
1101110110011000
1101110000011100
1101101111000100
1101101100111100
1101100011110000
1101100011110000
1101100011110000
1101100011110000
1101100011110000
1101100011110000
1101100011110000
1101100011110000
1101100011110000
1101100011110000
1101100011110000
1101100011110000
1101100011110000
1101100011110000
1101100011110000
1101101111101110
1101101111101110
1110100101011000
1110100100011110
1110001111000010
1110000111000000
1110010000010010
1110110000010100
1110101010110110
1110111101001100
1111001111100100
1110110010010000
1110100011011010
1110111010011110
1110101001100010
1110010010101000
1110100001101110
1110011010011100
1101100011110000
1101100011110000
1101100011110000
1101100011110000
1101100011110000
1101100011110000
1101100011110000
1101100011110000
1101100011110000
1101100011110000
1101100011110000
1101100011110000
1101100011110000
1101100011110000
1101100011110000
1101110001001010
0000011111010000
0010011100010000
0010011100010000
1110111000100100
1110011001010100
1101110101100110
1101111110100010
1110000111011110
1101100011110000
1110010000011011
1110011001010100
1110000011000000
1111001010011100
1111100101001110
1110000111011110
1101101000001110
1110100110101110
1101100011110000
1101100011110000
1101100011110000
1101100011110000
1101100011110000
1101100011110000
1101100011110000
1111100100100000
1111011100101100
1111011110001100
1111011100111110
1111011010111100
1111010110011010
1111010000001010
1111001100010000
1110111110011110
1110111110111010
0000101010001100
0000101011101000
0000110001101100
0000110111000110
0001000011010010
0001001100000010
0001011101001100
0001101001001110
0001111000101010
0010000010111000
0001001101000110
1111101101101000
1101111110000100
1111001101000010
0001110010101010
0001100111011000
0001100110011100
0001010011010110
1111100000110000
0000101000001100
0000011111010000
0000101000001100
0001000010111110
0001001011111010
0001001011111010
0001000010111110
0001010100110011
0001011101110000
0001010100110011
0010001010011010
0010011100010000
0010010011010100
0010001010011010
0010000001011110
0001001011111010
0001011101110000
0010010011010100
0010010011010100
0010001010011010
0010010011010100
0001101111100101
0001000010111110
0001011101110000
0001011101110000
0001011101110000
0001001011111010
0000011111010000
0000110001000110
0000001101011010
1110111101000010
1111000110011100
0000110001010110
0000011100110010
0000111001100100
0001001010000000
0001101111000010
0010001011110100
0010011000001000
0010001011110100
0001011010011110
0001011010011110
0001011110100100
0010011100010000
0010000011100110
0001110011001000
0001010110010110
0000100101000000
0010000011100110
0001110111010000
0010001011110100
0001110111010000
0010000011100110
0001100110110010
0001101010111010
0001010010010000
0001011010011110
0001100010101100
0001000101111010
0001000101111010
0001001110001000
1111101111100100
1110111010000110
0000111000110100
0000111111111001
0000011100011010
0000000111000110
0000011111111110
0000100011100000
0001100011011100
0010011100010000
0010001010100000
0001010101001110
0000110101010010
0000100011100000
0000101110001010
0000111111111001
0010000011011010
0001011000110010
0000010101010100
0000100111000100
0000011111111110
0000111111111001
0000110001101110
0000111100011000
0000000111000110
0000011100011010
0000000111000110
0000010001110000
0000110001101110
0000100011100000
1111110101010110
1111110001110010
1111110101010110
1110000111010000
0010011100010000
1101100011110000
1101100011110000
0010011100010000
1101100011110000
1101100011110000
1101100011110000
1101111101110010
0010011100010000
0000011110101110
0001000001011100
1111110011111110
1111001001010000
1111010001010000
0000000100000000
0000000110101100
0000100001011000
0000011100000010
0000011100000010
0001110110110110
0001011100001010
0010011100010000
0001100110110110
0010000100001110
0001100001100000
0001110100001100
0010001001100100
0001100100001010
0001011100001010
0010000110111000
0010000001100010
0000010110101100
0000010110101100
0000011110101110
1111111110101010
1111011001010010
1111100011111110
1111011001010010
1111100110101000
1111011110101000
1111001011111011