1111000001110110
0001010100110011
0010011100010000
0010000010110110
0001001110101000
0001010010000100
0000011111111100
1110100001100100
1111010101000100
1111001101100010
1110101001001000
1110111100010110
1111000001110110
1110101101010000
1110101111010100
1110101001001000
1110110101011110
1110110110110110
1110100000001100
1111010000010010
1111111000110010
1111101001000000
1111001101100010
1111010111110100
1111011101010100
1110101101010000
1110101000011100
1110000011010111
1101111011000110
1101110000110100
1110000110110010
1110000110000110
1110100011000100
1111010111100110
0000100100011000
0001010110001110
0001011100111100
0010011001100100
0010011100010000
0001110111011100
0000100010001000
1111010001010100
1110101111001100
1110101111101000
1110100001010000
1110101101011000
1110100001010000
1110100011111110
1110111001000100
1111010001110000
1111101110111100
0000110001110110
0000110100100010
0000100100110100
0000001101011110
1110111101000110
1110100001010000
1110011111011110
1110000100100010
1110001000001000
1110001110110110
1110001111110000
1110000111001110
1110111100101010
1110010110100010
1110111100100100
1111010101011101
1111110011000100
0000011100011100
0001100100110000
0001111000001111
0010011100010000
0010011000001110
0000011101011100
1111100100010000
1111010001011010
1110110110110110
1111000010111100
1110101101011010
1110110011011110
1111001011101100
1111101100010100
1111111110110100
0000110000100110
0000110010101000
0000010111101110
0000001100010010
1111100101111100
1110111110010000
1110011100111100
1110101010000100
1111000000010001
1111011110100010
1111010001110000
1110111011001110
1111101010010100
1110010100101100
1110110101011100
1111010111100000
1111111100100010
0000111111101010
0001101000101001
0001111110110100
0010000111110000
0010011100010000
0001110000010010
0000011101010010
1111110011100110
1111100011000100
1111000110101000
1111000110010010
1111010101110110
1111111000001111
0000001010110000
0001000110111100
0001011101011010
0001010101110100
0000111111000000
0000100110100010
1111111001001110
1111010011001100
1110111101101100
1111011011110010
1111101110111110
0000000001110011
1111100101000100
1110101111001010
0000000001011111
1110001011110010
1110101010101010
1111110010010000
0000000010001110
0001001101100010
0010000011110100
0001100110111110
0001100110010100
0010010101011110
0010011100010000
0001100001100100
0000110010000100
0000010111100110
1111110001100110
1111110101010100
0000001101011010
0000101111101100
0001011000000100
0001101111001000
0001101111001000
0000110111011110
0000101101010100
0000111101010000
0000111010001100
0000010011110110
1111010010101100
1110110010011110
1110110011110100
1111000101001000
1111000010110000
1110111111011000
1111110111000000
1110001000011010
1110111001011010
1111111101010100
0000011100111100
0001011001100000
0010010001000100
0001100010110000
0000110111111100
0001100101011110
0001111010010100
0010011100010000
0010001111100010
0010000001101000
0000110011101100
0000101101100010
0001000010110000
0001010110110100
0001100100010100
0001100010000000
0001001100011000
0000100001001100
0000010110011000
0000100001100100
0001000000000010
0001000011100000
0000010011010010
1111010000100010
1110110011101000
1110100011110011
1110101110001110
1110110110101100
1110111011010100
1110011100010010
1110110011110110
1111011101001100
1111010111011100
0000010111110100
0000101011101110
0000000101100000
1111100001111010
1111011111110100
1111100001011000
0000001011010000
0000111001110101
0001011001110010
0000111111000100
0000000000110010
0000000101100000
0000101110010100
0001011010010010
0010000110110010
0001100100001111
0000011110101000
0000011110101000
0000101000000010
0010000001000010
0010011100010000
0010001110101000
0001100111011000
0000100010110100
0000010110110010
0000000000110010
0000110100100110
0001010111001010
0000111111010110
0000110110111010
0010011100010000
0010011100010000
0001101001100100
0001110010000010
0001101001100100
0001010000001111
0001010000001111
1111110011010110
0001011000101100
0001101001100100
0001100001001000
0000110110111010
0000010101000111
1110111000001110
0001011000101100
0001100001001000
0000101110011100
0001010000001111
0001101001100100
0001010000001111
0001000111110010
0000100110000000
0000111111010110
0000011101100100
0000110110111010
0001010000001111
0001000111110010
0001011000101100
0000110110111010
0001000111110010
0000100101001100
0001101111100101
0010001101011000
0001101111100101
0001111110100000
0001010001110110
1111111000100100
0000000111011100
0001111110100000
0010011100010000
0001100000101110
1111111000100100
0001000010111110
0000100101001100
1111111000100100
0000100101001100
0000010110010100
0000000111011100
1111001011111011
0000110100000101
0001000010111110
0001111110100000
0001000010111110
0010011100010000
0010001101011000
0001000010111110
0000000111011100
0000100101001100
0000010110010100
0000010110010100
1111001011111011
1111101001101100
1110101110110000
1110110111000110
1111111101111010
0000100111100110
0001100001111010
0010011100010000
0010000111011010
0001010001010000
0001101010010000
0010000111011010
0010011100010000
0010000111011010
0001100001111010
0001000000100110
0000111000010000
0001001101000110
0001101110011010
0001100110000110
0001011101110000
0001010101011010
0001000000100110
0000001110100110
0000111000010000
0001001101000110
0001001101000110
0000010010110000
1111010100010000
1110001101011010
1110011001111010
1111011000011010
1111011000011010
1110101010100110
1101100011110000
1101100011110000
1101100011110000
1101100011110000
1101100011110000
1101100011110000
1101100011110000
1101100011110000
1101110010011010
1101110011010110
1110010011011011
1111110011101000
0000110001111100
0001111101000110
0010000101010110
0001111110000000
0001111101000110
0001001011100110
0001000100010010
0000110111011100
1111110100100010
1110011111010100
1101111001110000
1101110100010000
1101110101001010
1101100011110000
1101100011110000
1101100011110000
1101100011110000
1101100011110000
1101100011110000
1101100011110000
1101100011110000
1101100011110000
1101100011110000
1101100011110000
1101100011110000
1101100011110000
1101100011110000
1101100011110000
1101100011110000
1101101100000100
1101101100111010
1101110010111100
1110001011111100
1110100100111010
1111101110001100
0000011110010010
0001100100011110
0010010010011110
0001011100001000
0001101001010000
0000100010111000
1111001101010100
1110000101010010
1101110100101000
1101110000010000
1101101101010100
1101100011110000
1101100011110000
1101100011110000
1101100011110000
1101100011110000
1101100011110000
1101100011110000
1101100011110000
1101100011110000
1101100011110000
1101100011110000
1101100011110000
1101100011110000
1101100011110000
1101100011110000
1101100011110000
1101101100000100
1101101110001010
1101101111101110
1101111010000010
1101111011100000
1110010000010100
1110011110101100
1110100100010100
1110100101110010
1110100100100110
1110010101001010
1110010011011011
1110011000101010
1110100111010100
1110011010111100
1101111110110100
1101100110111000
1101100011110000
1101100011110000
1101100011110000
1101100011110000
1101100011110000
1101100011110000
1101100011110000
1101100011110000
1101100011110000
1101100011110000
1101100011110000
1101100011110000
1101100011110000
1101100011110000
1101100011110000
1101100011110000
1110101111101010
1101101100101100
1110011001010100
1110001011111100
1110010100110110
1110011001010100
1110010000011011
1110000011000000
1110000111011110
1101110101100110
1110010000011011
1110011101110010
1110111000100100
1110011001010100
1110000011000000
1110000111011110
1110110100000110
1101100011110000
1101100011110000
1101100011110000
1101100011110000
1101100011110000
1101100011110000
1101100011110000
1101100011110000
0000110000101110
0000101111010100
0000110000001000
0000110101010110
0001000100100000
0001100001100110
0010001001000100
0010011100010000
0010011100010000
0010011100010000
1111011011101100
1111011100010010
1111011100011110
1111011001000010
1111011010100110
1111011001100000
1111011011001010
1111011001001010
1111011011101100
1111001101001010
0000100011011010
0010001001111000
1101110010111100
1110000001101110
1110001100111110
1110010011001110
1110001100100100
1101100011110000
0000100110011100
1110110101101110
0000110101110010
0010011100010000
0001011100001101
0001101011100110
0001011110110010
0001001111011010
0010001100111000
0010000101001100
0001010100100010
0001111101100000
0010000010101000
0010000101001100
0001010100100010
0001111000011000
0001101011100110
0001011110110010
0001001100110110
0001011001101010
0000111101011110
0001000010100110
0001111101100000
0000111101011110
0000010001111100
0001100011111010
0000000101001000
0000111101011110
0000101000111110
0000111101011110
1111101000111100
1110001111010010
1111111000010110
1111100010100000
0000000011010010
0001101100001100
0000110001001010
0001010001111100
0001011010101100
0001100011011100
0010000110011010
0001011000100000
0001100111110100
0001110000100001
0010011100010000
0001001011011010
0001000100110110
0000110101100010
0000110001001010
0000011001001000
0000101100110100
0001000000011110
0000011111101100
0000011101100000
0001001001001110
0000111001111010
0000011011010100
0000111100000110
0000110001001010
0000100110010000
0000111001111010
0000010010100100
1111111100101110
1110111101010110
0000101011011110
0001010101110000
0001110001111110
0010000010011010
0001100110001110
0001011000000111
0001111011010110
0010000100110000
0001101111100101
0001110110101010
0001101101010000
0001000111101010
0010011001111010
0010010000100000
0001110001111110
0000101101110100
0010000010011010
0001011100110100
0010000111000110
0001001110101110
0001110110101010
0001101111100101
0010001110001010
0001010011011010
0001000101010100
0001000010111110
0001100001100000
0001000111101010
0000000001001100
0001001110101110
0000000011100001
1110000111000000
1101100101110110
0010011100010000
1101100011110000
1101100011110000
1101100011110000
1101100011110000
1101100011110000
1101100011110000
1101100011110000
1111001000110000
1111100010000000
1111110100111100
0000100001001010
0000010100100010
0000010001011000
0001100000010010
0001011101001000
0000100100010100
0001001010001100
0000101010101000
0000110000111100
0010001100011110
0010011100010000
0001011101001000
0001111100101100
0001101001110000
0000010001011000
0000000001100110
1111111110011010
0000100001001010
0000100001001010
0000100001001010
0000110111010000
0000101010101000
0001000011111000
0001000111000010
0000110000111100
0001010110110100
0001010000100000
0000001110001110
1110001001101000