1111010010100000
0000011001001000
0001010001001010
0001100100110111
0000100010000100
1111010101000010
1110010001100100
1110100110100100
1110110101001110
1110001011001111
1110001001010100
1110100110100100
1110011001110110
1110110011111100
1111101011010100
1111110110001000
1111101011111101
0000000111010100
0000100101111000
0001111000100110
0010010111001010
0010001110010000
0001111000100110
0010010011010110
0010010010000100
0010011100010000
0010001000100010
0001111010100010
0001101101001010
0001100010010110
0001110001100110
0001100110110010
1111001100010100
0000000111011000
0001100001110010
0001101110110000
0000010011110010
1111101011101001
1110110111000010
1111000111100110
1111001000110010
1110100010111110
1110010111001010
1110100111101100
1110100101111010
1110110011100000
1111010010001110
1111000110011010
1111001111110111
0000000000111000
0000001101111000
0000110011101100
0001111000110100
0010001111010000
0010010010001110
0010000010010000
0010001000110000
0010011100010000
0010010010110100
0001100010111100
0001101101000000
0001101010000010
0001101110001100
0001111000110100
1111000011111010
1111110100100110
0001011011111100
0001100010100100
0000000010011010
1111101101111110
1110111100000110
1111000110111010
1110111101111010
1110100111000100
1110011110000010
1110100011011100
1110011110101010
1110111100000110
1111001011001000
1110101110111000
1111011010001000
1111111000110010
1111110011111110
0000110001010010
0001101001110010
0010001100101000
0010011100010000
0001111010100110
0001111100011010
0010010101101000
0001110100100110
0001001110001000
0001110111000000
0001100100011000
0001010001101110
0001110111100110
1111001011010010
0000000110101101
0001110010101110
0001111010011000
0000010110000100
1111111001111100
1111011011111010
1110111000110000
1110110001000100
1110110010010110
1110010001110000
1110010001110000
1110101010000010
1111001000101110
1111011011111010
1111001000101110
1111011011111010
1111111001111100
1111101100100000
0000110001100010
0001110111001100
0010000011010100
0010011010010110
0010011011101000
0010011011101000
0010011100010000
0010000011010100
0001100100000000
0001101110010000
0001100101010010
0001011110111010
0001110000110010
1111001000101100
0000000001010010
0001100100111100
0001101010110000
0000010010101010
1111111010001110
1110111110011010
1111000001101000
1110110110000100
1101110110011010
1110011110111011
1110011101101000
1110110111111110
1110110000010010
1110110111010110
1111010011000000
1110111111101100
1111010101100100
0000000011001110
0000110011011100
0001010101100010
0010010011010000
0010011100010000
0010000001010000
0001111001100010
0010010000000010
0001110111100110
0001010001101001
0001010010111100
0001000010001110
0000111010100000
0001010000011000
1111100001001110
0000011101001100
0001001100100010
0001010010000100
0000001011110110
1111000011010000
1111010100100110
1110111100001000
1110111101101110
1110001110011000
1110010011111001
1110011000101000
1110101111100000
1110110110101000
1110110100010000
1111001011111011
1111000101100110
1111011010001000
0000000001100110
0000100001001010
0001110010011100
0010000111101110
0010001000100010
0010000000101000
0010011000010100
0010011100010000
0010010001001100
0001011010110000
0001001011110000
0000111001100110
0001000101011100
0001100101000000
1110100111100110
0000000101000000
1111010111011011
1110101101001010
1110111100101110
1111011000100010
0000000001101010
1111010110010010
1110111011100110
1110101100000010
1110011111110100
1110100110011111
1110110011110100
1110101010111100
1111000000000100
1110110000100000
1110100010000010
1111010101001100
1111101100100010
0001101101100010
0010001101110010
0001111010111000
0001001101010010
0001001110011010
0001110000111000
0010011100010000
0001101100011011
0000100111011110
0000001111000000
1111110011001110
0000101010110100
0001000111101110
1111010100110010
0000010111010010
0000111111001010
0001001100011110
0000011101111001
1111000111011110
1110011000111100
1110100110010000
1110101100111000
1110101100111000
1110010010010010
1110011111100110
1110111010001100
1111001110001000
1111101111011000
1111110110000010
0000001001111110
0000011101111001
0000100100100100
0001100111000100
0010011100010000
0010001000010100
0001010011001000
0001001100011110
0001101101101110
0010001110111100
0010011100010000
0010000001101010
0001000101110100
0000010000101000
0001100111000100
0001110100010110
1111110010110000
0000100010011100
0001001100110100
0001010111011010
0000101101000010
1111011000010010
1110111000100000
1111010010111110
1111010010111110
1110011110000000
1110110011001100
1111000011000110
1110110011001100
1111011101100100
1111101101011110
0000000010101010
1111101101011110
0000011101001000
0001000010001110
0010000001110010
0010011100010000
0010001100011000
0001101100100101
0010010001101010
0010001100011000
0010000001110010
0010000111000100
0001111100011110
0001100010000000
0001100111010010
0001110111001100
0001110111001100
1111010100101100
0000001101001100
0001101111000100
0001110110100110
0000100111100010
0000000001111000
1110110010110100
1111010100101100
1111000101101010
1101110010110100
1110100111100010
1110101011010010
1111100000000000
1111010100101100
1111000001111000
1111111010010110
1111100111100010
1110111110001000
0000010000111100
0000110110100110
0001010100101110
0010011100010000
0010010100101110
0010011100010000
0010000101101010
0001110110100110
0010010000111110
0001111110001000
0000101111000100
0001000001111000
0001010100101110
0001110010110110
1101101010011000
1101101001110110
1101111111111010
1110011101011000
1110101000010000
1110011111001111
1110000110010010
1101101111111110
1101110100001110
1110100101010110
1111100101010100
0000110110100100
0010001000111000
0010010001011000
0001101100011110
0001100010101000
0001100011001010
0001001011100010
0000101101010010
1111110110110110
1110010110011110
1101111001100010
1101110000110000
1101101101010100
1101101010001000
1101101010101010
1101101010101010
1101101001010100
1101100011110000
1101100011110000
1101100011110000
1101100011110000
1101100011110000
1101101010101110
1101101001111110
1101110011100000
1110000001001010
1110000110100010
1110000001011010
1110101001010100
0000010001100000
0010000001101010
0010010000000100
0000100111100110
0001001010101000
0010000010011000
0010010001100000
0010010000010010
0001100001101100
0001001011010110
0000111001001010
0000001101110110
1111011100110010
1110010000001010
1101111000000000
1101110000101100
1101101110101110
1101101100100010
1101101011011100
1101101010100110
1101101001110110
1101100011110000
1101100011110000
1101100011110000
1101100011110000
1101100011110000
1101110011110110
1101110000010000
1101110100011010
1101101001011110
1101101000011100
1101100101110100
1110110011111100
0010011100010000
0010011100010000
0010001110101100
0000101101110100
1111010000001110
1110110100100010
1111000101100000
1111001011110001
1110111010010110
1110100011100100
1110110000100010
1110100000000001
1110101000100000
1110110001111000
1110101000100000
1110101100001000
1110100000101100
1110010111110101
1110010011101010
1101111111111000
1101110111100010
1101100011110000
1101100011110000
1101100011110000
1101100011110000
1101100011110000
1111011100010010
1101111010000100
1110001011111100
1101110001001010
1101101000001110
0010011100010000
0010011100010000
0010011100010000
0001000111011100
0001111000100010
0010011100010000
0010011100010000
0000011111010000
1110000111011110
1101100011110000
1101100011110000
1101101000001110
1101110001001010
1110101011001101
0001000111011100
0010011100010000
1110101111101010
1110010000011011
1101111010000100
1101110101100110
1101100011110000
1101101000001110
1110101111101010
1101100011110000
1101100011110000
1101100011110000
1101100011110000
1101100011110000
1111101000010010
1111101001101000
1111101011110011
1111101000111000
1111101110011010
1111101111101010
1111110100011110
1111111100110100
0000000110110110
0000010111001010
0010000110010010
0010000111110100
0010001000111000
0010001101111010
0010010010010110
0010011100000010
0010011100010000
0010011100010000
0010011100010000
0010011010101000
1110100010010000
1111011110111010
0000101001010100
0000111010011000
0001010110000110
0001000101110110
0010000010010000
0010011100010000
1110100101010010
1110100110101001
1110100010000000
1111000011000110
1110111110011110
1110110111001010
1110110110100000
1111001101000010
1111100000001110
1111101110110010
1111111100101100
0000001101111010
0000101101000010
0001001100001000
0001101001111100
0001110011111000
0001110001001110
0001110111110110
0001111011001010
0001111110011110
0010000011110000
0010010010111110
0010010011101010
0010010101101000
0010001101101100
0010011100010000
0001110011001100
0001111001110100
0001010110101110
0001000100001100
0000000011111110
1111010001101011
1110011011111011
1110100011110110
1110010101010100
1110010111111100
1110100001001100
1110011111111000
1110011101111000
1110100111001000
1111000100001110
0000001110111000
1111101110100000
0000011000110010
0001010000010010
0001000010011010
0001011100001010
0001101000000100
0001101000101110
0001100110000100
0001111011110111
0001111010100100
0001111101001100
0001111111001011
0010000111110010
0010011100010000
0010010101101010
0010010101101010
0010010110111110
0010000111110010
0001110000101010
0001111010100100
0000101111111010
0000000110010010
0000011000010011
0000100101101010
0000011011000000
1111001101101100
1111010100010110
1111001000011000
1111011101000010
1111110010010110
0000001111000000
0001001010111110
0001101010111100
0001011100010010
0010011100010000
0010011001100110
0010011000010000
0001111010111100
0010000010111100
0001101010010010
0010000111100110
0010000011100110
0001111000111100
0010000000111100
0010000011100110
0010001010111100
0010001100010000
0010010101100110
0010000000010000
0001100010010010
0001010110010010
0001011001101000
0000110011101000
1111110000010110
1111110110011010
1101100011110000
1101100011110000
0010011100010000
0000111110100000
0010011100010000
1101100011110000
1111110000011000
1101100011110000
1111111101010000
0000011000101010
0000101011111000
0001000111010010
0000101110100110
0000100110011000
0000010011001100
0000000000000000
0000000010110000
0000111111000100
0000110110110100
0001000100100010
0010011100010000
0001011111111100
0000110001010110
0001010010010000
0001111000101000
0000111100010100
0001001010000000
0000111100010100
0000001010111110
0000010000011100
0000001000001110
1111110111110010
0000100011101000
1111110010010010
0000011000101010
1111111101010000
1111100111010110
1111110101000010
1111000110011100
1110101101110000