0000010011111100
0001100111101101
0001100001110000
0001001111001000
1110110111100010
1110101100001110
1101111111000000
1101101101000100
1110001011101010
1110010001101000
1110011000111100
1110011000111100
1110010001101000
1110001111101001
1110110011100010
1110100101100100
1110000000010111
1110010100111100
1110110001100010
1110101101100100
1111110101011000
0000111001001100
0001100011000100
0001110111101100
0000110110100001
0000001011111110
1111110000000010
0000001111010010
0000011111010000
0001011001000110
0001111110010110
0010011100010000
0000000100001010
0000110111110010
0001101110001100
0001100010100010
1110110001011110
1110000110001010
1110000111010011
1110010101101110
1110000100100000
1101111000010010
1101110100011010
1110001110100000
1110011111101101
1110100001011000
1110111100100100
1110100000010000
1110010001110100
1110101011111010
1111011010100010
1111100101000110
0000000110011000
0000110111001110
0001110010101000
0010011000111010
0001111000101101
0000100111001000
0000110001101100
0000110100011110
0001000110110010
0001110110100000
0010011100010000
0010010111010000
0000000010011100
0000111010100110
0010011100010000
0010001001010110
1110011110111110
1101110110000100
1110010001100010
1110011000110110
1101110001110010
1101110111111010
1110001010110100
1110001111101100
1110100101000100
1110010101110100
1101111000100000
1110110110001010
1110101100011000
1110101000001000
1110111110000110
1111001100001000
1111011101110100
0000001100110100
0001101010001100
0001011000100000
0001011011100100
0000011010010000
0000100111101100
0000101010101101
0001000001010100
0010001000000110
0010010000101010
0010000010101000
0000001011111010
0001000111001100
0010001110000100
0010000010011110
1110100000111110
1110100000010100
1110000010101100
1110001100010110
1101110011110110
1101101100110010
1101101110101110
1110010010001010
1110010110000000
1110100101011110
1101111110110100
1101110111101110
1101110101001010
1101111110001010
1110011110011000
1111000001001100
1111101111100100
0000000010111001
0000110101110100
0001110001101110
0001100000010011
0001001110010010
0000101010110110
0001000000001000
0000111010111110
0001011000100101
0010011100010000
0010010001010010
0000110001011010
0001110011100000
0010011100010000
0010010100110110
1111001101111110
1110100111101100
1110111000111110
1110111111110010
1110001100100000
1101111010100110
1110001011111010
1110010010000100
1110110100101010
1111000111001100
1110110110100000
1110101000111010
1110100010001000
1110101010001010
1110101100101000
1111010010010100
1111101100110110
0000000101100100
0000111011010010
0001110100101110
0001110011100000
0001011000010100
0000110100100000
0000111000110100
0001100111001000
0010001101011100
0010010001110000
0010000111010000
0000100010100110
0010000011111010
0010010011111000
0010011100010000
1111001000111000
1110010010001000
1101111111111000
1110100010110111
1110001000010000
1101101111111010
1101100110110010
1110000001011010
1101111011010100
1101111111001000
1101101111001010
1101110111100010
1110000101111110
1110000101001110
1110110000100010
1111000101110111
1111001100101100
1111011011111000
0001101010000100
0010011001001110
0001111101110110
0000100001110110
1111100111010010
0001000110010110
0001010000111110
0001111000100000
0001101010000100
0001011011101000
0000001111010000
0001111101110000
0001011101111000
0001111111000110
0000001000011110
1110011001010100
1110101100010010
1110001101110010
1110000100010011
1110000011101000
1110000100111110
1111000110000010
1111000111011010
1110100000000110
1110000100111110
1110001101000110
1110100010001000
1111000010101010
1111010010010000
1111011111110100
1111100110100110
0000100110010100
0010010001011010
0010011100010000
0001111010010110
0001110101101000
0001110110111110
0001101000000100
0001001100111100
0000000000010110
0000000011101110
1111111001100100
0000100011010010
0010010010001010
0010001000000110
0000101101011000
1111100110110100
1111110000111000
1111001000100100
1110110100011010
1111011100101110
1111100110110100
1111110000111000
1110000010000000
1101110111111010
1110111110011110
1111100110110100
1111100110110100
1111011100101110
1111010010101000
1111110000111000
1111010010101000
1111111010111110
0000100011010010
0001111110000000
0001010101101100
0001111110000000
0000100011010010
0000001111001000
1111111010111110
1111110000111000
0001010101101100
0010001000000110
0010011100010000
0001010010101110
0010010000000000
0001110111100000
0001011110111110
0001000110011110
0000100001101100
0000101101111110
1111110000101100
1111011000001010
1111111100111100
1111100100011100
0000001111010100
0000001111010100
1111101010100100
0000001111010100
0000001111010100
0000000011000100
1111011000001010
1111101010100100
1111100100011100
0001001100100110
0010000011110000
0001101011001110
0001011110111110
0001100101000110
0001100101000110
0001000000010110
0001000110011110
0001011000110110
0001011110111110
0001000000010110
0010011100010000
1111111001001110
0000101011000010
0010000001000100
0001101110111110
1101110001010110
1101110001010110
1101101000010010
1101111010011010
1110010101100100
1110001100100000
1110000111111110
1110100111101100
1110111001110100
1110110000110000
1110111001110100
1110010101100100
1110101100001110
1110100111101100
1111000111011000
1111100111000111
1111110100101100
0000101111100100
0010000001000100
0010000001000100
0001101010011100
0000101111100100
0000100110100000
0000111000101000
0000111000101000
0010001010001000
0010011100010000
0010010111101110
1101100011110000
1101100011110000
1101100011110000
1101100011110000
1101100011110000
1101101101010000
1101101011110110
1101111000001100
1101110101110100
1101110011011100
0000010000011010
0000000000101110
0001101110100110
0001101110100110
0010010101001000
0001111110110000
0001101000111000
0001001001111110
0000110000110000
0000011010110111
0000010011110000
0000000000101110
1110011111001111
1101111001001010
1101110010100000
1101101111101010
1101110011011100
1101100011110000
1101100011110000
1101100011110000
1101100011110000
1101100011110000
1101100011110000
1101100011110000
1101100011110000
1101100011110000
1101100011110000
1101100011110000
1101110001001010
1101110000110110
1101111010011000
1101111000010010
1101110111000110
1111011011011010
1111100101001110
0010000100011100
0010000101000010
0010000010000100
0001100100111010
0001001101000110
0000101010100011
0000001100001100
1111110011001100
1111101111000010
1111100010110111
1110011010100000
1110000011100110
1110000001001110
1101111100001010
1101111111011100
1101100011110000
1101100011110000
1101100011110000
1101100011110000
1101100011110000
1101100011110000
1101100011110000
1101100011110000
1101100011110000
1101100011110000
1101100011110000
1101101011000110
1101101100000100
1101111001101000
1101101110001010
1101111001000110
1101111110010100
1101111110101000
1110011000010000
1110100000000100
1110000100100100
1110001101000000
1110001111100000
1110001010011000
1110000101110100
1101110101101000
1101110100110010
1101101111101010
1110100000001011
1110111110111000
1110101110001110
1110101111110010
1110001011010100
1101100011110000
1101100011110000
1101100011110000
1101100011110000
1101100011110000
1101100011110000
1101100011110000
1101100011110000
1101100011110000
1101100011110000
1101100011110000
1110110100000110
1101101100101100
1101101100101100
1101101000001110
0001001011111010
0010011100010000
0010011100010000
0010011100010000
1110001011111100
1110011101110010
1101101000001110
1101110101100110
1101101100101100
1101110101100110
1101110001001010
1101111010000100
1111101110001010
1110101111101010
1110000011000000
1101111010000100
1101101100101100
1110101111101010
1101100011110000
1101100011110000
1101100011110000
1101100011110000
1101100011110000
1101100011110000
1110010100000100
1110010011010010
1110001110010000
1110001011010010
1110001100010101
1110001010001010
1110001001110010
1110000110111000
1110000110011000
1110001110000000
0001001111110110
0001001110110000
0001010000000010
0001011001000011
0001101001111010
0001110110100000
0001111010000110
0010000100101110
0010000101010010
0001111011000101
1110101110110000
0000100100110000
1111100110101100
1111010000111110
1111100011011100
1111010111100010
0000110000100000
1110111000011000
0001011100010110
0010011100010000
0000000111000110
0000010101010100
0000000111000110
1111110001110010
1111100011100110
1111100011100110
0000011100011010
0000011100011010
0000010101010100
0001101010100010
0000111111111001
0000111000110100
0000100011100000
0001101010100010
0000110001101110
0001110001101000
0001010101001110
0001110001101000
0001100011011100
0001110001101000
0000010101010100
0000011100011010
0000010101010100
0000011100011010
0000000111000110
0000000111000110
1110111000111110
1110110001111000
1111010101011000
1110001110011000
0001101011100100
0010011000001100
0000011110011100
1111101001101100
0000000110000110
1111111001111010
1111101001101100
1111110101110110
1111011101100000
0000100010100000
0000101010101000
0010011100010000
0001010111010000
0000101110101100
0001010011001100
0010010000000100
0010010000000100
0010000111111110
0001111111110110
0001011111011000
0001101111100101
0010010100001000
0001011111011000
0001000111000010
0000010010010000
0000101110101100
1111111001111010
1111110001110010
1111110101110110
1111111001111010
1111101001101100
1101111100000110
0001101011010100
0001110110100110
0000111110001000
1111100111100010
1111111110001000
1111110110100110
1111100111100010
0000000001111000
0000001001011010
0000001101001100
1111111010010110
0010010000111110
0001100111100010
0000110010110110
0001101011010100
0010000001111010
0010000101101010
0001101111000100
0001110010110110
0001101111000100
0010011100010000
0010010000111110
0001101111000100
0001001001011010
1111110110100110
0000000001111000
0000001101001100
0000001001011010
1111111110001000
0000001001011010
1111110010110100
1110110110100110
0000011010100000
1101100011110000
1101100011110000
0010011100010000
1101100011110000
1101100011110000
1110000011000000
1101111101110010
1101100011110000
1111110010000011
0000011000001000
0000011101001110
0000011101001110
0000011000001000
0000000011110100
0000001011011100
0001000101111000
0000111011101110
0001010101000111
0010011100010000
0010000000010100
0010011100010000
0010010111001010
0000110100000101
0000110100000101
0001001000011010
0010000101011000
0001110001000100
0001001010111100
0000101111000000
0000111110001111
0001011010001100
0000010101100110
0000110001100010
0001110110001000
0001011111010010
0000101100011110
1111111100001100
0000001011011100
0000010000100000
1110101101011100