1111101110010100
0000110000111100
0001010100111010
0001110010011000
0010011100010000
0010001001111110
0001111100011010
0000011011001000
1111111000010110
1111101101101110
1111001111101010
1111100011000110
1111100000001010
0000000010010110
0000010001000110
0000010111100110
0000111011100100
0010000100101010
0010001101100000
0001100100001111
0000110110110110
0000001000010000
1111010101100100
0001001100101010
0001011001000010
0001111101100110
0001100001010010
0001101100100000
0001010011101110
0000111101111010
0000100110111010
0000110010101110
1111101111011100
0000101101100100
0001010110011010
0001110111100100
0010011100010000
0010000110010110
0001111011000101
0000001101101000
1111111100011100
1111101110110110
1111010101011000
1111011001100010
1111010000101010
1111101010101100
0000000001110010
0000000000100110
0000011111111110
0001111000001010
0001101100111001
0010001011101100
0000111101100100
0000011010101000
1111011011010100
0001000010010010
0001001000110100
0001101011001000
0001100111100011
0001011010100100
0001011011110000
0000111001011010
0000110101010010
0000100011100000
1111101101011010
0000110001011100
0001001011011110
0001101011111000
0010011100010000
0001110000001000
0001101011111000
1111101111000000
1111001110100100
1111010001001110
1110101101101000
1110100001111100
1110110100100010
1110111011111110
1110111010011000
1110101100000010
1111110010101110
0000011110110011
0001001000010010
0001001101100110
0000110110110000
0000011111110111
0000001011001010
1111110011110010
0000001001000010
0000110111010010
0001010001110110
0001100101100000
0001011111101010
0001000000110110
0000011111110111
0000110101101100
1111110001001110
0000111100001100
0001011000001010
0001011111000010
0010011100010000
0001111001111100
0001000101001010
1111101100011110
1111011010100010
1111000001101110
1110111001010000
1110110111101100
1110100100101100
1110111010110110
1111001001000110
1110101000011000
1111101001010100
0000001100001001
0000111001100010
0000111001000000
0000101110111110
0000111011101001
0000111001000000
1111110110100000
1111111010001101
0000011001111000
0001100100010010
0001100100010010
0001110110110010
0001001100000000
0000110111111110
0001010100011110
0000001010010010
0001101011001100
0010000011011010
0010010110001100
0010011100010000
0010000101110110
0000101111010000
1111110010000100
1111110011010010
1111000001000000
1110110011101100
1111000001000000
1111011000101000
1111001110111100
1110010110000010
1110111100001010
1111001110010110
0000011101101100
0000010000111110
0000100011101110
0001110010011110
0001111110100100
0001010111001110
0001000110110110
0000000100010000
0000011001011100
0000110110100000
0010000011011010
0010010100011000
0001111111110010
0001000010000000
0001100001100000
0000010010000010
0010000101011010
0001110110011000
0010011100010000
0001011000111100
0001011101001001
1111011101110000
1111000110111010
1111000111100001
1110010101000010
1110011000000010
1111001000001001
1110111010111000
1110100100000100
1110001001000000
1110101000010000
1111000101101110
1111010100101110
1111111110110100
0001001110101110
0010001100101000
0001101101111110
0000111111000110
0001010111110000
0001010101111100
0000000001001100
1111110000011000
0000110011101100
0010010011110110
0010011011101010
0001100000001001
0000101101000100
0000000111110001
0010011100010000
0010001010001110
0001101001111100
0000111110011100
0000001011100000
1110111011010110
1111000000111100
1101111011111110
1101111010110000
1110001110101000
1110100011110000
1110000101111010
1110100110001110
1110100100111110
1110001111111000
1110101000000110
1110111101110110
1111011000100100
0000100100111110
0001011001001010
0001000110100000
0000101111100010
0000100110001110
0000001011100000
1111100001111000
1110001110000000
1110111010000110
1111101111100010
0000111111000100
0001000000010100
0000010011100100
1111100100011100
0000100100110000
0001000000010110
0001100101000110
0010011100010000
0010011100010000
0001000000010110
0000011011100100
0000001001001100
1111101101101000
1111010010000010
1111101101101000
1111110110110100
0000000000000000
0000000000000000
0000010010011000
0001000000010110
0001011011111001
0001110111100000
0001101110010010
0000100100110000
0000001001001100
1111100100011100
0001001001100010
0001101110010010
0010000000101100
0010001001111000
0001110111100000
0001010010101110
0001011011111001
0001010010101110
0000110111001010
1111011100101110
0000110111011100
0001001011100110
0010001000000110
0010011100010000
0001101001110110
0001111110000000
0000001111001000
1111100110110100
1111011100101110
1111001000100100
1111010010101000
1111010010101000
1111111010111110
0000011001001100
0000110111011100
0001000001100010
0010001000000110
0010010010001010
0001010101101100
0001000001100010
1111100110110100
1111100110110100
0001010101101100
0001110011111100
0001111110000000
0010010010001010
0010011100010000
0001101001110110
0001101001110110
0000110111011100
0001010101101100
1111111101101010
0001010001101000
0001101000111100
0001110110111100
0001111011100110
0001101000111100
0000100010111110
1111111001000000
1111111101101010
1111001010011000
1110110011000010
1111001010011000
1111101111101100
1111011101000010
1101110110011010
1110101110011000
1111001010011000
0000011110010100
1111111001000000
0000011110010100
0001010110010010
0001011111101000
0001010001101000
0000110101101000
0000001011101010
0000010000010100
0000111110111110
0001101101100110
0010010010111010
0010011100010000
0000111010010011
0000110101101000
1101100011110000
1101100011110000
1101100011110000
1101100011110000
1101100011110000
1101100011110000
1101101001001000
1101101000100110
1101101001101010
1101101110110000
1111010000111100
0010000110010000
0010010101000000
0010011001100100
0010010000011100
0010001000111100
0001110000100001
0001000010101010
0000010110001000
1111111110100010
1111100011101100
1111010001001100
1110100000011000
1101110010010000
1101101000110110
1101101001101010
1101101000000010
1101100011110000
1101100011110000
1101100011110000
1101100011110000
1101100011110000
1101100011110000
1101100011110000
1101100011110000
1101100011110000
1101100011110000
1101100011110000
1101100011110000
1101101101001000
1101101010100000
1101110011100100
1110100111111010
1111110001110110
0010010001001110
0010000101001100
0010001000110100
0010000000000110
0010000100101110
0001100011010010
0000111001011110
1111111100100010
1111100100101010
1111000111110110
1110110001110010
1110001111100010
1101111000100000
1101101111010010
1101101111010010
1101101101010100
1101100011110000
1101100011110000
1101100011110000
1101100011110000
1101100011110000
1101100011110000
1101100011110000
1101100011110000
1101100011110000
1101100011110000
1101100011110000
1101100011110000
1101110101101000
1101110000010000
1110000111001010
1110011110000100
1110110000110100
1110011010010010
1110010000010110
1110010111011100
1110010111011100
1110100011000110
1110010000010110
1110001111001100
1110001110010110
1110011111011001
1110000001011100
1101110111000000
1101111110010100
1110110111000100
1110001001010000
1101101110001010
1101111000100100
1101100011110000
1101100011110000
1101100011110000
1101100011110000
1101100011110000
1101100011110000
1101100011110000
1101100011110000
1101100011110000
1101100011110000
1101100011110000
1101100011110000
1110100010010000
1101101100101100
0010011100010000
0010011100010000
0010011100010000
0010011100010000
1101100011110000
1101101000001110
1110000111011110
1110001011111100
1101101100101100
1101111010000100
1110011101110010
1110000011000000
1110010000011011
1110000111011110
1110101111101010
1110110100000110
1110011001010100
1101110001001010
1110101111101010
1101100011110000
1101100011110000
1101100011110000
1101100011110000
1101100011110000
1101100011110000
0010001111101100
0010010000010010
0010010000001110
0010001111110100
0010001111110110
0010001110110100
0010001101000010
0010001010111010
0010000110001110
0001010100011000
0000111000011000
0000110011011010
0000101101101010
0000101010111010
0000101100111000
0000101110001011
0000110011111011
0000111000011111
0001000010101010
0001000001110110
1110100010010000
0000110101010100
1111011101000110
0001101100100000
0010010001011000
0010011011000110
0010010100110110
0000000001010100
1110100110101110
1111101001101100
0000111001011010
0000101111110110
0000001001100100
1111111100110100
0000100011000100
0000111001011010
0001111001001100
0010001100010100
0001101111100101
0001101100011010
0010011001000100
0010011100010000
0010000101111100
0001101111100101
0001101100011010
0001011111101010
0000101111110110
0000000110011000
0000000110011000
0000100011000100
0000110110001101
0000101001011110
0000101001011110
0000110011000010
0001011001010010
0001010110000110
0000111001011010
0000011001100000
1111110011010000
1110011101001010
1111001000100100
0000101101011000
0001101110111000
0001000110100100
0000100011010010
1111101011110110
0000010001101010
0000110111011100
0001111110000000
0010011100010000
0001100010010010
0001011101010000
0010001000000110
0010010111001110
0001001001000110
0001010000101010
0001011010101110
0001100111010100
0000011110010000
1111101001010100
1111101110010110
0000000000000000
0000101111111000
0000101111111000
0000010110101100
0000101101011000
0001010011001010
0000111001111110
0000001010000110
0000101010110110
0000001111001000
1111011111010000
0001011000000010
0010000100000010
0010010101101010
0010011100010000
0001000100001110
0000111011011010
0000111101100111
0001010101110100
0010000100000010
0010010111110110
0001111101011100
0001100000110110
0010000001110110
0010010101101010
0010010111110110
0010001000011100
0001011110101000
0001110100100111
0001000100001110
0000100101011010
0000100111101000
0000111111110100
0001110110110110
0001100000110110
0000110000011010
0001011000000010
0000111011011010
0000110111000010
0000111011011010
0001000010000010
1111111101110100
1111101110011010
0010010001011000
1101100011110000
1101100011110000
0010011100010000
1101100011110000
1101100011110000
1110100010010000
1110001101011010
1101100011110000
1111010110000110
1111111001101010
1111101100111100
0000000011110100
0000001000111010
0000000110010110
0000000001010010
0000010000100000
0010000101011000
0010011100010000
0001010000000010
0001101110100010
0001110001000100
1111111110101110
0000111110001111
0000100111011000
0000100111011000
0001000000110010
0000101100011110
0000001101111101
0000001011011100
1111101111100000
0000001101111101
1111111001101010
0000001011011100
0000000110010110
0000000110010110
0000001000111010
0000101001111010
0000000001010010
0000000001010010
1110101111111110