0000111011111010
0001111011100010
0010010011100110
0010011100010000
0001101100000100
0000101011110110
0000100001111110
1111111001001110
1110110000111100
1110100100100110
1110010001011100
1110010011111100
1110010001011100
1110001011010010
1110001110111110
1110000111100100
1110010011010100
1110101011011000
1101111101000100
1101110101101010
1101111110111100
1110111000111110
1111001001000010
1111000101010110
1110111011011100
1111100111111010
0000001101100101
1111110111111110
1110100010110000
1110011001011110
1110101111000110
1111000100000110
1111100010110000
0000001100010110
0000101100011100
0001001110001110
0001011100111110
0001111010011100
0010011100010000
0010000100110110
0001110011000100
0001001010010110
1111110010010110
1110110010001100
1110001100111100
1110010000110100
1110001011101000
1101111111000100
1101101010010000
1101101000000110
1110001001000010
1110100010100110
1111001001100110
1111111110011110
0000000100001000
1111111011000000
1111010100000000
1111011010111100
0000001010001011
0000001011111010
1111100011101000
1110100111110100
1110101101000000
1110110011000100
1111000001111100
1111100100010100
0000000011011100
0000011011010010
0001100000011010
0001101000011111
0001111011100000
0010011100010000
0010010100111110
0010001001101010
0010001000011100
0001011100110010
0000011010011110
0000001000101100
0000000000001011
1111010010001000
1111000011111110
1110101110100010
1110101000000100
1110111101111010
1111001010011100
1111111001010110
0000111001001110
0000110101111110
1111111111000000
1111110000011101
1111110010000100
1111101110110100
0000001001111010
0000000011011100
1110110010100110
1111000100110010
1110111011101110
1111011010100100
1111110100110010
1111110111110000
0001000000100000
0001101100011110
0001111101011000
0010010011011000
0010000111100010
0010000001001100
0010011100010000
0010010111100110
0001101110001010
0001100101010010
0001000110110110
0000010010110100
0000001011001110
1111110101101000
1111101100110000
0000000100011100
0000001100000100
0000111010100100
0001011001011100
0001100011100110
0001010100110010
0000101010000100
0000100000010110
0000100001001100
0000111001010100
0001000010001100
0000101110101110
0000000110100100
1111001000001010
0000100101100010
0000010111000000
0000010010010100
0001001001101010
0001111001000100
0001111100010101
0010001011010110
0001110100110110
0001011111101110
0001010000101101
0001111100110100
0010011100010000
0010010100110000
0010001101101110
0001110100011000
0001001100000000
0000101111011010
0000101011101000
0000101111111000
0000111101000000
0001010001101001
0001111011011001
0010001100110010
0001110000101000
0001001111110010
0000110111110110
0000110101100000
0000110011101000
0001100010100010
0001101000001010
0000111000010100
1111011111111110
0001000101110010
0000110110011110
0001011001011110
0010000101010000
0001100010010000
0001001010001010
0000100000000010
1111101100000010
1111010101100111
1111010100100000
1111100110100100
1111110000111100
1111111011111010
0000011010000000
0000110011001010
0001110100110110
0001101110010010
0010000001011100
0001101101001100
0001100001001010
0001101010011100
0010001011110110
0010010010111100
0010011100010000
0010000010100010
0001110101011010
0001011000011000
0001100001101100
0001100001101100
0001011100001101
0001000011000010
0000101000100100
0001010001110000
0000000001110011
1111111000101110
0000000110000100
0000000000100110
1111111110001101
1110111001001010
1110011111101110
1101101110000010
1110000101101010
1110011100000101
1110111111110100
1111000110011110
1110111010111110
1111000010110110
1111110001011110
0001100000111010
0010011010011100
0010011100010000
0010000010110100
0001001101100010
0001011111101100
0001110001010000
0010010111011010
0010010110001100
0001001000000100
0001001101100010
0001000101101010
0001001100111010
0001010011100100
0001000001011010
0001011101110000
0010011100010000
0001110010100110
0010010001110110
0000111110100000
0000110100000101
0001011101110000
0001001000111010
0000011111010000
0000001010011010
0000000000000000
1110100010010000
0000011111010000
0000010100110110
1111010110010110
1111010110010110
0000111110100000
0001001000111010
1111000001100000
1111100000110000
1111000001100000
0000101001101010
0001110010100110
0001110010100110
0000110100000101
0000101001101010
0010010001110110
0010011100010000
0001010011010110
0000101001101010
0001111101000000
0010010001110110
0001011111010010
0010010100101000
0010010100101000
0010011100010000
0001100110111010
0000010011000100
0001001000011010
0000001011011100
1111111100001100
1111111100001100
1111111100001100
1111110100100100
1111110100100100
1111110100100100
1111111100001100
1111111100001100
1111101100111100
1111010110000110
1110111111001110
1110101000010110
1111001110011110
1110101000010110
1111001110011110
0000100010010100
0000110001100010
0000000011110100
1111111100001100
0000000011110100
1111111100001100
0000000011110100
1111001110011110
1111001110011110
1110111000010100
1111010101101110
1111101111011110
0000000101100000
0001001011011000
0001001111000010
0001100001011100
0010000110001100
0010000010100000
0010000110001100
0010011100010000
0001010110011010
0000011011100100
0000100110100110
0000100110100110
1111100000110000
1111110011001000
1111011101000100
1111001110011000
1111100000110000
0000000101100000
1111101111011110
0001010110011010
0001011101110000
1111111110001010
0000011011100100
0000001100111000
1111111010100000
0000001100111000
0000000001110110
1111001010101100
1111010010000010
1101100011110000
1101100011110000
1101100011110000
1101100011110000
1101100011110000
1101100011110000
1101100011110000
1101101000100110
1101100110110000
1110000111001100
1111011101101110
1111010010001110
0000101110111100
0010001000000000
0001111101101010
0001010110100010
0000011100010100
0000110001011110
0000100101100000
0000101111101000
1111110110000110
1110101010110110
1110011000011101
1110000100111000
1101110101111100
1101110010000010
1101101100100000
1101101100010000
1101101101101010
1101100011110000
1101100011110000
1101100011110000
1101100011110000
1101100011110000
1101100011110000
1101100011110000
1101100011110000
1101100011110000
1101100011110000
1101100011110000
1101100110011100
1101100101110010
1101101100110100
1110000010101100
1101111111100000
1110100110110011
1111111010101100
0000101111111010
0001011110011100
0000100100001110
0001000101001110
0000100011111110
1111000110011100
1110010000011100
1101111100110010
1101110101001000
1101101111101010
1101101100110100
1101101100010110
1101101010100010
1101101001101000
1101101000101110
1101100011110000
1101100011110000
1101100011110000
1101100011110000
1101100011110000
1101100011110000
1101100011110000
1101100011110000
1101100011110000
1101100011110000
1101100011110000
1101101011110110
1101100111111010
1101110000110000
1101101101001000
1101101111011110
1101111000101010
1110010100110010
1110011011100000
1110100000000100
1110011100111100
1110010011010110
1110010110001110
1110010001101010
1101111100010000
1110001011011010
1101111100110000
1110110001010110
1110111110111000
1110101111110010
1110111000001000
1110100101011000
1101110110100000
1101100011110000
1101100011110000
1101100011110000
1101100011110000
1101100011110000
1101100011110000
1101100011110000
1101100011110000
1101100011110000
1101100011110000
1101100011110000
1110101111101010
1110010100110110
0000000100011110
1111010011010110
1110100110101110
0010011100010000
0000101100101010
1110101111101010
1111010111110100
1110011001010100
1110101011001101
1110111101000010
0000010110010100
0000101000001100
1110000111011110
1101101100101100
1101111110100010
1110000111011110
1101110101100110
1110011101110010
1110000111011110
1111001110111010
1101100011110000
1101100011110000
1101100011110000
1101100011110000
1111011011001110
1111011110001010
1111101010111010
0000000001111000
0000011000111100
0000111011011010
0001011001001101
0001111100001000
0010011100010000
0010010010010000
0000001011010000
0000001011010000
0000010001110110
0000011010001100
0000100011000110
0000101111111000
0000110101100010
0000101011011100
0000010000111000
0000000011110100
1111010100010000
0001010110011010
1110000110001110
1101110010110000
1101111111110000
1110000101001010
1110000001011100
1101100011110000
1111111110110000
1111011001010000
0001000111010000
0001111011110000
0010000000110000
0001101010010000
0001111110010000
0001101100101111
0001101100101111
0001111110010000
0001010011110000
0001101010010000
0010011100010000
0001111011110000
0001010110010000
0001100000010000
0001011000101111
0000100110110000
0001011000101111
0000010010110000
0000111000010000
0001000100110000
0001010011110000
0000101011110000
0001000100110000
0001001110110000
0000100100010000
0000110101101111
0000100110110000
1111111100010000
0000101011110000
1110111011010000
0000011000101010
0000010001011000
0000110101111001
0001011111111100
0001101010111010
0001110010001110
0010011100010000
0010010100111100
0001011111111100
0001011010011110
0001010100111101
0001100101011100
0010001111011110
0001111001100010
0001100111010000
0001110111101100
0001100111010000
0001000010101110
0001010110110100
0010010110110010
0001111101001100
0001011010011110
0001001011110110
0001111101001100
0000101010111100
0001001011110110
0001101001000110
0000110111110000
0001010110110100
0000110101111001
0000100001110100
1110010110111010
0010000001101010
0010011100010000
0001111011000000
0000110000110000
0000001111100000
1111010101111000
1111111000010000
1111110100111011
1111011100100010
1111110000100000
1111110011110100
1111111000010000
0000001000111000
0000010101000100
1111111110111010
0000010001101110
0000000100011100
1111011000000110
1111101101001010
1111011110110000
1111100101011010
1111011111111000
1111101100000100
1111001001101100
1111010011101100
1111101010111100
1111101111011000
1111101111011000
1111100101011010
1111011011011100
1110111011010010
1110000001101010
1101100100001010
0010011100010000
1101100011110000
1101100011110000
1101100011110000
1110000011000000
1110100010010000
1101100011110000
1101100011110000
0000010101000111
1111110011010110
1111110110001010
0000001111011110
1111100101010000
1111100101010000
1111111000111110
0000110001010010
0001100011111011
0001101001100100
0001100011111011
0010011100010000
0010010110101000
0001011000101100
0001101100011000
0001001101011010
0000111111010110
0000011010110000
0000000111000010
1111110110001010
0000111100100010
0001000100111110
0000111001101110
0001000111110010
0000110001010010
0000111100100010
0000100110000000
1111100101010000
1110011100000101
1111000110010010
1111100010011100
1110111000001110