1111000110000100
1111111111001000
0000110010000010
0000111000001011
0000011010010110
1111000010100100
1111000101001100
1110111111000010
1111001100001111
1111010101000000
1111011000100000
1111111110010000
0000111011101100
0001110100110000
0001110110100000
0001001011100000
0001010000110000
0001110001010000
0001111101100010
0001110111011000
0000001011011010
1111110110010110
1111011101110000
1111010000100110
1111100001010010
0000001000110010
0000011101110110
0001000000111110
0001111110011010
0010010011011110
0010011100010000
0010001011100100
1110110110110100
1111111101111000
0000011111101100
0000111101111011
0000011110111101
1110101001011100
1110100011110100
1110101100111100
1110101111000100
1110101000000011
1110111111111100
1111101111110100
0000000010001000
0001000000110000
0010001100000100
0010010001000000
0001011010110010
0001101010010010
0010001111100110
0010001001010000
0001100100101010
0000101010001110
0000010100011010
0000010001100110
0000001001110110
0000100101010100
0000110110111010
0001011111000010
0010001100000100
0010010111010100
0010011100010000
0010001110111000
1110101110001110
0000001110111110
0000101111001110
0001000111110010
1111100111110100
1110101110001110
1110010001110100
1110010100001000
1110100100010000
1110010001000100
1110111110010110
1111011011100010
1111010110001010
0000101000010100
0001011001011100
0010011100010000
0010010111101010
0001010111111010
0010001100001000
0010011001111100
0010010000101110
0000110100100110
0000110110001000
0000000001111010
0000011000111110
0000100011101110
0001001011101000
0001110000100000
0010001111001100
0010010111101010
0010010011110100
0001111111000100
1110101101011010
0000000000010111
0001010001000001
0001000101011010
1111001010111000
1110000110101010
1110000000011100
1110011000011110
1110011000011110
1101111010010000
1110100001000000
1110110000100010
1110101001100010
1111100100011110
0000101110111010
0010001111000100
0010011100010000
0001101111010010
0001101000010010
0001111111100100
0001111010001000
0001000101011010
0000100000001100
0000000111011000
0000001000001010
0000100111111100
0001001010110110
0001111111100100
0010001001101000
0010000001001000
0001111000100110
0001101101101110
1111001110000011
0000011000100110
0001000001110110
0000100011101100
1111011100010100
1110010000111110
1101110100011010
1101110101001100
1110000101000100
1110001010101000
1110100100110010
1110101101100000
1110100110011000
1110110010010010
1111110011010100
0010000101010000
0010011100010000
0001110100100110
0001000101000000
0001100000110000
0001100000110000
0001000001000010
0000100010111010
0000001100101100
0000001001100010
0000011110111100
0001011111001100
0001111110001000
0001111000100011
0001000111011000
0001000110100110
0001000010101000
1111000101111000
0000111011000100
0001011100011010
0001000000110010
1111010101001000
1110001001111000
1110001101101010
1110110111100110
1110110101101100
1110000111000000
1101111001101010
1110011001000110
1110011011000000
1111000100111100
1111010001010100
0001010010111000
0010011100010000
0001110111000110
0000110011011100
0001010010111000
0001100000001110
0001000101100100
0000010010000110
0000001000100100
1111110010101010
0000000011110100
0001011111010010
0001100101000000
0001010111101010
0000110000100110
1111111001010110
0000000101101110
1111001011100111
0000011000011110
0000010011011110
1111001011100111
1110111101100110
1110010010101100
1110111000101000
1110110111101000
1111001010100110
1110011110101010
1110011111101010
1110101111101000
1110111011101000
1110110011101000
1111010100100100
1111101010100010
0000011100011110
0000111110011010
0001010001011000
0010011100010000
0010010100010000
0001111100010100
0000110110011010
1111110101100010
1111111010100000
0000010010011110
0001000100011000
0001010101011000
0000110010011010
1111110010100010
1111100101100010
1111101000100010
0000111101001010
0001101100101100
0001100101111010
0001110011100000
0000010100010111
0000011011001011
0000001101100101
0000011011001011
0000100001111110
0000011011001011
0000111101001010
0001010001100010
0010000111111000
0010011100010000
0001111010010010
0001100101111010
0001010001100010
0001100101111010
0010000001000100
0001101100101100
0000101000101111
0000101000101111
0000010100010111
1111101011101001
0000010100010111
0001101100101100
0001110011100000
0001010001100010
0001110011100000
0001110011100000
0001110011100000
0001110011100000
1110111000001110
0000001100101010
0000101110011100
0000011101100100
0000011101100100
1111101010111001
1111100010011100
1111100010011100
1111101010111001
1111110011010110
0000000100001110
0000100110000000
0001010000001111
0001101001100100
0001110010000010
0001100001001000
0001011000101100
0001010000001111
0001100001001000
0001011000101100
0000010101000111
1111100010011100
1111011010000000
1111010001100100
1111101010111001
1111111011110010
1111111011110010
0000101110011100
0001110010000010
0010010011110100
0010011100010000
0010010011110100
1111000110001110
0000101100111100
0001100000010011
0001010011011110
1111001110110010
1110100011111110
1110001110100100
1110101000010000
1110111001011000
1110100011111110
1110111001011000
1110110000110100
1110011111101101
1110100011111110
0000000110011010
0001111010000000
0010011100010000
0010000010100100
0001001010111010
0001100000010011
0001011100000010
0000111001110010
0000110001001110
0000000010001000
0000001110111110
0000100000000110
0001110001011100
0001111110010010
0010000010100100
0000101100111100
0001000110101000
0001011100000010
1101101100000110
1101101010100000
1101101110011110
1101101101101100
1101101100111000
1101110000110110
1101110000110110
1101110000011110
1101110001101010
1101110000011110
1101111010000000
0001000110111000
0010001101111110
0010011001000100
0010001110010110
0010001000110010
0001111110111000
0000101010010010
1111101000110010
1111011000111000
1110111011000110
1110100010111000
1110001100101010
1101111001001100
1101110010000010
1101101100111000
1101101101010010
1101101101010010
1101100011110000
1101100011110000
1101100011110000
1101100011110000
1101100011110000
1101110101011010
1110100001110100
1111010101010011
0000100010010000
0000111011000000
0001011100010110
0001101000000001
0010011100010000
0010001011110110
0000101011100110
1111000001011000
0000000001011100
0001110100001110
0010000101011000
0001110101001100
0001000011111110
0000011101100010
1111101100100010
1110110000111110
1110011000011110
1110001011101010
1110000010010110
1101111110001000
1101111000010010
1101101111100100
1101101011111110
1101101010000110
1101101001111110
1101100011110000
1101100011110000
1101100011110000
1101100011110000
1101100011110000
0000000101101110
0001101001101110
0001111001111000
0010000000001000
0010001101001000
0010010001110100
0010011010001010
0010011100010000
0010001110001100
0010000110011000
0001011101001110
1110101111001100
1110111110011000
1111000110011010
1110110101111000
1110101000000011
1110100101011000
1110100110010000
1110011101100100
1110010000010010
1110100101110000
1111000001000110
1111001111000010
1111010001101000
1110110000110100
1110011110000100
1101110000010000
1110001100011000
1101100011110000
1101100011110000
1101100011110000
1101100011110000
1101100011110000
0010011100010000
0010011100010000
0001001011111010
1111001010011100
1110011001010100
1110010000011011
1101110001001010
1101111110100010
1110100010010000
0010011100010000
0010011100010000
0010011100010000
0010011100010000
1110110100000110
1111001010011100
1110001011111100
1110000011000000
1111101001101100
1111110010100110
1111001010011100
1110011001010100
1101110001001010
1101111010000100
1110100010010000
1110100010010000
1110100110101110
1101111010000100
1110100110101110
1101100011110000
1101100011110000
1101100011110000
1101100011110000
1101100011110000
0000000000001011
0000000111110110
0000001000100110
0000001101001000
0000001111011001
0000010000100000
0000001100010110
0000000101010001
1111110011111010
1111100000110000
1101100011110000
1101100011110000
1101100011110000
1101100110110000
1101110100010110
1101111101011000
1110000010001000
1110010101010110
1110110001111000
1111100100000101
0000010110111010
1111100110010000
1110111011010010
1110011001100110
0000000000001011
0001100100010010
0001110000011110
1111110100010010
1110011000100010
1110100101001110
1110101000110100
1110110101100000
1110110110101100
1111001111110000
1111101100101100
1111110010101110
1111110110000010
0000001001010110
1111100101011110
1111100110111110
0000000101001000
0000101001010100
0000110010011000
0000101110110000
0001100110111000
0010011011101010
0010011100010000
0010000000110100
0001111011000100
0001011011011010
0001010101011000
0000111111111100
0000111001010100
0000111111010110
0000111111101010
0000110001110010
0000101110011100
0000101100010110
0000010000010010
1111101111000110
1110001101111000
1110010110110000
1110100010100011
1110110011100110
1110110010111100
1111010001110000
1111101110001010
1111100001100000
1111010111110000
1111111010110010
1111110000011000
1111110101111010
0000001000000110
0000100110101100
0001001000011010
0001010110011000
0001010110011000
0001110100110001
0010001111100110
0010011100010000
0010011000000010
0010000101110110
0001111000100010
0001100101010000
0001011000001010
0001100000001001
0001011101010000
0001010011111100
0001010100001010
0001011001000011
0001000010101010
0000100111100110
1101110101011000
1110000111010000
1110011100100000
1110100100100010
1110110010010000
1111001101011110
0000101110101001
0000011101010010
1111100111001000
0000011100100000
0000000010010110
0000000100001010
0000010100001101
0000101011000000
0001001001100110
0010010010001010
0001110100010110
0010000001000010
0010010101110010
0010011100010000
0010010110000010
0010000100101010
0001111001010010
0001111000001110
0001011110100110
0001100101110110
0001100111011000
0001101001101110
0001011110100110
0001100010011110
0001010110110100
0000100000011000
1101110111001010
1101100011110000
0010011100010000
1101100011110000
1101100011110000
1101100011110000
1101100011110000
0010011100010000
1101100011110000
1111010000111110
1111101100010010
1111010111000010
1111011101000110
1111011101000110
1111100011001100
1111100000001010
0000010000101100
0000101100000000
0001100010100110
0010011100010000
0001000100010000
0000110101000110
0001011100100001
0001001101011000
0000011001110010
1111110010010110
0000010000101100
1111110010010110
0000110101000110
0000111011001010
0000110010000100
0001001010010110
0001010000011001
0000110010000100
0000101000111110
1111000111111000
0000011001110010
0000010011101110
0000010110110000
1111100011001100
1111000001110100