1110111011101000
1111011110011100
0000011101011100
0000001010011000
1110011110100111
1110000101110000
1110010100101010
1110000101110000
1110000111011010
1110001100011000
1110001110110110
1110100011100100
1110111001001000
1111110101101000
0000100000110000
0001010011010100
0001101101110110
0001011001000110
0000111101110000
0001001001010110
0010001111110100
0010011100010000
0010011000111100
0001110001111110
0001101000110110
0001100010001110
0001011000010001
0000111111011010
0000101110000000
0001000000010000
0000101011100010
0000010101000111
1110111010010110
1111110010110100
0000100010010000
0000001001011010
1110101111110100
1110010000111100
1110100001100000
1110011101101110
1110100011000001
1110010110111110
1110101001110010
1110110110100110
1111001000101010
1111101000010010
0000010100101110
0001011010110000
0001111110001000
0001111000110110
0001010111101110
0001011100010000
0001111000110110
0010011100010000
0010011011100000
0001111011110111
0001110101000110
0001101001110100
0001011111111111
0000101111110100
0001011010110000
0001011011100000
0000101110010100
1111111010010110
1111000011110010
0000000001110000
0000101010110010
0000000010101000
1110111011111010
1110000101110010
1110001010001010
1101101011100110
1101101110001110
1101111110110100
1110000010010100
1110010011110000
1110101111101100
1111010001110000
1111111101011000
0000111101000110
0010000110011100
0010010110001000
0001101010100000
0001011110010010
0010000010111100
0010010000111010
0010011100010000
0010000000010100
0001101110000000
0001011001000010
0000110010101000
0001000010010110
0001011100100001
0001010100101001
0000011101101100
1111101010001100
1111100101010110
0000001011111010
0000100010110110
0000000101010110
1111001001011111
1110011001000100
1101111101001100
1110001111001110
1110010010100000
1110011001111000
1110100011101110
1110100010111010
1110110001101010
1111000111110101
1111110000000000
0000110011010000
0001110101101100
0010001010001110
0001110100000100
0001011011011110
0001111001110100
0010011100010000
0010011000001010
0001111011011100
0001101111111110
0001010111010110
0000110011010000
0001010000110010
0001100111110000
0001100001001100
0000100100100000
0000100110111110
1111110000011110
0000001010101100
0000010111010010
0000010110010100
1110011110111100
1101101100100000
1110010110001110
1101101111011010
1110001111011100
1101111111111010
1101110010010100
1110010101010000
1110010111001101
1110100110101110
1110110100010100
0000001010101100
0001110001100100
0001111111001000
0001100111110110
0001011111000110
0001111110001010
0010011100010000
0010001110101010
0001110111011000
0001110010100010
0001000010000000
0000101010101100
0001110011100000
0001110110011010
0001100101111010
0001010101011010
0000110110010110
1111110110111100
0000000011011010
1111111100100110
1111111110111000
1110010100011100
1101101101111100
1110000101101110
1110000101101110
1110001100100000
1110000100100111
1101101101111100
1110010100011100
1110000110110110
1101110101111000
1110101101010110
1111111110111000
0001010000011000
0010000101100110
0001110011100000
0001000010110100
0001010110000100
0010010111101110
0010010010000100
0001101100101100
0001011000010100
0001010010101010
0001100011100111
0010010010000100
0010011100010000
0010011000110110
0001010110000100
0001000011111100
1111101000010010
1111111011000100
0000010000110100
1111110101001000
1110100010000100
1110010111001101
1110001111010000
1110001010010100
1101110101100100
1101101001101100
1101101010101100
1110010110001100
1110001011010100
1110101000000000
1111000110101010
1111101101001110
0001010000000101
0001111000101010
0001100011111000
0001000110001110
0001010111000010
0010001111011010
0010010010011000
0010001001011110
0001101101110010
0001010011000100
0001111011101000
0010011010010010
0010011100010000
0010010111010100
0001010111000010
0000101011100000
1110111111001110
1111111100001100
0000001011011100
1111110100100100
1110011001000110
1101111010101000
1110001001111000
1110001001111000
1110000010010000
1110010001011110
1110011001000110
1110101000010110
1111000110110110
1111111100001100
0000110001100010
0001011111010010
0001010111101010
0001001000011010
0001001000011010
0001011111010010
0010001101000000
0010011100010000
0010000101011000
0010000101011000
0001110110001000
0001010111101010
0001010000000010
0000111001001010
0000001011011100
1111111100001100
0000100010010100
0000100010010100
1111000000110110
1111011011011100
0000011101111001
0000010000101000
1110100110010000
1110011000111100
1110011111100110
1110001011101010
1110011000111100
1110001011101010
1110101100111000
1110100110010000
1111000111011110
1111110110000010
0000010111010010
0001001100011110
0001100111000100
0001000101110100
0000110001111000
0001000101110100
0010010101100110
0010011100010000
0010011100010000
0001101101101110
0001100000011010
0001100111000100
0001100000011010
0001001100011110
0000111000100010
0001010011001000
0000101011001110
0000100100100100
1111100011111110
0000000000000000
0000010100000010
0000000100000000
1110110011111000
1110001011110100
1110011111110111
1101101011110000
1110001011110100
1110100111110110
1110011111110111
1110100111110110
1110111011111010
1110100011110110
1111001111111100
0000000000000000
0001011100001010
0001100100001010
0001110100001100
0001100100001010
0010010000001110
0010011100010000
0010010000001110
0010000000001110
0001110000001100
0001100100001010
0000101100000011
0010000000001110
0010010000001110
0001001000001000
0001001100001000
0000101100000011
1101100011110000
1101100011110000
1101100011110000
1101100011110000
1101100011110000
1101110110000100
1101110011111100
1101110011110000
1101110011000010
1101101111001000
1110111101111000
0001110100111110
0010011010010010
0010001000000000
0001011110110000
0000101100110010
1111100111001000
1111000000111010
1110100111001000
1110010111011110
1110001111001000
1110001001101000
1110000101101100
1110000011000010
1110001010100000
1101111101001010
1101101111010100
1101101011011010
1101101001000110
1101100011110000
1101100011110000
1101100011110000
1101100011110000
1101100011110000
1101100011110000
1101100011110000
1101100011110000
1101100011110000
1101101010000100
1101101001010110
1101101001001110
1101101010001010
1101100111111110
1111001011100010
0001011111100110
0010000000001000
0010000101110010
0000110110010111
1111110000010000
1111001000000110
1110011011000010
1110000110011110
1101111101010010
1101111000110100
1101110110111110
1101110100011000
1101110100011000
1101111011110100
1101110000111110
1101101100010000
1101101011100000
1101101100010000
1101100011110000
1101100011110000
1101100011110000
1101100011110000
1101100011110000
1101100011110000
1101100011110000
1101100011110000
1101100011110000
1101101000111100
1101101101001000
1101111001000110
1101111011001100
1101110010010100
1111010101010011
1111001001000000
1111000101010000
1111001011111011
1111000101001000
1111000000111110
1110111100110100
1111001111100100
1110101111010000
1110110101100000
1110100000001011
1110000101100110
1101111101110010
1110001101011010
1110000100100100
1110001010010010
1110101001100010
1110110001111000
1110111001001010
1101100011110000
1101100011110000
1101100011110000
1101100011110000
1101100011110000
1101100011110000
1101100011110000
1101100011110000
1101100011110000
1110000011000000
1101101100101100
1110100010010000
1110011001010100
0010011100010000
0010011100010000
0010011100010000
0001101011001010
1101110001001010
1110101011001101
1110101011001101
1110101111101010
1111000101111110
1110100110101110
1101111010000100
1101101100101100
1101101000001110
1101101000001110
1101101000001110
1110110100000110
1111001010011100
1110000011000000
1101101100101100
1101110001001010
1101100011110000
1101100011110000
1101100011110000
1101100011110000
1110100110110100
1110101010011110
1110110001110110
1110110010010110
1110110101111100
1110111001000000
1110111110101000
1110111101110000
1110101011100001
1110011100111100
0001000010001000
0001000011011110
0001000011110100
0001000011101110
0001000100001010
0001000100010100
0001000101000010
0001000110111000
0001000100001100
0001001001101100
1111100010110111
1111000111000000
1111000011101111
0000001110000000
0010000010000010
0001101101011010
0010011100010000
0010011100010000
1111110000110010
0000000001011000
0000000100001010
0000011101000010
0000100101010110
0000100101010110
0000010111100000
0000111011011110
0001010100010101
0001010111001000
0001101101010000
0001110010110010
0010000011011000
0010010110101110
0010011100010000
0010010110101110
0010001011101010
0001110010110010
0001111011000100
0001110000000000
0001110101100010
0001101101010000
0010000000100110
0010001000111010
0001110010110010
0001100100111100
0001011001111000
0000110011001010
0000010100110000
1111111001000110
1111110000110010
1110110011111100
1111101001101100
0000011111110111
0000100011000100
1111110110011100
0000011100101100
0000011111110111
0000001111111011
0001001111101110
0001011111101010
0000111100100110
0001100110000010
0001010010111010
0001011111101010
0001111111100100
0010000010110000
0001111001001100
0010001100010100
0001110110000000
0001111111100100
0010000010110000
0001100010110110
0010000101111100
0010001100010100
0010011100010000
0001101111100101
0001111111100100
0001011100011110
0001010110000110
0000100110010000
0000100011000100
0000100011000100
1111101001101100
0001000011110000
0000111110010100
0000011100000000
1111100100000000
1111101101000010
1111111011011110
0000010110100110
0001011001011010
0001100111110111
0001010111100110
0010011100010000
0010010101000010
0001101111000110
0001011011001110
0001101101010010
0001100100001111
0001011110110110
0001001001001010
0001001110100100
0001000011110000
0001000101100010
0000111110010100
0000111100100000
0001000111010110
0000111100100000
0000111100100000
0000111100100000
0000111100100000
0000000010101110
1111010011110000
1111011001001010
1111001100100010
0000111100110100
1101100011110000
1101100011110000
0010011100010000
1101100011110000
1101100011110000
0000000000000000
1110001000001111
0010011100010000
1111010011101010
1111011110001110
1111100110101010
0000001110110010
0000011011011100
0000110110111010
0000011011011100
0001011000101100
0001110100001000
0001110110010000
0010001011010110
0001111100100100
0001010110100100
0010011100010000
0001110100001000
0001110100001000
0000110100110010
0000011101100100
0000001100101010
1111110011010110
0000010000111010
1111110011010110
1111001001000110
1111011100000110
0000000000000000
0000010011000000
0000001000011100
0000010011000000
0000000010001000
1111101111000110
0000000010001000
1111101111000110