1111011100100010
0000111111100101
0001000001011000
0001100111001010
0001100110011100
0010011010110100
0010011100010000
0001010000010110
0001010010001000
0000010111010110
0000011110001000
0000101001001010
0000101010100110
0000111100011010
0001000011100010
0001001000100000
0001010101101100
0001101010101110
0001111000001111
0010000111001110
0010010011000000
0001101100100000
0001101001101010
0001010010001000
0001011010010110
0001010101010110
0001000110011000
0000111110001100
0000100001101100
0000100010000010
0000100101111100
0000101000011011
1111011010011110
0000110010000110
0000110001011100
0001100001101110
0001011101000110
0010011100010000
0010010110010100
0001001010100100
0001000101010010
0000100001111010
0000011011111011
0000111001011000
0000110100000101
0000110011011100
0000101111110010
0001001111111000
0001001100111000
0001110001100110
0001101110010010
0010000111000110
0010000110000110
0001111011001100
0001111001100010
0001110000111100
0001110001111100
0001011011110010
0001011111101110
0001010101011110
0001010110110100
0001000001101010
0001000100101000
0001000100111100
1111011000111110
0000101000101100
0000100110010110
0001011010111100
0001110000101110
0010011100010000
0010001011001010
0000110110000110
0000100001010100
0000101011000010
0000010011010000
0000011000101000
0000001110010000
0000100000000000
1111111111110110
0000010011100110
0000001110010000
0000011011010100
0001011100101000
0001101000010101
0001001101100010
0001011011100110
0001000101110110
0001000111110110
0001010000110111
0001010100010000
0001000011100000
0000110111110010
0000010011010000
0000011010111110
0000110000011010
0000101111011010
1111010110111100
0000011111101000
0000101101110010
0001010001000001
0010001001010110
0010011100010000
0001101101011000
0000111000010100
0000110110100000
0000110110100000
1111111110100010
1111111001000110
0000010000101110
1111111111010010
1111100101011110
1111101101110110
1111111111010010
0000010101011100
0000100111010000
0000111111100101
0001000000101100
0001000000101100
0000111101011010
0000111000101100
0000110001110010
0000101001011100
0000101011100110
0000010111001111
0000000001000110
0000001100010110
0000011011111110
0000100111010000
1111010110101100
0000010001111000
0000111101101110
0001011111011000
0010011100010000
0010001100000100
0001001010100000
0000010010101110
0000010101010001
1111111111001010
1111100101001100
1111010010011100
1111010111100101
1111011100101010
1111010111111110
1111011101000110
1111100011000100
0000000101100010
0000110000001000
0000111110001010
0001010000000010
0001000001001000
0000111000001011
0000110100011000
0000101100010010
0000111110001010
0000111100000010
0000101101001000
0000011010110100
0000011011010000
0000011010110100
0000011100100010
1111110010000100
0000100110010000
0001101100010110
0010010111111110
0010001011000110
0010010101110100
0001000000101110
1111111110001110
1111001010000000
1110000001110010
1101111100110010
1101110001010110
1101101111001100
1110010011101010
1110100011011010
1110011010110101
1110100001111110
1111010010100110
0000111111010010
0001110001010110
0010001001101010
0010011100010000
0010001001101010
0001010010100110
0001110101101000
0010001010011000
0010000110000110
0001111111101001
0001001101100110
0000110011110110
0000101001110110
0000100010101100
0000001111100110
0001000010111110
0001110110111100
0010011100010000
0001100001100010
0000111001110010
1111100101011010
1111010010011100
1110111011001100
1110001101111100
1101110001110100
1110010010001110
1110001101010110
1110010101111010
1110011000111110
1110100111000010
1110111000110000
1111011001001010
0000001110111110
0001000001001000
0001101010101110
0010001011110000
0010011100010000
0010001010100000
0010000001111110
0010001000000100
0010000000101110
0010000000001000
0001000111010000
0000110100010010
0001000011100100
0000110010011011
1111010011110011
0001000011110100
0001001001101100
0001100111001100
0001101101000110
0010010110010110
0010011100010000
0001100001010010
0000101100001101
0000010100101000
0000100000011100
0000000010111100
1111111101000100
0000100000011100
0000111101111010
0001001001101100
0001100111001100
0001111000110111
0010011100010000
0010001010100100
0001111110110010
0001111110110010
0001100111001100
0001011011011010
0010001010100100
0010000100101010
0001100001010010
0001100111001100
0000101100001101
0000111000000000
0000100110010100
0001001111100110
1111010001101110
0000111001111000
0000111001111000
0001011100100110
0001010110110100
0010010000101100
0010010110011110
0001001011001110
0001001011001110
0000100010101110
0000100010101110
0000010001011000
0000010001011000
0000010111001010
0000101110010010
0000010111001010
0001000101011100
0000111111101010
0001101000001010
0010010110011110
0010011100010000
0001111001100010
0001111001100010
0001101000001010
0001010110110100
0001010001000001
0001010001000001
0000111111101010
0000100010101110
0000101110010010
0000001011100100
0000010111001010
1111101101000100
0000010111101100
0001010101001110
0010000100100100
0010001110000010
0010001001010100
0001011001111110
0000011100011010
1111101000010100
1111000010011100
1111000010011100
1110101010110010
1110111000111110
1111000010011100
1110001110011000
1110001001101000
1110100110000010
0000101111010110
0000111000110100
0001111111110110
0010001001010100
0010011100010000
0001101100111001
0001110001101000
0001111011000101
0001011001111110
0001110110011000
0010000100100100
0001011001111110
0000010010111100
0000101010101000
0000110100000101
1101100011110000
1101100011110000
1101100011110000
1101100011110000
1101100011110000
1101100011110000
1101100011110000
1101100101011000
1101100110010000
1110011001110010
1111001000011000
0000010010110100
0001000010010100
0001001011111100
0001011110000010
0001110001100110
0001111011001111
0010010000000110
0000111011100000
1111010011001010
1110110100110000
1110101000110110
1110011110100000
1110010111010010
1110000101011100
1101110101110000
1101101011011010
1101100011110000
1101100011110000
1101100011110000
1101100011110000
1101100011110000
1101100011110000
1101100011110000
1101100011110000
1101100011110000
1101100011110000
1101100011110000
1101100011110000
1101100011110000
1101100101110010
1101100111010010
1110110001011010
1111010110101000
0000111010110110
0001111111111100
0010010000100000
0010001011001000
0010001110000100
0001111010101010
0001110110010000
0000001011001000
1110110110000010
1110011111011100
1110010100011010
1110001000100100
1110011001010010
1101111010110010
1101110011010000
1101101101111000
1101100011110000
1101100011110000
1101100011110000
1101100011110000
1101100011110000
1101100011110000
1101100011110000
1101100011110000
1101100011110000
1101100011110000
1101100011110000
1101100011110000
1101100011110000
1101110000110000
1101101011000010
1110101110110000
1110111110111000
1110001110111000
1110001101000000
1110010110011000
1110010001011000
1110000111101100
1110000110011100
1110000101010000
1101111110011100
1110001000111100
1101111000110000
1101110010001110
1101101001011110
1110010010101000
1110001110111110
1110100111011100
1111010110010100
1101100011110000
1101100011110000
1101100011110000
1101100011110000
1101100011110000
1101100011110000
1101100011110000
1101100011110000
1101100011110000
1101100011110000
1101100011110000
1101100011110000
1101100011110000
1101100011110000
0010011100010000
0010011100010000
0010011100010000
1111010111110100
1101111010000100
1101111110100010
1110010000011011
1101111110100010
1110000011000000
1110011001010100
1111001010011100
1111011100010010
1110010000011011
1110010000011011
1101100011110000
1110000011000000
1110100110101110
1110011001010100
1111001110111010
1101100011110000
1101100011110000
1101100011110000
1101100011110000
1101100011110000
1101100011110000
0010011100010000
0010011100010000
0010011100010000
0010011100010000
0010011100010000
0010011100010000
0010011100010000
0010011100010000
0010011100010000
0010001011000100
0000010111100110
0000010011010110
0000001110101000
0000010001101110
0000010000111000
0000010101011000
0000011011110010
0000100101000100
0000101101100010
0001010100111010
1110001101011010
0000100100110000
1111011100001010
0000001101001000
0000110111011000
0001001011010010
0001010011000010
0010011100010000
1111101111010010
0001000000101100
0000110101000100
0001001001011010
0001000000101100
0000101010111000
0000101111010000
0001001100010100
0001010111111100
0010001100010000
0010001111001010
0010010100111110
0010011100010000
0001111111001011
0001011111001110
0001000110100000
0001011001010111
0001011101110000
0001011001010111
0001010110011110
0001011100010010
0001011100010010
0000101010111000
1111101001011110
0000000011100111
0000001010111010
1111110000110000
0000010111111110
0000010101000100
0000001100010110
0000001001011100
1110011101111000
1111011101010110
0001000111011010
0001111010010100
0001110011010000
0001000111011010
0000011011100100
0000100101011110
0000101011001000
0001001110011110
0010011100010000
0010011010110110
0010000100001110
0010010011110010
0010001000011110
0001001110011110
0001011001110010
0001000100100110
0000111100000110
0001001111111010
0001000111011010
0001010110111110
0001001000110100
0000010100100000
1111100111010000
1111101011100000
0000000000101110
0000000110011000
0000100001001110
0000110110011100
0000100101011110
0000010011000110
1111010111101100
0000100110111010
0001010000101010
0001100001100110
0001110111000010
0000110100011110
0000010110000000
0000100001010010
0001001001111010
0001011110001100
0010011100010000
0010010111110000
0001101000010101
0001111010011010
0001100100111110
0001010001110010
0001001000110010
0001010010111010
0000111100010110
0000110001000100
0001001000110010
0000101010010100
0000001010101110
1111011010001110
1111100101100000
1111110000110010
0000010110000000
0000011111000010
0000111011001110
0001000011001000
0001010001110010
0000101001001100
1111011010001110
1111011101000110
1101100011110000
1101100011110000
0010011100010000
0000000000000000
1101100011110000
0000111110100000
1110100111011110
1101100011110000
1110010000111100
1111111010010110
1111110010110100
0000001101001100
0000010100101110
0000001001011010
0000010100101110
0000001101001100
0000101111000100
0010010000111110
0010011100010000
0001100111100010
0010000001111010
0001100111100010
0001000101101010
0000101011010100
0001110110100110
0001100111100010
0000011100001111
0000010100101110
0001100011110001
0001100011110001
0001010100101110
0000110110100110
1111010000111100
1111110010110100
1111101011010010
1110111110001000
1111011000011110
1111110110100110
1111000101101010
1110011100001111