1110110000111100
1111100110101100
0000010110001010
0000100001100010
0001001100100010
0001111101111000
0010010100101010
0001110110010010
0001001101001100
0001001100100010
0000111100101110
0001001011010010
0001100101110110
0001110010100000
0010010110100100
0010001110010110
0010010011011010
0001110110010010
0001110011001000
0001110000100110
0001111110100010
0010001000101000
0010011100010000
0010010111110100
0010000111011000
0001101100110100
0001101100001100
0001101010010010
0001011110010000
0001100101110110
0001110001111000
0001111000110100
1110110100011110
1111100110101000
0000011000110000
0000100011001010
0001000100011000
0001110101001100
0010001011010100
0001100111100010
0001100100111010
0001010111111000
0001000011101110
0001010101111100
0001110110100000
0001110011111000
0010011100010000
0010001000101110
0001110011001110
0001100010111110
0001011101110000
0001010100101000
0001101100000100
0001110110100000
0010011001000000
0010010001001100
0001110101001100
0001011010100000
0001010101010001
0001001110001000
0001000011101110
0001000011101110
0001010101010001
0001011001001100
1110110111111000
1111101010100000
0000011100011110
0000100101111110
0000111111010000
0001110000100110
0010000100110110
0001110101101010
0001110111100100
0001011011000110
0001001110011100
0001011001110100
0001111111110010
0001111101010000
0010011100010000
0010000010111100
0001100101110110
0001010001100110
0001001001011000
0001001010101010
0001011010011110
0001100000001001
0010001111100110
0010000011100110
0001110101000010
0001001111101110
0001010000111110
0001001101110100
0000111110000000
0000111010001100
0001001101001100
0001001101110100
1110110100010000
1111100011001011
0000011010010100
0000100011110100
0000111110011100
0001101010001100
0001111111101110
0001110111100000
0001111001011000
0001010100000000
0001001011110000
0001011100111000
0010000001000000
0001111100100100
0010011100010000
0010000011100010
0001011101100000
0000111100100010
0000110110110110
0000111110011100
0000111110011100
0001001000100110
0001111111000110
0001110100111011
0001101100101110
0001001111100100
0001000111010100
0001001010011110
0000111100100010
0000110011101010
0001000110000010
0001000110101100
1111000000011100
1111111001011111
0000101000011010
0000111001101000
0001011101010010
0001110110110100
0010011100010000
0010000011010100
0001111110100010
0001100000110110
0001011110011110
0001110010000100
0001111100001010
0010001100001110
0010010101101110
0010010110010100
0001010011110010
0001000001010110
0000110111110110
0000111011011010
0000111101110001
0001010101100100
0001101111000110
0010000010000110
0001110001011110
0001011110011110
0001000110101100
0001000000110000
0000110111110110
0000110001010100
0000111110111110
0001000110101100
1110111100110000
0000010001001010
0000011001000011
0000111100101010
0001101101011100
0010000000100100
0010010101000000
0010011100010000
0001011000010110
0001000111111000
0000110011011100
0001000110100010
0001100100110111
0001111000101010
0001110111010110
0001011111100110
0000101101100000
0000011011000001
0000001111110100
0000010101110000
0000010101110000
0000011111000000
0001000010100110
0001001100011110
0001010000011100
0000111100101010
0000100100111010
0000101010110110
0000010100011100
0000010101000110
0000001001111000
0000011001101110
1111010100110000
0001001100101000
0001000100000100
0000111110111100
0001011111011110
0001110100111000
0001101111101110
0010000001101110
0001010101001100
0000011000011010
1111111010011100
0001001011110010
0001000100111010
0001101111101110
0010000101001000
0001101100010100
0000111011100000
0000000100101110
0000000010111111
0000110110010111
0000110010000110
0000100111110100
0001011001011110
0010001100110110
0010011100010000
0001110000100110
0001011011001100
0000100110000110
0000100110111110
0000001110111110
0000011111010000
0000011110011010
1110100001000010
1111000101110010
0000000011000100
0000001001001100
0000111010001110
0001111101101000
0010010000000000
0001100101000110
0000110100000101
0000110100000101
0000100111110110
0000110100000101
0001010010101110
0001100101000110
0010001001111000
0010011100010000
0010010110001000
0001110111100000
0001011110111110
0001100101000110
0010000011110000
0001111101101000
0010010110001000
0001111101101000
0010010000000000
0001101011001110
0001011110111110
0001101011001110
0001010010101110
0001100101000110
0001111101101000
0001100101000110
1110101011111000
1111001111111100
0000001100000010
0000011000000010
0001000010000110
0001111110001100
0010010110010000
0001111110001100
0000111100000110
0001001000001000
0000101010000100
0001000010000110
0001100000001001
0001100110001010
0010011100010000
0010010110010000
0010001010001110
0001110010001100
0001110010001100
0001110010001100
0001111110001100
0010001010001110
0010011100010000
0010010110010000
0010000100001110
0001101100001100
0001100110001010
0001100000001001
0001011010001010
0001100000001001
0001101100001100
0001111000001100
1110111000011100
1111111110100010
0000011000110100
0000110000001100
0001011110111010
0001100100110000
0010011100010000
0010001101101010
0001011001000011
0001000100101000
0000111110110010
0001101101100010
0001110000011100
0010000001111110
0001111001001110
0001010000010100
0001000111100100
0000101010010110
0000011011110000
0000100100100000
0000010101111010
0000100001100110
0001011001000011
0001010110001010
0001100100110000
0001000111100100
0000111110110010
0000101101010010
0000101010010110
0000110011001000
0000100100100000
0000101010010110
1101100011110000
1101100011110000
1101100011110000
1101100011110000
1101100011110000
1101100011110000
1101100011110000
1101100011110000
1101100111111010
1101100111010100
1110101010000000
0010000001011110
0010010010001000
0010011000101100
0010001011010010
0010000100001010
0001111100011010
0010000110001110
0001111101111010
0001010000111100
0000011001111010
1111011010100000
1110000100001100
1101110010111100
1101101110001010
1101101011001100
1101101010111010
1101101010100110
1101101001101100
1101101011110010
1101101010000000
1101101011001100
1101101010100110
1101100011110000
1101100011110000
1101100011110000
1101100011110000
1101100011110000
1101100011110000
1101100011110000
1101100011110000
1101100101111000
1101100101010110
1110100010011010
0001101101111100
0010000111111100
0001010011000110
0001010111000010
0001001111011110
0001001100110110
0000110000101010
0000001001000010
1111010011010010
1110011110010010
1110001000000000
1101110111011110
1101111100110110
1110000101100010
1110011010011110
1110010010101100
1110011000110110
1110010111000011
1110001001101010
1110001000000000
1110010001111110
1110010100001110
1101100011110000
1101100011110000
1101100011110000
1101100011110000
1101100011110000
1101100011110000
1101100011110000
1101100011110000
1101101110001010
1101101000111100
1110010011001000
1110110110000010
1110110001111000
1110101001100010
1110110000010100
1110100111111110
1110100100110110
1110011100000000
1110011110100111
1110011000010110
1110100001101110
1110111000001000
0000100111100100
0010011100010000
0010011100010000
0010011100010000
0010011100010000
0010011100010000
0010011100010000
0010011100010000
0010011100010000
0010011100010000
0010011100010000
1101100011110000
1101100011110000
1101100011110000
1101100011110000
1101100011110000
1101100011110000
1101100011110000
1101100011110000
1110011001010100
0010011100010000
0010011100010000
0010011100010000
1110000011000000
1101100011110000
1101100011110000
1101100011110000
1101100011110000
1101101100101100
1111011100010010
0000010001110110
1111111011100010
0001101111100101
0010011100010000
0000100011101110
1111001110111010
1110101011001101
1101110001001010
1101110001001010
1101101100101100
1101110001001010
1101111110100010
1110001011111100
1110000111011110
0010011100010000
0010011100010000
0010011100010000
0010011100010000
0010011100010000
0010011100010000
0010011100010000
0010011100010000
0010011100010000
0010011100010000
1111101110100110
1111101000110100
1111100101111100
1111100011000010
1111011000001110
1111010010100010
1111001001111000
1110111011111100
1110101001100110
1110100101100110
1110011100000000
1111001010101100
1110001110010000
0001100000001001
0001110010001000
0010000001101010
0010011100010000
0010011100010000
1110111101000010
1111100010010000
0000011101110000
0001000010111110
0000111011100010
0001000010111110
0001101000001010
0010000101111100
0010010100110100
0010000101111100
0010010100110100
0010010100110100
0010010100110100
0001111110100000
0001111110100000
0010001101011000
0010011100010000
0010011100010000
0001111110100000
0001011001010010
0000110100000101
0000111011100010
0000011101110000
0000000111011100
0000000000000000
0000000000000000
1111110001001000
1111101001101100
1111000100011110
1110101110001010
1111010011010110
1110001000111100
1110111000011000
0000000011010000
0000110100000101
0001111000011100
0001010100101000
0001000001000110
0000111010100110
0010011001000000
0010011001000000
0001111000011100
0001111011101100
0010011001000000
0010011100010000
0001000001000110
0001010100101000
0001110101001100
0010011001000000
0001111110111100
0001110101001100
0000111010100110
0001000100011000
0000101010010100
0000010110110010
1111000010001010
0000000110100000
0000010011100010
1111101111101110
1111010010011100
1110101011011000
1110010100100100
1110110001111000
1101101010010000
0000011001011100
0001000000001100
0001100010001000
0001111111001011
0001110000101010
0001100100100010
0001110101100000
0010001101101110
0010010100111110
0010000100000010
0010010100111110
0010011100010000
0010010111011010
0001111111001011
0001110101100000
0001110111111010
0010010010100100
0010001011010010
0001100100100010
0001010001001010
0001011101010000
0001000111011110
0000011001011100
0000100101100100
0000001010111010
0000101100110100
0000001111110000
1111101001000000
1111001011111011
1111001001100000
1110111000100010
1101111011111110
0010011100010000
1101100011110000
1101100011110000
0010011100010000
1101100011110000
1101100011110000
1111000001100000
1101111101110010
1101100011110000
1110110001111000
1110110000010100
1111000110001100
1111010001001000
1111011100000100
1111101010001000
1111111100111000
1111101101010000
0000000100101100
0000000001100100
1111110001111100
0000001001011000
0000000110010000
0000001100100000
0000010100010100
0000010101111000
0000010101111000
0000101101010100
0000100111000100
0000111100111100
0001000110010100
0001001001011100
0001000111111000
0001100111001000
0010001011000100
0010000111111100
0010001100101000
0010011100010000
0010000110011000
0001010010110100
0001110000100000
0001011101110000