1111101001000100
0001001011101000
0001000111111100
0000111000001000
0000101101000100
0000000001110110
1111110010000011
1111001111010000
1110111111011100
1111001001011111
1111000110010010
1111010100000000
1110111111111110
1111110011101000
1111100111100000
0000010110011010
0000010100110100
0001000001100110
0001101101111000
0010011100010000
0010010001001100
0001111110001110
0001101110011010
0010010000001000
0001111100101000
0001110111111000
0001100000101100
0001010101101000
0000111111100000
0001010001111100
0001011000110010
0001111110001110
1111011110001000
0000110001011010
0000100111100010
0000111010010110
0000100101001100
1111110100101110
1111011011010010
1111101110001000
1110111111100010
1111001001011010
1111001010110100
1111010000011110
1111101100101110
1111101011110000
0000000001111000
1111111100010000
0000100000000000
0000101101101010
0001010000111100
0001111111000100
0010011100010000
0010010000000000
0001110011110010
0001111110001000
0010000011010100
0001111101101010
0001110110001000
0001010110001000
0001010101101010
0001010100010000
0001011111111111
0001110000111100
1111011110111110
0000101001111110
0000100101000000
0000111101110110
0000010110000110
1111101000011010
1111010100000010
1111001110100100
1110110011010000
1110100001110110
1110111101101100
1110111010101100
1111000100101000
1111100001011100
1111100011011100
0000000000101111
0000000000010000
0000100010100010
0001001010010010
0001100101000110
0010010000110100
0010011100010000
0001111000111110
0001110011100000
0001111101011100
0010000000011100
0001110111111110
0001100000001000
0001100010101000
0001010110101100
0001100110000110
0001110111000000
1111010100001110
0000011010010001
0001000001010010
0001010011111010
1111111110100110
1111011100101100
1110101100000110
1110011110100010
1110101000001000
1110101101001110
1110100011100110
1110011011101100
1111000010001000
1111001110100100
1111010101111011
1111010100110010
1111110011010010
0000010110111000
0000110100010010
0001110011000000
0010001011111000
0010011100010000
0010001000011110
0001111010111010
0010001010001010
0010011000010010
0010001110101100
0001101100110010
0001101001111110
0001100000010110
0001101111000010
0001111110010100
1111010010000100
0000001001100010
0001010001110000
0001010110010000
1111001010010001
1110100000110010
1110001111011100
1110101101101100
1110011100111000
1110100000110010
1110010000000000
1110001101001100
1110100011000010
1110101010010100
1110110000011110
1111010000011010
1111100011011100
1111111000001010
0000101110011110
0001100000111000
0010001101101100
0010011010100100
0010000011100110
0001110010110100
0010001000000110
0010011100010000
0010001000101010
0001100001011100
0001011111110010
0001010000101010
0001011110101010
0001101101110010
1111011011101000
0000001101110000
0001110100100000
0001101010101110
1111000001111100
1110100000010010
1110101110111111
1110111111011110
1101111110101010
1101111001001010
1101101100010100
1110000110100110
1110000100001010
1110001111001011
1110011100101000
1111001011101110
1111010100010010
1111101010111010
0000010101000110
0001001001101100
0010000101101000
0010011100010000
0010001001010010
0001100110011100
0001111111011111
0010001011001000
0001110011010010
0001000010010110
0001000100110100
0000100110110110
0000110001001110
0001001000011110
1111110101011110
0001000001010110
0010011100010000
0001111011111100
1111011000001100
1110111010111000
1110101011111000
1110100111010110
1101110110100010
1101101110010010
1110000000010010
1110011000010110
1110000101100100
1110011100000110
1110111111011010
1111000001101010
1110011001110110
1110101011111000
1111101101111110
0000011101010010
0010000010101110
0010011010000000
0001101100111100
0001010000011000
0001000110101000
0001110111011100
0001011011101010
0000001111000001
0000011111100100
1111111011100000
1111110111110000
0000001110010010
0000011011100100
0010011100010000
0010011100010000
0001011011111001
0000101101111110
0000110111001010
1111110110110100
1111011011010000
1110001000100000
1110110110011110
1111100100011100
1111101101101000
1111001000110110
1111101101101000
0000001001001100
1111110110110100
0000101101111110
1111100100011100
0001000000010110
0001100101000110
0001101110010010
0001110111100000
0001100101000110
0010010011000100
0010000000101100
0001011011111001
0001000000010110
0001000000010110
0000101101111110
0000101101111110
0001001001100010
0001011011111001
0000010000010100
0001011010111100
0001011010111100
0001001000010010
0001000011101000
0000011110010100
0000010000010100
0000000111000000
1111111101101010
0000000111000000
1111111001000000
0000000111000000
1111111001000000
0000100010111110
0000011001101010
0000111010010011
0000110101101000
0001100100010010
0001100100010010
0010011100010000
0010010111100110
0001111011100110
0001111011100110
0010001001100110
0010000100111100
0001110110111100
0001110110111100
0001101101100110
0001101101100110
0001100100010010
0001100100010010
0010000100111100
1111010110000110
0000001011011100
0001010111101010
0001010011110110
1110110111100110
1110010001011110
1110010101010010
1110101111111110
1110010101010010
1110000110000100
1110010001011110
1110011100111010
1110010101010010
1110101100001010
1110101000010110
1111010010010010
1111100001100000
1111111000011000
0000011110100000
0000111100111110
0010011000011100
0010011100010000
0001101110100010
0001100110111010
0001101010101110
0010001101000000
0001100110111010
0001001000011010
0001010111101010
0000111001001010
0000110001100010
0001010000000010
1101100011110000
1101100011110000
1101100011110000
1101100011110000
1101100011110000
1101101001100000
1101101011100110
1101111010000110
1110010010100100
1101110100000100
1101110110110010
0001101011111100
0001110110110100
0001100110100000
0001101000010100
0001110101010100
0001111110111110
0001110000110010
0001100011100000
0001001111100100
0000101100001101
1111110001010110
1110100100011000
1110000001101010
1101101101101110
1101101100001110
1101101101001000
1101100011110000
1101100011110000
1101100011110000
1101100011110000
1101100011110000
1101100011110000
1101100011110000
1101100011110000
1101100011110000
1101100011110000
1101100011110000
1101101000100010
1101101000111100
1101111001101100
1110010111111010
1110000001001100
1101110101101110
0000110000011000
0010001101001110
0010001111010000
0001110010111100
0010001111010000
0001111001100010
0001011000000010
0000011100111000
1111101100111000
1110111101011000
1110100000101010
1101111110001000
1101110111001000
1101110010001010
1101101011100100
1101101010011100
1101100011110000
1101100011110000
1101100011110000
1101100011110000
1101100011110000
1101100011110000
1101100011110000
1101100011110000
1101100011110000
1101100011110000
1101100011110000
1101101110010100
1101101111001100
1110000001011100
1111011101101000
0000100110000000
1111110111101010
1110100111101111
1111100000110000
1111110001100010
1111011010000110
1111011010100000
1111010100010000
1111001110000000
1110111000110100
1110100101101110
1110001100000001
1110001011010100
1110010000000000
1111000110101100
1111110101000100
1110011101100100
1110010011101010
1101100011110000
1101100011110000
1101100011110000
1101100011110000
1101100011110000
1101100011110000
1101100011110000
1101100011110000
1101100011110000
1101100011110000
1101100011110000
1111000001100000
0000010110010100
0010011100010000
0010011100010000
1111110010100110
0001011101110000
0010011100010000
0010011100010000
1101100011110000
1101100011110000
1101100011110000
1101100011110000
1101111010000100
1101111110100010
1110111101000010
1111010011010110
0000011010110010
1111001010011100
1111000101111110
0000010110010100
0001011001010010
1110011001010100
1101100011110000
1101100011110000
1101100011110000
1101100011110000
1101100011110000
1101100011110000
0000011010011110
0000011100110000
0000011111010110
0000100010100100
0000100110101000
0000101010100000
0000101101110000
0000101101010100
0000100010010100
1111110010101000
0001101000101001
0001101001000111
0001101010110100
0001101011010000
0001101101100100
0001101111100010
0001110000111111
0001111001101100
0010000011001010
0010000110010100
1110011100000000
1111111110001010
1101110101111010
1110010010001000
0000110100010100
0010001011110100
0010010110110010
0010011100010000
1111010010001010
0000110110101110
0000110000110100
0000100100111110
0000011001001000
0000110111101100
0001011000001110
0001110110110010
0010011100010000
0001101001111110
0001110101110100
0010000101100100
0001101011111100
0001101101111010
0001000000100100
0001101011111100
0001100001000101
0001010110010000
0010000010101000
0010000101100100
0001100011000100
0001010001010101
0000110111101100
0000110101101110
0001000010100010
0000111110100110
0001001001011100
0000110101101110
0000100000000010
0000100100111110
0000010101001100
1111111001100110
1110101001010100
0000000000111100
1111110000110000
1111101000001100
1111110001101110
1111101010000110
0000010000001100
0000100010010100
0001010100110010
0001110000011100
0001011100011010
0001111001111100
0001110110001000
0001001101001100
0001011110010100
0001110011010010
0001110010010110
0001011011011110
0010010100101000
0010011100010000
0001000110100000
0000110000100110
0000011000110010
0000100001010110
1111110001101110
0000000000111100
0000010101111010
0000010100000000
0000010010000110
1111101110110110
0000000000000000
1111101101111010
1111011111000110
1111111110111110
0000000001000010
1111110000100111
1111011101000100
1111111101111100
0000000010000100
0000010011100010
0000001000001110
0001100111110100
0001100110110010
0010011100010000
0001111110011100
0001001101000110
0001000110111100
0001010100010010
0001100111110100
0001000100111000
0001010100010010
0001100000100111
0000010011100010
0000011011110000
0001010011010000
0001000111111110
1111101111100100
1111011100000010
0000011101110100
0000011110110110
0000100111000100
1111011001111110
1111101111100100
1110110110000000
1111110000000000
1101100011110000
1101100011110000
0010011100010000
1101100011110000
1101100011110000
1111100000110000
1111010001001000
1101100011110000
1111001110100010
1111011110001010
0000000010100110
1111110101100110
1111111101011010
0000001010011010
0000010010001110
0000001101000010
1111111010110010
0000101110111000
0001101010110010
0001101000001010
0001110111110001
0010000111011010
0001010011010110
0010000111011010
0001111101000000
0001111111100110
0010010111000010
0010010111000010
0010011100010000
0001110101001100
0001010000101101
0001010101111100
0000010010001110
0000000111110100
0000100100011110
0000110100000101
0000011100101010
0000101100010010
0000100100011110
1111110000011000