1111000001000010
0000000101110110
0000010001100000
0000110011010100
0001101010001000
0001111100110010
0001100001111100
0001010110010010
0000110010000111
0000101011001010
0000100101010100
0000111101110100
0000111101110100
0001001000010010
0001010001101000
0001101101100110
0010000011110000
0010010101010000
0010010101010000
0010011100010000
0010000110000110
0010001010110000
0010011011000110
0010011001111010
0010001110010000
0010000000010000
0001101010001000
0001011101010010
0001001111010010
0001001111010010
0001011100001000
0001010111011110
1110100101100110
1111110101101010
0000000010100110
0000100001100100
0001011001000110
0001101101110000
0001001101011110
0001011001000110
0000110011101010
0000110001000100
0000100000010010
0000100010111000
0001000011001010
0000110011101010
0001010001010101
0001100000110110
0001101101110000
0001111010101100
0010011100010000
0010000110010100
0001110001101000
0010001011011110
0010011100010000
0010011010111110
0010011100010000
0001100011011100
0001010001010101
0000111101111110
0000101001010100
0000111111010010
0000110110010000
0001001010111010
1110101100111110
1111110111100000
0000010101100100
0000110010010110
0001100010101110
0001101110100000
0001111100111000
0001111100111000
0001000011010110
0000110100111110
0000101101001000
0000100010101010
0000110011101010
0000100010101010
0000101101001000
0000111011100000
0001011000010000
0001011010111000
0001110101000010
0010001001111100
0001111111011110
0001111011100011
0010011001101000
0010011100010000
0001111110001100
0001101011111000
0000111110000101
0000101101001000
0000110010010110
0000100111111000
0000101110011010
0000100110100100
1110100011100010
1111101101100000
0000001010110110
0000101000001100
0001001000000100
0001011000101010
0001110000111000
0001110011011100
0000110001000110
0000100110111010
0000101101010010
0000100110111010
0001000110110010
0000111101111000
0001010010010010
0001110110000000
0001111100011000
0010000000001100
0001111001110100
0010000010110000
0001101011110010
0010000101010010
0010001100111100
0010011100010000
0001011100011110
0001011101110000
0001001110011100
0001000110110010
0000110111100000
0000101000001100
0000110111100000
0000101010101101
1110010100101010
1111011100101100
0000010101110000
0000101100110110
0001011001101100
0001100011001100
0010000010011100
0001111111101110
0001000110101010
0000110011101000
0000101010001000
0001000010100100
0001010000001010
0001101000101000
0001110100110110
0010011100010000
0010001110101010
0010001101010100
0001111101000000
0010001110101010
0010001101010100
0010010010110000
0010011100010000
0010001010100110
0001101110000100
0001010110111110
0001001100000110
0001001101011100
0000111011110010
0000111011110010
0000111110100000
0000111011110010
1110000000100010
1110110000111010
1111100010100110
0000000001111110
0001000000101110
0001100110101010
0001111010010000
0001011010111000
0001001001111000
0000100111111000
0000100000000010
0000110010010110
0000111011100000
0001010011000010
0001110011101110
0010011100010000
0010010101101110
0001110010011010
0001100110101010
0001110101000010
0010000000110010
0010000110000010
0001111011100011
0001100000000110
0001001101110100
0000110001000010
0000100010101010
0000100000000010
0000100011111110
0000100111111000
0000101010100000
0000011101011010
1101110011110110
1110100010100100
1110111111100100
1111001010110110
0000100110101010
0000111011100110
0000111011100110
0001000011101010
0000011000001001
0000010100111100
0000000100110110
0000101000010001
0000110001111100
0001001000100000
0001101111001010
0010011100010000
0010000111010100
0001000101010000
0001010111000000
0001110000110000
0001111100000001
0001111101101010
0001011101011100
0000110000010011
0000100000001110
0000000110011100
0000001100111000
0000000001101000
0000010110100100
0000010001101110
0000011100111111
0000100000001110
1110110011010010
0000001000100010
0000000010110110
0000111011101001
0001101110110010
0001101110110010
0001011101110000
0001011000000100
0000101010101000
0000100100111100
0000001110001110
0000110101111110
0000101010101000
0001000001010110
0001001100101110
0001011101110000
0001111010001010
0010000101100010
0010011100010000
0010010110100100
0001101001000111
0001111111110110
0010000101100010
0001111111110110
0001111111110110
0001101001000111
0001011101110000
0001000111000010
0000111011101001
0001000111000010
0001010010011000
0001010010011000
1110011111100110
1111101000101110
1111101111011000
0000100100100100
0001011001110000
0001101101101110
0000111111001010
0001010011001000
0000100100100100
0000101011001110
0000100100100100
0000101011001110
0000111000100010
0000111000100010
0001000101110100
0001100000011010
0010000001101010
0010001110111100
0010000001101010
0010001110111100
0010010101100110
0010000001101010
0010011100010000
0010010101100110
0010000001101010
0001110100010110
0001110100010110
0001011001110000
0000111111001010
0001001100011110
0001000101110100
0001000101110100
1110010001110100
1110111001010010
0000001000001110
0000010101011000
0001001101010100
0001010000100110
0001111110101010
0001110001100000
0001000011011100
0000101111101100
0000010010000110
0000110110010010
0001000000001010
0001011010011110
0001111000000100
0010001011110100
0010001111000110
0010010010011000
0010000001111100
0001111000000100
0010001000100000
0010001111000110
0010011100010000
0001111000000100
0001101010111010
0001001101010100
0000111100110110
0000111001100100
0000110011000000
0000100101110110
0000111100110110
0000110110010010
1101100011110000
1101100011110000
1101100011110000
1101100011110000
1101100011110000
1101100011110000
1101100011110000
1101101101001010
1101101010000010
1101101111110110
1111100011010110
0010001001111010
0010010001100000
0001101111011110
0001111110010000
0001110000010111
0001011000101010
0000111101010110
0000110000110100
0000100000101100
1111101110100010
1110011011010011
1101111010100110
1101110000010010
1101101110100000
1101101011110100
1101101010011110
1101101011110100
1101101011110100
1101101011011000
1101111001101100
1101111010001000
1101101101001010
1101100011110000
1101100011110000
1101100011110000
1101100011110000
1101100011110000
1101100011110000
1101100011110000
1101101000000010
1101100111111100
1101101111111000
1111000110111010
0010000000111100
0010010011100000
0001100000101110
0000111010001001
0001000011001010
0000111110110010
0001000000001110
0001000101100110
0001000001101010
0000010001111010
1110100110100110
1101111100010010
1101101001110100
1101101010000110
1101100111110010
1101100111011010
1101101000011110
1101101000000010
1101101000000010
1101110110001000
1101111010100000
1110011011111110
1101100011110000
1101100011110000
1101100011110000
1101100011110000
1101100011110000
1101100011110000
1101100011110000
1101110100011010
1101101111001100
1101111100110000
1111000101001000
1110100100010100
1110100010010000
1110101010100101
1110110101000000
1110010010101000
1110100100010100
1110101011101000
1110100100010100
1110100100010100
1110110100001110
1110111100000010
1110011001011000
1101111110010100
1101110111000000
1101101110001010
1101101110001010
1101100101110100
1101110011011000
1101110111100010
1110101101101100
1111101010001000
0010011100010000
1101100011110000
1101100011110000
1101100011110000
1101100011110000
1101100011110000
1101100011110000
1101100011110000
0000011111010000
1110001011111100
0010011100010000
0010011100010000
0010011100010000
0010011100010000
1110000011000000
1110000011000000
1101101000001110
1101101100101100
1101100011110000
1110111000100100
0010011100010000
0010011100010000
0010011100010000
0010011100010000
0000001101011010
1101100011110000
1101101100101100
1101100011110000
1101100011110000
1101101100101100
1111000101111110
0010011100010000
0010011100010000
0010011100010000
0010011100010000
0010011100010000
0010011100010000
0010011100010000
0010011100010000
0010011100010000
0010011100010000
0010011100010000
0010011100010000
0010011100010000
0000101100001101
0000101100001101
0000100011100110
0000101011011100
0000101011011100
0000100111000000
0000100100011000
0000100010011010
0000100100000000
1111101000011010
1110001111100000
1110010001101110
1110111011100000
0001100101101000
0010011100010000
0001101011111101
0001000010000000
0010011100010000
1110101110010100
1111101010101100
0000101010101000
0000110101010010
0000001010101010
1111111000111010
0000011100011010
0001000011011110
0001110101001100
0010011100010000
0010011000101100
0010001110000010
0010011100010000
0001111111110110
0001001110001000
0000110101010010
0000111000110100
0000110101010010
0001010001101100
0001000111000010
0001010001101100
0000100011100000
0000010001110000
0000101010101000
1111100000000010
1111101010101100
1110111100100010
1111000011101000
0000001010101010
0000100011100000
1111100000000010
1111000011101000
1110101000111010
1111011110101100
0000111000010101
0000010111000100
1111100001010000
1111001010001110
0000000111101100
0000011110110000
0001000101001010
0001010100100010
0001101110001010
0001111010111100
0010011100010000
0001110101110100
0000110011001110
0000001111011000
0000111000010101
0000101110000110
0001000111101110
0000100110011100
0000111000010101
0000011110110000
0000001111011000
0000010111000100
0000000101001000
0000010111000100
1111100110011000
1111011100001000
0000000010100100
0000001111011000
0000000111101100
1111010100011110
0000001010010010
0000111101101100
0010001011110100
0010000011100110
0001010000001100
0000101011001100
0000111101101100
0001010000001100
0001111001010100
0010001011110100
0001111101011010
0010011100010000
0010010100000010
0001110001000100
0001010110010110
0001011000011010
0001001100000100
0001101010111010
0001001010000000
0001010010010000
0001000111111110
0000110011011010
0000110111100000
0000100000111010
0000010010100000
1111100101010010
1111100101010010
1111010100110100
1111111101111100
0000000000000000
1111100111010110
1110111010000110
0010011100010000
1101100011110000
1101100011110000
0010011100010000
1101100011110000
1101100011110000
1101100011110000
1110001101011010
0010011100010000
1110111100001000
1110110100010000
1111010110111110
1111101000010100
1111101001111010
0000001110001110
0000000111111010
0000011111100100
1111111001101100
0000010010111100
0000010110000110
0000101100001100
0000110000111100
0000011110000000
0000101100001100
0000111010011010
0001010000100000
0001000010010010
0001010101001110
0001000111000010
0001001010001100
0001100000010010
0001001000100110
0001110100110001
0001111011000101
0001111100101100
0010001001010100
0010010001001100
0010000111101110
0010011100010000
0010001001010100
0001110111111011