1111000001001110
1111110010001110
0000101100110000
0010000110110110
0010010000011100
0000101101010100
0000110001110110
0000001100000110
1111111000111110
1111011100110100
1111110110001010
1111111001100010
1111100101110100
0000100100010100
0001011110010100
0010010100111100
0010011100010000
0001111101010010
0001010001111100
0001010000001111
0001101111110010
0010001111010100
0010010010101100
0010001001000110
0001001111001000
0000100110000000
0000101111100110
0000101000010000
1111110000100010
1111101111011000
1111100100101100
1110111100001010
1110111111000010
1111110101001110
0000001010010010
0010000010001010
0010000100101100
0001101100000110
0001110000101000
0000111110011100
0000100110111000
0000010101110100
0000101010011000
0000111110011100
0001101110000110
0010010010101110
0010011100010000
0001111001101000
0001011011100010
0000110010111010
0000000100110000
0000101010111000
0001011110000100
0010000101001100
0001110110001000
0001001110000000
0000110101011010
0000011010010110
0000100010111000
0000011000110110
1111110111101110
1110101011111111
1110011111011100
1101111001110100
1111011010001000
0000001000101000
0000101000010000
0010010101000100
0010001100111010
0010001111110010
0010001000100110
0001100100101010
0001011110011010
0001100101001000
0010000010011000
0010011100010000
0010010011001010
0001010101010100
0001000111011010
0001000101000010
0001000011000110
0000101100100100
1111100000110110
1111011011100100
0000000100010100
0000110010110100
0000110011110000
1111110100111110
1111101111001110
1111011100000100
1111111000010110
1111111111100010
1111001010110100
1101111111000100
1101101000100010
1110000110110000
0000101111110000
0010011100010000
0010011010101110
0001101100111000
0000001011000101
1110111011101000
1111111011000010
0010000011000010
0010001001001010
0000101011001010
0000101111110000
0001101000010010
0001000000100100
0000011111101110
0000110010000010
0001100011101110
0001110011110000
0001001000111110
1111101100100010
1111110110011100
1111100111001010
1111011100011110
1110110000111010
1110000110001000
1111010111111001
1111101001011110
0000001011110110
0000110110101000
0000100010000000
0000000010101100
0000100100010010
1111110110011100
0000011101110100
0010011100010000
0010000011010010
0000110001001000
1111010110001000
1110001000110100
1111011111110010
0000101110101110
0001001000100000
0000010110100100
0000001110011111
0001000110000100
0000111000011000
0000101111100010
0000011101110100
0000111110000010
0000100110101010
1111101110010010
1110011000000110
1111010011101100
1111100011110100
1111111001100100
1110111101111110
1101100111110010
1110011000000110
1110101101110110
1111100110001110
0000100010101000
0000010000000110
1111001101010000
1111111001100100
1111100001011010
0000010100100010
0010011100010000
0001110000010000
0000111100001010
1111010111101010
1110111101010000
1110110111011000
0000100100101100
0000111001001110
0000100010011110
1111110101101110
0000110100110100
0000110011010110
1111111001011010
1111111101000100
0000010011000100
0000010000111000
1111100111110010
1111001110110110
1111100000011110
1111110010110010
1111100100001000
1110100110100000
1101100101001110
1111001101011000
1111010100101110
1111110100010000
0000111101100111
0000110110010010
1111010110111010
0000001110101010
0000010001100110
0000000000010110
0001100000100100
0000101010100000
0001111101010110
0001110111000010
0010000000001010
0001111001110110
0001111010100010
0010000000001010
0010011100010000
0001011100010110
0001001101100110
0001010001001000
0000001010001011
1111110101110101
0000000001000100
0000010110110100
1110111010001000
1101111111110110
1110000001111100
1101110101010100
1111001110100000
1111001011101100
1111000001001010
1111010111101000
1111100000110000
1111010000100110
0000000011001010
1111111000101000
1111010010101110
1110010111101110
1110100101110000
1111001011111011
0000011111010000
0001001000111010
0001111101000000
0001111101000000
0001001000111010
0000010100110110
0000001010011010
1111101011001010
1111010110010110
1111100000110000
1111010110010110
1111010110010110
1111110101100110
0000110100000101
0001011101110000
0010010001110110
0010000111011010
0001110010100110
0001111101000000
0001111101000000
0001101000001010
0010010001110110
0010011100010000
0010000111011010
0001010011010110
0000011111010000
0000001010011010
1111110101100110
0000011111010000
0000110100000101
0000011111010000
1110111111101010
1111110110110100
0000110111001010
0001101110010010
0001101110010010
0000101101111110
0000001001001100
0000001001001100
1111110110110100
1111001000110110
0000001001001100
0000010010011000
1111010010000010
1111110110110100
0001001001100010
0010000000101100
0010011100010000
0010001001111000
0001101110010010
0001100101000110
0001000000010110
0001110111100000
0010001001111000
0001110111100000
0000011011100100
0000011011100100
1111010010000010
1111011011010000
0000000000000000
1111101101101000
1111001000110110
1110111111101010
1111010101011000
1111110001110010
0001000010010010
0010011100010000
0010011100010000
0001100011011100
0001010000100000
0001011110101100
0001110110011000
0001110110011000
0000101111010110
0000100101111000
0000100101111000
0000001110001110
0000001110001110
0000101111010110
0000101010101000
0000000000000000
1111100011100110
1111101101000100
1111011110110110
1111011010001000
1111010101011000
1111001011111011
1111101000010100
0000000000000000
1111110001110010
0000000000000000
1111110001110010
1110101010110010
1110111000111110
1101111011011100
1101100011110000
1101100011110000
1101100011110000
1101100011110000
1101100011110000
1101100011110000
1101100011110000
1101100110011000
1101100110110100
1101101000000000
1110011010101110
0001001110101110
0010000110001000
0010010001011010
0010010100001100
0001100101010010
1111100100011100
1111010001000110
1111000110011010
1110111010011000
1110110101110110
1110110110100100
1110001111011100
1110001001101110
1101111110101110
1101101111010110
1101101000100110
1101101000010010
1101100111010010
1101100011110000
1101100011110000
1101100011110000
1101100011110000
1101100011110000
1101100011110000
1101100011110000
1101100011110000
1101100011110000
1101100011110000
1101100011110000
1101100110010000
1101100110010000
1110000010011100
1110100101011110
0000100111111110
0001001111100000
0010000101101100
0010001101011010
0000110001111010
1110100111111010
1110011100000101
1110010111001110
1110001111110110
1110001111101010
1110100111000100
1110000010100100
1101111101011110
1101111011011110
1101101110011010
1101101010101010
1101101010010000
1101101000110010
1101100011110000
1101100011110000
1101100011110000
1101100011110000
1101100011110000
1101100011110000
1101100011110000
1101100011110000
1101100011110000
1101100011110000
1101100011110000
1101101100000100
1101101011000010
1110111010101110
1110111011110000
1110001101101010
1110010011101010
1110011100010000
1110100011100010
1110001011000101
1110001000110000
1110000100101010
1101110011110110
1101101001100000
1101101100111000
1101111111001000
1110000101000100
1110000111001010
1110010001000100
1110001110111110
1110001000001100
1110010010101000
1110000011000000
1101100011110000
1101100011110000
1101100011110000
1101100011110000
1101100011110000
1101100011110000
1101100011110000
1101100011110000
1101100011110000
1101100011110000
1101100011110000
1101110001001010
0010011100010000
0010011100010000
0010011100010000
0010011100010000
1101111010000100
1101111110100010
1110011001010100
0010011100010000
0000011010110010
1101100011110000
1101110001001010
1101110101100110
0000111010000010
1111100101001110
1101111110100010
1101100011110000
1110000111011110
1110010000011011
1110001011111100
1101100011110000
1110111000100100
1101100011110000
1101100011110000
1101100011110000
1101100011110000
0010000111011100
0010001100000110
0010010000101110
0010010101001100
0010011100010000
0010011100010000
0010011100010000
0010011100010000
0010010101111100
0001001000111100
1111110111111110
1111110010010100
1111101011111110
1111100100010000
1111010101100000
1111001001010000
1110111010011110
1110011001111110
1110001010000100
1110010001000000
0000100111100110
0001001111000010
1110100101011110
1111101011000010
0000010000111110
0001000101001000
0000110000100000
0000000010100110
1110101000000100
1111000011011000
1111000110110010
1111001101101000
1110111110010000
1111110001100001
1111010010110000
0000001001011010
0001111000011000
0010000010101000
0010011100010000
0010010101011010
0010000110000100
0001100101100110
0000111001001110
0000001100110100
1111100111010000
1111110001100001
1111001011111011
1111001000100000
1111001101101000
1111100011110100
1111010111111001
1111101110000100
0000001100110100
1111111011101110
1111110110100110
1111110001100001
1111100000011010
1111101100011000
1111100101100010
1110111111111110
1110101011101100
1111011010111010
1111101100111000
1111001000111010
1111100001101010
1111100110001010
1111101100111000
0000010101010110
0001001111110100
0001110110000010
0010010111110000
0010011100010000
0010001110110000
0001010110100100
0000111101110100
1111111110111000
0000001110101000
1111101000011010
1111010001111010
1111010100001010
1111010100001010
1111010110011010
1111110011101000
1111011101001010
0000001010001000
1111111010011000
1111011101001010
1111011111011010
1111011010111010
1111001101011011
1111110001011000
1111010001111010
0000110100000101
0000111111011000
0001010100101110
0000011001101110
0000000000101000
1111111011100110
0000001000001010
0001001010101100
0001110110100110
0010000011001010
0010001101001100
0010011100010000
0010010100101110
0001110100000110
0001100011110001
0001001010101100
0000010010001100
0000011110110000
1111100111100010
1111000101101010
1111101101110100
0000100011110010
0000100101000010
0000000101101010
0000110100000101
0000011110110000
0000100110010010
1111110111110110
1111111110001000
0000001001011010
0000000001111000
1111001111101101
1111000111101100
1101100011110000
1101100011110000
0010011100010000
1110000011000000
1101100011110000
1110000011000000
1110100111011110
1101100011110000
1110111110010010
1111000001001110
1111110010110110
0000101101010010
0010001101101010
0010011100010000
0000110000001100
0000101101010010
0000010010111110
0000010010111110
0000001010001110
0000000111010100
0000000111010100
1111111110100010
1111100100010000
0000010000000100
1111111011101000
1111111011101000
1111111000101100
0000010101111010
0000100100100000
1111100111001100
0000001101001010
0000010010111110
1111111011101000
1111110101110010
1111010101101010
0000010000000100
0000001101001010
1111100111001100
1111011011100000
1101111110000010