1110111001011010
1111110101001010
1111111101101000
0001011000000010
0010010010001110
0010011100010000
0001110101001000
0010011100010000
0010010110111110
0001000110100110
0000000011011100
1111100111011010
1111100101010100
1111100010001000
1111100110111000
1111110100000110
0000010101011010
0001000100011110
0001011011001110
0001011001101000
0001010110111110
0001011100010010
0001110111110000
0001100111111010
0001100111111010
0000111111001100
1111110100000110
1110011001101100
1110001101100010
1101101100110000
1110000001111000
1110000110001000
1110101001110110
1111100100100110
1111101100000000
0001011010000110
0010011010010010
0010011100010000
0001100011011110
0010001111011010
0010000001100110
0001001010110010
0000000100101100
1111101001000010
1111100011101000
1111100011101000
1111101011000010
0000000010001110
0000110000100111
0001100110011100
0001110110010000
0001101001011010
0001011001100110
0001011100000011
0001100100011110
0001100100011110
0001100000000010
0000101101001010
1110111111100100
1110010111100110
1110001011010000
1101100101001110
1101111111111000
1101111011011100
1110011110001000
1111100000011110
1111110011001010
0001001100011000
0010010110001100
0010001111101000
0001011110100110
0010001110010000
0010011100010000
0001011010011000
0000011000000100
1111110101000010
1111110101100000
1111110000110100
0000001010111110
0000101100001010
0001100011010000
0001110010101100
0001000101110110
0001000001001010
0001000110110010
0001000111010000
0001000101110110
0001001011111010
0001001011011100
0000001101010100
1111000000101110
1110010101010000
1110011000000100
1101110011101000
1101101100101000
1110010111100110
1110011111101101
1111100010000010
1111110011001010
0001010011011110
0010011100010000
0010001001100010
0001101000010101
0010000011101000
0010010101110110
0010001111111100
0001010111110000
0000101001110000
0000111000101110
0001011000110100
0001110011100110
0001101100000110
0000111001110010
1111111100010000
0000000100010010
0000010000100110
0000111000101110
0001000100100000
0000111110100110
0000101010110100
0000100100111100
0000010100111000
1111001100101000
1110100111001100
1110011011111100
1110010111001000
1110010001110010
1101111001101100
1110100100100110
1111100011000001
1111101111010010
0001000011110100
0010000101001010
0001110010000000
0001000100110010
0001001100001010
0001110100011100
0010011100010000
0001111110010010
0001001011001100
0010000001001110
0001111111110000
0000101001110000
1111110101101100
1111100100011110
1110111100001100
1110110000111010
1110110010011000
1111011111000110
0000000000111110
0000101000010001
0000011001000011
0000001110010000
0000010000101110
0000001011010100
1111001000111110
1110101100111110
1110011001110100
1110010001011100
1101111010010110
1110100100001010
1111100110101010
1111111011010000
0001010100011110
0001101111111001
0001011001001101
0000011110000110
0000101101111100
0001101111011000
0010011100010000
0010001010010100
0001111011100010
0001111011000000
0001011100111010
1111110000001010
1111001000100100
1110100100101100
1110001001110000
1110000101100010
1110000000110010
1110001001001110
1111001001000110
1111101100011110
0000000111111010
0000010000111010
0000010101101010
0000010100000011
1111111011010000
1111011000111100
1110100110110011
1110010100110110
1110000000010000
1110111101111000
1111100111010010
1111010100011010
0000010001011100
0000111010001000
0001000100010100
0000100010111000
0000101001011100
0000011101000100
0001101110011110
0010011100010000
0010011000101000
0010011011100010
0001111101000000
1111110110100100
1111000010111110
1110010100011100
1110001110101000
1101110001100100
1101110101001100
1110100100011100
1110011000000100
1110101001100010
1110111001100000
1111000010001111
1111010110100100
1111101101110110
1111100101001001
1111101101110110
1111100000000010
1111100100011000
1110110100011010
0000001000101100
0000101011011010
1111011101010010
0000011010000010
0001011111100000
0010001010111000
0010010011100100
0010011100010000
0010010011100100
0001000101011100
1111010100100110
1110110001111000
0000000000000000
1111001011111011
1111110111010100
1111100101111110
0000001000101100
0000001000101100
0000011010000010
0000000000000000
0000101011011010
0000111100110000
0001010110110100
0001000101011100
0000110100000101
0000000000000000
1111001011111011
1110110001111000
1110010111110110
1110101001001100
1110100000100000
1110010111110110
1111001001100000
1111110101000110
1111101101110110
0000111101110001
0010001101101110
0010010100111110
0001101001011000
0010001101101110
0010011100010000
0000100111111110
1111010000110000
1111011111010010
1111000010001111
1111000010001111
1111011111010010
1111010000110000
1111011111010010
1111111100011001
0000111101110001
0000100111111110
0000101111010000
0000110110100000
0001100010001000
0001000101000010
0001101001011000
0001001100010100
0000001010111010
1110001111010110
1110110011101100
1110001111010110
1110010110101000
1110010110101000
1110001111111010
1111101000001110
1111101011101001
0001100010100000
0010011000110110
0010010010000100
0001011111000110
0010010101011110
0010011100010000
0010001011010010
0000110010111100
0000010111110010
0000010100010111
0000011011001011
0001100010100000
0010001011010010
0010000001000100
0000100001111110
0000011011001011
0000100101011000
0001011011101110
0001011111000110
0000100001111110
0001010100111010
0001011000010100
0000101000101111
1110111000101010
1110101110011110
1110110001111000
1110100100010010
1110101011000110
1110001001001000
1101100011110000
1101100011110000
1101100011110000
1101100011110000
1101100011110000
1101100011110000
1101100011110000
1101100011110000
1101100111001100
1101100111001100
1101111111110010
0000110010111100
0010001110111010
0001111100111110
0010001001011000
0010000111110110
0001100001000101
0001010010000010
0000111111001010
0000101001011010
1111011011111100
1110001100000001
1110000110000110
1101110110110110
1101101101010010
1101101000101110
1101101001110110
1101101000010110
1101100011110000
1101100011110000
1101100011110000
1101100011110000
1101100011110000
1101100011110000
1101100011110000
1101100011110000
1101100011110000
1101100011110000
1101100011110000
1101100011110000
1101100011110000
1101100110000100
1101100110011000
1101110110001100
0000001100110110
0001010111011010
0001010100011100
0001101001000111
0010010011100010
0001101000011100
0001001000010010
0000110100011100
0000010111110010
1111000100010010
1110000011110010
1101111010110110
1101110001100010
1101101010111010
1101101000010110
1101100111101010
1101100111110100
1101100011110000
1101100011110000
1101100011110000
1101100011110000
1101100011110000
1101100011110000
1101100011110000
1101100011110000
1101100011110000
1101100011110000
1101100011110000
1101100011110000
1101100011110000
1101101100100110
1101110110100000
1110001000101110
1110001010010010
1110001100101110
1110001010111110
1110001100101110
1110010001001110
1110010011111001
1110010010010100
1110010010010100
1110001111011000
1110010000111100
1110001101001100
1110001100110000
1110010110101010
1110001100010000
1110001100010000
1101111010100010
1101110110011000
1101100011110000
1101100011110000
1101100011110000
1101100011110000
1101100011110000
1101100011110000
1101100011110000
1101100011110000
1101100011110000
1101100011110000
1101100011110000
1101100011110000
1101100011110000
1101111010000100
1111001110111010
0010011100010000
0010011100010000
1101100011110000
1101100011110000
1101111010000100
1110000011000000
1110010100110110
1110010100110110
1101111010000100
1110001011111100
0000000000000000
1111011100010010
1101111110100010
1110100010010000
1101111110100010
1101110101100110
1101101000001110
1111000101111110
1101100011110000
1101100011110000
1101100011110000
1101100011110000
1101100011110000
0010011100010000
0010011100010000
0010011100010000
0010011100010000
0010011100010000
0010011100010000
0010011100010000
0010011100010000
0010011100010000
0010011100010000
0000011100000010
0000011010010100
0000010110001010
0000010000111110
0000001111110010
0000001001100100
0000000110100100
1111111010111000
1111011110101000
1110110001110000
0001000000100110
0000010010011000
1101110111011110
1110100101111110
0000010101111100
0000101110100010
0001001011110100
0001001110001000
0000010000111000
1111101010101010
0000111001010110
0010011100010000
0001101101000010
0001001111110100
0001010010000100
0001101010110010
0010000101110010
0001111100110010
0010000001010010
0001101010110010
0001101111010010
0001101111010010
0010001000000010
0001110001100010
0000111101110100
0001101000100010
0000110010100101
0001000100100100
0001111010100010
0001100110010010
0010000001010010
0001100110010010
0001100001110010
0010000011100010
0001010010000100
0001001011010100
0001001011010100
0000111001010110
0001000110110100
0000100010110110
0000000000000000
0000001110011010
0000011110110110
0001011000011010
0001101000110110
0001110011001000
0010011100010000
0001001010000000
0001101010111010
0001011100100001
0001100010101100
0010000111101100
0000111101101100
0000111001100100
0001011110100100
0001000001110010
0001010000001100
0000111111101110
0000001110011010
0000000010000100
0000011000101010
0000101001001000
0001001100000100
0000111011101000
0000010110101000
0000100010111100
0000011000101010
0000111001100100
1111111011111000
0000100101000000
0000000000000000
1111000000010010
1111101101011000
0000111111111110
0010000101100110
0010010000111010
0010011100010000
0001001100111010
0000111001011110
0001000011001100
0001001000000100
0001010000001010
0001110101011000
0001101010000100
0001110000100001
0001011101000110
0000001010100010
0000110111110111
0001010110101000
0000101110001010
0000110100101000
0000110111110111
0000011001000110
0000101100100001
0000100110000100
0000111111111110
0000011111100100
0000001010100010
0001010110101000
0000001100001001
0000010001000000
1111100000011100
1111110101011110
1111001001110000
1101100100100100
0010011100010000
1101100011110000
1101100011110000
1101100011110000
1101100011110000
1101100011110000
1101100011110000
1101100011110000
0000000101001000
1111011110101100
0000100001010100
0000011100001100
0000111010111010
0010010111001000
0010011100010000
0001010111000110
1111111010111000
1111101011100000
1111110011001100
1111110101110000
1111111101011100
0000011100001100
0000010111000100
0000000111101100
1111011110101100
1111011110101100
1111110101110000
0000000101001000
0000000000000000
1111010001111010
1111101000111100
1111100011110100
0000010001111100
0000000111101100
1111111000010100
0000100001010100
0000001100110100
1111110101110000
1111000111101011
1110100011110011