1111001110100000
0001010110010000
0001000110101100
1111100011101110
1110111001010100
1110010001000000
1110101000010110
1110010100100010
1110000100010011
1101111010011000
1110000001011100
1110101000010110
1110010001000000
1110001001001110
1110100100000111
1110101001000010
1110100101100000
1111001000110110
1111001010010010
0000010000010000
0000110111110110
0000111101100000
0000011000110000
0000001001111010
0000000111000011
0000011101101100
0000110111110110
0001010100110110
0010001001001010
0010001100000000
0010011010110110
0010011100010000
1111001100000110
0000111000010100
0000101011000100
0000011110111010
1111111101110010
1110101001010100
1110010001000010
1110001110010000
1110010110000000
1110010010101100
1110011110010010
1110100001100110
1110100111101010
1110101000110000
1111101000110100
1111000111001000
1111100001000110
1111111100001000
0000011000010010
0010001100110010
0010011100010000
0001110010010010
0001110100100000
0010001001011110
0010000011011010
0010001100110010
0001111000011000
0010000000000110
0001100010010010
0001101100001110
0001111010000010
0010010110101110
1110111100101010
0000010011010000
0000001010000110
0000101110110000
0000010000111110
1111010000010110
1110011001110100
1110011101000010
1110011110110110
1110100010111110
1110110010000110
1110101010110010
1111001110000100
1110111111110110
1111011110100100
1111111000001111
0000001011111010
0001000100010010
0001011011001100
0010011011110010
0010011100010000
0001110101110000
0001101001011000
0001100101010000
0001010010011110
0000100010011000
0000010000100000
0000011111001010
0000010110000000
0000100101100100
0001000010011100
0001001101111010
1111001000100100
0000100001100000
0001111000101010
0010010110010100
0001001101011000
1111100100011100
1111010000010000
1110110110110010
1110111101111000
1111000100011010
1111001111000110
1111101100101110
1111111111001000
0000011010011000
0001011011000010
0001101110000000
0001101111110010
0001101011101000
0001110000010111
0010000010001010
0010011100010000
0010010010110000
0001110000010111
0000100011111000
0000001100001001
0000000010000100
0000001000000000
1111111101010110
0000011001001100
0000011111000111
0001000010001000
0010000011010110
1110111110001010
0000000001010010
0010010110011100
0010011100010000
0000110001000100
0000000101001010
0000000110011110
1111010001100001
1111111001100010
0000001001000010
0000011101101100
0001111101111010
0010010011110110
0001011110010010
0000111101010110
0000011101000100
0000010100101010
0000000010100110
0000100110000110
0001001000111110
0001111010000010
0001111101111010
0001100101011000
0000011101000100
1111110110010100
1111110001110010
1111100100010000
1111110100011001
0000000011001110
0000010101010100
0001011110111010
0001100101011000
1110110101011100
0000010110110110
0010011100010000
0010010011010000
0001000101010100
0000011001110110
0000000111001000
1111101100111000
0000110111110110
0001000001100100
0001001001110100
0000100011100110
0000011001110110
1110110111101100
1111110010001000
1111010111111010
1111000101001100
1111010110011010
1111001011111011
1111011010111010
0000000110011000
0001011001100100
0001010001010100
0000000100001000
1111010101101010
1111001011001010
1110111100001100
1111010100001010
1111001010011010
1111110100011001
0000100100010110
0000000101101000
1111000000010010
0001011111111010
0001110101010110
0010011100010000
0000111101000010
0000011110001100
1111111110000000
0000111110011000
0001110011111111
0001111010101110
0000011010001010
1111010001101110
1110111001100110
1111110001111010
1111110011010000
1111110001111010
0000000110000010
1111100101110110
1111011011001000
1111000111000000
1110001010101010
1111001001101100
0000100100111000
0000000111011000
1111100011001011
1111101100100100
1111001101101111
1111010000011000
1110111010111100
1110110110111010
1111010000011000
1110110101100100
0000001001001100
0010011100010000
0010011100010000
0000011011100100
0000011011100100
0000011011100100
0000010010011000
1111010010000010
1111101101101000
0000000000000000
0000110111001010
0001010010101110
0001000000010110
1111110110110100
0000110111001010
0000010010011000
0000001001001100
0000100100110000
0000010010011000
1111011011010000
1111110110110100
1111110110110100
1111101101101000
0000011011100100
0000101101111110
0000011011100100
0001001001100010
0001001001100010
0001001001100010
0001001001100010
0001011011111001
0001100101000110
1111111100101100
0001001100011110
0000111111001010
0000001001111110
1111110110000010
1110111010001100
1111001110001000
1111010100110010
1111111100101100
1111111100101100
1111101111011000
1111011011011100
1111000000110110
1111101000101110
1111101111011000
1111110110000010
0000010000101000
0000010000101000
0000000011010100
0000111000100010
0001100111000100
0001011001110000
0000111000100010
0000011101111001
0000010111010010
0000111000100010
0000111111001010
0001100000011010
0001110100010110
0010001110111100
0010001000010100
0010011100010000
1110111101000010
0000010010010000
0001110111101110
0001110011101010
0000111110111010
0000001110001110
0000000110000110
1111000001000110
0000001110001110
0000000110000110
0001010111010000
0010011100010000
0010001100000010
0000001110001110
1111101001101100
1111100101101000
1111101101110000
1111110101110110
0000000110000110
0000010010010000
0000111010110110
0001010011001100
0001011111011000
1111110001110010
0000000010000010
1111111101111110
1111000101001010
1111110101110110
1111110001110010
1111110101110110
0001010111010000
0001011011010100
1101100011110000
1101100011110000
1101100011110000
1101100011110000
1101100011110000
1101100011110000
1101100011110000
1101100011110000
1101101110011100
1101101111000000
1101111101100110
1111011000101010
1111101001100010
0000001011010000
0000100011111110
0001001001101000
0010000111011110
0010000000101110
0001010110000000
0000011000101110
1111001101111110
1110010010011010
1101110001110100
1101110000001000
1101100011110000
1101100011110000
1101100011110000
1101100011110000
1101100011110000
1101100011110000
1101100011110000
1101100011110000
1101100011110000
1101100011110000
1101100011110000
1101100011110000
1101100011110000
1101100011110000
1101100011110000
1101100011110000
1101100011110000
1101110001111100
1101110000100100
1101110111011010
1111001111010010
1111100000011110
0000110011101110
0001111111100110
0001111101001000
0001001000011110
0000101001010110
0000001110111000
1111010100110000
1110100101110100
1110000100001110
1101110111011010
1101110000000010
1101100011110000
1101100011110000
1101100011110000
1101100011110000
1101100011110000
1101100011110000
1101100011110000
1101100011110000
1101100011110000
1101100011110000
1101100011110000
1101100011110000
1101100011110000
1101100011110000
1101100011110000
1101100011110000
1101100011110000
1101101110011100
1101100101110100
1101101000011100
1110100000110110
1110100001001100
1110101101101100
1111100001110011
1111011110100100
1110010110101100
1110000010011000
1110001000010100
1101111101101100
1101111110111100
1110000100100100
1101111111111000
1101101011000010
1101100011110000
1101100011110000
1101100011110000
1101100011110000
1101100011110000
1101100011110000
1101100011110000
1101100011110000
1101100011110000
1101100011110000
1101100011110000
1101100011110000
1101100011110000
1101100011110000
1101100011110000
1101100011110000
1101100011110000
0001101011001010
1101101100101100
0010011100010000
0010011100010000
1111001110111010
1110110100000110
1101111010000100
1110010100110110
1110010000011011
1110001011111100
1110100110101110
0000011111010000
0000011010110010
1110001011111100
1101110101100110
1101111010000100
1101100011110000
1101100011110000
1101100011110000
1101100011110000
1101100011110000
1101100011110000
1101100011110000
1101100011110000
1101100011110000
1110110011001010
1110110010011100
1110111001001010
1110111111101100
1111000010100110
1111000110011000
1111000111001100
1111001101000000
1111011111010010
0000001100111000
0000110111001010
0000110111100000
0001000111100100
0001010000000000
0001010110100000
0001100100101000
0001101101010000
0001101101101010
0001001100011110
1111111100110000
1110010111110110
0000010100001101
1101110111111100
1110011111110010
1111000110110100
1111100101001001
1111001110110000
1111011011100010
1111101010110110
1111100100110010
0000001011000101
0000001011000101
0001000011100010
0000011101001110
0000101101011000
0001000101100100
0001010001101001
0000111101100000
0001010101101100
0000010001001000
0001100011110100
0010011000001110
0001110111111110
0001111110000000
0001001111101000
0010001110001000
0001011111110010
0010011100010000
0001101111111001
0001010001101001
0001000001100010
0000100111010100
0000100101010100
0000110111011100
0000100001010010
0000101111011000
0000000101000010
0000011001001100
1111100010110010
1110010000000111
0000010101000100
0000101011001110
0000100110110010
0001011001110000
0000110100000101
0001010000111010
0001101011011111
0001100010101000
0001111111011100
0000110100000101
0001110110100100
0001001000000010
0000011011101110
0000101001000000
0001001110101100
0001101101101110
0001100000011010
0010011100010000
0001100100110110
0010000011111000
0001101111111100
0001100100110110
0000111000100010
0001000011100110
0000101111101010
0001100111000100
0000110110010100
0001101011011111
0001001110101100
0001000101110100
0000000001000110
1110110001010100
1111111101111000
0000100110100010
0000111110000100
0000110111101010
0000101100111100
0001000010010110
0000110011011000
0001011110001100
0010011100010000
0001010001010101
0001010001010101
0000110101100000
0000100010010000
0001010001010101
0001001000110010
0001101000111000
0001010001010101
0001110101101110
0010000010100100
0001101011000010
0001011100000010
0001010011011110
0001111100001010
0001000010010110
0001001000110010
0001000000001110
0000111011111100
0000110111101010
0000100110100010
0001100100100110
0000001010101100
1101111011010010
1101100101011000
0010011100010000
1101100011110000
1101100011110000
1101100011110000
1101100011110000
1101100011110000
1101100011110000
1101100011110000
1111011011101000
0000100000000110
0001010011011110
0001011100000010
0010011100010000
0001010011011110
0010010011101100
0001011100000010
0001110001011100
0010010011101100
0001000110101000
0001100000010011
0001110001011100
0000101000101010
0000111001110010
0001100000010011
0001100000010011
0000100000000110
0000111001110010
0000000110011010
0000111001110010
0000111001110010
0010000010100100
0001110101101110
0001111010000000
0000001110111110
1111111101111000
0001110001011100
0000111110000100
0000100000000110
0000101000101010
1111101100110000