1111001111000110
0000000000011100
0000110011001100
0001100111101101
0010001100011010
0001101010111000
0001010011010110
0000101110101001
0000010010100100
0000010101110000
0000001101100101
0000000110110010
0000010110101010
0000110011001100
0000110101111001
0001010110000100
0010010010110000
0010011100010000
0010011010111010
0010000010011100
0010000011010110
0010010100000110
0010000110100000
0001110010100110
0000111111011010
0000100110111100
0000100101001000
0000010101110000
0000010110101010
0000101001101010
0000110101111001
0001010001000100
1111001101010110
0000000001011010
0000110101100000
0001101001000111
0010001000110110
0001110001001010
0001101101110110
0000101111010110
0000010000100100
0000001111101000
0000010101010100
0000010011011010
0000011111010000
0001000100101010
0001010100010010
0001110011000100
0010011100010000
0010001101000110
0010010100001100
0010000101100010
0010001001110010
0010010101101000
0010000101100010
0001101110010100
0001000101100110
0000011011011110
0000001000100010
0000001001000000
0000001001111100
0000001000000100
0000011111101110
0000111111011100
1111010000110110
0000000001101110
0000101100101011
0001011110100010
0001111010001100
0010011100010000
0010010001111000
0001001000110100
0000111000000001
0000110000001000
0001000100111000
0001001111101110
0001111111001000
0010001110011100
0010001010111110
0001111000101101
0001100000100000
0001010100101001
0001001001110100
0001100010100000
0001111000001110
0001101011011000
0001111011001100
0001010100101001
0000100010110100
1111111110110010
1111110010111010
1111100111100100
1111100001101000
1111111110010010
1111110011111010
1111111110010010
1111000110101100
1111101110000110
0000011010011010
0000111110001110
0001100011110110
0010010100101000
0010011000001110
0010011100010000
0001101100110010
0010000100100010
0010000100100010
0010010100101000
0001011110000010
0001001000000110
0000100001001000
0000000101110011
1111110100110100
1111111000110110
1111110100011001
0000011100001110
0000110111000100
0001001011001110
0001000111101000
0000010110011000
1111110100110100
1111010101000010
1111010011101100
1111010001011100
1110110100110010
1111000001010100
1110111000011000
1110101010100000
1111010001110110
1111111101100100
0000100011001110
0001001010011110
0010000111001100
0010011100010000
0010010001010100
0010010111011010
0010010110001100
0010010111000000
0001100111101000
0000100111010000
0000010011000010
1111111001111100
1111011111101000
1111011111001110
1111011000110000
1111100111010100
1111100101101100
1111110010010000
0000010110010000
0000110000100100
0000101100001000
0000001000100000
1111011000110000
1110111001100100
1110110001000100
1101111111010010
1101101000001100
1101110101001010
1110000110111110
1110000100111100
1110111011101110
1111111100000100
0000011010110010
0001000001110010
0010011100010000
0010011010001100
0001101110100110
0010010101001100
0001111000111110
0001000001110010
0000011111010110
1111101110011000
1111001100010110
1111000000010010
1110101011111111
1110101010101111
1110110111001010
1110110011000010
1111000001001000
1111100000101010
1111111111011000
0000001010001010
1111110011110000
1110111000011010
1110100010011010
1110000110101000
1101110101100110
1101110010101100
1101100101011010
1101110011111100
1101111010001010
1101111000100000
1111101100100000
0000101010101010
0001001100100010
0001110010101010
0010011100010000
0010011011011010
0001111001000110
0010001011000110
0001100001111100
0000010110100000
1111111101101010
1111000000110010
1111001000000100
1110110011011110
1110111100100000
1110111010010110
1111000101100000
1111000001001100
1111000001101000
1111010011001110
0000001001001110
0000000100000100
1111011101111010
1111000000010110
1111000001001100
1110100010010110
1110000011000010
1110001100111010
1110010001001100
1110000000011110
1101111011010100
1110000011111010
1110110011100010
1111101111011000
0000010111010010
0001011001110000
0001100111000100
0001001100011110
0001001100011110
0000101011001110
0000011101111001
0000001001111110
1111101111011000
0000001001111110
0000011101111001
0000100100100100
0000100100100100
0001100111000100
0001101101101110
0010011100010000
0010001000010100
0001100111000100
0001111011000000
0010001000010100
0010001110111100
0001000101110100
0000111111001010
0000111000100010
0000010111010010
1111101000101110
0000011101111001
0000100100100100
0000011101111001
0000111111001010
1111001110011110
0000001011011100
0000110001100010
0001010000000010
0010010100101000
0001110110001000
0001010111101010
0000101001111010
0000000011110100
0000100010010100
0000001011011100
0000000011110100
0000101001111010
0000100010010100
0001010000000010
0001100110111010
0010011100010000
0010000101011000
0010011100010000
0010001101000000
0010000101011000
0001111101110000
0010011100010000
0010011100010000
0000110001100010
0000101001111010
0000110001100010
0000010011000100
1111111100001100
0001000000110010
0000110001100010
0000111001001010
1110111110001000
1111101111000100
0000011000011110
0000110110100110
0001001101001100
0010010000111110
0010001001011100
0010010000111110
0001100111100010
0001100111100010
0010000101101010
0010011100010000
0001110110100110
0001100111100010
0000101111000100
0000010000111100
1111111010010110
1111111110001000
0000000101101010
0000101011010100
0000110010110110
0001100111100010
0001011111111111
0000100011110010
0000000101101010
1111011100001110
1111010000111100
1111101011010010
1110111010010110
1111101011010010
1111110010110100
1111010100101100
1101100011110000
1101100011110000
1101100011110000
1101100011110000
1101100011110000
1101100011110000
1101100011110000
1101100011110000
1101100110001000
1101100101111010
1111000001101000
0001010001100110
0010010011110110
0010000111111010
0001010001101110
0000110001101010
0000010101111100
0000000001010000
0000001111000000
0000000111011000
1111101001101110
1111000110001011
1110001111110110
1101110100001110
1101110000000010
1101100110110100
1101100111110110
1101100011110000
1101100011110000
1101100011110000
1101100011110000
1101100011110000
1101100011110000
1101100011110000
1101100011110000
1101100011110000
1101100011110000
1101100011110000
1101100011110000
1101100011110000
1101100011110000
1101101001000000
1101100110001000
1111001101111100
0001011111001110
0010001010010100
0010001100110000
0001001110011100
0001110010100110
0001010011010010
0001001111110100
0001000001110110
0000011110001000
1111011011111110
1110101001001000
1101111110000110
1101110011011000
1101110000111100
1101100111010110
1101100111001110
1101100011110000
1101100011110000
1101100011110000
1101100011110000
1101100011110000
1101100011110000
1101100011110000
1101100011110000
1101100011110000
1101100011110000
1101100011110000
1101100011110000
1101100011110000
1101100011110000
1110100110111101
1101101101001000
1110001101111100
1110101001011100
1110001101010100
1110001010100000
1110001001100100
1110010111111100
1110001100111100
1110001100101010
1110001110101000
1110001011110010
1110001100101010
1110000100011010
1101111100110000
1110101101001100
1110010001100100
1110001011010100
1101111111111000
1101100011110000
1101100011110000
1101100011110000
1101100011110000
1101100011110000
1101100011110000
1101100011110000
1101100011110000
1101100011110000
1101100011110000
1101100011110000
1101100011110000
1101100011110000
1101100011110000
0000011010110010
0010011100010000
0010011100010000
0010011100010000
1101101000001110
1101101000001110
1110011001010100
1111001010011100
1111101110001010
1111100101001110
1110100010010000
1101110001001010
1110011001010100
1110111101000010
0000001101011010
1111001010011100
0000001101011010
0000000100011110
1101101000001110
1101100011110000
1101100011110000
1101100011110000
1101100011110000
1101100011110000
1101100011110000
0010011100010000
0010011100010000
0010011100010000
0010011100010000
0010011100010000
0010011100010000
0010011100010000
0010011100010000
0010011100010000
0010011100010000
1111100001101010
1111100010011010
1111100000010110
1111011110000010
1111011011110000
1111010111100101
1111001110001101
1110111101011000
1110010111100110
1110011011011101
1110110111000110
0000100110100110
1111100101100000
0001010101101010
0000110001101110
0001111000101100
0010000110111110
0010011100010000
1111110010011011
0000101000101111
0000111101001010
0001001010101110
0001000011111100
0000110110010110
0000101000101111
0001011000010100
0001111010010010
0010010101011110
0010011100010000
0010011100010000
0010000001000100
0001011111000110
0001100101111010
0001110011100000
0010000001000100
0010000001000100
0001110011100000
0010000001000100
0010000001000100
0001110011100000
0001011111000110
0001000011111100
0000110110010110
0000001101100101
1111110010011011
1111111001001110
1110110101010010
0000000000000000
1111100100110101
1111001001101010
0000001100000010
0000111001000110
0001101100001100
0001100011001010
0000101010000100
0000011110000011
0000010101000010
0000111111000110
0010010011010000
0010001101001110
0010010000001110
0010011100010000
0001111000001100
0000111001000110
0000111001000110
0001010100001000
0001110010001100
0001011101001001
0001010100001000
0001010111001000
0001101001001010
0001010001001000
0001010001001000
0000010010000010
1111001100111010
1110011111110111
1111011011111100
1111001100111010
1110011001110110
1111010010111100
1111100100111111
1111011110111100
0000001001000010
0000111010001000
0010000010011100
0001011011101100
0000110010011000
0000100000010010
0001000001110110
0001011110010010
0010000101000000
0010011100010000
0010001100110000
0010010111000110
0001101101110000
0000111100101100
0001000111000010
0001010011111100
0001111111110110
0001111000000101
0001110101100000
0001111000000101
0001101101110000
0000111100101100
0000001001000010
1111110110111110
1110101110101011
1110101110101011
1111001011000100
1110100100010100
1110011111001010
1110110011110100
1111101100101000
1111100010010100
0001101000111010
1101100011110000
1101100011110000
0010011100010000
1101100011110000
1101100011110000
1101100011110000
1101111101110010
1101100011110000
1111111100001100
0000111110001111
0000111011101110
0010000111111100
0010011100010000
0000111001001010
0001011111010010
0000110110101000
0001011111010010
0001001000011010
0000011000001000
0000011010101100
0000110100000101
0000101001111010
0000010000100000
0000011101001110
0000111110001111
0001000011010100
0001011111010010
0001100001110100
0000110100000101
0000101111000000
0000110001100010
0001000011010100
0000011010101100
0001010101000111
0000110100000101
0000101100011110
0000101100011110
0000110100000101
0000001011011100
1111000001110001