1110101010100000
1111101001011010
1111111001001000
0000001000110110
0000110110000011
0001110100111011
0001010101100000
0000011010100010
1111100101011110
1111110011001110
0000000110111000
0000101110001011
0001001111100110
0010010100011000
0010011100010000
0001011111010100
0000101000010001
0000101010001111
0000011100100000
0001000101110010
0010011010010010
0010010010011100
0001001101101000
0000111000000000
0000101100001101
0001000001110110
0000111011111100
0001001001101100
0000110000001001
0000100110010100
0000010000101110
1110111110001010
1110010111110110
1111100011010000
1111100011010000
0000010001111110
0001100110011000
0001101001111110
0001010100011010
0000010101100100
0000010000001010
0000011010111100
0000010111010110
0001000111110110
0001010000110100
0010011100010000
0010011000101010
0001100000111110
0001100100100011
0001010110001110
0001011101011010
0001111000010110
0010000100111010
0010001000100000
0001111010001000
0001100100100011
0001110010111100
0001100010110010
0001110110100010
0001011111001100
0001000010011100
0001000110000010
0001001101001110
0000010111010110
1110010101101000
1111100101011010
1111011101000110
1111111001010110
0001011000000110
0010000001101010
0001101101101110
0000011000111100
0000001001111110
0000001101010100
0000001110111110
0000101001100100
0001011000000110
0010001101010010
0010011100010000
0001101000101110
0000110110110110
0000100100100100
0000010010010010
0000111010001100
0001101010011000
0001110001000010
0001000111011110
0000100001010000
0000101011001110
0000111101100000
0001000000110100
0000010101100110
0000000001101010
1111100010000111
1111101000101110
1111000101110100
1110011001010010
1111101110101000
1111100111011010
0000011010000010
0001101111011010
0010011100010000
0001111111010100
0000011111110110
0000100111000100
0000000111001110
0000010100010000
0000100111000100
0001010101010110
0010001101110010
0010011001010110
0001000001000110
0000011010000010
0000010100010000
0000000111001110
0000101110010010
0001011111100000
0001010011111010
0000111100110000
0000011000100110
0000101001111110
0000011111110110
0001000010100100
0001001000010110
0000100100001010
0000101000100000
0000010101101100
0000000100010110
1110011001110010
1111101110011110
1111100111001100
0000001110100110
0001111010101010
0010011100010000
0001101101100010
0000110001101010
0000100111011100
0000000101110110
0000010001100010
0000100111011100
0000101110101110
0010010000100100
0010001100001100
0000100101111110
0000001000110000
0000000010111001
1111111010001010
0000011000110100
0001011100000000
0001100001110110
0000100100100000
0000100011000010
0000110000001100
0000011011110000
0001001001000000
0000110111100000
0000110100100011
0000010000000100
0000000101110110
1111110010110110
1110100101001110
1111101001101100
1111100000110000
0000101000001100
0010001000111010
0010011100010000
0001100000101110
0000101110001000
0000010110010100
0000010001110110
0000001000111100
0000101100101010
0001001101011000
0010001010011010
0001111000100010
0000011010110010
0000000000000000
0000000001011111
1111111000100100
0000001110111000
0001010110010100
0001101001101010
0001000101111100
0000011111010000
0000101000001100
0000101000001100
0001000010111110
0000111011100010
0000001011111010
1111111000100100
0000000111011100
1111010111110100
1110101000010010
1111010111000100
1111001110101100
0000011101010000
0001110111100000
0001111010110100
0001001000101100
0000110110010100
0000011000001110
0000010100111000
0000011011100100
0001010010101110
0010000001100000
0010010011111010
0010011100010000
0001101111001000
0000101100010010
0001000011101100
0001001100000010
0001011110011010
0001101010001000
0010001001111000
0001110101110100
0001011001011010
0001101000011100
0001000010000000
0001001010011000
0001001100000010
0000111001101010
1111111000011110
0000000101110110
1111001110101100
1110100111101100
1111010000011100
1111110010011011
1111101011101001
0001001010101110
0001011111000110
0000011011001011
0000101000101111
1111010111010001
0000000110110010
1111111001001110
0000011011001011
0000010100010111
0010001110101010
0010010101011110
0001001010101110
0001000011111100
0000011011001011
0000101000101111
0000101111100100
0010011100010000
0010011100010000
0001001010101110
0001000011111100
0000101000101111
0001000011111100
0000011011001011
0001011000010100
0001000011111100
0000101000101111
0000101000101111
1111001001101010
1110101001001100
1111101110101000
1111101110101000
0000010001011000
0001110000110101
0010001010111000
0000100010101110
0000100010101110
0000011010000010
0000101011011010
0000101011011010
0001011111100000
0001101000001010
0010011100010000
0001110000110101
0001101000001010
0010000010001110
0001110000110101
0010000010001110
0010000010001110
0010010011100100
0001111001100010
0010010011100100
0001110000110101
0010010011100100
0001011111100000
0010001010111000
0001001110001000
0001101000001010
0001001110001000
0001001110001000
0000111100110000
1110010010010010
1111100101011010
1111011000000110
0000000011010100
0001100111000100
0010001000010100
0001110001000010
0000010011111100
0000000011010100
1111111100101100
0000001001111110
0000100111111010
0001001111110010
0010001110111100
0010011100010000
0001010110011100
0000010111010010
0000011010100110
0000000110101010
0000110001111000
0001100011101110
0001100000011010
0001001001001000
0000110001111000
0000111000100010
0000101011001110
0000100001010000
0000111000100010
0000010111010010
1111111001010110
1111100010000111
1111001110001000
1101100011110000
1101100011110000
1101100011110000
1101100011110000
1101100011110000
1101100011110000
1101100011110000
1101101000000110
1101101000000110
1101101100110110
1111100110000000
1111111101101000
0000101110100110
0010001001101000
0010010000110000
0010010000111110
0010011011110100
0010010110001100
0010000111001110
0001110000011110
0001011011010000
0000000001010100
1110100011010000
1101110100111000
1101110001011010
1101101100000000
1101101010101100
1101101010011110
1101101010011110
1101101010000010
1101101001110100
1101101011100100
1101101100000000
1101100011110000
1101100011110000
1101100011110000
1101100011110000
1101100011110000
1101100011110000
1101100011110000
1101100101101010
1101100101101110
1101101100101110
1111000001010110
1110111011111110
0000001000010100
0010001010001110
0001100000011000
0001010000111100
0000111010111010
0000011010000000
1111111100100010
1111101000101000
0000110111101101
1111011011011000
1110000001011010
1110001111001011
1110011010010000
1110101110110000
1110100000110110
1110100101011110
1110010101101000
1110011000000010
1110010001000110
1110000111011101
1101111010101110
1101100011110000
1101100011110000
1101100011110000
1101100011110000
1101100011110000
1101100011110000
1101100011110000
1101100101111000
1101101011000010
1101110100011010
1110100101011000
1111000011000100
1110100100010100
1110110000110100
1110011111001000
1110010010101000
1110001010010010
1110001010010010
1110001001010000
1110001100011000
1110011101000010
1110101011101000
1111000100101000
0001111100011110
0010011100010000
0010011100010000
0010010110000000
0010011100010000
0010001111001110
0010010100111100
0010010011011000
0010000000101000
0001010100011000
1101100011110000
1101100011110000
1101100011110000
1101100011110000
1101100011110000
1101100011110000
1101100011110000
1111011100010010
1101111110100010
0010011100010000
0010011100010000
0010011100010000
0001010000010110
0000011010110010
1101111010000100
1110111000100100
1110011101110010
1110011001010100
1110011001010100
1110100110101110
0000011010110010
0010011100010000
0010011100010000
0010011100010000
1111010011010110
1110000011000000
1101110101100110
1110010000011011
1110011001010100
1101110101100110
1110000011000000
0000000100011110
0010011100010000
0010011100010000
0010011100010000
0010011100010000
0010011100010000
0010011100010000
0010011100010000
0010011100010000
0010011100010000
0010011100010000
0010011100010000
1110101111000000
1110101111000000
1110110010101010
1110110010101010
1111000000101000
1111001101111010
1111001010110110
1110111010001110
1110101101100110
1110110101111110
0000001110100110
1110001100001100
1111001101101010
1110111100101110
0000001000010100
0010001010001110
0001100000011000
0010011100010000
1111110100011100
0000101011011010
0001011100100110
0001100010011000
0000111111101010
0001001110001000
0010001000000000
0010010000101100
0010001000000000
0001110110101000
0010011100010000
0010010011100100
0010000101000110
0001111111010100
0001110011110000
0001101011000100
0000101011011010
0000101110010010
0001011001101100
0001001011001110
0000101110010010
1111010111100000
0000001110011110
0000010111001010
0000111100110000
0000111001111000
0000101110010010
0000101000100000
0000000010111001
0000010100010000
1111010100100110
1110001100010000
1111111101011010
0000101001101010
0010000111011010
0001111111100110
0001001011100010
0000110100000101
0001111101000000
0010001010000010
0001110010100110
0001011000100010
0010011100010000
0010001100101000
0001011011001010
0001100000010110
0001001011100010
0000111110100000
0000110001011110
0000011111010000
0001011000100010
0000111110100000
0000101110111000
1111000001100000
1111011011100010
1111110010111110
1111111101011010
1111111101011010
1111110101100110
1111110000011000
1111001011111011
1111111000001100
1111000100000110
1110100010010000
0000001100101110
0000101011100110
0001110110000110
0001100010001000
0000110100101100
0000111111100101
0010001011111010
0010011100010000
0001100010001000
0001011001000010
0010010110110100
0001111111001011
0001001100010100
0001000110110110
0001001000101100
0001000001011010
0000001100101110
0000101001110010
0001001110001000
0000101001110010
0000101101011010
1110101110010000
1111010000110000
1111100100110000
1111110001011110
0000011001011100
0000100110001010
0000011001011100
1110110011101100
1111001001100000
1110110101100000
1110010001001010
1111101100100010
1101100011110000
1101100011110000
0010011100010000
1110000011000000
1101100011110000
1101100011110000
1110001000001111
1101100011110000
1110001111111000
1110011111110010
1111011011110100
1111001011111011
1111101101011110
1111100001000110
1111101101011110
1111110010110000
1111110110010010
0000000110001100
0000011101001000
0000100000101010
0000000000111000
0000011011011000
0000100111101110
0001001001010010
0001100000001110
0010000000000000
0010000011100010
0001110011101010
0010000111000100
0010011100010000
0010001110001000
0001100101100010
0010001010100110
0001110011101010
0001110001111000
0001110011101010
0001110001111000
0001010000010110
0001011010111100
0000100100001100