1110011001111010
1111011110011110
1111111100011001
0000011011110110
0001010100100100
0001010110001000
0001000011100100
0000011001110010
0000000010100110
0000001010010100
0000001110111110
0000010101001010
0000010111001110
0000011111011110
0001001101010110
0001101100110100
0010001110010100
0010010111100110
0010001000001000
0001101110010110
0001101010110000
0001111001101100
0010011100010000
0010010111000110
0010001000101010
0001101101010100
0001010100000100
0001010110001000
0001100000011100
0001011010110000
0001001111111100
0001010001011110
1110110100001100
1111101100011110
0000011001100100
0000100110100110
0001011100100001
0001010011101110
0001101001100100
0001000111001010
0000101110011111
0000100101101010
0000011010111110
0000010100000000
0000011111001010
0000101110011111
0001011100000011
0010000001010010
0010011011110010
0010010100010110
0001110110100110
0001101101110000
0001101110101100
0001111011101100
0010010110001110
0010011100010000
0010000101000000
0001110001111100
0001100010100110
0001100001001100
0001011011101000
0001010110111110
0001010111111000
0001000011011100
1110101100010010
1111100010100100
0000011001010100
0000100001100010
0001000110000010
0010000101111010
0010011100010000
0001110010010010
0001010010110100
0001100001110110
0001010101000110
0001010111011000
0001100111010110
0010001001000110
0010010101111000
0010000010010000
0001111111111101
0001110111110000
0001101100010110
0001101001101000
0001110101011110
0010001001000110
0010010011100110
0010000110010110
0001110011001100
0001100000100000
0001010000000100
0001001101110010
0001011000010001
0001010100001010
0001010100101000
0001001010001000
1110100111111110
1111010011011100
0000000111000010
0000001000110000
0000011010001110
0010000100011000
0010000111110010
0010000000100010
0001110000010110
0001111010001010
0001111111010000
0010010001100110
0010011100010000
0001100110000110
0001010010000100
0001001100100010
0001001010110100
0001000111011010
0001000100110110
0001011000111000
0001011100010100
0001101110101000
0001101000010000
0001101001111100
0001001101110100
0001000001000000
0001000011100100
0001000110001000
0001000011001010
0001000101010010
0001010100101000
0001010011010110
1110100100010010
1111000111110010
0000000100100110
0000000001110110
0000111001001010
0001110101100010
0010000001100010
0010001110111000
0010010000010010
0010010011111110
0010011100010000
0001011110111100
0001001011100110
0000101001000010
0000100011100000
0000001010001000
0000001100011100
0000001010001000
0000010000001000
0000011100001000
0000101101001010
0000101111111100
0001001100111110
0001100010101000
0001100001001111
0001000110100010
0000111010000100
0000110010010000
0000111011011110
0000111111100101
0000111111001010
0000100111001100
1110011001000000
1110111110110100
1111101010000110
0000010010111010
0001010101100101
0001110000011110
0001100110000000
0010010011110010
0010011100010000
0001111001111010
0001011000000100
0000101000010100
1111101110000110
1111101100100110
1111011101101010
1111001010010001
1111001011010000
1111000001010100
1110111110110100
1111000100010010
1111000100010010
1111100111101000
0000001000111110
0000101010110010
0001001011001000
0001000001101100
0000111100001110
0000101001110100
0000101111010010
0000101101110010
0000100101010100
1111110110100010
1110110111110000
1111101011110110
1111111010111110
0001011111110010
0001010111011000
0001101000001010
0010001110110100
0010010100101100
0010011100010000
0001011110111100
0000110001100100
1111011111010000
1111011110011010
1110110100011010
1111000110000010
1110011100111000
1110001011001111
1110100001000100
1110010011101000
1110011111011010
1110100000001110
1110101100110110
1110110111110000
1110111110011110
1111100011011100
1111010001110101
1111000101001100
1110101101101100
1110110010101110
1110101110100001
1111000101001100
1111011110011010
1110101111110001
0000001100101010
1111110011010110
0000010101000111
0000001100101010
0000010101000111
0000011101100100
0000011101100100
1110000101100010
0000000100001110
0000010101000111
0000011101100100
1111011010000000
0000010101000111
0000100110000000
0000111111010110
0001111010011110
0001101001100100
0001111010011110
0000101110011100
0001000111110010
0000111111010110
0010011100010000
0010000010111010
0001110010000010
0001101001100100
0000101110011100
0000101110011100
0001100001001000
0000110110111010
0000110110111010
0000110110111010
1110010111110110
1111100011000100
0000000000000000
0000111001111000
0001100010011000
0001011100100110
0000111001111000
0000101000100000
0000100010101110
0000100010101110
0000101000100000
0000101000100000
0000101110010010
0000111111101010
0001010110110100
0001111001100010
0010000101000110
0010010110011110
0010011100010000
0001111001100010
0001111001100010
0001111111010100
0010011100010000
0010011100010000
0001111111010100
0001111001100010
0001101101111110
0001101000001010
0001100010011000
0001100010011000
0001100010011000
0001100010011000
1110100001000010
1111011000001010
0000000000000000
0000000110001000
0000000110001000
0001111101101000
0010000011110000
0010000000101100
0001101011001110
0001110100011010
0001111101101000
0010010011000100
0010011100010000
0001100010000010
0001011110111110
0001001111101010
0001000110011110
0001000110011110
0001000000010110
0001010101110010
0001100101000110
0001101110010010
0001100010000010
0001101011001110
0001000000010110
0000111010001110
0001000000010110
0001000000010110
0001000011011010
0001001100100110
0001100101000110
0001100101000110
1101100011110000
1101100011110000
1101100011110000
1101100011110000
1101100011110000
1101100011110000
1101100011110000
1101100011110000
1101101010110010
1101101101001000
1101101101100000
0000110011001010
0001101111010100
0001100110110000
0001111001100000
0010010100000010
0001101111101110
0000100100010100
0000010111110110
1111111111001110
1111001110110010
1110010011110100
1110000010001110
1101111100010110
1101101110010100
1101101100010110
1101101100010110
1101100011110000
1101100011110000
1101100011110000
1101100011110000
1101100011110000
1101100011110000
1101100011110000
1101100011110000
1101100011110000
1101100011110000
1101100011110000
1101100011110000
1101100011110000
1101100011110000
1101100101110010
1101100110011010
1101101010001110
0000001100010000
0000100110101010
0000101101001000
0000110011110110
0010000101010100
0001110000101000
0000110011000000
0000000111011000
1111010010101010
1110011101111110
1101110010100010
1101101100011000
1101101001110100
1101101000110000
1101101000001110
1101101000000000
1101100011110000
1101100011110000
1101100011110000
1101100011110000
1101100011110000
1101100011110000
1101100011110000
1101100011110000
1101100011110000
1101100011110000
1101100011110000
1101100011110000
1101100011110000
1101100011110000
1101100110111010
1101101101001000
1101111001101000
1111001000100010
1111010010101100
1111010011000100
1111000010111000
1110011100010110
1110011010111100
1110100111011100
1110100011101001
1110011011010011
1110010101000010
1110011011101000
1110100001001100
1110011011011110
1110100011010010
1110011000111000
1110000001111100
1101100011110000
1101100011110000
1101100011110000
1101100011110000
1101100011110000
1101100011110000
1101100011110000
1101100011110000
1101100011110000
1101100011110000
1101100011110000
1101100011110000
1101100011110000
1101100011110000
1111100101001110
1110100110101110
0010011100010000
0010011100010000
1110010000011011
1101101100101100
1110100110101110
1110010100110110
1111011100010010
1110101111101010
1110101111101010
0000110001000110
0001101111100101
0000000000000000
1101110001001010
1101110101100110
1110000111011110
1110000111011110
1110101111101010
1101100011110000
1101100011110000
1101100011110000
1101100011110000
1101100011110000
1101100011110000
0010011100010000
0010011100010000
0010011100010000
0010011100010000
0010011100010000
0010011100010000
0010011100010000
0010011100010000
0010011100010000
0010011100010000
0000110101111000
0000110001111010
0000110010101000
0000101101011010
0000110001100110
0000110001100010
0000101110000001
0000011011000100
1111100000101100
1111111001000110
1110101000100000
0000000001110110
1101101001101100
1110101001010110
0000011001101100
0000101110111100
0000101000100101
0010011100010000
0000100011000010
1111100010011000
0000110101111000
0001001011011100
0000010101100100
0001100110011000
0001011000111001
0000111000100100
0001100000111110
0001100110011000
0001110001001010
0000111000100100
0010001100000110
0001001011011100
0001100011101100
0001000000101010
0001001011011100
0000011101101000
0001101001000100
0000011000010000
0001000110000010
0000110000100000
0010000110101100
0001101011110000
0001110110100010
0001011000111001
0001010000110100
0001000000101010
0010000110101100
0001110110100010
0000110011001100
1111011100111110
0000000000000000
0000100001101100
0001100010000010
0001000110011110
0001011000110110
0001110100011010
0010010011000100
0001010010101110
0010000110110100
0001001100100110
0001101110010010
0000110100000101
0010010011000100
0000101101111110
0000110111001010
0010011001001100
0010001100111100
0001000110011110
0001011000110110
0001000000010110
0010000000101100
0001001100100110
0010010000000000
0001111010100100
0000011000100000
0001011011111001
0010000011110000
0000111101010010
0001011110111110
0000101101111110
1111001011111011
1110111001100010
0000000100110000
1111101100001000
0000100100111100
0000010011111000
0000111101100100
0001111010001010
0001000001010110
0001000111000010
0010010100101100
0010001011001110
0001110100011101
0010000111011010
0010011100010000
0001011011110110
0001111000001111
0001101100111001
0001101110110010
0001011001111110
0001100101010100
0001111111110110
0010000111011010
0001000011010000
0001000011010000
0001000011010000
0000100110110100
0001000111000010
0001000101001000
0001010100010010
0000110101111110
0001010010011000
0001101001000111
1111011001001100
1101100101000000
0010011100010000
1101100011110000
1101100011110000
1101100011110000
1101100011110000
1110000011000000
1101100011110000
0010011100010000
0000101101000100
0000101010000100
0000101010000100
0001011101001001
0010001010001110
0000111111000110
0000110110000110
0000111001000110
1111111101000001
1111111101000001
0000010101000010
1111101101111110
0000010101000010
0000011110000011
0000001111000001
0000001001000000
0000011011000001
0001100000001001
0001110101001100
0001100011001010
0010010110010000
0001110010001100
0000100001000100
0000001001000000
0000000101111111
0001000101001000
0001110101001100
0010011100010000
0001100000001001
0001111011001100
0001010111001000
1111011011111100