1110110100011110
1111101110011010
0000011001111000
0001111001000100
0010011100010000
0001101110101110
0000001101011011
1111110110101100
1111110010100101
1111101100010110
1111110010100101
0000100010001010
0001111111010010
0010001101110000
0001101100101010
0001000101010110
0000001001010100
0001100110011100
0001100010010100
0001011100000110
0001000001001100
0001010011110100
0001101010100110
0001110010110110
0001000111011010
0000011001111000
1111101010010010
1110011111110010
1110010001010010
1111000010111100
1111010011100000
1110110100011110
1110101111111011
1111100001000100
0000010010010000
0001101100101010
0010001100011000
0010000001010010
0000110000011000
0000001010010100
0000000000110010
0000000101100100
0000100110111000
0001010001101100
0010010010101110
0010011100010000
0010010010101110
0001011011001110
0001101110010000
0010000010111000
0010010001001010
0001111110001000
0001001001110000
0001001000001100
0000111110101010
0001011100110100
0000111101000100
0000000111001000
1111100001000100
1110000110101010
1101111110101110
1110011100110110
1110100001101000
1110001001110100
1110010000000010
1111000100000110
1111101100011110
0000111111110100
0001100110111000
0001010000101101
0000011000110000
1111111101011010
1111110000011000
1111111101011010
0000011011010110
0001001110001000
0010001111001110
0010011100010000
0001111110010100
0001011100011100
0001111010011010
0010011000010110
0010010111000010
0001101010110010
0001011000100010
0001101001011110
0010001100101000
0010000111011010
0001100100001111
0000110110101100
1111101111000100
1101111100100000
1110000101100110
1110101111010011
1110101101111110
1110101000110000
1110011001000110
1110111101111100
1111100110100110
0001000010000100
0001101001011100
0001010001010100
0000100010010100
1111110011010010
1111111000011000
0000000101000101
0000011011111011
0001010000000010
0010011000011100
0010011000011100
0001101111110010
0001011000111100
0010000100001000
0010011100010000
0010000100001000
0001010011110110
0001001101100000
0001110110001000
0010001101000000
0010001010011110
0001001000011010
0000110010110100
1111110101110110
1110101010111001
1110111111001110
1111001001011000
1111010110000110
1111100100000101
1110100101000000
1111010011011100
1111111100111000
0001000100011010
0001011000011110
0001001000001010
0000010111001110
1111111110001000
0000001001011010
0000011001101110
0000111011101000
0001111011101000
0010011100010000
0010001011111100
0001111111011000
0010001110011100
0010010111001110
0010011011000000
0001100001001111
0001001110011100
0001011110110000
0010000011001010
0010000110111010
0001011110110000
0000101011010100
0000010101111110
1111101000110010
1110111011100110
1111001011111011
1111010011011100
1111011100001110
1111010010001100
1110110000110110
1111011010001010
0000000111100100
0001110000001100
0001111101111110
0001011111101100
1111111000011100
1111110100010100
1111111101111100
0000000010000100
0000110010010000
0001110000001100
0010011010111000
0010011100010000
0001100101001011
0010011000001000
0010010101011000
0001101110110100
0000111001001000
0000110010010000
0001010100101001
0001100001000100
0001100010011100
0000010101010110
1111111101111100
1111111001110100
0000010110101110
1111110111000100
1110110010001110
1111011010001010
1111011100111010
1111001111001000
1110011000001001
1110110110110110
1111001010101110
1111101110110110
0000001111010110
0000000010101110
1110101111101000
1111000101010010
1111001010101110
1110111111111000
1111101101000010
0001010000011000
0010011100010000
0010010110110110
0001000111010110
0001100000100111
0001100111110111
0000010100110010
1111110010011100
0000001000001000
0000000100100010
0001000111010110
0001010000011000
0000001011110000
1111010101100100
1110111111111000
1110001011100000
1110001011100000
1110010000111010
1110111010011110
1110111000101010
1111110010011100
1111011111010010
0000001010111010
0000001010111010
0010000110011100
0010011100010000
0001101001011000
0000000011100111
1111101101110110
1111100110100100
1111011000000010
1111010000110000
0000110110100000
0001101001011000
0010000110011100
0010011100010000
0001110111111010
0001010011100100
0001110111111010
0001101001011000
0001101001011000
0001101001011000
0001011010110110
0001001100010100
0001011010110110
0000101111010000
1111011000000010
1110111010111110
1110100101001010
1111000010001111
1111111100011001
0000000011100111
1111111100011001
1110101010000100
1111100000110000
0000000000000000
0001110101001100
0010011100010000
0010000100110100
0000010111011100
0000000111110100
1111111000001100
1111100000110000
1111110000011000
1111111000001100
0001100101100100
0001101101011000
0000110110101100
1111111000001100
0000001111101000
0000111110100000
0001111101000000
0001100101100100
0001010101111100
0001010101111100
0001100101100100
0010001100101000
0000111110100000
0000101110111000
1111011000111100
1110110001111000
1110001010110100
1110110001111000
1110110001111000
1110101010000100
1110011010001110
1110111111100000
1111011100001010
0001001011111110
0001011010010100
0001000110010000
1111111011101100
1111101101011000
1111110000001110
0000000100010100
0000100011110110
0001111111100110
0010011100010000
0010010110100010
0001100000000010
0010011001011000
0010011100010000
0001110110111110
0000111010110010
0000110010001100
0001010111011100
0001100101110010
0001011101001100
0000010101100000
0000001111110010
1111111110100100
0000000111001010
1111010011100100
1110110110111010
1111010011100100
1111001000000110
1111000101001110
1101100011110000
1101100011110000
1101100011110000
1101100011110000
1101100011110000
1101100011110000
1101100011110000
1101100011110000
1101100110100010
1101101000111010
1110101111101110
0000001001000100
0000110010101100
0001101011110011
0010001111011010
0010011100010000
0010001101001010
0001100110001110
0000111000001000
1111111001101110
1110111101100010
1101111000001000
1101101010100110
1101101000010110
1101101000110010
1101100111110100
1101101011101110
1101101111000100
1101100111111100
1101100111010000
1101101000100000
1101100111100010
1101100110101100
1101100011110000
1101100011110000
1101100011110000
1101100011110000
1101100011110000
1101100011110000
1101100011110000
1101100011110000
1101100100110100
1101100101010110
1101111101001000
1110011000110110
1110110000000110
1111110110001000
0001010101000100
0010001100011010
0010011100010000
0001111110011000
0000101101100100
1111010000001110
1110000110110000
1101101111001000
1101100111000110
1101100101110000
1101100101011100
1101100101010010
1101100111000010
1101101111110100
1101111101000100
1110001100110110
1110000011101100
1110001100111100
1101111001100110
1101100011110000
1101100011110000
1101100011110000
1101100011110000
1101100011110000
1101100011110000
1101100011110000
1101100011110000
1101101110001010
1101111011001100
1101111110010100
1110000111001010
1110001011010100
1110010101110000
1110101001100010
1111000010100010
1111000010100010
1110111110011000
1111000100101000
1110100010010000
1110011000111000
1111000011000100
1110010010101000
1110100000001011
1110010001000100
1101111110010100
1101110010110110
0001011001100100
0010001101001000
0001110100001000
0001101010010000
0001100001111010
0001011110010000
1101100011110000
1101100011110000
1101100011110000
1101100011110000
1101100011110000
1101100011110000
1101100011110000
1101100011110000
1110100110101110
0010011100010000
0010011100010000
0010011100010000
0010011100010000
0010011100010000
0010010011010100
0000000100011110
1110011001010100
0001000111011100
0010011100010000
0010011100010000
0010011100010000
0010011100010000
0010011100010000
1110010000011011
1101101000001110
1110010000011011
0010011100010000
0010011100010000
0010011100010000
1110011101110010
1110001011111100
1110010100110110
0010000101111100
0010010010100100
0010010010100100
0010010110101000
0010010110101000
0010011100010000
0010011100010000
0010011100010000
0010011100010000
0010011100010000
0010011100010000
1110000110011110
1110000110011110
1110010101001010
1110010101001010
1110011100001100
1110010001100100
1110000010000010
1110000011110110
1110000111010011
1101101101010010
1111110011100000
1110001111111000
1110000001011000
1110011001010000
1110011100100010
1111010100100000
0000111001011010
0001011000100010
0000111011011110
0000111101100000
0001011011101110
0001101111111001
0001110111111110
0001111110000000
0010011100010000
0001100011110100
0001101111111001
0010011010001110
0010000110000100
0010000000000010
0001101101111000
0001101101111000
0001110001111010
0001001111101000
0010001010000110
0001100111110110
0000111001011110
0000111101100000
0001100101110100
0001011011101110
0001000101100100
0001001101101000
0001110101111100
0001011101110000
0001101011111000
0001110011111100
0000110101011100
0000010111001100
0000010001001000
0000000011000010
0000011011111011
0000011110000000
0000110100110010
0010011100010000
0001110010110110
0001110111000000
0010001001101000
0001110111000000
0010000101100000
0010000111100100
0010010001111010
0010011100010000
0010010110000010
0001100100011000
0001111111010010
0001110010110110
0001110010110110
0000000001000010
0001110010110110
0001010101111000
0000101000010110
0001100110011100
0000101110100100
0001000111011010
0000010011101010
0001100000001110
0001110111000000
0000111101000100
0000101010011100
0001000111011010
0000111000111010
1111111100111010
0001100011001110
0010000011011100
0010010010010110
0001111111101110
0000110111110100
0001011001010010
0010011011000000
0010011011000000
0010000100101100
0010011100010000
0010000101111100
0010001111110110
0001101000001010
0000100001011110
0000101101111000
0001011010100010
0001000001101110
0001000000011110
0000100001011110
0000010010100110
1111011100000010
1111111001110100
0000001100011010
0000001110111000
1111111110110000
1111101110101000
0000010110010100
0000001011001010
1111111011000010
0000001000101100
1111100001000000
1110110000101000
1101100100001010
0010011100010000
1101100011110000
1101100011110000
1101100011110000
1101100011110000
1101100011110000
1101100011110000
0010011100010000
1110001011101110
1110100001100010
1111001101001000
1111100110100100
1111100100110000
1111110101000110
1111111000101110
1111101010001100
1111111100011001
1111111110001101
0000110110100000
0000101111010000
0000100110001010
0000111011111101
0001001000101100
0001101001011000
0001100111100011
0010001010000110
0010011100010000
0010000100101000
0001110100010010
0001100010001000
0001110010011110
0001100011111011
0001001000101100
0001011110011110
0001000101000010
0001011001000010
0001000101000010
0000011011010000
1111101101110110
1111011111010010