1111011001001010
0000100001011010
0001000101100010
0001011101000010
0001100110000100
0001111011110000
0010000100110010
0001010101110100
0000100110110110
0000110111000110
0000011101110100
0000101100010000
0001000011110000
0001001010111110
0001100110000100
0010001000011000
0010011100010000
0010010101000010
0010011000101000
0001101011011110
0001011001011010
0001111101100010
0001111000001000
0010000110100100
0001101101010010
0001101011011110
0001100100001111
0000101100010000
0001000001111100
0000111000111010
0001000101100010
0001001100110010
1111010001010010
0000000100110110
0000110101001010
0001011010001110
0001110111001100
0010011100010000
0010010010100110
0001001000100000
0001000110111000
0000111011100110
0000110011100010
0000110101001010
0001000000011100
0001010111000000
0001101111001010
0010001010100010
0010010111011010
0010011100010000
0001111101101010
0001100000101010
0001110000110000
0001101000101110
0001100010010000
0001111101101010
0010000101101100
0001111100000001
0001010010001010
0001011011110100
0001010111000000
0000110000010011
0000110101001010
0000110011100010
1111001000111110
1111101101101010
0000100010011110
0001000001010010
0001100011000010
0010011001010100
0010000111101110
0001001101000010
0001001010000110
0000111111110100
0000111100111000
0000111100111000
0001011101001001
0001101000111010
0001111010100000
0010011100010000
0010010000100000
0001111001000010
0001011000101111
0001010001011100
0001010111010010
0001011011101100
0001100001100100
0001101000111010
0001100111011100
0001010001011100
0001001000101000
0001001101000010
0000101110001110
0000100010011110
0000100110111000
0000011000001110
1110111110000100
1111101101011000
0000011000011000
0000101101111000
0001100000000010
0010010010001110
0001111011010010
0001011011110000
0001010001101110
0001000110010000
0001000000100000
0001000001111100
0001100101110010
0001110010101100
0010000101010100
0010011100010000
0010000010011100
0001010100100100
0001001010100010
0001001001000110
0001001001000110
0001010100100100
0001101010000100
0001100010111010
0001100001011110
0001001010100010
0000111010110010
0000111001010110
0000100110101110
0000001100111010
0000000101101110
0000011001110100
1110111100011000
1111110001001110
0000011110010100
0000101111011010
0001111011100110
0010011100010000
0001111110101110
0001110101011000
0001100111011000
0001010001101000
0001010000000100
0001011001011010
0001110000101110
0010001000000010
0010010110000010
0010011010101100
0001011010111100
0001010000000100
0001000110110000
0001001001110110
0001000110110000
0001010111110110
0001100010101110
0001101100000100
0001100111011000
0001001001110110
0000111110111110
0000101101111000
0000010011011100
0000010000010100
0000011100110000
0000011110010100
1110110011001100
1111110100000110
0000011001001010
0000101111101010
0001110100100010
0010010100010100
0010010101101000
0001100011010100
0001001010001010
0001010100110000
0001001100110100
0001010011011010
0010001001101110
0010011100010000
0010001101101100
0001110011001100
0001000011100010
0000111011100110
0000101110010101
0000110001000000
0000110111101000
0001000110001100
0001011100101011
0001111111001000
0001010111011010
0001000000111000
0000100111101110
0000011011110100
0000001111111000
1111100110110110
0000001011111010
0000011101001000
1111001100100010
0000011010001100
0000101100010000
0000110101010010
0001111011110000
0010001101110100
0010011100010000
0010010001011010
0001011110110110
0000111100100000
0000100101000010
0001000000001000
0010000001001010
0010011000101000
0010001101110100
0000111000111010
1111011001001010
1111011110100110
1111111101010010
1111010101100100
0000010110100110
0000100101000010
0000101111111000
0001101001101100
0001111111010101
0000111100100000
0000101110000100
0000000100100010
1111111111000111
1111000001101100
1111001010101110
0000001001111100
1111010001100100
0000000100001110
0000100110000000
0000111111010110
0001010000001111
0001100001001000
0001100001001000
0000100110000000
1111010001100100
0000001100101010
1111101010111001
0000110110111010
0001010000001111
0001010000001111
0001100001001000
0010001011010110
0010010011110100
0001111010011110
0001110010000010
0001100001001000
0000011101100100
0010001011010110
0010001011010110
0010011100010000
0010011100010000
0010000010111010
0001111010011110
0001011000101100
0001010000001111
0000010101000111
0001011000101100
0001100001001000
1111001110101010
0000011000101010
0000110001010110
0001100010101100
0001111011010110
0010000011100110
0010001011110100
0001011010011110
0000110001010110
0000110001010110
0000011000101010
0000000000000000
0000010000011100
0000111001100100
0001100010101100
0001111011010110
0010011100010000
0010010100000010
0010011100010000
0001101010111010
0001100010101100
0001001010000000
0001100010101100
0001011010011110
0000111001100100
0001000001110010
0000001000001110
1111100111010110
1111101111100100
0000011000101010
0000010000011100
0000101001001000
1110110001111000
1111110000011000
0000010011100010
0000110110101100
0001111101000000
0010000000111010
0010011000010110
0001101001011110
0001001110001000
0001010101111100
0001001110001000
0001011101110000
0010001100101000
0010010100011100
0010011100010000
0001101101011000
0001010010000010
0001000010011010
0000110110101100
0000111110100000
0000110110101100
0001010010000010
0001101101011000
0010000100110100
0001001010001110
0001001110001000
0001000110010100
0000100111000100
0000010011100010
0000010011100010
0000001011101110
0000011011010110
1101100011110000
1101100011110000
1101100011110000
1101100011110000
1101100011110000
1101100011110000
1101100011110000
1101100011110000
1101100110100110
1101100110001010
1101111111100100
0000011011100010
0001011100100000
0001110111010000
0010010101101000
0010011011110100
0010011011100000
0010011011000100
0010000110111010
0001111011101000
0000111011110110
1111100010001110
1110011010000010
1101111100011010
1101101011001000
1101101001010100
1101101010001110
1101101001101000
1101101010011000
1101101001000000
1101101000100100
1101101001011110
1101101000010000
1101100011110000
1101100011110000
1101100011110000
1101100011110000
1101100011110000
1101100011110000
1101100011110000
1101100011110000
1101100101110000
1101100101100010
1101111010111010
1111010100100100
0000001010001010
0000100101100110
0001010111001000
0001111101110100
0010001101111010
0010011100010000
0010001100110000
0010000110011100
0000101010011100
1110110000010010
1101111101100010
1101111110011000
1110000010100000
1110010100101010
1110011110110100
1110011000000000
1110011111010110
1110110101000110
1110110000000000
1110111100011000
1110111010111100
1101100011110000
1101100011110000
1101100011110000
1101100011110000
1101100011110000
1101100011110000
1101100011110000
1101100011110000
1101110011011000
1101110101011100
1110010100101100
1110110001111000
1110001111100000
1110010000100010
1110001111100000
1110011010111100
1110100001001100
1110010100101100
1110010010101000
1110011011001110
1110010011011011
1110011111111010
1110101011000110
0001011110110010
0001111110100100
0010011100010000
0010011100010000
0010011100010000
0010011100010000
0010011100010000
0010011100010000
0010011100010000
0010011100010000
1101100011110000
1101100011110000
1101100011110000
1101100011110000
1101100011110000
1101100011110000
1101100011110000
1101100011110000
1101101100101100
0010011100010000
0010011100010000
0010011100010000
0010011100010000
0001111000100010
1110000111011110
1101111010000100
1101101000001110
1101100011110000
1101111110100010
0001000010111110
0010011100010000
0010011100010000
0010011100010000
0010011100010000
1111111011100010
1110101111101010
1101111010000100
1101111010000100
1110000011000000
1101111010000100
1101110001001010
1101101000001110
1101110101100110
0010011100010000
0010011100010000
0010011100010000
0010011100010000
0010011100010000
0010011100010000
0010011100010000
0010011100010000
0010011100010000
0010011100010000
1111111100110000
1111110000010110
1111110000010110
1111100010101010
1111011100010110
1111100010010010
1111100100011000
1111010010100010
1110110011001010
1110011000010100
1110110101000000
1110010101011000
1101110101010100
1110111110000010
1111111000111110
0000011101100000
0001000111011010
0010011100010000
0000011101111110
0000101010110100
0001010001010101
0001100000010011
0001010011011110
0001000010010110
0010000110110110
0010011100010000
0001111010000000
0001100010011110
0000110011011000
0001000000001110
0001011100000010
0001110101101110
0001101011000010
0001001101000100
0000111011111100
0000110011011000
0001101111010100
0001000000001110
0001001000110010
0001001111001100
0001000100100000
0001010101101000
0000111011111100
0001000100100000
0001110011100110
0001101101001010
0001000000001110
0001010101101000
1111001000010110
1110100011111110
0000100111000100
0000010010100110
0001000010111110
0001010011101110
0010001001101010
0010001001101010
0001101010000010
0010001111001110
0010011100010000
0001100010100110
0001101011111000
0001101111100101
0001110101001100
0010001001101010
0010011000100010
0010001001101010
0001011100111111
0001100110010100
0001100010100110
0001001000100010
0001100110010100
0001001110001000
0001101101110000
0001111110100000
0001010000000000
0001011001010010
0001100100011100
0001100010100110
0001000001000110
0001101101110000
0000101100101010
0000001001010100
1111001110100110
1111111110101010
0001100010110100
0001000010110010
0001000010110010
0000101010110000
0000110000000100
0001011110110100
0010010101100100
0010001101100100
0001100000001001
0010010010111010
0010011100010000
0001101000001010
0001101101100000
0010010110111010
0010001110111010
0010001101100100
0001011000001010
0001010110110100
0001001001011100
0000011010101110
1111111001010100
1111111101010110
0000000100000000
0000011000000010
0000100001011000
1111110011111110
0000101100000011
0000110000000100
0000110001011010
1111100110101000
1101100100101000
0010011100010000
1101100011110000
1101100011110000
1101100011110000
1101100011110000
1101100011110000
1101100011110000
1101100011110000
1110001010101000
1110101100101000
1111000001101010
1111000100111010
1110111001100100
1110110110010100
1111001001110000
1111000011010010
1111100110111010
1111011000010110
1111100010000010
1111110000101000
1111111101100100
0000000100000100
0000001000111010
1111110111000110
0000001101110000
0000010010101000
0000011100010110
0000101111110000
0000101110001010
0001000110011100
0001010101000000
0001100001111110
0001100011100110
0001110010001010
0010001101101100
0010011100010000
0010000000101110
0001010110101000
0001010000001010
0000110110010000