1110111110001000
0000111010111110
0001101111000100
0001000100111100
0000001011100000
1111010100010110
1110111011000100
1110101111100100
1110100011010101
1110101010111110
1110111110001000
1111010101111000
1111110111100100
0001001110111010
0010000110000010
0010000101010010
0001000101101100
0000100000111100
0001001110111010
0001111111001010
0010011100010000
0010000110000010
0000110100110110
1111111100001010
1111101011010100
1111100000100110
1111110011110000
0000011000100000
0000101111100000
0001110000100110
0001111100110110
0001100011100100
1110110011110100
0000001000011010
0001001010010000
0001000011001010
0000010010000110
1111100100010000
1111001101000000
1111010000111000
1110110010100010
1111000001011000
1110111100001110
1111011111000100
1111110010011100
0000101000000010
0001110010010010
0010010101001010
0010001000111000
0001000111000010
0001011110010010
0010010011001110
0010011100010000
0001111110100100
0000111001011110
0000010111001111
0000010100101010
0000011011110000
0000101010101000
0001110011100100
0010001110101100
0010010000101000
0001110100001110
0001010011010010
1110100111011110
0000010011011100
0001000110011010
0001000110011010
0000011011100000
1111001101000010
1111010001000100
1111001001101100
1110110010111000
1110101100110110
1111000001101000
1111011101001000
1111110011010000
0000011000001001
0001101011111101
0010010010001100
0010010011100010
0001010111001100
0001011111001110
0010010011100010
0010011100010000
0010000010000110
0001000101000100
0000110000010010
0000101011100110
0000110010010001
0001000101110000
0010000110110010
0010001110110110
0010001110001010
0001100011111010
0001011101111000
1110100010101110
0000001001111010
0000111010111000
0001000011101000
0000000000100110
1111001100101100
1111001011100010
1110110001111000
1110101011011110
1110101010010010
1110110000101110
1111000110010010
1111110011001100
0000000100101010
0001001101100010
0010001110110110
0010010000100110
0001011001110010
0001010011011000
0010001101101100
0010011100010000
0001111000000101
0001001111111000
0000101110000100
0000110000111110
0000110000111110
0001001011110010
0001111010011100
0010000110101100
0001101101100110
0001001010101000
0001000111001000
1110110010111000
0000001010100011
0001000100100100
0001011010010100
1111111110101100
1111001011010000
1110111010001000
1110001101111100
1110001011111110
1110011011110010
1110011011001001
1110110110001010
1111000111111111
1111110000001100
0000101000001110
0001111000101010
0010010010011000
0010000101110110
0001101110000110
0010010000011000
0010011100010000
0010001001001000
0001100100110111
0000111101010100
0000110100110000
0000111111111100
0001010101101110
0010001101000110
0010010010011000
0001010111101100
0000111101010100
0000100100010000
1110111110011000
0000010010100000
0000111110000000
0001001000001010
1111011110010010
1110110011100000
1110100010000110
1101111111010100
1101111000110010
1110000001011110
1110001000101110
1110001001011100
1110011011100111
1110111100001110
1111010111000010
0000010010100000
0001110000000010
0010000101000100
0001100110100110
0001011110101000
0010011100010000
0010000111111100
0001000010010110
1111111101011110
1111110110111100
1111110111101010
0000001001110010
0001010101111010
0001010110101010
0000100010011100
1111100100110101
1111010111000010
1111111001111110
0000011000001001
0000100101000000
0000000111100100
1111001001101010
1111001011111011
1110101101101110
1110110000000000
1101111011001010
1110000011011100
1101110101001000
1110000010101100
1110001011000000
1110101010101111
1110110000000000
1111011100100010
0000000010010000
0001010100100010
0001101000111010
0001100010001000
0010011100010000
0010010010011100
0001101011111100
0000110101100110
0000010010001000
0000000011000010
0000110111000110
0001110011100000
0001110010101110
0000100100001110
1111101101111000
1111111000011100
1111011011010000
0001010010101110
0001101110010010
0000110111001010
0000110111001010
1111110110110100
1111101101101000
1111100100011100
1111001000110110
1111011011010000
1111110110110100
0000010010011000
0001000000010110
0001011011111001
0010001001111000
0001110111100000
0001010010101110
0001011011111001
0001100101000110
0010000000101100
0010011100010000
0010000000101100
0001001001100010
0000110111001010
0000011011100100
0000011011100100
0000011011100100
0000110111001010
0001011011111001
0001110111100000
0010000000101100
0001110111100000
1111101000010100
0001100011011100
0001111111110110
0001011001111110
0000000100110000
1110011100100100
1110011100100100
1101110110101100
1110010011000111
1101110110101100
1110111000111110
1111001011111011
1110111000111110
0001011001111110
0001011001111110
0000111101100100
0000100001001010
1111101000010100
0000010111101100
0001101100111001
0010011100010000
0010011100010000
0000101010101000
1111110001110010
0000000100110000
1111101000010100
1111010101011000
0000000100110000
1110101111100000
0001010000100000
0001011001111110
0001011001111110
1110100110001010
0000100111000100
0001010101111100
0001011001110110
1111110000011000
1111001101001110
1110111101100110
1110101010000100
1110011010011100
1110100110001010
1110110001111000
1111000101011010
1111010101000010
1111110000011000
0000001111101000
0001011101110000
0010011000010110
0010011100010000
0001110101001100
0001111101000000
0010001100101000
0010000000111010
0001011001110110
0000101110111000
0000111010100110
0000111010100110
0000111110100000
0001111101000000
0001111101000000
0001011101110000
0000010011100010
0000010011100010
1101100110011010
1101100111001100
1101100110110110
1101100111010010
1101101000010010
1101100111000100
1101100111111110
1101100110110110
1101100111111110
1101101000011010
1110001011001000
0000100111111000
0001011111110101
0001010101000000
0001010010001000
0001010010011110
0001000110101000
0000110101011000
0000010011100010
1111100010011010
1110110001101000
1110001000011001
1101111011001100
1101101100110100
1101101000011010
1101100110101000
1101100111000100
1101100011110000
1101100011110000
1101100011110000
1101100011110000
1101100011110000
1101100011110000
1101111011101110
1110000110010010
1110010101111110
1110011000010100
1110101010100010
1110100111111010
1110100111011110
1110110001101010
1110101110000000
1110111010111110
1110011110110010
1111100110101010
0001000001111100
0001101000100110
0001100111010000
0010010000011110
0001110010000110
0000111011010110
0000001100010110
1110111101000110
1110001110110110
1101111000110110
1101110000100000
1101101011100000
1101101000101100
1101100111101110
1101100111110010
1101100011110000
1101100011110000
1101100011110000
1101100011110000
1101100011110000
1101100011110000
0010001010000000
0010011100010000
0010011100010000
0010011100010000
0010011100010000
0010011100010000
0010011100010000
0010011100010000
0010011100010000
0010011100010000
0001101110011010
1110001111000110
1110011001010000
1110100010010000
1110010011110010
1110011010101011
1110010101110010
1110010001111000
1110000001111000
1110000110100100
1110000000101100
1110000110001010
1101111101111110
1110010000101110
1110100110100110
1110100001011000
1110010000101110
1101100011110000
1101100011110000
1101100011110000
1101100011110000
1101100011110000
1101100011110000
0000000000000000
1110110100000110
1110001011111100
1110000111011110
1101111010000100
1101110001001010
1101110101100110
1101101000001110
1110010000011011
0000010001110110
0010011100010000
0010011100010000
0000100011101110
1101110101100110
1101100011110000
1101100011110000
1101110001001010
1101111110100010
1111110111000100
0000000100011110
1111110111000100
1111110010100110
1110010000011011
1101110101100110
1101111110100010
1101110101100110
1111010011010110
1101100011110000
1101100011110000
1101100011110000
1101100011110000
1101100011110000
1101100011110000
1111111000010000
1111111001001000
1111111011011000
1111111101011110
0000000100101110
0000001100010000
0000010110111000
0000011011111011
0000100001110010
1111111100011010
1110010110010100
1110010101010000
1110001111101001
1110010011110110
1110011100100010
1110101010010000
1110110001001100
1110111110000100
1111010010011100
1111111010011000
0000110010000000
1111110011001000
1110010101010000
1111000111000110
1111011000110100
1111111011101000
0000000100100010
0001001111011100
1110010011010110
1110001011100000
1110101000110100
1111000111110110
1110111001010110
1111001011101000
1111111101010000
1111111110101100
1111110101001000
0000000011100111
0000001100111010
0000001000010010
0000000000101110
0000001010000000
0000110011001110
0001010110111010
0001000011011110
0001100000011101
0010010000111100
0010011100010000
0010010011110110
0010010001001110
0010001000100010
0001111000110110
0001011101010010
0001101011110010
0001010101110000
0001011001001101
0001010011011010
0001001111010110
0000110100101010
1111111111010010
1110000100100000
1110010110111001
1110111101001010
1111010100001100
1111010111111100
1111011000001010
1111011101010000
1111110010000100
1111111010111011
1111110010111101
0000000110111000
0000001100001100
0000010100010111
0000010110110010
0000101110000001
0001011000010100
0001011110101110
0001101000011110
0010001000110010
0010010001001100
0010011100010000
0010010100111100
0010001110000110
0010001000001000
0010000011000010
0010001011011100
0010010001011010
0010001001001110
0010000001111010
0010000001010000
0010001001000000
0001100001001010
1101110010000000
1110011010001110
1110100011010101
1110111101111110
1111000010101010
1111010111001110
1111011111001010
0000000010000000
1111110101011000
1111110001001010
0000011100101000
0000000111110110
0000001000010100
0000000101111110
0000011101000110
0001011100001101
0001010010011000
0001011100001101
0010001001010100
0010011010101000
0010011100010000
0010001111111000
0010000010010100
0001111010010110
0001111111110000
0001111100101100
0001111000111110
0001110010001100
0001100101110010
0001011111111100
0001110000100001
0001001011011000
1101101001110010
1101100011110000
0010011100010000
1101100011110000
1101100011110000
1101100011110000
1101100011110000
0010011100010000
1101100011110000
1110011100110110
1110011001110110
1111010101111100
1111111101000001
1111010010111100
0000011110000011
0000001111000001
1111000011111010
0000100001000100
0000010101000010
0000111111000110
0010011100010000
0000101010000100
0000101010000100
0000011110000011
1111100111111110
1111111010000001
0000001001000000
1111100111111110
0000000000000000
1111101101111110
1111100111111110
1111110011111110
1111011000111100
1111111010000001
1111011110111100
1111011110111100
0000000010111111
1111111010000001
1111000110111010
1110110100111000
1110010000110100