1110100110011000
1111100000100110
1111110010001110
0001000100001010
0010001001000110
0010011100010000
0001111001000010
0010010011110100
0010011010101110
0001110001010110
0000110101101000
0000001101000010
1111110111100100
0000000100100110
0000011001010010
0000111001011100
0001101111000100
0001111000001111
0001100100010110
0000101100011100
0000001100010000
0000100111000100
0000110000010000
0000100100000000
1111011100110010
1111001011001010
1111010001010010
1111110111100100
1111110110110100
1111011001101110
1110110101101110
1110111110001000
1110011000100000
1111100000011100
1111101010110100
0000111111100010
0001110111100000
0010011100010000
0010011100010000
0010011010101010
0010011000010000
0001110010101100
0001000001111100
0000001010000000
1111100111101000
1111101001001110
1111111010110100
0000000101111111
0001010111100010
0001110100010010
0001100001000101
0000100110110000
0000001010110010
0000000101001100
0000001110110010
1111111000011010
1110110010111000
1111000001010000
1111011101001110
0000010001111110
0000000100011010
1111101010000010
1111010101010000
1111011100011100
1110011011000000
1111001101101100
1111101000001010
0000111100001010
0001011111101110
0001111100011110
0001111101001110
0001111101001110
0010011100010000
0010001011100110
0001001100000010
0000100011111100
1111111110111000
1111101100101110
1111111000000100
0000010111110110
0001100011100000
0001110110011010
0001011000001010
0000100011111100
0000010111000100
0000010011010010
0000101011100000
0000011110101010
1111101010011100
1110111010110010
1111001110011100
1111110001010000
1111110111010100
1111100110101010
1110111010110010
1111001101101100
1110011100010100
1111010001111111
1111110011010100
0000010011111100
0001111000000000
0010011100010000
0010010001011000
0001101000000001
0010000100010100
0010001110011110
0001111010111010
0001100010111110
0000011110000110
0000011001110000
0000100100101000
0001011011101110
0010000010001010
0001111111010000
0001010011110000
0000100000010000
0000001001000100
0000000110111000
0000000110111000
0000000010100010
1111101100110010
1111010100110110
1111100101100010
1111101011010110
1111100100000110
1111010111000010
1111000010101110
1111000110010110
1110010010111010
1111011101100110
0000000110001110
0000110100000101
0010000111111100
0010010011101110
0001101010011110
0001010110001010
0001011100101011
0010000011010110
0010011100010000
0010001011001110
0001110010010100
0001011000110010
0001011000000111
0010000010101100
0010010101000010
0010000100000000
0001011101010110
0000101010111010
0000010111001111
0000010000000100
0000010111001111
0000011101001001
0000010110100110
0000001100110010
0000000111100010
0000001000001100
1111110100100010
1111011111100100
1111001011111011
1111011101100110
1110011011110110
1111011001000010
0000001011010010
0001011111000100
0010000100001110
0010001110011010
0001001100001000
0000101000011011
0000100011010110
0001000111000010
0001001100110110
0010011100010000
0010011010000100
0001101011011100
0001010101100101
0001100100001010
0010000010000010
0001101000100010
0001001001111100
0000101100000011
0000010110001110
1111111010100010
1111110111101000
1111111100101110
1111111001000110
0000000000010111
1111111100101110
1111110110001010
0000001001000110
0000000001110011
1111100011111110
1111000100101000
1110101100000110
0000001000100010
0000110100110000
0010010101001110
0010001100001100
0001011101111100
0000110100110000
0000000111100010
1111110011011100
1111110110011110
0000110100110000
0001010001111010
0001111010000110
0010001100001100
0001001100111000
0001101000000000
0010001000001010
0010011100010000
0010011010010000
0001110011000100
0001000000110100
0000101101101110
0000100111101100
0000110000101110
0001000010110100
0001010010111010
0001010111111100
0001110011000100
0001010011111010
0000110101101111
0000010011100110
0000011011101000
1110011110111000
1110111000001110
1110100111010100
0000011101100100
0001010000001111
0001101001100100
0001010000001111
0010011100010000
0010011100010000
0001110010000010
0000001100101010
1111101010111001
1111010001100100
1111101010111001
1111111011110010
0000110110111010
0001111010011110
0010010011110100
0001111010011110
1111101010111001
1110011110111000
1111111011110010
0000100110000000
0000001100101010
1111010001100100
1110111000001110
1111001001000110
1111010001100100
1111011010000000
1110100111010100
1110010110011100
1101101100001100
1110101101010010
1111011011010000
1111110110110100
0001010010101110
0001110111100000
0010011100010000
0010001001111000
0010000000101100
0010011100010000
0001101110010010
0001001001100010
0000101101111110
0000011011100100
0000100100110000
0000101101111110
0001001001100010
0001100101000110
0001110111100000
0010001001111000
0001011011111001
0001011011111001
0001011011111001
0001010010101110
0001000000010110
0000100100110000
0000001001001100
1111110110110100
0000011011100100
0000001001001100
1111101101101000
1111101101101000
1111011011010000
1110011000011010
1111101100101100
0000001000110010
0000111001111100
0010001110001110
0010010001101110
0001010110000010
0001000111111110
0001000111111110
0001011101000100
0010000011101010
0010011100010000
0010000111001100
0001100100000100
0001011001100001
0001111100101001
0010010101001110
0001100111100110
0001011101000100
0000101011111000
0000011010010110
0000001111110100
0000100001010110
0000011010010110
0000011101110110
0000001000110010
0000000101010001
1111110111001110
1111110000001100
1111011011001000
1110101101100000
1110111000000010
1101100011110000
1101100011110000
1101100011110000
1101100011110000
1101100011110000
1101100011110000
1101100011110000
1101100111100010
1101100111100010
1101110011010100
1110100010110100
0001100110100000
0010000010001000
0001111011010110
0001101100000010
0010000001001000
0010010000111100
0001101110000010
0001010011011010
0000111010100010
0000000010100000
1111001001100000
1110011010110000
1101111100011000
1101101100010010
1101101100010010
1101101010100010
1101100011110000
1101100011110000
1101100011110000
1101100011110000
1101100011110000
1101100011110000
1101100011110000
1101100011110000
1101100011110000
1101100011110000
1101100011110000
1101100011110000
1101100011110000
1101100101110010
1101100101111100
1101110101001100
1110010110001110
0000101011101010
0000111000101010
0001001001101010
0000111100100010
0001110101101010
0010010010100010
0001010101000100
0000011000010011
1111110011011010
1110111011000100
1110010011100101
1101111111111100
1101111001010110
1101101111011010
1101101100000100
1101101010001110
1101100011110000
1101100011110000
1101100011110000
1101100011110000
1101100011110000
1101100011110000
1101100011110000
1101100011110000
1101100011110000
1101100011110000
1101100011110000
1101100011110000
1101100011110000
1101100100110010
1101101011100100
1101111110010100
1110011100100000
1110011101010100
1110001111000010
1110010101110000
1110011010101011
1110011011000110
1110010111000100
1110010010001010
1101110111011000
1101110110100000
1101101101001000
1110000001110100
1110101001000000
1110111110011000
1110111111111100
1110111101110110
1110010110110010
1101100011110000
1101100011110000
1101100011110000
1101100011110000
1101100011110000
1101100011110000
1101100011110000
1101100011110000
1101100011110000
1101100011110000
1101100011110000
1101100011110000
1101100011110000
0000000100011110
1110111101000010
0010011100010000
0010011100010000
0010011100010000
1101101100101100
1101101000001110
1101101000001110
1101110001001010
1101110101100110
1101101100101100
1110100110101110
1110100110101110
1110101111101010
1110001011111100
1110100010010000
1111100101001110
1111010011010110
1101110101100110
1101110001001010
1101100011110000
1101100011110000
1101100011110000
1101100011110000
1101100011110000
1101100011110000
0010011100010000
0010011100010000
0010011100010000
0010011100010000
0010011100010000
0010011100010000
0010011100010000
0010011100010000
0010011100010000
0010011100010000
1110001010101000
1110001010101000
1110001101001000
1110001010100110
1110010000101110
1110001111101010
1110001101111110
1110010011010110
1110001000100100
1101100011110000
0000101011110000
1111100100011100
1110000010101100
1111111011011100
0000101100100000
0001000111010010
0000110111001100
1111110001101100
1110100111101100
1111110100101100
0001010011110010
0001100001011000
0001111010010010
0001010110000100
0000101111100100
0001011100110101
0010011100010000
0010011010000000
0001011111000110
0001001101000000
0000011011001011
0000111000101000
0000111101001010
1111111101110000
1111110010011011
1110111100000100
1110111100000100
1110110111100010
1111000101001000
1111011001100000
1111011011110010
1111110100101100
1111011011110010
1111011110000010
1111100100110101
1111101001010110
1111010111010001
1110111001110100
1111001011111011
1110000001001100
1111100110011100
0000010001000010
0010000101100010
0001010010011000
0010010110100100
0000011111010000
0000001011011000
0000010110101110
0010011100010000
0010011100010000
0000110101111110
0000100100111100
0000001110001110
0000110011001000
0000111011101001
1111101100001000
1111010101011000
1111111101001010
0000001011011000
0000011100011010
0000010001000010
0000010110101110
1111101110111110
0000100010000110
0000000000000000
0000100100111100
0000101101011110
1111111101001010
1111000111001100
1111110111011110
1111011101111010
1110100101000110
0000011001000000
0001000010101010
0010000111011010
0010010001110110
0010011100010000
0001101010010000
0000110100000101
0001100001111010
0010000111011010
0001111000110110
0001000100110000
0001001000111010
0000100011011010
0000010110111010
0000100011011010
0000010000101010
1111101101010000
1110100000001011
1110110000110110
1111010010001010
1111011100100110
1111101101010000
1111110001011010
0000000100001010
0000001000010110
0000000010000110
1111011010100000
1111011010100000
1111110001011010
1111011100100110
1111000111110000
1110101100101010
0000100100010010
1101100011110000
1101100011110000
0010011100010000
1101100011110000
1101100011110000
1101100011110000
1110010010101000
1101100011110000
1111100100000000
0000101001111110
0000010111010100
0000000000000000
1111111011010110
0000001110000000
0001101111111100
0010001001100110
0010011100010000
0010000000010000
0001101011010010
0001000101111110
0001010011111110
0001010001101000
0001000001010100
0001011010111100
0001010110010010
0001010110010010
0001011101010010
0000101110101001
0000100111101010
0000000100101010
0000100111101010
0000101100010100
0000111010010011
0001010001101000
0001101111111100
0010000100111100
0001001100111110
0000100010111110
0000100111101010
1111010110000010