0000000011100110
0001101100010110
0010001010111000
0010011100010000
0000111110110110
1111100000010010
1111001100100000
1110110000111110
1110001111011100
1110001000111000
1110001011111000
1110011100000010
1110010110000010
1110011101001110
1110101110100110
1110111011110000
0000010011110000
0001000000101010
0001010010000010
0001001100101000
0000011001001010
0000100000111100
0000101110101100
0001011010011010
0001000101011100
0001011000100101
0001010001011010
0000101110101100
1111110110011010
0000001000011000
0000001000011000
1111111101000001
1111111110001110
0001011000011011
0010000111101000
0010011100010000
0000011011101110
1111011010110110
1111001111000100
1110100001000100
1110101000001010
1110011011001100
1110001011010000
1110011000001110
1110010000100101
1110010111101000
1110110000011010
1110011010100110
1110110011010110
0000000011100001
0000011110000011
0010000101010000
0001110010111110
0001001010111000
0001000001011100
0001000101000000
0001100011101010
0001000101100100
0000101110100110
0001010001111110
0001010011101110
0001010010100100
0000111000000000
0001010000001100
1111111100001000
0001011011101110
0010000110110000
0010011100010000
0000100010111110
1111011010000100
1111001100111010
1110100110101010
1110101100101010
1110001010100110
1110000001101000
1110000001000010
1110000011011010
1110010010010110
1110111000000000
1110011101101110
1110111010011000
1111110001011000
0000001111110110
0001110001110100
0001100101111000
0010001010111100
0001011110000110
0001101001011110
0010010010000110
0001111100100110
0000100001001010
0001000110001110
0001010010110000
0001100101010010
0001001100001100
0001011001010110
0000000010010110
0001100010000110
0010000100001010
0010011100010000
0000110001010110
1111100100111111
1111000011100000
1110011101010100
1110100110101110
1110101000011110
1110100011110011
1110010011111010
1110011001110010
1110010110010010
1110111001100000
1110110000101100
1111001000001100
1111100011001110
0000001001011010
0001011111110000
0001101000100100
0010001010000010
0001110110000100
0001110110101010
0010000001110100
0010001110001010
0000110001111100
0000100000111010
0000011000101010
0001001100011000
0001100110110010
0001111101001000
0000011000100100
0010011001100010
0001111110001110
0010010100000100
0001000010001100
0000100100001010
1111001011011110
1111000100101000
1110010100111000
1101101100101000
1110010011100000
1110011101110000
1110001111011010
1111000001111011
1111000101010100
1110011001101010
1110011110011100
1110100111010100
1111011101111000
0000010111111000
0001111101100010
0010001101010000
0010000000111110
0010000111000110
0010011100010000
0010010100110000
0001000110111110
1111111100100110
1111000100101000
0000010110100010
0000100000110000
0000111110000101
0000000101110010
0010011100010000
0010010001111010
0001000000010010
0000100111111010
0000100110000100
1111111100101010
1111001011111011
1110100110110000
1110010101101100
1110011110001110
1110011110110110
1110010011111001
1110011001111110
1110101001001100
1110100110110000
1110001010001000
1110001010110000
1110110100110010
1111010011110110
0000001000001110
0001011110001000
0001011000101000
0001011111010110
0001011100111010
0001010011110000
0000110111001000
1111011111011010
1111000110011100
1110111001101010
1111110111001010
0000010110110110
1111001011011010
0010011001111010
0010011100010000
1110110011000100
1110010001010010
1111010101100111
1111001110100010
1110111001010110
1110010110110010
1101111011010100
1110100100001000
1111001010100110
1111001001110100
1111010000000110
1110111111101000
1111001000010000
1110011111011100
1110101101100100
1111101001001110
0000001000101000
0000000111000011
0001010111111100
0001011011000110
0000101000110110
0001010011001110
0001001000010000
0000010110110010
1111010101100111
1110110010010010
1110111110110110
1111100110111000
0000100011010110
0000010000011100
0010000011100110
0010000011100110
0001000001110010
0001000001110010
0000000000000000
0000001000001110
1111010110111000
1111011111000110
1111001110101010
1111011111000110
1111110111110010
1111101111100100
1111110111110010
1111001110101010
1111110111110010
0001010010010000
0001101010111010
0001101010111010
0001000001110010
1111101111100100
0000001000001110
0001111011010110
0010011100010000
0010001011110100
0001011010011110
0001011010011110
1111000110011100
0000001000001110
0000001000001110
0000010000011100
0000010000011100
0000100101001100
0001110111000100
0010001101011000
0010011100010000
0001100000101110
0000101100101010
1111110001001000
1111101001101100
1110111101000010
1111001011111011
1111100010010000
1111100010010000
1110111101000010
1111110001001000
1111110001001000
1111010011010110
0001010001110110
0001101111100101
0001110111000100
0001100000101110
0001000010111110
0000001110111000
0001010001110110
0001101000001010
0001000010111110
0001011001010010
0000111011100010
0000110100000101
1111110001001000
0000000111011100
0000011101110000
0000011101110000
0000010101000000
0001110010010010
0001010001101000
0001110110111100
0000111110111110
0000000111000000
1111010011101100
1110111100011000
1110101001101110
1110110011000010
1111000001000010
1110110111101110
1110111100011000
1110110111101110
1110110111101110
1110001101101110
1111001111000010
1111100001101100
0000000111000000
0000100111101010
0001011111101000
0010000000010000
0010000100111100
0010000100111100
0010011100010000
0001110110111100
0001110010010010
0000001011101010
1111111001000000
0000110000111110
0000111010010011
0000111110111110
1101101000111010
1101101001110010
1101101001100000
1101101010000100
1101101010000100
1101101011001110
1101101010010110
1101110001010000
1101110010101100
1101110001010000
1101111011010010
0001111010111110
0001101101011110
0000111100101100
0000011100110101
0000010101000110
0000000001010010
1111110001100001
1111011110010010
1111101010000100
1111110100101010
1110011010110110
1101101000111010
1101101000000100
1101100011110000
1101100011110000
1101100011110000
1101100011110000
1101100011110000
1101100011110000
1101100011110000
1101100011110000
1101100011110000
1110111100011100
1111111110000110
0000000100110110
0000001000000000
0000110110101110
0001101110111010
0000100000100110
0001001111000110
0000001100100001
1111011000001100
1110111101110010
0001111100001110
0001111010101000
0001000011001000
0000100100111010
0000011111010000
0000001110100100
1111110100001010
1111011110000010
1111100001011100
1111100100011000
1110011000010100
1101101111011110
1101101101111010
1101100011110000
1101100011110000
1101100011110000
1101100011110000
1101100011110000
1101100011110000
1101100011110000
1101100011110000
1101100011110000
0010011100010000
0010011100010000
0010011100010000
0010011100010000
0010011100010000
0010011100010000
0010011100010000
0010011100010000
0010011100010000
0010010000010000
0000101111111010
1110001101000000
1110001010001100
1101111011100110
1110000000101110
1110000110001000
1110000110111110
1110000001100100
1101111001010100
1101110101111010
1101110101000100
1101111101100110
1101110011011000
1101101100000100
1101100011110000
1101100011110000
1101100011110000
1101100011110000
1101100011110000
1101100011110000
1101100011110000
1101100011110000
1101100011110000
0001001011111010
1111100000110000
1110010000011011
1101111110100010
1101111010000100
1101101100101100
1101111010000100
1110000111011110
1111001110111010
0001000111011100
0001111101000000
0000111110100000
1101111010000100
1101101000001110
1101101000001110
1101110001001010
1101101000001110
1110000111011110
1110000111011110
1101101000001110
1110010100110110
1110111000100100
1110010000011011
1110011101110010
1101100011110000
1101100011110000
1101100011110000
1101100011110000
1101100011110000
1101100011110000
1101100011110000
1101100011110000
1101100011110000
1111011111100110
1111100011011110
1111100100110010
1111100110100110
1111100011001000
1111100100111010
1111100100010100
1111100100101110
1111100010001100
1111100111010010
0001001101001010
0001010000010110
0001010100101001
0001011111011110
0001100011101010
0001100101111010
0001100100100011
0001100111101010
0001101100111000
0001100101110000
1110011001111010
0000101100001000
1110101110001110
1111111001001000
0010001010011100
0010011001010100
0010010111100000
1101110100101100
1110101101111010
1110101010001110
1111001000010100
1111011100011000
1111010000001110
1111001110101010
1111100010001100
1111111110001010
1111101101100010
1111110001001110
1111111010001101
1111111110011010
1111111110101100
1111101111011000
0000000111101010
0000011101100100
0000100000101110
0000100010010100
0001001101100110
0000111110010010
0001011101011100
0001010110010100
0001110001100000
0010011100010000
0001111101111010
0001111010101110
0010010001101100
0001111011001111
0001101101100010
0001011100111010
0000111000011110
1111111111001110
1110010000111010
1110010110000110
1110110011101100
1110111011010110
1111010101110010
1111001000101100
1111010010001010
1111101011001110
1111100111101000
1111110001010100
1111110100100000
0000001000001000
1111111100101000
0000001010011000
0000001100111000
0000011110101110
0000101001100010
0000110000000110
0001010010001100
0001010111110110
0001001010100000
0001011111110000
0010001100011100
0010010101101100
0010010000110000
0010000100110010
0010010110100110
0010011100010000
0010001100000000
0010000101011100
0001101100100101
0001000100001100
1101111011010000
1110110001110000
1110111011011010
1111000001100000
1111000010010110
1111011100010100
1111100100000101
0000010000010100
0000100110011100
0000010101010001
0000000110111010
0001001110000000
0001000101001000
0000111000111110
0000011011011000
0000011110001010
0000011111010000
0001000111010110
0001110010110010
0001110111110000
0001010101011110
0001111011000100
0010000000010100
0010011100010000
0001111001111110
0001110110101000
0010010000000110
0010001000010110
0001111101100100
0001111101110110
0001001010011010
0000001000000010
1110001101101110
1101100011110000
0010011100010000
1101100011110000
1101100011110000
1101100011110000
1101100011110000
0010011100010000
1101100011110000
1111110001001000
1111111100010010
1111110001001000
0001001110001000
0001010001110110
0001001110001000
0001100000101110
0001001010011010
0000110111110100
0001110111000100
0001101011111000
0001100000101110
0010000010001110
0001101011111000
0000110111110100
0010001101011000
0010011100010000
0000111111010000
0001010001110110
0001001010011010
0000111011100010
0000111111010000
0001011001010010
0001001010011010
0000011010000010
1111111000100100
1111110100110110
0000001110111000
0001000010111110
0000011101110000
0001000010111110
1111111100010010