1111011001010010
0000001011111110
0010010011110100
0010011100010000
0010001000100010
0010001001111100
0001100001110110
1111101111000110
1111001000011010
1110100111010100
1110011110001010
1110000011011100
1110010100010100
1110010101000010
1110101010110110
1111010000001000
1111101010111001
0000101111111000
0001000111000110
0000001001110110
1110110101011010
1111000110010010
1111011010101100
1111101101101100
1111111111010010
0000000010001000
1111110001111100
1111010101000100
1110011000100010
1101111010010010
1110000010101110
1101110011001110
1110011000011000
1111011101011110
0000011001000010
0001110010011010
0010011100010000
0010010111110100
0010011010010110
0001111101001100
0000101000111000
1111101010001000
1110111111101010
1110111011001110
1110111101001000
1110111000101100
1111001100010110
1111011110000110
1111111111000100
0001000110000010
0001111011111100
0001110110001110
0000110110001100
0000101011011010
0001010010101110
0001101000111010
0001101110101000
0001010000110100
1111101101111100
1110011111010110
1111001011101110
1111010000001010
1110111100100000
1110011010111010
1110001100101010
1111000110011110
1111100010010010
0000101001101110
0001110100011100
0010011100010000
0010001110101000
0001111111010101
0001111000110100
0000101101100010
1111111010110100
1111100111001100
1111110001000000
1111011010101010
1111011001000000
1111101011100100
0000000110110100
0000101001101110
0010000001100010
0010010010011100
0001100110010000
0001001011100010
0001100111111010
0010000101111000
0001111110110100
0001010100110011
0000001101111010
1111010100101010
1110111101001100
1111010111111010
1111001011111011
1110101111000000
1110001101011010
1111001000101000
1111101011101110
0000011001110010
0001100101011100
0010011010000100
0010001010101110
0010000110010100
0010011100010000
0010010101101010
0000110110010010
0000010110011110
0000011010010100
0000000000100100
1111110101100110
0000000001000110
0000011111010000
0001001000111010
0001110100110001
0001111000101000
0001011111111100
0001000011111110
0001100001000010
0001110100110001
0010010001110110
0010000011100110
0001010011111000
0000101101100000
1111011001000100
1111001010010010
1111000001100000
1110110110100010
1110010011101100
1111001010111110
1111100111110000
0000010110000000
0001101110000000
0010000101001000
0010000111111100
0001010011011110
0001111000101101
0010011100010000
0010001110001010
0001011100100000
0000111100111010
0000100101110010
0000011111000010
0000100100000110
0001001000110010
0001111001010010
0010001001101000
0001101001011110
0000111010101010
0000110001000100
0001010001001110
0001100000011101
0010000100000000
0010000111111100
0001110110011110
0001011001001000
0000011010100000
1111101101011000
1111011111110110
1111000010100000
1110100010010000
1111001011100000
1111101111110000
0001001110001000
0010000011010000
0010000111000000
0001011001010111
0000100011101000
0000100011000000
0000101011001000
0001100101010000
0010001000111000
0010011100010000
0010010000011000
0001100101010000
0001010110111000
0001110110001000
0010001100000000
0010010001101000
0001110001001000
0001001011000000
0000111110100000
0001010000101000
0001011011111000
0001111110111000
0010000010101000
0001101000011000
0000111100000000
0000001111000000
1111100010000000
1111001101011000
1111000111001000
1110011111111110
1111010011000010
0000110000110010
0001101001111100
0001010110111000
0000001111010000
1111100100100100
1110110111100110
1110100110000100
1110101111111110
1111010111100110
0000000101010110
0000111100001110
0001101010101110
0010001010101110
0010010110111010
0010011100010000
0010001110100010
0010010111101100
0010010000110100
0010000000000100
0001000011000100
0000101000011010
0000101010101100
0001001001111100
0001010011110110
0001001100111110
0000111100111110
0000100011110100
0000011101101110
0000010100100110
1111100110110110
0000011011100100
0000101101111110
0010011100010000
0010000000101100
0001100101000110
0001010010101110
0001001001100010
0000000000000000
1110110110011110
1110111111101010
1110111111101010
1110111111101010
1110011010111010
1110001000100000
1111001000110110
1111100100011100
1111011011010000
1111101101101000
0000011011100100
1110110110011110
1110111111101010
1111010010000010
1110110110011110
1111010010000010
1110110110011110
1110011010111010
1110011010111010
1111001000110110
1110011010111010
1110001000100000
1110011010111010
1110011010111010
0000010110010100
0000111101011000
0010010110101010
0010011100010000
0001100100011100
0001101010000010
0001011001010010
0000000000000000
1111110100110110
1111100100000110
1111001000001100
1111001101110010
1110110001111000
1111001101110010
1111011110100010
1111010011010110
0000000000000000
0001001110001000
0001011110111000
0000010110010100
0000001011001010
1111011000111100
1111110100110110
1111100100000110
1111111010011010
1111111010011010
0000110010001110
0000110010001110
1111101001101100
1111100100000110
1111100100000110
1111011110100010
1110011011010100
1111010110010110
1111100100001110
0000110000100111
0010000111011010
0010011000110010
0001101111001000
0000101101001000
0000101001101010
0000111110100000
0010010001110110
0010011100010000
0001101111001000
0001010011010110
0000110100000101
0000111110100000
0001101011101000
0010011000110010
0010010101010100
0001100001001110
0000110111100100
0000101101001000
0000111110100000
0001010011010110
0010010001110110
0010011100010000
0001110110000100
0001001100011000
0000001101111000
1111001111011001
1111000001100000
1111000100111110
1101100011110000
1101100011110000
1101100011110000
1101100011110000
1101100011110000
1101100011110000
1101100011110000
1101100101000100
1101100101001110
1101101001100010
1110010110001010
1111101001010110
0001110001011010
0001101110011000
0001010111100000
0001100011010010
0000110011010000
0000001001000110
1111101110010010
1111100101010000
1111010110111010
1110101110100110
1101101111011000
1101101000000000
1101100101110110
1101100101101100
1101100011110000
1101100011110000
1101100011110000
1101100011110000
1101100011110000
1101100011110000
1101100011110000
1101100011110000
1101100011110000
1101100011110000
1101100011110000
1101100011110000
1101100011110000
1101100011110000
1101100100110000
1101100100111100
1101100110001100
1101110111000100
1110011011000110
0000000001011110
0001010100000000
0001110010011100
0001110101000010
0010001111011110
0001111110010010
0000110011101000
0000010001101100
1111011101011000
1110011011101110
1101101001111010
1101100110010010
1101100101010000
1101100101000110
1101100011110000
1101100011110000
1101100011110000
1101100011110000
1101100011110000
1101100011110000
1101100011110000
1101100011110000
1101100011110000
1101100011110000
1101100011110000
1101100011110000
1101100011110000
1101100011110000
1101110011011000
1101110000010000
1110000101000100
1101110111100010
1101111011111110
1110000100111100
1110010100001101
1110011101100100
1110011001010000
1110011011001110
1110011011001110
1110011100000000
1110011011001110
1110100001110110
1110100010010000
1110010111010100
1110001000001100
1101110101011100
1101101010000000
1101100011110000
1101100011110000
1101100011110000
1101100011110000
1101100011110000
1101100011110000
1101100011110000
1101100011110000
1101100011110000
1101100011110000
1101100011110000
1101100011110000
1101100011110000
1101100011110000
1101101100101100
1101110101100110
1111011100010010
0000010001110110
0010011100010000
0010011100010000
0001000010111110
1110000011000000
1110010000011011
1110000111011110
1110000111011110
1110010100110110
1110111000100100
0000011111010000
0010011100010000
0010011100010000
0000010001110110
1111000101111110
1111000101111110
1101100011110000
1101100011110000
1101100011110000
1101100011110000
1101100011110000
1101100011110000
1101100011110000
0001101001010000
0001101111100101
0001111000100110
0001111111010100
0010001011011100
0010011100010000
0010011100010000
0010011100010000
0010011100010000
0010011100010000
0000001100011010
0000001101100100
0000011010010110
0000011000100010
0000100000101110
0000100100101110
0000100110100110
0000101001000000
0000111100010110
0000001111001100
0001000010101010
1111110100111110
1101110110111100
1110000000101100
1110010001011100
1110110010111000
1111001101110110
1110001100001000
0000010000011100
0000100101110110
0000011101100110
0001101010111010
0001110001100000
0010001111000110
0010010010011000
0010011100010000
0001110110011010
0010000000010010
0010001000100000
0010000110111000
0010010111010100
0001101001010000
0001110110011010
0001101100100100
0001100111101000
0001010000100110
0001011100000110
0001101111110110
0001110110011010
0001010111001010
0001101001010000
0001010111001010
0001010010010000
0001010111001010
0001110110011010
0001001010000000
0001010000100110
0000110110010010
0000001110110100
1111100000110000
0000001110001110
0000100111011110
0000110010100000
0001001110111010
0000011110000000
0001010101001110
0010000100100100
0001000111000010
0001001110111010
0001001101010110
0001001101010110
0001101110011110
0001100011011100
0001100110100110
0001011110101100
0000110100000101
0001001010001100
0001001000100110
0010011100010000
0000100100010100
0001010010000100
0001001010001100
0000110010100000
0001001010001100
0001000010010010
0000110101101010
0000110000111100
0000011110000000
0000110100000101
1111111011010000
0000110111010000
1111110011011000
0001000100100010
0010011100010000
0001101111011110
0001010100000100
0000001011111000
1111110110111000
0000001000001110
0000001110101000
0000110101111001
0001001110100110
0000000010110000
0000010100000110
0000011100010100
0000110100000101
0000110001010110
1111111111000111
1111111000101100
0000000111010100
0000010000011100
0000001011111000
1111110110111000
1111111001100110
1111111010100010
1111101011111010
1111111111000111
1111110001011000
1111110111110010
1111101110101000
1111100000111100
1111110010010010
1111011110001100
1111000011101100
1101100011110000
0010011100010000
1101100011110000
1101100011110000
1101100011110000
1101100011110000
1101100011110000
1101100011110000
1101100011110000
0000101101110100
0000011111101110
0000100100011010
0000100010000100
0000111110001111
0000011011000001
0001111011010110
0001100110001110
0010001110001010
0010011100010000
0010010000100000
0001001010000000
0001001110101110
0001000101010100
0001100001100000
0001001100011000
0001010011011010
0000110000001001
0001001100011000
0000110100111000
0001001110101110
0001001010000000
0001000101010100
0000111001100100
0000100110110010
0000111001100100
0001000111101010
0001000010111110
0000000011100001
0000011111101110
0000100110110010
1111111100011111