1110011010000000
1111111010111110
0000000001000000
0001010111011010
0001110110100100
0001101100100010
1111111111100000
1111111011111110
1111110011111100
0000000111100010
0000010110100110
0001111101000110
0010011100010000
0001111100000110
0001000011110100
0000100010001010
0000011000101000
0000111010110010
0000110011110000
0000110100001111
0000101001101100
0000110001110000
0000100101001100
0000001010100011
0000001000100010
0000110000101110
0001011111011110
0001011101011100
0001010000110111
0000110011110000
0000001011000100
1111100110011000
1110100110000110
1111101100110010
1111101011010100
0001000110101100
0010010110111110
0010001001111110
0001000000111010
0000011101010100
0000010101101000
0000111110100000
0010000111100100
0010011100010000
0001111110111100
0000111010001100
1111111100001010
1111101110101100
1111111110100100
0000101010110010
0001000110101100
0001000111001010
0000110010111110
0000101010110010
0000100001001100
0000010001110010
0000011001111101
0000111010101010
0001110000000010
0001101011001110
0001001111110100
0000110110010100
0000000010011010
1111101000111100
1110100011010000
1111011000110010
1111101010111010
0000110110101010
0010000010011010
0010001110101010
0001100010001100
0000111111101110
0001101001011100
0010011100010000
0010000001100000
0000110000110000
1111110110010000
1111001100000101
1111010010011010
1111001000000000
1111010110000010
1111110110010000
0000011100010110
0001011101001110
0001100001010010
0000111110011000
0000010100001100
0000000111000010
1111111110011010
0000100001110010
0001010101100000
0001011101101010
0000111110011000
0000100011001010
0000100000111000
0000000101001110
1110100101000010
1111001011011110
1111100101011010
0000110100100010
0010001000001000
0010011100010000
0001101101010100
0001111111001011
0010000111010000
0001100010001000
1111111110000000
1111000000110000
1110110001100010
1110011000100000
1110010011100110
1110010000011110
1110010011100110
1110101111010100
1111001111000010
0000011011000100
0001011110000110
0001011100010100
0000100010001100
0000000110111100
0000000110111100
0000011010001010
0000110010010001
0000110111001110
0000001111111000
1111011100000000
1111101110010110
1111001100011000
1110110100011100
1111010001001110
1111101101111110
0001011101100110
0010010100100010
0010011000110100
0010011100010000
0010010011101010
0001011101100110
0000001010010100
1110111000110000
1110011001110110
1110001000010000
1101111101000100
1101111001101010
1101101000011110
1101111010100000
1101111010100000
1110100100001000
1111011101101010
0000011011111010
0000100100111010
1111110001110110
1111001001111010
1111000110011110
1111010010111100
1111101001101100
1111110110001000
1111010001001110
1110001011101010
1110010110110110
1110010110011010
1111010000110110
1111110001001110
0000000011010000
0001101100001100
0010011100010000
0010010011111100
0010010010100010
0010000001011100
0000100100000100
1111001000100010
1110001011000010
1101110011111100
1101110110010000
1101101101111010
1110000111010110
1101110101110010
1110000010010000
1110000111010110
1110001000010010
1111011010100100
1111111110001010
1111101010110000
1110100101110110
1110100001101100
1110011011001110
1110110001111000
1110110101100100
1111010110011010
1111100001100000
1110110001111000
1110101001000110
1110101010111100
1111100100001010
0000000100001000
0000001110000100
0001010000110000
0010010000001000
0010011100010000
0010000011011100
0001011100111000
0000010000010000
1110110001011110
1110000101011000
1110001001110010
1110000010101000
1101111111010100
1101111101000110
1101110111100110
1101111111110110
1101101110001110
1110010010000010
1111001001001010
1111011110000110
1110111010010010
1110010010100110
1101110101011000
1101100111000100
1110010011001010
1110000111000010
1101111111110110
1110000011101110
1110010101010110
1111100101110100
1111101010110010
1110111010100100
0000101011011010
0000010001011000
0010010011100100
0010011100010000
0001110000110101
0000101011011010
0000101011011010
1111011101010010
1111110111010100
1111100101111110
0001010110110100
0010010011100100
0010000010001110
0000010001011000
1111110111010100
1111110111010100
0000100010101110
0000100010101110
0000111100110000
0000111100110000
0001010110110100
0001000101011100
0000101011011010
1111110111010100
0000100010101110
0000111100110000
0001111001100010
0010000010001110
0010001010111000
0001110000110101
0000110100000101
1101111011001100
1111011000111100
1111100000110000
0001011101110000
0001101101011000
0001010101111100
1111100000110000
1111101000100100
1111100000110000
1111001001010100
1111101000100100
0010000100110100
0010011100010000
0010000100110100
0000001111101000
0000001111101000
0000011111010000
0000101110111000
0000101110111000
0000010111011100
0000011111010000
0000101110111000
0000101110111000
1111101000100100
1111110000011000
0000000111110100
0001100101100100
0001111101000000
0001101101011000
0001001110001000
1111101000100100
1111010001001000
1110111101000010
1111101110001010
0000010110010100
0001010100110011
0001110100000100
0010011100010000
0001111101000000
0010010111110010
0001111101000000
0001000010111110
0000000100011110
1111010111110100
1111000101111110
1110110100000110
1110111000100100
1110110100000110
1110110100000110
1111001010011100
1111100101001110
0000010001110110
0001001011111010
0000110101100100
0001000010111110
0000100011101110
0000011010110010
0000100011101110
0000011111010000
0000011010110010
1111101110001010
1110101111101010
1111001010011100
1111001010011100
1101100011110000
1101100011110000
1101100011110000
1101100011110000
1101100011110000
1101100011110000
1101100011110000
1101100011110000
1101100101110000
1101101101100000
1110011101111000
0001011011100000
0010010001110000
0010010000100110
0010001010101000
0001110111001001
0010000011000100
0001100010000100
0000010111001100
1111100001111101
1110100101000100
1110000111011101
1110000000110101
1101101100110010
1101101011111000
1101100011110000
1101100011110000
1101100011110000
1101100011110000
1101100011110000
1101100011110000
1101100011110000
1101100011110000
1101100011110000
1101100011110000
1101100011110000
1101100011110000
1101100011110000
1101100011110000
1101100011110000
1101100011110000
1101100100110100
1101101001010110
1110001110101100
0000110011011000
0010001000100100
0010001100101100
0001010100101001
0001010110010100
0001101000001010
0000101110101000
1111101000110010
1110110010110100
1110001000011110
1101110100110000
1101110111011110
1101100111101010
1101100111110110
1101100011110000
1101100011110000
1101100011110000
1101100011110000
1101100011110000
1101100011110000
1101100011110000
1101100011110000
1101100011110000
1101100011110000
1101100011110000
1101100011110000
1101100011110000
1101100011110000
1101100011110000
1101100011110000
1101101000111100
1101110100111100
1110011010111100
1110010110100010
1110000010011110
1110000011010000
1110000111101100
1110000101110110
1110000000111010
1110000000111010
1101111110101110
1101111011110010
1101110101010100
1101110100110100
1101110011000010
1101110101101000
1110010010010010
1101100011110000
1101100011110000
1101100011110000
1101100011110000
1101100011110000
1101100011110000
1101100011110000
1101100011110000
1101100011110000
1101100011110000
1101100011110000
1101100011110000
1101100011110000
1101100011110000
1101100011110000
1101100011110000
1110110100000110
0010011100010000
0010011100010000
0010011100010000
1110010000011011
1101110001001010
1110011101110010
1110100010010000
1110110100000110
1111000101111110
1110010100110110
1111000101111110
1110011101110010
1101110001001010
1110110100000110
1111000001100000
1110100110101110
1101100011110000
1101100011110000
1101100011110000
1101100011110000
1101100011110000
1101100011110000
1101100011110000
1101100011110000
0010010011101000
0010011000001100
0010011010110000
0010011100010000
0010011100010000
0010011100010000
0010011100010000
0010011100010000
0010011100010000
0010011100010000
1110001000110010
1110000101010100
1110001101111110
1110001100011111
1110010001011000
1110011010011010
1110101000110100
1111001100110000
0000001010000100
0000100010111110
0001111111000110
0001001011011000
1110001111000110
1110110011100010
0000100011001110
0001101001101000
0001011000011110
0010011100010000
0000001101010100
0001111110010110
0010010101100110
0001110111101100
0001010110011100
0010000001101010
0010011100010000
0010010101100110
0001110001000010
0001110100010110
0001100111000100
0001011101000110
0000111000100010
0000111111001010
0001110111101100
0010000100111110
0001001001001000
0000111011110110
1111110010101100
0000100100100100
0000100001010000
0001001111110010
0001010110011100
0000111011110110
0000001101010100
0001010011001000
0001001100011110
0000011010100110
0000000000000000
0000101110100010
0000110101001100
1111011110110000
1111001011111011
0001000000010110
0001110111100000
0000111010001110
0000101001111000
0001010010101110
0010011100010000
0001110101011100
0000100101110010
0000111100010000
0000101001111000
0000111110010010
0000101101111110
0001000000010110
0001011000110110
0001110011011010
0001010110110100
0000010011011010
1110101001001100
1111010010000010
0000000001000010
0001010110110100
0001011010111000
0000011101101000
0000011101101000
0000010111100000
0000110010000010
1111100000010110
0000011001100010
0000011101101000
0000111000001010
0000000111001010
0000100010010100
0001001010010100
0001110100010000
0001011101011000
0001010101110000
0001110010010110
0010011100010000
0010011000011100
0001010111101010
0001011111010010
0001010101110000
0001001110001000
0001000010101100
0001000010101100
0001100110111010
0001110000011100
0001101100101000
0000111100111110
1111110010101010
1111111000011000
0000001101010110
0000111001001010
0000101000000000
0000011000110010
0000101001111010
0001000010101100
0000111110111000
1111010010010010
1111111100001100
0000010011000100
0000011100100110
1111001110011110
1111100110011100
1101100011110000
1101100011110000
0010011100010000
1101100011110000
1101100011110000
1101100011110000
1110001101011010
1101100011110000
0000001000110000
1111101111110000
0001000010010000
0001000010010000
0001010011110000
0000001011010000
0000010101010000
0000010000010000
0000001011010000
0000010101010000
0000010000010000
0000100100010000
0000011111010000
0000111101010000
0001011101110000
0001010001010000
0001000111010000
0001010011110000
0001001100010000
0001100111110000
0010011100010000
0010010100110000
0001000100110000
0001010110010000
0001001001110000
0000101011110000
0000110011010000
0000100001110000
0001011011010000
0001111011110000
0001100111110000
0000110011010000