1110110000110000
0000101011000010
0000110101001110
0000101011000010
1110111111011110
1110010001000010
1110001001001000
1101101010100010
1110000101101110
1110000100100111
1110011101100000
1110110000110000
1111000101001000
1111110100101100
0001000010110100
0001110110111000
0010000110110000
0001001111010000
0001110101110000
0010011100010000
0010001100011010
0001100010100000
0001000110001100
0001001000011110
0001100101111010
0001100001011000
0000111010111000
0000000110110010
1111100001011100
1111110011100010
1111100000010100
1111101001010110
1110110110110100
0000010100010000
0001000101000010
0000101011000110
1111001100100110
1110100011000110
1110101001010100
1110001001001000
1110001110010100
1110011010110010
1110101101011110
1111001010100010
1111100100100000
0000001010111010
0001010100101000
0010010001111000
0010010111000100
0001101011011110
0001110110111000
0010011100010000
0010011011001110
0001101001011000
0001000010111110
0001001110011000
0001100100001100
0001101000010101
0001001101010110
0000010110010100
0000000010100110
1111111011010100
1111110101000110
1111111011010100
1110110101001100
1111101100001100
0000110100110100
0000100100010100
1111011101111000
1110110000110010
1110011111001010
1110001011011001
1101110100010000
1110010001111110
1110100010011110
1110110000110010
1111001010000111
1111100010010010
0000111000001000
0001111110100010
0010000111010110
0001101001101000
0001100001111100
0010010100100100
0010011100010000
0001010010100010
0001000000111010
0000100100010100
0000111111110100
0001000000111010
0000111001001110
1111111100101100
0000000100011010
1111110010110010
1111110111001100
1111101100001100
1110110101110100
0000000111111000
0000111010011101
0001000010010100
1111101100111000
1110101010100101
1110001000110111
1110000101011110
1101111101100110
1101111101100110
1110001101010110
1110100000011100
1110110011100100
1111101001100010
0000101100111110
0010000110111010
0010011100010000
0001110001100010
0001101011111010
0010011011001000
0010001011011000
0001100000101100
0000101010101101
0000010100001101
0000011111011110
0001000100100100
0001000010010100
0000001011010000
0000000011011000
1111110010100000
1111100110001010
1111101100111000
1110110100001010
0000100001000100
0000111001101011
0001001011110110
1111110010011000
1110101110111111
1110010010011100
1110001001010110
1101110100100110
1101111100011000
1110001101010000
1110100010000000
1111000101000000
1111100010110100
0000011011111000
0001011110000000
0010011100010000
0010000110001110
0001111001010000
0010001100101100
0010010100011110
0001101000011000
0001001110011100
0000101111010110
0000010110101100
0000011110011110
0000111001101011
0000110011001110
0000100001000100
1111111000111000
1111010111001010
1111100000001110
1110101001001100
0000001100101110
0001010110110100
0001100100101100
1111101010000000
1110110101111100
1110011011010100
1101111110011000
1101111100000100
1101101101000000
1101111001110000
1110011110110010
1110111010100100
1111001010110000
0000001101111000
0001011100100110
0010000000011110
0010001001101110
0001011101110000
0010000101000110
0010011100010000
0010000110010000
0001010011010110
0000010010100010
0000001001010000
0000110100000101
0001000001111110
0001000000110100
0000011011110010
1111101111110010
1111001001100110
1111010000100010
1111100101011010
0000100000001000
0001001001001000
0001001001001000
1111001010110100
1110111001000100
1110011111100110
1110001011101010
1101111001111010
1101110110100110
1110000001101010
1110010110101110
1110100000101100
1110110100101010
1111010101111000
0000100100100100
0010000011111000
0010000111001100
0001101100100101
0001110101011110
0010011100010000
0010000110000110
0001110110100100
0000011101111001
0000110000110000
0001001000000010
0001011110001100
0001011000101010
0000100110110010
0000001101010100
1111111011100100
1111101110010010
1110110111000110
0001001111111000
0001100100101100
0000110100000101
1111100000110000
1111011001110100
1111000100111110
1110111110000010
1110110111000110
1110100010010000
1111010010111000
1111100000110000
1111110101100110
0000010001011000
0000011000010011
0010000000011110
0010000000011110
0001010110110100
0001110010100110
0010011100010000
0010001110011000
0001111001100010
0001001000111010
0000111011000010
0001010110110100
0001010110110100
0000000011011110
1111110101100110
1110110111000110
0000000011011110
0000010001011000
0000000011011110
1111000011011010
0001001001010110
0001010110000110
0001001111101110
1111010110100010
1110011101001010
1110011101001010
1101100011110000
1110110000010010
1110010110110010
1110110000010010
1111000011011010
1111001001110011
1111111100110100
0001010110000110
0010010101111000
0010001111100000
0000101111110110
0001101111100101
0010011100010000
0010010101111000
0001101111100101
0000100011000100
0000101111110110
0001101001001110
0001101001001110
0001001001010110
0000001001100100
1111100011010100
0000010110010100
0000000011001100
0000001001100100
1111000001000110
0000011110011100
0001011111011000
0001011011010100
1111111101111110
1110110000111000
1110001100010110
1110001000010010
1110000100001110
1110001000010010
1110001000010010
1110101000110000
1110110100111010
1111100101101000
0000101110101100
0010000011111010
0010011100010000
0001110011101010
0001100011011100
0010010000000100
0010010000000100
0001001011000110
0000011110011100
1111110001110010
0000010010010000
0000100110100100
0000110010101110
1111111101111110
0000000010000010
1111101001101100
1111100001100100
1111101001101100
1101100011110000
1101100011110000
1101100101110100
1101100110011000
1101100110011000
1101101110101010
1110001000100100
1101110100001010
1101101110011010
1101101110000100
1110011001011100
0000101011011000
0010001010110100
0010011011000110
0001111010111110
0001011100001000
0001000101001100
0000111000101100
0000100010001100
0000010100000011
1111110011011000
1111000010100000
1110100001101100
1110000100001110
1101110100111110
1101101110001100
1101101011010100
1101100011110000
1101100011110000
1101100011110000
1101100011110000
1101100011110000
1101100011110000
1101100011110000
1101100011110000
1101100101101110
1101100110000100
1101100110010110
1110001011101110
1110110101110010
1111001110101010
1111111101100100
1111010000100010
1110100011010101
0000000011000100
0001111101001100
0010010110001010
0010000111110100
0001011101011010
0000110011010010
0000000111110110
1111101011111110
1111011011110000
1110111111100010
1110011101101000
1110001000011010
1101110111110000
1101110100010100
1101101100111000
1101101010001110
1101100011110000
1101100011110000
1101100011110000
1101100011110000
1101100011110000
1101100011110000
1101100011110000
1101100011110000
1101100110111000
1101110101011100
1110001110011100
1110001100011000
0000011101001001
0000110100100110
0000101111111010
0000101111011000
0000001000110110
1110010110011000
1110101011101000
1110100111010001
1110100110000000
1110011000111000
1110011111001000
1110001111100000
1101111010111000
1101111011101100
1101111111010110
1101111010001000
1101101110101100
1110101100101010
1110110100011110
1110101010000100
1110110101000000
1101100011110000
1101100011110000
1101100011110000
1101100011110000
1101100011110000
1101100011110000
1101100011110000
1101100011110000
1101110101100110
1101100011110000
0001001011111010
0010011100010000
0010011100010000
0010011100010000
1110110100000110
0000011111010000
0010011100010000
0010011100010000
0001101011001010
1101111110100010
1110000011000000
1110000011000000
1110011001010100
1110011101110010
1110000011000000
1110000011000000
1110101011001101
0000001101011010
0000010001110110
1110111101000010
0000010001110110
0000110001000110
1101111010000100
1101100011110000
1101100011110000
1101100011110000
1101100011110000
1101100011110000
1101100011110000
1110110100111000
1110111010000000
1110111111101100
1110111001011000
1110111101110000
1110111110100100
1111000011111001
1111001011000010
1111010001111111
1111001110110010
0000000111010100
0000001011010010
0000001110011000
0000001100100001
0000001110000100
0000001100000100
0000001011101010
0000001000011010
0000000111111100
0000010001001100
0000110010000000
1110111100000000
1110011100011110
1111000100100100
0000101011110100
0001101111101000
0010010101000110
0010011100010000
1110110000110110
1111011010010110
1111101110100000
1111101111101100
1111111010011000
0000001010011000
0000011011100100
0000111100001100
0000111001110100
0001101011000010
0010011001111000
0010011100010000
0010001010011110
0001010110010010
0001010100011111
0001010010001000
0000110111011100
0001001000101000
0000111010011010
0000110110110110
0001001100110010
0001001000000100
0000110000111010
0000111000101000
0000111001110100
0000110101000100
0000111100110010
0001000011010100
0000110011010010
0000110011010010
0000011100110000
1111101101111010
1110001101100000
1110101111100111
1110101010100000
1111001110101000
1111011110111010
1111101011001000
0000001111110010
0001000001001010
0000110110111110
0010001100111110
0010011100010000
0001111010001010
0010001000011010
0010000000110010
0001110000011110
0001011111001100
0001100000001100
0001111011101100
0001110100000010
0001100100110010
0001100110110100
0001100110110100
0001101011111010
0001110000011110
0001101111111110
0001011000000100
0001011010100110
0001010101100000
0001011000100100
0001010110100010
0000111111101000
0000011010111110
1110110100110110
1111010000110000
1111011010011010
1111100001111101
1111100000010100
1111011101101000
0000000010101100
0000100100100000
0000110101101100
0001111011100000
0010011100010000
0001101110101000
0001111001010110
0001011001101010
0001011011010010
0000111000011000
0000111110010010
0001000010100110
0001001101010100
0001001100010000
0001001001000010
0001001111011110
0001000000111110
0001001001000010
0001001111011110
0001001010101000
0001001001000010
0000111101110000
0000111001011100
0000110000010011
0000010110000000
1111110011101010
1111111010110110
1101100011110000
1101100011110000
0010011100010000
1110000011000000
1101100011110000
1110100010010000
0000001111101000
1101100011110000
0000001000001110
0000010000011100
1111110001100110
1111101001011000
1111101011011100
1111111011111000
0000001110011010
0000010100100100
0001101000110110
0010000001100010
0010011100010000
0010001111111010
0001001110001000
0001001010000000
0001000011110110
0000100111000100
0001011000011010
0001111101011010
0001100100110000
0001010110010110
0000111101101100
0000100111000100
0001000001110010
0000010000011100
0001000001110010
0000100101000000
0000011000101010
0000011100110010
0000101111010010
0000101001001000
0000010100100100
1111111011111000