1110010101000110
1111011000010000
1111110010010010
0001010100111101
0001100010101100
0001010010010000
0000100110011000
1111110011101010
0000001111000100
0000001001100110
0000111010111100
0001011110100100
0010010010101010
0010011010111000
0010010110110010
0001111010000000
0001111010000000
0010011100010000
0010011100010000
0001111000101000
0001011111111100
0001000011001010
0000101110100110
0001001010000000
0001101111000010
0001110100100000
0010001011110100
0010000110010100
0010000011100110
0001101100010001
0001010110010110
0000100110011000
1110011000011000
1111100110110000
1111101000111011
0001010111100010
0001101001110010
0001011111000010
0000011111101100
0000000011110000
0000011111101100
0000011110100110
0001001110111100
0001111111010000
0010011100010000
0010000100101000
0001011010110000
0001101011111100
0010000100101000
0010000110110010
0010000001011010
0001100001001100
0001001010101000
0000110000111000
0000111111111001
0000110110001101
0001100111101000
0010000001011010
0010010010100110
0010001111011000
0001101110000100
0001110011011100
0001101101000000
0000111001011100
1110010100011100
1111100011101100
1111101000001110
0000110101001110
0001100010100000
0001101101110100
0000111101001010
0000100001111110
0000111100000000
0001001001100110
0010001100011010
0010011100010000
0010000100011110
0001101100101100
0001000000100010
0001011001011100
0010000100011110
0010010000111100
0010000010001110
0001011000010100
0001000110001100
0000111001110000
0000111111011010
0001000110001100
0001100010100000
0001111110110100
0010001001000000
0001111111111100
0001110011100000
0010000101100110
0010001101100010
0001101110111110
1110010001001110
1111010100010000
1111100001111000
0000100100111100
0001101001000111
0001110111111000
0001100100100011
0000101100111000
0001000111000010
0001101001000111
0010001111110000
0010001110101000
0001101001000111
0001000101111000
0000110001011100
0000110000010010
0001110001000100
0010001100010110
0010000111110010
0001001101110110
0000110111001000
0000101111001010
0000111000010000
0000111011101001
0001010000001000
0001110001000100
0001110101101000
0010001100010110
0010001000111100
0010011100010000
0010011000110110
0010001000111100
1110010011011110
1111000000111100
1111011101010110
0000010000011110
0001101101101010
0001110111111000
0001000101111000
0000110111001000
0001000111000010
0001111110101110
0001111010001010
0001100111111110
0000101011110000
0000010001101000
0000001111010110
0000011100111110
0001001011100100
0001101111111100
0001110100011101
0001001010011100
0000101010101000
0000010011111000
0000010111010010
0000100000011000
0000111010100010
0001010110111100
0010000000111110
0010011100010000
0010001100010110
0001111110101110
0010000101100010
0001111011010010
1110100010100011
1110111100011100
0000000000101100
0000110101111001
0010000111110010
0010001011111000
0001100000001110
0001000010001100
0001011101011101
0010011100010000
0010010110110010
0001001101000110
1111101001011110
1111111000100000
1111100101011000
1111101010110110
0000100110111010
0001110111011010
0001101100100000
0001001011110000
0000010110100010
0000001010010000
0000000011011010
1111111101111100
0000010011110010
0001000110010010
0010000010010100
0010001010100000
0001110111011010
0001011101011101
0001101011001000
0001100000001110
1110011111110010
1110100110110110
1110011110000000
0000010111110110
0001110101011010
0010011100010000
0001011100101011
0000111100111010
0001011110011110
0010010101001100
0010010110111110
0000111011001010
0000001011011110
1111110100100010
1111100010111000
1110101111101010
1111111001110100
0001100010000000
0001011001001010
0000110000100100
1111101000001010
1111100001000110
1111011000010010
1111100100101000
0000000000111000
0001010111011010
0010001000110110
0010011010100000
0010000001110010
0000110100000101
0000101011010000
0001000011111110
1110110110011110
1111010010000010
1110011010111010
0000101101111110
0001000000010110
0001000000010110
1111110110110100
1110100100000111
1110111111101010
1111001000110110
0000000000000000
0000011011100100
0001001001100010
0010000000101100
0010001001111000
0010000000101100
0001100101000110
0001110111100000
0010011100010000
0010000000101100
0001100101000110
0000101101111110
1111010010000010
0001000000010110
0001011011111001
0001100101000110
0001110111100000
0010000000101100
0010000000101100
0001100101000110
0001000000010110
0000001001001100
1110001101111110
1111011010000000
1111100010011100
0001010000001111
0001110010000010
0001011000101100
0001000111110010
1111100010011100
0000001100101010
0000010101000111
0000110110111010
0001010000001111
0010011100010000
0010001011010110
0010000010111010
0010000010111010
0001110010000010
0010000010111010
0001110010000010
0001011000101100
0001010000001111
0000110110111010
0000111111010110
0000111111010110
0001101001100100
0001100001001000
0010001011010110
0001011000101100
0001011000101100
0001011000101100
0000100110000000
0000101110011100
1110010011011000
1111000000000000
1111101100101010
0000101000001100
0001101100101000
0001101111100101
0000111010000010
0000100101001100
0001100000101110
0010001010011010
0010001010011010
0001000101111100
0000010110010100
0000000100011110
0000001010011010
0000000111011100
0001000101111100
0001101100101000
0001101111100101
0001000101111100
0000011001010100
0000001010011010
0000010011010110
0000000001011111
0000111101000000
0001010100110011
0010010011010100
0010011100010000
0001110010100110
0001110101100100
0010000100011100
0001110101100100
1101100011110000
1101100011110000
1101100011110000
1101100011110000
1101100011110000
1101100011110000
1101100011110000
1101100011110000
1101101000001000
1101101010100010
1110111101100100
0000010010111110
0001110000010110
0001110000010110
0000111100011110
0001100011100100
0010001110101100
0001110111100010
0010001110010010
0010000110010100
0001000101010000
1110111111111100
1110001110000100
1101111000111010
1101101110111100
1101101101101110
1101101011101110
1101101011010110
1101101010111100
1101101011010110
1101101100001000
1101101100100010
1101101010100010
1101100011110000
1101100011110000
1101100011110000
1101100011110000
1101100011110000
1101100011110000
1101100011110000
1101100011110000
1101100110010000
1101100110110100
1110111100010110
1111101100110010
0001010001000001
0010000000101100
0001010010010010
0001101111010100
0010000010010010
0010011011000100
0010001111111000
0000111101011010
0000000000010010
1110011000100000
1101110101100000
1101110001011100
1101110001111010
1101101111101010
1101101111111110
1101101111010000
1101101111111000
1101111001110100
1101101100110110
1101101011001100
1101101010011010
1101100011110000
1101100011110000
1101100011110000
1101100011110000
1101100011110000
1101100011110000
1101100011110000
1101100011110000
1101100011110000
1101101000111100
1110100010110000
1111001110000000
1110111001001010
1110110001000110
1110110011011100
1111010001001000
1111000001100000
1110101011101000
1110101110110000
1110101101001100
1110010100001101
1110110101000000
1110100100010100
1111100000110000
0000100110100010
0000011101001001
0000111000110000
0000010000001000
0000010010110000
0000011110001100
1111110110101000
1111001111000010
1110111011010000
1101100011110000
1101100011110000
1101100011110000
1101100011110000
1101100011110000
1101100011110000
1101100011110000
1101100011110000
1101111110100010
0010011100010000
0010011100010000
0010011100010000
0010011100010000
1111001110111010
1110000111011110
1110001011111100
1110101111101010
1111010111110100
1111101001101100
0001000111011100
0010011100010000
0010011100010000
0010011100010000
0001000111011100
1110100110101110
1101110101100110
1101110101100110
1101101000001110
1101111110100010
1110010000011011
1110010100110110
1110010000011011
1101110101100110
0010011100010000
0010011100010000
0010011100010000
0010011100010000
0010011100010000
0010011100010000
0010011100010000
0010011100010000
0010011100010000
0010011100010000
1110000101110010
1110000101110010
1101111100101010
1110000000011010
1110000101101100
1110001101011110
1110010100110000
1110100000011010
1110110010001110
1111101010001000
0000000100001010
1110011110100100
1111010011110000
1111011100111010
0000111010010010
0001111000011001
0001101110110110
0010011100010000
0000001001100100
0001110110000000
0010000010110000
0001110110000000
0001011100011110
0001000010111110
0001111100011000
0001111100011000
0001010110000110
0010000010110000
0001110110000000
0001100010110110
0010000010110000
0010011100010000
0010010101111000
0001101001001110
0001100010110110
0000110110001101
0000010110010100
0000001111111011
0000101001011110
0001001111101110
0001001111101110
0000101001011110
0000010110010100
0001001111101110
0001001001010110
0000010110010100
0000001001100100
0000011100101100
0000001111111011
1111100011010100
1111001000000000
0001000110110000
0001011000011011
0001000011110100
0000111101111010
0001010101100000
0010000111101000
0010010110010110
0010010000011110
0010011100010000
0010001010100100
0001101010001000
0010000100101010
0010010000011110
0010000001101110
0001011000011011
0000111010111110
0000010111100110
1111111101000100
1111111101000100
0000010111100110
0000101111001010
0000111101111010
0000111000000000
0000110101000100
0001001100101010
0000111010111110
0000001011110010
1111011111100100
0000001110110000
0000011010100010
1110111001010000
1111001111010010
1111101010001010
0000101010000000
0000011100100100
0000010101110110
0000011001001100
0010001000000110
0010001011011100
0001100110100000
0010011100010000
0001110111010010
0000011100100100
0001001011100110
0001101001110110
0001101001110110
0001000001100010
1111011001010110
1111101101100010
1110111110011110
1110110100011010
1111100011011100
0000011001001100
0000001111001000
0000011001001100
0000010101110110
0000101101011000
0000100110101010
1111110000111000
1111100000000100
1111111010111110
1111111010111110
1111110100010000
0001100000000100
1101100011110000
1101100011110000
0010011100010000
1101100011110000
1101100011110000
1101100011110000
1101111101110010
1101100011110000
1110111001001110
1110110001001110
0000000001010110
1111011001010010
1111110110101010
1111111100000000
0000000100000000
0000011110101110
0000011110101110
0000100100000100
0001000001011100
0000111110110010
0001000001011100
0001010110110100
0001100100001010
0001001001011100
0001010100001000
0001010100001000
0001100001100000
0001011001011110
0001111001100010
0010010100010000
0001110001100000
0001111001100010
0010010001100100
0010001110111010
0010001100001110
0010000110111000
0010011100010000
0010010001100100
0001011100001010
0000001100000010