1110000110111100
1111100101101000
1111101011000010
0000000111011100
0001001011000110
0001100011011100
0001001111001000
0000100101001100
0000100010100000
0000110000000010
0000111001100000
0000110110110010
0001001111001000
0001111110100000
0010000110100110
0010011100010000
0001111101001000
0000111110111010
0001000111000010
0001010100100100
0001010101111010
0001101111100101
0010010000000100
0001110011101010
0001001000011000
0001001011000110
0001000010111110
0001000100010100
0000110001011000
0000101010101000
0001101000110110
0001110101000010
1110100001011000
1111100111110010
1111110111001100
0000001101001110
0000110100110100
0000110111000010
0001010110111100
0001001000101000
0000111100100010
0000110001100010
0000111011011010
0001011011010110
0001011111101110
0010001001100010
0010001111000010
0010011100010000
0001011110101000
0000110011101110
0001000100001110
0000110111000010
0000111000001000
0010000100000010
0010010010010110
0001011010001110
0000110011101110
0000111110101110
0000101101001000
0000101111010100
0000010100111010
0000100010001000
0001101100111100
0001100110010110
1110100011010010
1111100011110100
1111110011001100
0000001001101110
0000110001101100
0000110110110100
0001001010010010
0001000010000110
0000100010010100
0000110101110010
0001001000001110
0001000001000100
0001010111100110
0010011100010000
0010010000111110
0000110011110000
0000010110000001
0000011011001010
1111111111100000
0000000000100000
0000011100001100
0000101001100000
0001010011100000
0000111010111010
0000101010100010
0000000001100010
1111110110010010
0000000111101100
1111111101011100
1111100001110011
0000111000111000
0001001010010010
1110011001011110
1111011010001010
1111110100100000
0000001000001110
0000001100101000
0000101001001000
0001010100111101
0001000000001010
0000101110100110
0001000110101110
0001000101101000
0001011011100100
0001111110101010
0010011100010000
0001111111110000
0001001010000000
0000100000010110
0000001110110100
0000010101011000
0000000111001000
0000001001010100
1111101000011100
0000011001110010
0000101000000010
0000010101011000
1111110101100110
1111101101111010
1111110010010010
1111100101001001
1111110111110010
0000101101100000
0000101000000010
1110100011010101
1111011101100010
1111100101000100
1111101101101100
1111110011000100
0001001101100110
0001100110011000
0001000110000010
0001000110000010
0001001100100000
0001011101110000
0001101101111010
0010011100010000
0010011010000110
0001011011100110
0001000011111000
0000101110010101
0000001111000110
0000000111100010
1111111010101000
0000010001010000
0000010101100100
0000110101111000
0000110001100100
0000100111111000
1111111011101100
1111101001011000
1111111001100010
1111101011100010
1111110110010100
0000010010010100
0000010111101110
1110010011011000
1111000101010110
1111100001001110
1111110000010100
0000100011011100
0000111010101010
0001000111011100
0001010000110000
0000111111010100
0000111010101010
0001010111101110
0001101101110010
0010011100010000
0010000001100010
0001011110101100
0000010111110100
1111110100111110
1111110110001000
1111100111000010
1111100100101100
0000000000100110
0000011110110010
0000100101110000
1111111011111100
1111110010101000
1111110100111110
1111100011100010
1111010100011100
1111000000101100
0000011100011110
0000100101110000
1111110110001000
1110010101100000
1111110100010110
1111010011101100
1111100111111010
0000100100100010
0001010011001100
0001101100000100
0001000011101000
0000101111011010
1111111001000000
0000101100010100
0001011111101000
0010011100010000
0001101111001010
0001011100100000
0000000010010110
0000000000110010
1111000111010000
1110101011010010
1110101000001010
1111110100010110
0000011100110000
0000101101111000
0000011011001110
1111010101010000
1111001010011000
1110001010101000
1110101001101110
1110010000110110
1110110111101110
1111111101101010
0000011000000110
1101110010101000
1111110001001000
1111111000100100
0000100101001100
0001001010011010
0001011001010010
0001011001010010
0000110100000101
0001000010111110
0001001010011010
0001000010111110
0000111011100010
0001101111100101
0010001101011000
0010011100010000
0010011100010000
0010001101011000
0001101111100101
0001100000101110
0001101000001010
0001111110100000
0010010100110100
0010011100010000
0010000101111100
0001100000101110
0001011001010010
0001100000101110
0001011001010010
0001000010111110
0000111011100010
0001101000001010
0010000101111100
1110010010010010
1111101111011000
0000001001111110
0000011101111001
0001100000011010
0001110100010110
0001001100011110
0000111111001010
0000111000100010
0000111111001010
0000111111001010
0001001100011110
0001011001110000
0010001000010100
0010001000010100
0010010101100110
0010001000010100
0000011101111001
0001001100011110
0001010011001000
0001100000011010
0001101101101110
0010001110111100
0010001000010100
0001100000011010
0001011001110000
0001001100011110
0001000101110100
0001001100011110
0001000101110100
0001110100010110
0010011100010000
1110100100000111
1111101010100100
1111111001111000
0000001100010000
0000110001000010
0000110100000101
0001001111101010
0001001001100010
0000100100110000
0000110111001010
0001001001100010
0001000110011110
0001010010101110
0010011100010000
0010010011000100
0001001001100010
0000110001000010
0000110100000101
0000100001101100
0000011110101000
0000110001000010
0000111010001110
0001101110010010
0001100010000010
0000100111110110
0000010101011100
0000010101011100
0000011011100100
0000001100010000
0000001001001100
0001010010101110
0001011110111110
1101100011110000
1101100011110000
1101100011110000
1101100011110000
1101100011110000
1101100011110000
1101100011110000
1101100011110000
1101110011010010
1101101111110110
1101110100001010
0000110010000100
0010001110011100
0001001100110110
0001101100110010
0010000010010110
0001010001001010
0000101010010100
0000100101111110
0001001000100000
1111011100100110
1111000100011100
1110100010110010
1110001100010101
1110000011101100
1101111011111010
1101111001010110
1101110100001010
1101110011010010
1110000000010000
1101110110110000
1101110101111000
1101111001010110
1101100011110000
1101100011110000
1101100011110000
1101100011110000
1101100011110000
1101100011110000
1101100011110000
1101100011110000
1101101010100110
1101101010010000
1110000001011010
0000011000101010
0001110111111011
0010001100000110
0010000010100110
0010010100010000
0010001001011100
0001100011111011
0001100011001000
0001010110010010
1111011110100010
1110010011011011
1110010011101111
1110010000111010
1110010011001110
1110100001000100
1110100011101110
1110101010011000
1110111111100010
1110110001000010
1110010111000100
1110000001011010
1101110101110000
1101100011110000
1101100011110000
1101100011110000
1101100011110000
1101100011110000
1101100011110000
1101100011110000
1101100011110000
1101101111001100
1101101000111100
1110011000111000
1110110000110100
1111000001100000
1111010000010110
1111010010101100
1111010010101100
1111000110111110
1111000110111110
1111010101110100
1111001100011100
1111010101110100
1110100101011000
0000100000010010
0001111010111010
0010011100010000
0010011100010000
0010011100010000
0010011100010000
0010011100010000
0010011100010000
0010001100000110
0001010100011000
1111010111111001
1101100011110000
1101100011110000
1101100011110000
1101100011110000
1101100011110000
1101100011110000
1101100011110000
1101100011110000
1101111110100010
1111001110111010
0010011100010000
0010011100010000
0010011100010000
0000011010110010
1111000101111110
1110110100000110
1101111110100010
1101111110100010
1110100110101110
0010011100010000
0010011100010000
0010011100010000
0001111101000000
0000000100011110
1110001011111100
1101110101100110
1101111010000100
1101110001001010
1101110001001010
1110000111011110
1111100101001110
0000000100011110
0000001000111100
0010011100010000
0010011100010000
0010011100010000
0010011100010000
0010011100010000
0010011100010000
0010011100010000
0010011100010000
0010011100010000
0010011100010000
1110110110101010
1110110110101010
1110110111111110
1110110010011010
1110110001100110
1110100010000010
1110011011010110
1110000011101011
1101101110110110
1101100011110000
1110010111110110
1110100000011010
1110001101011010
1111100110010110
0001010101000111
0010000100010000
0010001101011100
0010011100010000
0000011001000011
0000000001001100
0001101110111100
0010000110110010
0001100111110010
0001101110111100
0001100111110010
0010010000010100
0001110001010100
0000111000000100
0010011001111000
0001111000011110
0010010101000110
0000111111001110
0000101100001000
0000100100111110
0000011101110100
0000101100001000
0001000100000000
0000110000111010
0000110011010010
0000100111011000
0000111111001110
0000110000111010
0001000100000000
0001011011110110
0001010111000100
1111111010000010
0000001000010110
0000011001000011
0000100100111110
1110111001101000
0000001010101100
1111101000011110
0001101011000010
0001101000111000
0000110001001110
0000101100111100
0001110101101110
0001011100000010
0010010101110110
0001010101101000
0001100010011110
0000011101111110
0010011100010000
0001111100001010
0000110101100000
0000101111000110
0000110011011000
0000101100111100
0000110101100000
0000101010110100
0000000010001000
0000110101100000
0001100000010011
0000101111000110
0000110111101010
0001011110001100
0001010011011110
0000110001001110
0000011001101100
0000110011011000
0000011101111110
1111011101110000
1111111010000110
1111000101101110
0001010001111100
0001010011101000
0000100111101100
0000110011100010
0010000100100110
0010010101100000
0010001110110000
0001001110100100
0010010000011100
0010011100010000
0010011100010000
0001011010011000
0001001100110110
0001000001000010
0010000110010010
0010001001101010
0001011010011000
0010001001101010
0010000001001110
0001110011101110
0001111111100010
0001111100001010
0001100010110100
0001101001100100
0000111101101010
0001001011001010
0000110110111010
0001000110000110
0000000111100110
1111010011010000
1101100110000110
0010011100010000
1101100011110000
1101100011110000
1101100011110000
1101100011110000
1110000011000000
1101100011110000
1101100011110000
1110001011111000
1101111101000110
1110000111101010
1110111000001110
1111001101010100
1111001111011100
1110111000001110
1111011010000000
1111000100111000
1111001101010100
1111010111111001
1111000100111000
1111001101010100
1110111000001110
1111010011101010
1111110011010110
0000011011011100
0000110100110010
0000111011001000
0000110100110010
0001001001111010
0001110100001000
0001110100001000
0001101011101100
0001100111011110
0010011100010000
0010010101111010
0001111100100100
0010000010111010
0010010101111010
0010001011010110
0000011101100100