1110101011000110
0000001111010110
0000110010100100
0001111001000010
0001110000011100
0010011100010000
0010000000010000
0001111000001000
0001010001110000
0001010110101110
0000100100001000
1111111111100100
1111000111100100
1111001101111001
1111001001110100
1111001000000000
1111000011100000
1111000001001110
1111100011100100
1111010111010110
1111111000010100
0000000010010000
0000100110011000
0001001100110010
0001110001110100
0001010111001010
0001001110001000
0001001101001110
0001100010111010
0000110011111011
0000100100001000
1111111101010010
1110011010101000
1111101101001010
1111111100011100
0000100101111010
0001011101111010
0001110111101010
0010001010101100
0010011100010000
0001111110000000
0010000100010110
0010001111100100
0010001111001100
0001010110011100
0001000000011010
0000101011100000
0000010110111110
0000011110000011
0000001000011010
0000011110011100
0000101000100000
0000110101001110
0001010111111100
0001011110010010
0001101001000110
0001111001001010
0001111011110010
0001110011001100
0001010111111100
0001001111101110
0001011000101100
0001011111000010
0001101101111110
1110011111101010
1111100101011110
1111111101100010
0000010111110110
0001000010100110
0001001010111110
0010011100010000
0010010110001010
0010001111101010
0001111011011100
0001111000011000
0010001001001010
0010011001001100
0001110101101110
0001011010101000
0001000010111110
0000110101101000
0000100111111000
0000101101100110
0000111110000000
0001000000101100
0001000100111000
0001100010101000
0001100011110001
0010001110100000
0001111011110100
0001110000110000
0001011001110110
0001100101010100
0001011010010000
0001010111001100
0001100001100000
1110010110101010
1111011010100010
0000000011100100
0000011001101010
0001000100010000
0001011111100000
0010011100010000
0010001001010100
0001010001010010
0001001010111110
0001010100000001
0001001011011000
0001001000001110
0001110000110101
0001101000100100
0001101011101110
0001000111110100
0001001100111100
0001000110101000
0000111011001100
0001000010010010
0001100110001100
0001110101111110
0010000000010000
0001111111000100
0010010111001000
0010000111010110
0001011111000110
0001010101101000
0001011111111000
0001010111001100
0001010010011110
1110010111000100
1111011100100110
0000011000011000
0000101011111000
0001101011111010
0001101001011000
0000110111110000
0000100010100100
0000010010000010
0000001010011000
0000001101110010
1111111001000000
1111101011011100
0000001001001000
0000110000111110
0000111111011000
0001101001110010
0001100011000000
0001110111011000
0001011101111010
0001101010001110
0001111111000000
0010000000010000
0010001010000010
0001111111011010
0010011100010000
0001101110111000
0001101001110010
0001100111101100
0001011110010110
0001011010100010
0001001010110110
1110010011111010
1111010111101010
0000101011000010
0000111100011010
0001100001011001
0001010110101110
1111110010110110
1111011000000110
1111010111101010
1110110111001000
1110110110101010
1111001100000101
1110111100011110
1111000100100000
1111101001000010
1111100011101100
1111101010110100
0000101001101100
0001000001010100
0001011100100000
0001110000100100
0010010000001110
0001111111101110
0001111000100110
0010011000101100
0010011100010000
0001110001011110
0001011100000011
0001001111100100
0000111110101000
0000111111100010
0001001100000000
1110111000000100
0000111111111110
0000101010111000
0000011001011100
0000010000000000
0000011000101110
1111101010001100
1111011010001110
1110101010010000
1110000011000000
1110100000000100
1110111010111110
1110110010111110
1110111000110010
1110101100011100
1110101011101100
1111001110100110
1111001000110010
1111000111010100
1111011100011000
0000000101110011
0001011000101010
0010000000101000
0010010110011100
0010011100010000
0010011100010000
0001111111111010
0000110110100000
1111111000000000
1111110101110101
1111111100011001
1111100000000010
1111010100010000
0000111110100000
0001010111100000
0010011100010000
0010010110000000
0001110110110000
0001011101110000
0001000100110000
0000101011110000
0000000110010000
1111101101010000
1111000111110000
1110111011010000
1110111011010000
1110101110110000
1110001111100000
1111000111110000
1111010100010000
1111000111110000
1111001110000000
1111110011100000
1111111001110000
1111110011100000
0000011111010000
0001011101110000
0001010111100000
0000011001000000
0000000110010000
0001001011000000
0000111110100000
0000000110010000
1111110011100000
1110111100000100
0000100001111110
0001000011111100
0010011100010000
0010001110101010
0010000001000100
0001011111000110
0001111010010010
0001011111000110
0000010100010111
1111010111010001
1111100100110101
1111000010110110
1110110101010010
1110110101010010
1111000010110110
1111110010011011
1111101011101001
1110111100000100
1110111100000100
1111100100110101
1111100100110101
0000001101100101
0000111101001010
0001101100101100
0001011000010100
0001001010101110
0000111101001010
0001010001100010
0000101111100100
0000101111100100
1111101011101001
1110010101101000
1111010100110010
0000000110101010
0000011010100110
0001001100011110
0001101101101110
0010011000111100
0010000001101010
0000010011111100
0000111000100010
0000111011110110
0000100111111010
0000110001111000
0001010110011100
0001110001000010
0010000100111110
0001100111000100
0001100111000100
0001010110011100
0001001001001000
0001010011001000
0001101101101110
0001110100010110
0010000001101010
0010000001101010
0010011100010000
0010000100111110
0001101010011000
0001011001110000
0001011101000110
0001010011001000
0001001100011110
1101100011110000
1101100011110000
1101100011110000
1101100011110000
1101100011110000
1101100011110000
1101100011110000
1110000001110010
1110000100110010
1110001001110010
1111100011001011
0001101001100100
0010000101100100
0000011111100010
1111111100100000
1111111100001010
1111111001100000
1111010111110100
1111110011110100
1111011011110100
1110100011110011
1110001111011100
1110000000011100
1101101101110000
1101101001011010
1101101001000110
1101101100110000
1101100011110000
1101100011110000
1101100011110000
1101100011110000
1101100011110000
1101100011110000
1101100011110000
1101100011110000
1101100011110000
1101100011110000
1101100011110000
1101100011110000
1101100011110000
1101101011001110
1101101011111010
1101110000001110
1110001101000010
1111010011100110
0001100011011110
0001101111111100
0001001011010100
0000100111000100
1111111010111110
1111010000001110
1110110101011000
1110101010111010
1110000100101100
1101110001101110
1101101100010000
1101101001010100
1101101001001110
1101100111101110
1101101000000000
1101100011110000
1101100011110000
1101100011110000
1101100011110000
1101100011110000
1101100011110000
1101100011110000
1101100011110000
1101100011110000
1101100011110000
1101100011110000
1101100011110000
1101100011110000
1101100110000100
1101100100110010
1101100101110100
1101101101101000
1101111011001100
1110001001100100
1110001101000000
1110010101011100
1110001101001110
1110010110100110
1110100110001110
1110101111100111
1110110101010010
1110011010010010
1110001111110011
1110010101110000
1110111000001000
1110100000001011
1110010111110101
1101111110010100
1101100011110000
1101100011110000
1101100011110000
1101100011110000
1101100011110000
1101100011110000
1101100011110000
1101100011110000
1101100011110000
1101100011110000
1101100011110000
1101100011110000
1101100011110000
1111100000110000
1101101100101100
0001111101000000
0010011100010000
0010011100010000
0010011100010000
1110111101000010
1110011001010100
1110010100110110
1110110100000110
1111000001100000
1110011001010100
1110110100000110
0010000101111100
1110110100000110
1110001011111100
1110000011000000
1101111010000100
1110000111011110
1111100000110000
1101100011110000
1101100011110000
1101100011110000
1101100011110000
1101100011110000
1101100011110000
0010011100010000
0010011100010000
0010011100010000
0010011100010000
0010011100010000
0010011100010000
0010011100010000
0010011100010000
0010011100010000
0010011100010000
0010001110111100
0010001110111000
0010010100010110
0010010001010110
0010001010110000
0010000011101010
0001110101101110
0001011010101100
0000110110010010
0001010101011110
1110010101110000
0000101010010010
1110001100011100
1110101011000011
1111001101101000
1111100100101000
1111101100110110
1110110011001100
0001011010011110
0010011100010000
0010011100010000
0010000011100110
0001101010111010
0000111001100100
0001001010000000
0000001000001110
0000000000000000
0000100000111010
0001000001110010
0000010000011100
0000100000111010
0000000000000000
0000010000011100
0000011000101010
0000001000001110
0000011000101010
0000001000001110
0000000000000000
0000010000011100
0000001000001110
0000101001001000
0000011000101010
0000010000011100
1111100111010110
1111101111100100
0000011000101010
0000101001001000
0000101001001000
0000101001001000
0000010000011100
0001001110001000
0010010001100110
0010011100010000
0010010101001010
0001000011011110
0000001010101010
0000000011100100
0000001010101010
0000010001110000
0000110001101110
0000010101010100
0000010001110000
0001000011011110
0000100011100000
0000010101010100
0000000111000110
0000001010101010
1111110101010110
1111101110010000
1111101010101100
0000011111111110
0000100111000100
0000100011100000
0000011100011010
0000000011100100
1111011100100000
0000010001110000
0000100011100000
0000010001110000
1111110101010110
1111101110010000
1111001010101110
0000110111001010
0010001100111100
0010011100010000
0010001100111100
0000111010001110
0000000110001000
1111100111100000
1111101010100100
1111011110010100
1111101101101000
1111110000101100
1111111001111000
0000110100000101
0000101010111010
0000100111110110
0000001111010100
0000001001001100
0000010101011100
1111100100011100
1111100001011000
1111110011110000
1111111001111000
1111111100111100
1111101101101000
1111010010000010
1111011110010100
0000001001001100
0000101101111110
0000011000100000
1111011011010000
1110111100100110
1110100111001010
1110011011000110
1101100011110000
1101100011110000
0010011100010000
1110100010010000
0001011101110000
1110100010010000
1101111101110010
0010011100010000
1110111100100110
1111010010000010
1111011110010100
1111111001111000
0000000000000000
0000001100010000
0000010010011000
0000001111010100
1111111100111100
0000001100010000
0001101000001010
0001011110111110
0010011100010000
0001111101101000
0000000110001000
1111100111100000
0000100100110000
0000101101111110
0000100100110000
1111101101101000
1111100001011000
1111100001011000
0000000000000000
0000000011000100
1111011011010000
0010000011110000
0010001001111000
0000101010111010
1111100100011100
0000111101010010
0000100100110000
1111001000110110