1110010110110000
1110111110001010
1111011000001000
1111110010000110
0001000000111010
0001101110010110
0010000110011110
0001110011111010
0010010011111010
0001110110001110
0001000001110110
0000011110100110
0000000000011110
1111110100011010
1111100111011100
1111100000111100
1111100101100100
1111110011000010
0000000101100100
0000010001101000
0001000111011010
0001010110101100
0001100010110000
0001011101001100
0001001000110010
0001010000001110
0001100101000100
0001110011000000
0001111001111100
0010011100010000
0010001010001010
0000111111100010
1110011100110010
1110100111001010
1111100011111110
1111111110010110
0001000110011110
0001101011101100
0001111010110010
0001111111011111
0010011100010000
0010000011010010
0000110100000101
0000011010101000
1111110011100000
1111101101110110
1111001101010110
1111011110010100
1111010111001110
1111100000001100
1111100100011100
0000000001101010
0000101111110110
0001000101100010
0001100000111000
0001011000011000
0000110110111010
0000110000110010
0000110001101110
0001010101000100
0001010101000100
0001110011010000
0001110001010110
0001000101100010
1110011010001110
1110011110101100
1111010000101110
0000010000000110
0001000101000110
0001110101001000
0010000110011110
0010001011011010
0010011100010000
0010001001111100
0000111001101011
0000011111111100
1111111001010100
1111101110111010
1111010100101010
1111010010101100
1111011101100110
1111100111111110
1111100101000000
1111011111100100
0000100100111010
0001000011000110
0001010001011110
0001000011100110
0000101000110110
0000011111111100
0000110000010010
0001001000100100
0001011010011000
0001011010011000
0001010010111110
0001000100000110
1110011001111100
1111001110001000
1111010101101110
0000000110010110
0001000100001000
0010000011011100
0010001010000010
0010000101011110
0010011100010000
0010010000100110
0001010110111000
0000100101101110
0000000010010010
1111101111100010
1111101001011110
1111100011111000
1111110001000100
1111111110001110
1111110010100110
1111110001000100
0000110010111010
0000111111100100
0000110101111100
0000010001011110
0000001011111010
0000011001000011
0000101010010010
0001000100101000
0001001110010000
0001001000001100
0000110111011110
0000100010101100
1110111000000010
1111011101000100
1111011011100000
0000001011110100
0001000011010110
0010001100110110
0010011100010000
0001100111110100
0001111111111101
0010010011100000
0010000011100110
0000111001100100
0000010101100110
0000000100101000
1111100010001100
1111100000101010
1111111110111110
0000000100101000
1111111001010100
0000001010010010
0001000110011010
0000111100000111
0000000101001000
1111110000000101
1111101100111110
1111111011111000
0000010100000010
0001000101011000
0001000011010110
0000101000000110
0000001100010110
1111110000100111
1110101110011000
1111001101011110
1111100111111010
1111111100101000
0000110010000000
0001110100010110
0001111011000101
0001100000001000
0001001110100000
0001011010111100
0010011011001110
0010011100010000
0010000001010100
0000110010100010
0000100001011100
0000100010011110
0000110010100010
0000111100111010
0001000011001000
0001110010110010
0001110001010000
0001001111100100
0000100010111110
0000011001101010
0000010010111010
0000101110111010
0000110011000010
0000110101101000
0000110100000101
0000010010011010
0000000010110110
1111101011000000
1110001001111100
1110110001110000
1111101000100110
0000001011000010
0001011000011110
0001101010110010
0001001010100000
0000011011001010
1111111110001000
0000000111110100
0000100010101100
0001010111111100
0010000111010010
0010011100010000
0010000110001100
0001101101011110
0001001101001100
0001010111011010
0001101101011110
0010010011000110
0010000101001000
0001010111111100
0000110010110110
0000111001110100
0000110011011000
0000100011110010
0000010101110010
0000011001000000
0000010101110010
0000011011101100
0000000100100100
1111100111100010
1101110000000000
1110100111001010
1111000101110010
1111001011111011
0001001100100110
0010001001111000
0010010000000000
0010000011110000
0010011100010000
0010001001111000
0000011011100100
0000000011000100
1111011000001010
1111110000101100
1111001011111011
1110111111101010
1111000101110010
1111001011111011
1111100100011100
1111100100011100
0000110100000101
0001000110011110
0001011110111110
0001010010101110
0000100111110110
0001001100100110
0001011110111110
0001111101101000
0010001001111000
0010010110001000
0001110111100000
0000010101011100
1110010011110100
1110011111110111
1110011111110111
1110111101111010
0001000010000110
0001111110001100
0010000100001110
0001111110001100
0010010110010000
0001111000001100
1111110011111110
1111111010000001
1111010101111100
1111000011111010
1110100101110110
1110011111110111
1110100101110110
1110101011111000
1111000011111010
1111011011111100
0000110110000110
0000110000000100
0001010100001000
0001001000001000
0000000101111111
0000100100000100
0000110110000110
0001100000001001
0001101100001100
0010011100010000
0010010110010000
0001001110001000
1110101000001100
1111011101110010
1111011101110010
0000001101011010
0000110100000101
0010001010011010
0010010000010110
0001011101110000
0010011100010000
0010011100010000
0001101001101010
0000011111010000
1111110101100110
1111100000110000
1111011101110010
1111100110101100
0000000100011110
0000011001010100
0000011001010100
0000000100011110
0001010111110100
0001011101110000
0000111010000010
0000011111010000
0000010110010100
0000001101011010
0000011111010000
0001001011111010
0001001110111000
0001001000111010
0000101000001100
0000100010001110
1101100011110000
1101100011110000
1101100011110000
1101100011110000
1101100011110000
1101100011110000
1101100011110000
1101100011110000
1101101001001000
1101100110010000
1110101010001000
0001011110001010
0001101110110100
0001101010000010
0001100011010010
0000111001001110
0000010010011010
1111101101011110
1110111100010010
1110011010001110
1110001001100100
1110000101000100
1110010100001101
1101100011110000
1101100011110000
1101100011110000
1101100011110000
1101100011110000
1101100011110000
1101100011110000
1101100011110000
1101100011110000
1101100011110000
1101100011110000
1101100011110000
1101100011110000
1101100011110000
1101100011110000
1101100011110000
1101100011110000
1101100011110000
1101100101011000
1101100100110100
1110100011100110
0001100111001010
0001101001100000
0001011101000110
0001000111011010
0000100000101000
1111111111011110
1111100010111000
1110100111000111
1110010010101000
1110001010010110
1101111100110000
1101111010001010
1101100011110000
1101100011110000
1101100011110000
1101100011110000
1101100011110000
1101100011110000
1101100011110000
1101100011110000
1101100011110000
1101100011110000
1101100011110000
1101100011110000
1101100011110000
1101100011110000
1101100011110000
1101100011110000
1101100011110000
1101100011110000
1101101110001010
1101101100000100
1110011000111000
1110110010100100
1110110001001010
1110100001100010
1110100110110000
1110011000001010
1101101111001100
1101101110101100
1101101101110000
1110000010000100
1101111110010100
1110001000101000
1101111011101100
1101100011110000
1101100011110000
1101100011110000
1101100011110000
1101100011110000
1101100011110000
1101100011110000
1101100011110000
1101100011110000
1101100011110000
1101100011110000
1101100011110000
1101100011110000
1101100011110000
1101100011110000
1101100011110000
1101100011110000
1101100011110000
1110101011001101
0010011100010000
0010011100010000
0010011100010000
1101101000001110
1101111010000100
1101101100101100
1110111000100100
1110101111101010
1111000001100000
1110010100110110
1111001110111010
1110111101000010
0000110001000110
1110101011001101
1101100011110000
1101100011110000
1101100011110000
1101100011110000
1101100011110000
1101100011110000
1101100011110000
1101100011110000
1101100011110000
1101100011110000
0010011100010000
0010011100010000
0010011100010000
0010011100010000
0010011100010000
0010011100010000
0010011100010000
0010011100010000
0010011100010000
0010011100010000
0010011100010000
0010011100010000
0010011100010000
0010011100010000
0010011100010000
0010011100010000
0010011100010000
0010011100010000
0010001000110100
0000011000100110
0001000100110000
0000010000100010
1110011010000100
0000111011100100
0001101010000100
0010000101000010
0001101101011010
0010011100010000
1111101000001010
0000101101000010
0001110001111000
0010001100011000
0010011100010000
0010010110111110
0001110111001100
0001010111011010
0000110010010100
0000101101000010
0001001100110100
0001011100101011
0001010010000110
0000110010010100
0000100111101110
0000110010010100
0000111100111010
0001011100101011
0001100010000000
0001100111010010
0001100111010010
0001001100110100
0000101101000010
0000010010100010
1111111000000100
1111110010110000
0000010111110110
0000111100111010
0001000010001110
0000110010010100
0000010010100010
1111011101100100
1111101110111110
0000001010110110
0001100111101010
0010000110100110
0010011100010000
0001101101110110
0000110011000100
0000000001100100
1111111110011100
1111111110011100
0000010111001110
0000110011000100
0000100110101100
0000101100111000
1111111110011100
0000001010110110
0000100000100000
0000110110001010
0001001011110100
0001100111101010
0001010101000110
0001000010100010
0000010111001110
1111110010000100
1111011001010100
1110111010011000
1111111110011100
0000110011000100
0001010101000110
0000101001110010
0000010111001110
1111101000110010
1111100101001010
0000011010110110
0001110000000011
0010001111101000
0010011100010000
0010000110001010
0001000000101110
0000100001001010
0000100001001010
0000101010101000
0001010110110100
0001101001110000
0001110110011000
0001111100101100
0010000110001010
0001110110011000
0001000011111000
0000110100000101
0001000000101110
0001010011101010
0001000011111000
0000111010011010
0000000111111010
1111001111000100
1110111111010010
1111001000110000
0000011110000000
0000101010101000
0000111101100100
0000010111101100
0000100111011110
1111011011101100
0010011100010000
1101100011110000
1101100011110000
0010011100010000
1101100011110000
1101100011110000
1101100011110000
1101111101110010
1101100011110000
1111011101111100
0000111000000110
0001101000001010
0000111010000110
0000001100000010
0000100010000100
0000110110000110
0010011100010000
0010000000001110
0001101000001010
0001110000001100
0000111100000110
0001011100001010
0001011110001010
0000110110000110
0000011100000010
1111101101111110
1111110101111111
1111101101111110
1111101011111110
0000000010000000
1111110101111111
1111111010000001
1111111000000000
1111010111111100
1111100101111110
0000000000000000
0000010010000010
1111101101111110
1111001101111010
1111101101111110
1111011001111100