1110101001000100
1111111101110100
1111110111111100
0000101001011100
0000101110001110
0001001110001000
0000110001100010
0000100010110110
1111111101000100
0000001101001110
1111101011000110
1111110101101110
0000011101010110
0000100101011010
0000111101010000
0001000011001000
0001110111111011
0001110111001110
0010001101100110
0010000111101110
0010001000011100
0001111011111110
0010010101010010
0010000000000000
0010011100010000
0010000010111100
0001111011100110
0001011011010110
0001101111001000
0001100110010110
0001110100010010
0010000001011110
1111001011000010
0000011100001000
0000010111001010
0000111101000000
0001011100000000
0001110010001100
0001010011001100
0001011011001110
0000110110111000
0000110011011100
0000001101001100
0000011001011100
0001000011111010
0001010010011100
0001101001110000
0010000111100110
0010010101110000
0010001101101110
0010010000110010
0010001001001000
0010000001011110
0010010000000000
0010001010010010
0010011010101110
0010011000011100
0010011100010000
0001110111100010
0001111000010010
0001110110000000
0001110000010000
0001110101101000
0010000000101110
1110111110101010
0000001101011011
0000011001111100
0000111001011000
0000111011101001
0001001110001110
0001101001000111
0001101111001100
0001010110001100
0001010001010000
0000110111100000
0001000011101000
0001100011110100
0010000101001010
0010010101000100
0010001011111110
0010010010110010
0001011011011110
0001011010101110
0001101111001100
0001100100100011
0001111000001111
0001111100110100
0010010111101110
0010001011111110
0010011100010000
0001110110000000
0001111010001010
0001111110010100
0001111010001010
0001110110011000
0001111100000100
1111000011110110
0000101011010010
0000110101010000
0001101010000010
0001010000100000
0001101010111010
0001010000111100
0001100111000000
0001101011110010
0010000101110000
0010000110100110
0010001011011000
0001110011111111
0001101100001110
0000111101000010
0000111111001100
0000110011100000
0000111101111010
0001010110001000
0001010011000110
0001001100001100
0001001001001010
0001001110110010
0001100100011001
0010000100000000
0001110111011101
0001100101010010
0001010010010000
0001101011010110
0001111011110010
0010001101111110
0010011100010000
1111010000010000
0001110001101000
0001110010001010
0001101001100010
0001100110110100
1111101010001010
1111111101100100
0010010100101100
0010010101001110
0010010101110010
0010011011101110
0001001011110110
0001010101000000
0000011100111000
0000110001111100
0000110111110111
0001001010110000
0001010010010100
0001101011001000
0001111011010100
0010010010100010
0001100110010010
0001101111011011
0001111001001010
0010011100010000
0001110000100001
0000110001011000
1111100110011000
0000000010111110
0001011000110010
0010000101100110
0010010000011000
1110101011001000
0001100000100110
0001101010110100
0000110111010100
0001001010001100
1111101101011010
0000001011011110
0001101101110110
0010011100010000
0001110101000000
0010001000011000
0001110000111010
0000000100010110
0000000000010000
0000001001111100
0000010001100110
0000100010111010
0000110101110010
0000111101111011
0001011110100100
0000111010011000
0001000000100000
0000100110100000
0000110101010010
0000110100001111
0000101101101000
0000001000111010
1110011111011010
1111000111101011
0000010000100100
0000110110110100
0001001101110000
1101101101101000
0001010000000101
0001101011010100
0000001101010110
0000110011111010
0000100111000100
0010011100010000
0010010001111000
0001100001011001
0001110110101010
0000110110111000
0001111111100100
0001110000010000
0001001101101000
0001001011001010
1111111111100000
0000011000101110
1111110000101010
0000101011000010
0000011011101100
1111101100101110
1111000110101010
1111011000011100
0000000101011100
0000011111001010
0001000010110000
0001000010010000
1111101110001100
0000000001000000
1111111100100010
0000011001101110
0000100111100100
1110011100000000
1111100111000000
0000001100100000
0000100101100000
0000111110100000
0001001011000000
0000011001000000
0000011001000000
1111111001110000
1111110011100000
1111110011100000
0000000000000000
0000010010110000
0000100101100000
0000101011110000
0001010001010000
0001110110110000
0010011100010000
0001110000100000
0010001111110000
0010000011010000
0001111101000000
0010011100010000
0010010110000000
0010010110000000
0010001001100000
0010000011010000
0001111101000000
0010000011010000
0010000011010000
0010001001100000
0010001001100000
1110100101110110
1111111010000001
0000000101111111
0000101010000100
0000101010000100
0001001110001000
0000111100000110
0000010010000010
0000000101111111
0000010010000010
1111111010000001
0000000101111111
0000011110000011
0000101010000100
0000111100000110
0001000010000110
0001110010001100
0001110010001100
0010010110010000
0010011100010000
0010001010001110
0010001010001110
0010011100010000
0010010110010000
0010011100010000
0010010110010000
0010000100001110
0001111110001100
0010000100001110
0001111000001100
0001110010001100
0001110010001100
1110111000101000
0000110000001110
0000101100010111
0001111101011000
0001011110100010
0010010000101100
0001101101111110
0001100010011000
0001111001100010
0010011100010000
0001101101111110
0010000001010000
0001001011001110
0001001111000110
0000011100111100
0000101100010111
0000011001000011
0000110100000101
0001001011001110
0001011010101010
0000111111101010
0000111111101010
1111110010100000
1111101110101000
0010000001010000
0010000101000110
0001011110100010
0001010110110100
0001111101011000
0001110101101010
0010010000101100
0010000101000110
1101100011110000
1101100011110000
1101100011110000
1101100011110000
1101100011110000
1101100011110000
1101100011110000
1101100011110000
1101101100011100
1101101011010000
1110100000001100
0000100100100010
0001000010100100
0010000001011000
0001011001011110
0001011100010000
0010000111010100
0000100101101110
0000011101000010
0000001000100000
0000000100001010
1111010010011000
1110101010111001
1110000010001010
1101110010011000
1101110000110010
1101101111100110
1101101110011010
1101100011110000
1101100011110000
1101100011110000
1101100011110000
1101100011110000
1101100011110000
1101100011110000
1101100011110000
1101100011110000
1101100011110000
1101100011110000
1101100011110000
1101100011110000
1101100111110110
1101100111100100
1111100010111100
0001111110110010
0000111000011000
0001011101010000
0010001011111110
0001110111011000
0000110110110100
1110111000100110
1110110110100100
1110101110101011
1110110100110100
1110100100011010
1110000101000110
1101111100001000
1101110111111100
1101111001011010
1101110010111110
1101110000101000
1101100011110000
1101100011110000
1101100011110000
1101100011110000
1101100011110000
1101100011110000
1101100011110000
1101100011110000
1101100011110000
1101100011110000
1101100011110000
1101100011110000
1101100011110000
1101101010000000
1101100110111000
1110011100100000
1111010001011100
1111010010100010
1111000100000011
1111010111101010
1111001111111110
1110101100011110
1110100001111100
1110010100111000
1101111110101110
1101111000001100
1110000011100100
1110001101011010
1111001010111000
1111001100011100
1111010100010000
1111000100000110
1110110101000000
1101100011110000
1101100011110000
1101100011110000
1101100011110000
1101100011110000
1101100011110000
1101100011110000
1101100011110000
1101100011110000
1101100011110000
1101100011110000
1101100011110000
1101100011110000
1101111010000100
0010011100010000
0010011100010000
0010011100010000
1110010000011011
1110010000011011
1110000011000000
1110011001010100
0010001110110110
0001111000100010
1110011001010100
1111001110111010
0001101011001010
1111001010011100
1110000011000000
1110000011000000
1101111110100010
1101100011110000
1101111110100010
1110011101110010
1101100011110000
1101100011110000
1101100011110000
1101100011110000
1101100011110000
0010011100010000
0010011100010000
0010011100010000
0010011100010000
0010011100010000
0010011100010000
0010011100010000
0010011100010000
0010011100010000
0010010111100000
0001010111111100
0001010101111100
0001010001010010
0001001101010010
0001001000100110
0001000011101110
0000111111111000
0000110100001111
0000100000111100
1111111011000010
1110001001010000
0000101101111110
1111110111111010
0010011011011000
0010000011001100
0010000111011110
0001001001000100
0010011100010000
1111010001001000
1111110000011000
0000000111110100
0000001111101000
1111001001010100
0000001111101000
0000011111010000
0000110110101100
0001011101110000
0001110101001100
0010001100101000
0010011100010000
0010011100010000
0010010100011100
0010011100010000
0010010100011100
0010000100110100
0001110101001100
0001100101100100
0001000110010100
0000001111101000
0000101110111000
1111100000110000
1111010001001000
1111100000110000
0000000000000000
0000000111110100
1111100000110000
0000000111110100
0000000111110100
1111001001010100
1111000001100000
1111000000111010
1111000110111010
0000100001000100
0000100100000100
0000000010111111
1111100001111101
0000001001000000
0000010101000010
0001100011001010
0001101111001100
0001101111001100
0010010011010000
0010011100010000
0001011101001001
0001101111001100
0001111110001100
0001111110001100
0001101100001100
0000101010000100
0000011110000011
0000000000000000
0000000000000000
1110011100110110
1110101000111000
1111000011111010
1110001010110100
1110011111110111
1110011111110111
1111011011111100
1111110111000000
1111100111111110
1110111101111010
1111100011100110
0000010001000010
0000110101111110
0000111110100000
0000011111010000
0000001110001110
0000101010101000
0001010010011000
0010010110100100
0010011100010000
0010001110000010
0010011100010000
0010011100010000
0010000010101100
0010001011001110
0010000010101100
0001101011111101
0001011000000100
0001000001010110
0000010011111000
0000000000000000
1111100110011100
1110010001001110
1111000111001100
1110100111111100
1110001011100011
1110000101110110
1110100111111100
1111010101011000
1111101001010010
1111111101001010
1111101001010010
0010011100010000
1101100011110000
1101100011110000
0010011100010000
1101100011110000
1101100011110000
1101100011110000
1101111101110010
1101100011110000
1110000011111000
1111000001001110
1111001111110100
0000100100100000
1111101010000110
0001000001101110
0010000001111110
0001111001001110
0001011001000011
0001001010011110
0000111000111100
0000011110101010
0001110011010111
0001111111000001
0001111111000001
0000101101010010
0010011100010000
0001110011010111
1111101010000110
0000010010111110
0000011110101010
0001000111100100
0001010110001010
0000101101010010
1111111110100010
0000010101111010
0000000111010100
0000010101111010
0000010000000100
0000111000111100
0000101010010110
1111000001001110