1110110010001000
1111100111110000
0000001000110110
0000111101100000
0010001111101110
0010001111101110
0001110001001110
0001110110101100
0010011100010000
0010010110001010
0000111011010000
0000001010011100
1111110111110100
1111011100110110
1111100010101000
1111100001010100
1111110111110100
0000001011011010
0000111001101010
0001011011011000
0001011000110100
0000111001101010
0000110011111000
0000110001101000
0000100000100110
1111011101110010
1111000110000010
1111010101001000
1111011010100110
0000000010101110
0000101000010100
0000101101011100
1110111010100110
1111100000101000
0000001011011010
0001010001001000
0010010100010100
0010011100010000
0001011100100001
0010000110000100
0010010001001010
0010010111001100
0000101100000011
0000001000010000
1111110101110110
1111100001100100
1111011111000010
1111100001111010
1111110111110000
1111111001010110
0000101111001110
0001010101100100
0001100001010100
0001011000011011
0001000100001010
0000111001101011
0000011010111100
1111100001100100
1111010101100010
1111011101001000
1111110110110100
0000011101001001
0000110111110010
0000111001111111
1110101111101010
1111110000101010
0000010101010001
0000111111100010
0010010010000010
0010000110110100
0001110011101010
0010000101110100
0010011100010000
0001111101001110
0000001011101110
1111110001000000
1111100101110010
1111001010000010
1111011001100100
1111010000000001
1111100011011110
1111101010011000
0000000100110010
0000111111110110
0001011000010001
0001001011000100
0000111110100010
0000110010010100
0000010111100110
1111011001100100
1110111011110110
1111001111000000
1111100011001000
0000001111000000
0000100100011110
0000111010010000
1110110001000100
1111111110110000
0000101100000000
0001101010000000
0010011010001000
0001111011110100
0010001001101110
0010010111101000
0010011100010000
0000101111001110
1111100101110100
1111010000000100
1111000000011011
1110110011100100
1110111100001000
1111000010001100
1110111111101100
1111010111100101
1111101010011100
0000100111000010
0001011110100110
0001101000111100
0000111110111010
0000111100110000
0000011010100010
1111000110110100
1110001111001110
1110001100101110
1111010010111100
1111111011100010
0000100100001010
0000110101101000
1111001011101010
0000011000010011
0001011101111110
0001111001111110
0010011011111000
0001100011111000
0010011100010000
0010000010110100
0001011100111000
0000001001100110
1111010110000000
1111001110101000
1110111100111100
1110110010111110
1110101010100000
1110101111010011
1110111010010110
1111000010110100
1111100110001110
0000010111111110
0000111101100010
0001010011101010
0000111000110000
0000101111100010
0000100001111010
1111001110010000
1110001101011010
1101110110100010
1101111111000010
1111001011010100
0000001111000110
0000100011011000
1111010101011000
0000100111010010
0001110101100000
0010001101001000
0001101110111000
0001101110100000
0010011100010000
0001111110011000
1111111101100110
1111011111101110
1110111000100110
1110101100000100
1110100010000110
1110010101111100
1110000110110100
1101111101001110
1110010100110100
1110100001000000
1110110111100000
1111101000111100
0000010101001110
0000111000101000
0000001110111100
0000010101111100
0000000000001011
1110111110111000
1110001010001000
1110001001011000
1101101001010010
1110001111101010
1111001010010100
1111111100100000
0000000000000000
0000111100101110
0001110100000100
0010011100010000
0001100110101100
0001100011000110
0001111111101100
0001110000000011
1111110100110110
1110110101111010
1110011111001000
1110100111100110
1110010110001100
1110000100010110
1110000101101100
1101110101001010
1101111110111110
1110010010101000
1110010000011011
1110101010101111
1111010110011110
1111111111000111
1111111111000111
1111110000011000
1111011101001100
1110110100000110
1101111111111000
1101111010100010
1101110100101110
1110000111011110
1110110010010100
1110101101011010
1110101010110010
1111111000111010
0000011100011010
0001010101001110
0010000110111100
0001111111110110
0001111111110110
0010001110000010
0010011100010000
0010001110000010
0001100011011100
0000101010101000
0000000111000110
1111111000111010
1111111000111010
1111111000111010
0000000111000110
0000100011100000
0001000111000010
0001011100010110
0001011100010110
0000111111111001
0000111111111001
0000111111111001
0000101010101000
1111110001110010
1111000111001100
1111000111001100
1111011100100000
1111111000111010
0000011100011010
0000101010101000
1110101001001100
1111100000110000
0000000011011110
0001001111111000
0010001110011000
0010001110011000
0001111001100010
0001111001100010
0010011100010000
0010001110011000
0000111011000010
0000100110001100
1111111100100010
0000000011011110
1111110101100110
1111111100100010
0000000011011110
0000100110001100
0001001111111000
0001101011101000
0001101011101000
0001001000111010
0001001111111000
0001010110110100
0001000001111110
1111111100100010
1111101110101000
1111101110101000
0000000011011110
0000110100000101
0001001000111010
0001001111111000
0000000000000000
0000110110000110
0001101100001100
0010001101001110
0010011100010000
0001101111001100
0010011100010000
0010010011010000
0001100110001010
0000110000000100
0000001001000000
1111111101000001
1111110000111111
1111101101111110
1111100111111110
1111100100111111
1111101010111110
0000000000000000
0000001100000010
0000111100000110
0001011101001001
0001101100001100
0001000010000110
0001010100001000
0001001000001000
0000000101111111
1111100001111101
1110001101110100
1111001100111010
0000010010000010
0000110000000100
0001000101001000
1101100011110000
1101100011110000
1101100011110000
1101100011110000
1101100011110000
1101100011110000
1101100110111100
1101100101101110
1101110000010110
1101101100000100
1101111111010010
0000111011010100
0001110110111010
0010010000011000
0010001011011110
0001110000010100
0001010011011010
0000110000000010
0000000011111110
1111101010011010
1111100000111110
1110100111110100
1101110110111110
1101101011001110
1101101000111010
1101100111001100
1101100110110100
1101100011110000
1101100011110000
1101100011110000
1101100011110000
1101100011110000
1101100011110000
1101100011110000
1101100011110000
1101100011110000
1101100011110000
1101100011110000
1101100011110000
1101100101110100
1101100101100100
1101110010100100
1101101100010000
1101110111100100
0001010111100010
0001110010011010
0010001011010010
0010000101010110
0001101011001100
0000110101010010
1111110010111110
1111001010111010
1110110100110100
1110011011111000
1110000010100000
1101101100101000
1101101000001110
1101100111100010
1101100110110000
1101100110001110
1101100011110000
1101100011110000
1101100011110000
1101100011110000
1101100011110000
1101100011110000
1101100011110000
1101100011110000
1101100011110000
1101100011110000
1101100011110000
1101100011110000
1101110011100010
1101101111001100
1101111010001000
1101111111010110
1110000001111100
1110001110011000
1110010001000100
1110001001111010
1110001000010110
1110010101000100
1110001101011110
1101111101001100
1101110111100110
1110000100110010
1101111110101000
1101111111010000
1101111100110000
1110001100011000
1110000101000100
1110010110110010
1101111000100100
1101100011110000
1101100011110000
1101100011110000
1101100011110000
1101100011110000
1101100011110000
1101100011110000
1101100011110000
1101100011110000
1101100011110000
1101100011110000
1101100011110000
1110110100000110
1110111101000010
1111111011100010
1110011101110010
0010011100010000
0010011100010000
1101100011110000
1101100011110000
1101100011110000
1101110001001010
1101100011110000
1101110001001010
1110000011000000
1110010100110110
1101111110100010
1111000001100000
1110010100110110
1101101000001110
1101101100101100
1101101100101100
1101111010000100
1101100011110000
1101100011110000
1101100011110000
1101100011110000
1101100011110000
1101100011110000
0010011100010000
0010011100010000
0010011100010000
0010011100010000
0010011100010000
0010011100010000
0010011100010000
0010011100010000
0010011100010000
0010011100010000
1111100010001110
1111100011000100
1111100100000000
1111101000011100
1111101010001100
1111101011110011
1111101111011110
1111110101100100
1111111010110010
0000000101111110
1111011100100110
0001110000001000
1101111100100000
1111110101100100
0000110001110000
0001111000011100
0001010000001000
0010011100010000
0000000111110100
0000101110111000
0001101101011000
0001111101000000
0001100101100100
0000110110101100
0000111110100000
0000110110101100
0001110101001100
0010010100011100
0010010100011100
0010001100101000
0001110101001100
0000100111000100
0000010111011100
0001010101111100
0001111101000000
0001111101000000
0000111110100000
0000001111101000
0000000111110100
0000000000000000
1111101000100100
0000000000000000
0000111110100000
0010000100110100
0010011100010000
0010011100010000
0010001100101000
0001101101011000
0000110110101100
1111010001001000
0000011110011100
0000110110110010
0001101111100101
0001110011101010
0001110011101010
0001100111100000
1111110101110110
1111111101111110
0000000110000110
0010010000000100
0010011100010000
0001001111001000
0001010111010000
1111101101110000
0000001110001110
0001001111001000
0010001100000010
0001111011110010
1111101001101100
1111001101010010
1111010001010100
1111011001011100
1111100101101000
1110101100110100
0001000010111110
0001111111110110
0010010100001000
0010000011111010
0001101011100100
0001000010111110
0001001011000110
1111110101110110
0001001000111010
0001100000101110
0010010011010100
0010011001010010
0010011100010000
0001101111100101
0000101000001100
0000101011001010
0000100010001110
0001100000101110
0001100000101110
0000110100000101
0000011111010000
1111110010100110
1111111011100010
0000001101011010
0001001110111000
0000010000011000
1111111011100010
1111100000110000
1111100011101110
1111110101100110
1111110101100110
1111010001111000
1111100110101100
0000110111000100
0001001000111010
0001001000111010
0000111101000000
1111110010100110
0000000111011100
1111110101100110
0010011100010000
1101100011110000
1101100011110000
0010011100010000
1101100011110000
1101100011110000
1101100011110000
1101111101110010
1101100011110000
0000010001111110
0000111000101100
0000110101111100
0010011100010000
0001110000000000
0001011100101010
0001011100101010
0001001100000100
0001011100101010
0001110101100010
0001111000010100
0001010001100110
0001100111101101
0001011001111000
0001001100000100
0001100111101101
0001100100111100
0001101010011110
0001010001100110
0000011101000010
0000111110001110
0000111110001110
0000111110001110
0000100010100100
0001000110100010
0000101101101000
0000010100110000
0000010111100000
0000101010111000
0001000001000000
0000000110111010
1111100101101111