1111001011011010
0000001010111100
0000110100000101
0000111111100010
0001111110000010
0010001111001110
0010001110001100
0001001100100100
0000011011000110
0000010101111000
0000011010000010
0000010111011100
0000110011100100
0001011011101010
0001110001100010
0010011010101100
0010011100010000
0010010010111000
0001101001001110
0001010001110010
0001010100111010
0001110100101010
0001111001111000
0010010000110010
0010001110101110
0001101011110011
0001001110001000
0001000101110010
0001001011000000
0001010101111100
0001100100100010
0001100110100110
1111001100100010
0000000100010000
0000101010111110
0000101100110110
0001010000101101
0010010111100010
0010011100010000
0000111010000100
0001000100011100
0001001110011000
0001000110010110
0001000100011100
0001010100011111
0010000100001100
0001110010010000
0001101111111000
0001010010001000
0001001011100010
0000101111101100
0000111000001011
0000111011111100
0001001111010100
0001110011001100
0001111110100000
0001101000010100
0001001110011000
0000110111101100
0000111001001000
0000110110110000
0000110111001110
0001001010001000
0001000100011100
1111001011010010
1111111111010010
0000101110100100
0000101101001010
0001001000100100
0010011100010000
0010011001111000
0001100110010110
0001101100000010
0001101110111000
0001110111110110
0010001010110000
0010001100101010
0001011101011000
0001000001111100
0000000100111110
0000010110111100
0000000000101110
1111111100111100
0000010101000010
0000000100000010
0000011001010010
0001010001100100
0001100111010100
0010000101000110
0001010101010110
0001010000001000
0000111100010001
0001000001011110
0001000001000000
0000111011110011
0000011010010000
1111001100001111
0000000000011110
0000110010111000
0000111000110100
0001100011011100
0010010101110110
0010011100010000
0001100010111110
0001110011011110
0001111111110110
0010000011111110
0001110001001100
0000101100000000
1111111110001010
1111111101010000
1111100000110110
1111001110100000
1111010100000000
1111001110000100
1111001110111110
1111011001100000
1111100010001110
1111110010101110
0000010000000010
0001000110000110
0001001111010010
0001100110001100
0001000100010010
0001000111000010
0001000000100110
0000110001111100
0000011011000001
1111001111101110
0000010101111000
0001000100110010
0001011000011000
0010011100010000
0010010100000100
0010001101101100
0010000011001100
0010001100110000
0001100011010100
0000011100101100
1111111100010110
1111110100001010
1111101011100000
1111010101001100
1111000101010000
1111001001110011
1110101110111010
1110101001111010
1110011110111110
1110110101110000
1111001000011100
1111011011000110
1111101001101100
0000000110011000
0000111111010100
0001011101110110
0001011110110000
0001000000101100
0000110100011000
0000111100000111
0000101111110110
1111001110001110
0001010001001011
0001001111000100
0010011100010000
0010001011001110
0010011010101010
0010000010101100
0001101011110011
0001001111000100
0000010000010000
1111001011000010
1110110001011110
1111011000010110
1111010001011010
1111000101101110
1110110100101010
1110100101110000
1110010001100010
1110001101010010
1101110000100010
1110011111111010
1110100101110000
1110100111111010
1111000101001100
1111001011000010
1111110111110000
0000111101100000
0001001010110100
0000010001010100
1111110010111110
1111111101100110
0000001110101000
1101110110011110
0001111011111010
0010011100010000
0000111001011110
0001100001100000
0000010011001010
0000011001001000
0000001111110000
1111101010010010
0000001000000110
1110110101100000
1110110101100000
1110100001000100
1110110110010110
1110110100101010
1110101111100010
1111100010101000
1111011000011010
1110101101110110
1110101011010010
1111000001011010
1110011001011010
1110001000011001
1110100010110000
1110110011110010
1110011111010110
1111000000100100
1110101101110110
1111000101101101
1110111001110000
1111001000001110
1110111000111010
1110111100000100
1111010000011100
0000000110110010
0000000000000000
0001111010010010
0010000111111000
0001010001100010
0000111101001010
1111010000011100
1111100100110101
1111011110000010
1111111001001110
1111101011101001
0000110110010110
0001001010101110
0010000001000100
0010011100010000
0010010101011110
0001100101111010
0001011111000110
0000101000101111
0001001010101110
0000110110010110
0001100101111010
0001000011111100
0001011000010100
0000110110010110
0000111101001010
0000100001111110
0001001010101110
0001010001100010
0001000011111100
1110110111100110
0000001011011100
0000101001111010
0001000000110010
0001110110001000
0001111101110000
0001101110100010
0001001000011010
0000101001111010
0000001011011100
0000010011000100
0000001011011100
0000101001111010
0001001000011010
0001100110111010
0010001101000000
0010011100010000
0010000101011000
0001011111010010
0001010111101010
0001010111101010
0001100110111010
0001101110100010
0001111101110000
0001111101110000
0001010111101010
0001000000110010
0001000000110010
0001001000011010
0001010111101010
0001100110111010
0001101110100010
1111001001001110
0000100110100100
0001000111000010
0001110011101010
0001111111110110
0010011100010000
0001101011100100
0001110111101110
0001001111001000
0001001111001000
1111000101001010
1110111101000010
1111101101110000
1111100001100100
1111010001010100
1110101100110100
1110100100101100
1110001100010110
1110010100011100
1101111000000010
1101111000000010
1101111000000010
1110100100101100
1111001101010010
1111100101101000
0000000010000010
0001001111001000
0001011111011000
0000100010100000
0000000010000010
0000101010101000
0000100110100100
1101100011110000
1101100011110000
1101100011110000
1101100011110000
1101100011110000
1101100011110000
1101100011110000
1101100011110000
1101101001001010
1101101000100100
1111000011101111
0000111111010010
0001100000010010
0001101011011000
0001101100010000
0001101011111101
0001110001101010
0010000000101010
0010001111010110
0000111111010010
0000010001011010
1110010111111100
1101101011110110
1101100011110000
1101100011110000
1101100011110000
1101100011110000
1101100011110000
1101100011110000
1101100011110000
1101100011110000
1101100011110000
1101100011110000
1101100011110000
1101100011110000
1101100011110000
1101100011110000
1101100011110000
1101100011110000
1101100011110000
1101100011110000
1101101000111000
1101101000101010
1110111111111110
0000010111010010
0001100101000001
0001110001111000
0001110101101000
0001011011111100
0010000101011110
0001101001001110
0001001001010110
1111100100110010
1110111100111110
1101111010110000
1101101001110000
1101100011110000
1101100011110000
1101100011110000
1101100011110000
1101100011110000
1101100011110000
1101100011110000
1101100011110000
1101100011110000
1101100011110000
1101100011110000
1101100011110000
1101100011110000
1101100011110000
1101100011110000
1101100011110000
1101100011110000
1101100011110000
1101101110001010
1101110111000000
1110100110111101
1110100010111000
1110010001011000
1110011001110100
1110010101110000
1110100010100100
1110010100110100
1110001001111000
1110001110010000
1110010010010100
1110000101010000
1110000011000000
1101111000100100
1101100011110000
1101100011110000
1101100011110000
1101100011110000
1101100011110000
1101100011110000
1101100011110000
1101100011110000
1101100011110000
1101100011110000
1101100011110000
1101100011110000
1101100011110000
1101100011110000
1101100011110000
1101100011110000
1101100011110000
1101100011110000
1101101100101100
0010011100010000
0010011100010000
0010011100010000
1111010011010110
1101111010000100
1101111010000100
1101110101100110
1101110001001010
1101110001001010
1110110100000110
1111001110111010
0000101000001100
0000010110010100
1110011001010100
1101100011110000
1101100011110000
1101100011110000
1101100011110000
1101100011110000
1101100011110000
1101100011110000
1101100011110000
1101100011110000
1101100011110000
0010011100010000
0010011100010000
0010011100010000
0010011100010000
0010011100010000
0010011100010000
0010011100010000
0010011100010000
0010011100010000
0010011100010000
1111100011111110
1111100100110000
1111011110011010
1111100111010100
1111100110111110
1111011111010000
1111001111111110
1111000101100000
1111011111001010
1111111011001000
1110100110011010
0000011111010000
1111010101100111
1111111111001100
1111111111111100
0000101100010110
0000111111100101
0010011100010000
0000100111101010
0000111010010011
0001001100111110
0001011010111100
0001011010111100
0000110000111110
0000110101101000
0010000100111100
0010010010111010
0001101000111100
0010001001100110
0010010010111010
0010001001100110
0010000000010000
0010010010111010
0010011100010000
0010000000010000
0001111011100110
0000010000010100
0010000100111100
0001100100010010
0000111110111110
0001000011101000
0000110101101000
0001110110111100
0010000000010000
0010010111100110
0010010010111010
0001110110111100
0001110110111100
0000110000111110
0000110000111110
1110111111110100
0000001010111010
0000111101110001
0000011011110110
0000100011001000
0000010010001010
0000100000101110
0001001100010100
0010010111011010
0010001011010010
0001100100100010
0010010111011010
0010011100010000
0001101001011000
0001010110000000
0001101001011000
0001101011110011
0001010011100100
0000010111000000
1111101001000000
1111100001101110
1110101010000000
1111010101100111
1111101011011010
0000001010111010
0001110011000100
0001110101100000
0001000010101000
0000101100110100
0000110110100000
0000010100100110
1111101011011010
0000100101100110
0001010010101110
0001110111100000
0010000110100010
0001010001000100
0000101100010010
0000111101000000
0001101111001000
0010011100010000
0010010000100100
0001101000011100
0010010011111010
0010010010001110
0001100000000110
0001100001110000
0001101000011100
0001010111101110
0000111101000000
0000010100111000
1111110000001000
1111100010110000
1111011111011010
1111111000011110
1111111111001010
0000101000111100
0001001111011000
0001100001110000
0001011110011010
0001000010000000
0001000101010110
0001000010000000
0000001010111000
0000110101111000
1101100011110000
1101100011110000
0010011100010000
1101100011110000
1101100011110000
1101100011110000
1110001101011010
1101100011110000
0000001110101010
0001010011000000
0010011100010000
0010010111011000
0001101011011100
0001111110111100
0001100110100010
0001111010000100
0001111010000100
0001110000010100
0010010010100000
0001101011011100
0001101011011100
0010000011110110
0010001000101110
0001111010000100
0001100001101010
0010011100010000
0001111110111100
0000110101101110
0001100110100010
0001101011011100
0001010111111000
0001000100011000
1111111011001000
0001001110001000
0001100001101010
0001010011000000
0000000100111000
0000010011100010
0001010011000000
1111110110001110