1110101001110000
1111110110101000
0001001100111000
0001001010011000
1111100010101000
1111010001001000
1111001101011000
1110110101000000
1110101101100000
1110101100111000
1110101111011000
1111011000101000
1111010110001000
1111000100000000
0000000011110000
0000001000110000
0000100000100000
0001011110011000
0001100000010000
0001110111011000
0001101011011111
0001111011110000
0010011100010000
0010000011111000
0001110110110000
0001011001010111
0001000100110000
0000110011010000
0000110100100000
0000101101000000
0000111100101000
0001010001111000
1111000001101100
1111111001110100
0001011001100000
0001011010101100
1111010010110100
1110101000010010
1110101111111110
1110000000101100
1110001011010110
1110011011111000
1110100011100100
1110100010011000
1111000001000110
1110110001001000
1110110101111000
1111100001100100
1111011100110110
1111101110100100
0000101110111110
0001010101111100
0001101110110000
0010011011000100
0010011100010000
0010001110101010
0010011000001000
0010011001010010
0010001011101110
0001111010000000
0001101010101000
0001100000100110
0001010101111100
0001011011010010
1111001000100010
1111111110110100
0001000100000000
0001001000110000
1111000110001011
1110101011010100
1110110001010010
1110010011011110
1101111111110010
1110010010111000
1110000101001010
1110011110001100
1110111000011100
1110101101000110
1110101100100000
1110110111010000
1111001111101101
1111011001110110
0000000010111110
0000110110111000
0001001110101110
0010010101101100
0010010110010010
0010000111011000
0010000011110100
0010001101010110
0010011100010000
0010001001110000
0010010000111010
0001111000011110
0001101110010110
0001101011010110
1111001010000111
1111111110001101
0000111100100100
0000111111000000
1110110010011110
1110011111000110
1110101000001100
1110000000110101
1101110000011110
1101111010110000
1110001100010101
1110000100011110
1110011000011101
1110100001100010
1110011001101010
1110100111100110
1110101110010000
1110110001111000
1111011001010000
0000000101011100
0000010011011000
0001100001100000
0010000010001110
0010011100010000
0001101011001100
0001011111000110
0001111101011000
0001101111011011
0001110100111000
0001100111100011
0001010001110000
0001000101101010
1111011000001110
0000011001100100
0001001001001010
0001001110001000
1110110110001000
1110011101010010
1110101110010100
1110001111110011
1110000000111000
1101110001111110
1101111110110000
1110010000100000
1110011110101100
1110001100111100
1110001100001110
1110000011000000
1110001010000110
1110011110101100
1111001100001010
1111010000011010
1111110001110010
0000100111000100
0001101101011000
0010011100010000
0001111110011010
0000111100011000
0001101001000111
0001011100010110
0001001011010010
0000111100011000
0000111111111001
0000001101100000
1111110111110100
0001001100000110
0001011000010110
0001100011110100
1111010110010010
1101111001000010
1110100101001100
1110110001011110
1110100111101010
1110000110111100
1101110100001000
1110101010111010
1110110100110000
1110110011000110
1110011011011000
1110100001111100
1110101100100100
1111000010101010
1110101110001101
1110110011000110
0000010110111010
0000101000111001
0010000000011100
0010011100010000
0010010010011100
0001111000001111
0010000000011100
0010010011010000
0001111101001010
0001001001101000
0001000011000110
0001000000101000
1111111011111100
0001101111001110
0001010010011010
0001010000100110
1111110101101010
1110110101101100
1110110111100000
1110101011110010
1101110111100100
1101111011001010
1101110011000100
1110010110001100
1110101001000110
1110010010100110
1110011011100111
1110000111110010
1111000011001110
1110101101100110
1110110011111010
1111010111111100
1111111011111100
0001001101111010
0010001101110110
0010011100010000
0010011010011100
0010001111101010
0001011011011010
0001010101000110
0001011010100000
0001001100000110
0001011010100000
0000111011111000
1111000110011100
0000001000001110
0000101001001000
0000111001100100
1111100111010110
1111100111010110
1110111110001110
1111011111000110
1111010110111000
1110111110001110
1111010110111000
1111110111110010
1111001110101010
1111101111100100
0000101001001000
0000100000111010
0010000011100110
0001111011010110
0001001010000000
0001011010011110
0001101010111010
0001110011001000
0010010100000010
0010011100010000
0001000001110010
0001000001110010
0000101001001000
0000101001001000
0000111001100100
0000010000011100
0001010010010000
0001011010011110
1110101001001100
1111100000110000
0001001000111010
0001001000111010
1111111100100010
1111001011111011
1111010010111000
1110110111000110
1110101001001100
1110101001001100
1110110111000110
1111010010111000
1111100000110000
1111011001110100
1111111100100010
0000001010011010
0000100110001100
0001100100101100
0010001110011000
0010000111011010
0001001000111010
0010000000011110
0010011100010000
0010001110011000
0001011101110000
0001001111111000
0000110100000101
0000100110001100
0000101101001000
0000011111010000
0000110100000101
0001010110110100
1111011000100000
0000001111011110
0000111111100010
0000111111100010
1111001110001110
1110101000011100
1110110110001010
1110001001100010
1110000110000110
1101110100111010
1110101011111000
1110101011111000
1110110010101110
1110100001100100
1110011010101100
1110111101000010
1110110010101110
1110111001100110
1111011111011000
1111111010110110
0000011001110000
0001100101010100
0010000000110010
0010011100010000
0001110110011110
0001010111100100
0001111101010110
0001100101010100
0001100101010100
0001100101010100
0001011011000000
0001000010111110
1101100111110110
1101101011101110
1110000111101100
1110010010100010
1110010010100010
1110000111111011
1110000010110010
1101111001100110
1101110010011110
1101110101001000
1110000000001000
0001010000101100
0010010000001100
0001010111110100
0000011110011100
1111111101010110
1111101011011000
1111010011011111
1111000000000100
1110101110101110
1110011010101100
1110010010100010
1110000100000010
1101101110110010
1101100111110110
1101101000110110
1101101000000010
1101100011110000
1101100011110000
1101100011110000
1101100011110000
1101100011110000
1101100011110000
1101100111101010
1101101000110010
1101110110011000
1101111111100000
1101111101011100
1101110111101010
1101110110001000
1101110000100000
1101101011111010
1101110001100010
1110001000010000
0000110100010110
0010001011100100
0001010011011010
0001000001100010
0000100010001000
1111111111000100
1110110101011000
1110011011100100
1110001111110110
1110000101011100
1101111101011000
1101110101111110
1101101101100010
1101101010111110
1101101010100100
1101101000000000
1101100011110000
1101100011110000
1101100011110000
1101100011110000
1101100011110000
1101100011110000
1101110110100000
1101110101011100
1101111010001000
1101111111010110
1110001001010000
1110010001100100
1110000101000100
1110000111001010
1110000111001010
1101111100001110
1111110110101000
1111001100101010
1110110110110010
1110111000100100
1111001111010100
1111011110000000
1111010011011111
1111000111110000
1110111111100010
1110111110110000
1110011011001110
1101111111000110
1110000000111010
1110011111000000
1110100011101100
1110001001101000
1110000001110100
1101100011110000
1101100011110000
1101100011110000
1101100011110000
1101100011110000
1101100011110000
1101101100101100
1110011101110010
1111000101111110
1111100101001110
1101111010000100
1101101000001110
1101101000001110
1101111010000100
1101110101100110
0010011100010000
0010011100010000
0010011100010000
1111100101001110
1110011101110010
1101101100101100
1101101000001110
0000001000111100
0000101000001100
1101111010000100
1101110101100110
1111000001100000
1110101111101010
1110001011111100
1110000111011110
1110000011000000
1110000011000000
1110011101110010
1101100011110000
1101100011110000
1101100011110000
1101100011110000
1101100011110000
1101100011110000
0000110010111000
0000101101010010
0000101001011000
0000011111110100
0000011010111100
0000010011001000
0000000100001100
1111110101100000
1111100111111100
1111010010000010
0001000111010000
0001001000000000
0001001111001010
0001011000010000
0001100011111011
0001101001101100
0001111110110100
0010001111100110
0010011100010000
0010011100010000
1110100100010110
1111101011110011
1110000100101100
1110111100010000
0001000011100100
0010000110101000
0010011010010010
0010011100010000
1111111100010010
0000000011101110
0000110100000101
0001000110101100
0001000110101100
0001011100111111
0001110011010100
0010001001101010
0010001101011000
0001111010110010
0010000101111100
0010011000100010
0010011100010000
0010000101111100
0001101111100101
0001111010110010
0001101000001010
0001101000001010
0000110000011000
0001100000101110
0001011001010010
0001111110100000
0010011000100010
0010011000100010
0010001101011000
0001000010111110
0001100100011100
0001100000101110
0001100000101110
0000010010100110
0000100001011110
1110010100001000
0000000001000110
1111101101001010
1111111110111010
0000000001000110
0000001001111110
0000111111001010
0001110100010110
0001111000110010
0001110010001000
0001111101001110
0010001100110000
0001111000110010
0010000011111000
0010000001101010
0001111111011100
0001111101001110
0010001100110000
0010011100010000
0001111101001110
0010001110111100
0010001010100010
0010010111110100
0010001100110000
0010000110000110
0001111000110010
0001111101001110
0010001010100010
0000111111001010
0001100100110110
0001001010010000
0001000011100110
1111110110000010
1111101101101000
0000011001010010
0000011011100100
0000100010011110
0000100111000100
0000110000010000
0000011011100100
0001110000100110
0001111110011000
0001111100000110
0001100101000110
0010010101010110
0010000111100100
0001001001100010
0001010111010100
0001011001101000
0010011100010000
0010011001111100
0001110101001100
0001101110010010
0010000000101100
0010001110011110
0001010010101110
0001110101001100
0001100010110100
0001101001101100
0010000101010010
0001100101000110
0001100101000110
0001011001101000
0001011001101000
1111110100100000
1110011000101100
1101100011110000
1101100011110000
0010011100010000
1101100011110000
0010011100010000
1110000011000000
1110001101011010
1101100011110000
0000000101010001
0000010010100010
1111101010110100
1111101000001010
0000001010100110
0000000010101010
0000000101010001
0000011101001000
0000011010011110
1111111101010110
0001110001111000
0010011100010000
0010000001110010
0010010110111110
0001010111011010
0000100111101110
0001011111010110
0001110111001100
0010000001110010
0001011111010110
0000111111100100
0000011101001000
0000000010101010
0000010111110110
0000100111101110
0000011111110010
0001000010001110
0001000010001110
1111011101100100
0000001010100110
1111011101100100
1111010010111110