1110100110100100
1111100100111111
0000011111000000
0000110101011010
0001001111010110
0001001110011110
0000101000101010
0000100010111100
0000001111100110
0000100110000010
0000111011001000
0000010110101000
1111100101110110
1111110011011111
1111101110001100
0000010000111010
0001000100010110
0001010100001010
0010011000101110
0010011100010000
0010000100111110
0001110110011100
0001111100100110
0010000101011010
0010001111111100
0010010100010110
0010010110111110
0001111000001110
0001110011110100
0001101011000010
0001100111000100
0001110100101100
1110011111100100
1111011011011010
0000010110011000
0000101010111000
0001100001101100
0001101001101000
0000110111011100
0000110001001010
0000100101111000
0000110001001010
0001000100011010
0000011101000100
1111111000101100
0000001100010110
0000000111010100
0000101101011000
0001100001001111
0001110101010110
0001111011001100
0010000011100100
0001101111111001
0001101101110100
0001111110100100
0010000110111010
0010011100010000
0001111100111000
0010000100000000
0001101110001110
0001101110101010
0001011101111010
0001010011000010
0001101010111000
1110100110111010
1111100101011110
0000010000001010
0000100110100010
0001010010111010
0001011011100110
0001101011110000
0001101001010010
0001001011000010
0001000111101100
0001011110111010
0001000011100100
0000110111111100
0000111101110000
0001001010001100
0001111101100110
0001111100010101
0010010011111110
0001111100010101
0001110010011000
0001101011110000
0001110010011000
0010011000100010
0010010100011000
0010011100010000
0010001011010000
0001111011100000
0001101110010000
0001110111110001
0001110000010100
0001110001001010
0001111110110100
1110010110110000
1111010001001100
0000000001100010
0000010101110000
0000111110101000
0001000000011000
0001110001001100
0001100011001000
0001000101101010
0001001100101100
0001010110011000
0001101100110010
0001101010100110
0001110101001000
0010001001010110
0010011100010000
0001101111110110
0001101010100110
0001011101011010
0001010100001010
0001100000011101
0001111111101100
0010010001010000
0010010010100110
0010011000010010
0001111001000110
0001101100010110
0001110011110100
0001011011101000
0001100100110111
0001010111010000
0001010110110100
1110101000001000
1111100001011000
0000011111111110
0000101000011010
0001010011000000
0001001000010110
0001011010100100
0000110010100101
0000101111000100
0001001001010000
0001001101101100
0001101001101010
0001111010000100
0010001010100000
0010011100010000
0010010100101110
0001101100101111
0001110010000110
0001110010111110
0001001000010110
0001000000011000
0001010100010101
0001110110000100
0010010101001010
0010011010011110
0010000011110110
0001101110111110
0001101011011100
0001100110111110
0001011111011100
0001010000010110
0001001000010110
1110110011110000
0000001100010000
0001101010010000
0001100100110000
1111101101010000
1111100010010000
1111101101110000
1111100100010000
0000001000110000
0000010000010000
0000011001010000
0001000000110000
0001111111110000
0010010011010000
0010011100010000
0010000010110000
0010000000110000
0010000100010000
0010000000110000
0001101110010000
0001001001010000
0001001011010000
0001011111110000
0001110101110000
0010011000010000
0010001111110000
0001100000110000
0001001010110000
0001000100110000
0001001100010000
0001010010110000
0001000010110000
1110100011111000
0000000011110010
0001001111000000
0001000000011000
1111101001000010
1110111001000100
1111011000011000
1111010110110110
1111101000100010
0000000100110010
0000010001111100
0000100000100100
0001010011000100
0010010000101000
0010011100010000
0001110101011000
0001110010110110
0001110011010110
0001111101011110
0001001111000000
0001000010011000
0000110101110010
0001000111011100
0001100010001100
0001101101010100
0001111000011001
0001011001000110
0000111011010100
0000110000001110
0000101100101011
0000100110101000
0000010101011110
1110011010111010
1111101010100100
0000010101011100
0000100001101100
0001000110011110
0000111010001110
0000011011100100
0000011011100100
1111100100011100
1111110110110100
0000101101111110
0000100111110110
1110111111101010
1110111001100010
1111100100011100
0000001001001100
0000111010001110
0001000110011110
0010001001111000
0010011100010000
0010011100010000
0001110001010110
0001101011001110
0001111101101000
0001110001010110
0001110111100000
0001111101101000
0001010010101110
0001100101000110
0001011000110110
0001100101000110
0001101011001110
1110100100011010
1111010100111010
0000010101100100
0000100101101110
0001000110000010
0001000110000010
0000100101101110
0000010000001010
0000010000001010
0000100000010100
0000110000100000
1111101111110110
1111101111110110
1111100101000100
1111101111110110
0000000000000000
0000110101111000
0001000000101010
0010001100000110
0010001100000110
0010000001010100
0001101011110000
0001111011111100
0010000110101100
0010000001010100
0010011100010000
0010000110101100
0001110110100010
0001100000111110
0001101011110000
0001110110100010
0001100110011000
1110011110110010
1111100111101101
0000100110001100
0000011000010011
0000110000100111
0000100110001100
0000110100000101
1111111100100010
0000011000010011
0000101001101010
0000111110100000
0001001111111000
0001101011101000
0010011100010000
0010010001110110
0001111001100010
0001101011101000
0001100100101100
0001101011101000
0001000001111110
0000110100000101
0000110100000101
0001011101110000
0001011101110000
0001100100101100
0001100001001110
0001011010010010
0001000001111110
0000111110100000
0001000001111110
0000101101001000
0000110100000101
1101100011110000
1101100011110000
1101100011110000
1101100011110000
1101100011110000
1101100011110000
1101100011110000
1101101001110100
1101101001110100
1101111011001110
1111110101100110
0000011101011010
0001001011110100
0010010100100110
0001111000011000
0000100111001010
0000001111001010
0000000011000010
0000011101001000
0000101010000100
0000000001111110
1111011000010100
1110110010000100
1110100010000000
1110010010101100
1110000010000100
1101101110100100
1101101010000110
1101101001100100
1101100011110000
1101100011110000
1101100011110000
1101100011110000
1101100011110000
1101100011110000
1101100011110000
1101100011110000
1101100011110000
1101100011110000
1101100011110000
1101100101011100
1101100101011010
1101110111000000
0000011011001000
0000101001010010
0001100100011100
0001110111100000
0010000101011010
0001100000100111
0001010101010100
0000101100101011
1111101001001000
1110101000101100
1110100010010100
1110010000101100
1101111100101010
1101110011000100
1101101100111100
1101110010000010
1101101000010110
1101101000001010
1101100111011100
1101100011110000
1101100011110000
1101100011110000
1101100011110000
1101100011110000
1101100011110000
1101100011110000
1101100011110000
1101100011110000
1101100011110000
1101100011110000
1101100111111010
1101101000111100
1110010000000000
0000001111101000
1111110111000000
1111111000111110
1111101010100000
1111111011010100
1111100110100110
1111100001011100
1111010101111110
1111001000000110
1110101001111000
1110001111000100
1110001010111000
1110001110000000
1101101011001000
1101111001001100
1110000110001100
1110010010001100
1111001100000000
1110010110111001
1101100011110000
1101100011110000
1101100011110000
1101100011110000
1101100011110000
1101100011110000
1101100011110000
1101100011110000
1101100011110000
1101100011110000
1101100011110000
1110011001010100
0010011100010000
0010011100010000
0010011100010000
0001011101110000
1101100011110000
1110100010010000
1110100010010000
1111100000110000
1111010111110100
1110111000100100
0010011100010000
1111101110001010
1110000111011110
0000011010110010
0000110101100100
0000111110100000
0000011111010000
1111110111000100
1110000011000000
1110010100110110
1110011001010100
1101100011110000
1101100011110000
1101100011110000
1101100011110000
0010011100010000
0010011100010000
0010011100010000
0010011100010000
0010011100010000
0010011100010000
0010011100010000
0010011100010000
0010011100010000
0010011100010000
0001111101100000
0010000000010100
0001111100100110
0001111101111100
0001111101100110
0001111101000110
0001111011110000
0001110100101110
0001010110011000
0000000011101110
1110010101110000
1111111110001010
0001000101010110
0000000000100010
0000111100001100
0000111011010000
0001011100110010
0010011100010000
1111000101111110
0000100101111100
0001011101110000
0000101010011001
0000010100000110
0000101000001100
0000001000111100
0000001000111100
0000100011101110
0010010101100100
0010011100010000
0010000011101100
0010011010000010
0010001110110110
0001100010001110
0001010100110011
0001100110101100
0010000001011110
0001100100011100
0001110110010100
0001101000111010
0001010100110011
0001010010100110
0001010111000100
0000100101111100
0001011101110000
0001001001101010
0000101100101010
0000001101011010
1111111101110010
1111011010000100
1111011010000100
1111010010110000
0000011111100110
0000110100000101
0000011101111000
0000011111100110
0000100001010100
0000001110011111
1111110110100110
0000101011100010
0001110110101100
0001110011010010
0001101100011011
0001111011110100
0001101100011011
0001011011010110
0001100011111010
0010000000111100
0010011100010000
0001111111001110
0001100000011101
0001001010010010
0000011101111000
0000001110011111
0000001011000101
0000000000110110
0000011101111000
0000011101111000
0000011000110000
1111110100111011
1111110110100110
1111101010101010
1111011011010010
1111000111111111
0000100110111010
0000101001100010
0000010101110000
0000000001111110
0000100110111010
1111101110001100
1111110110001000
0000100101100110
0010010110111110
0010011100010000
0001110100101100
0010000011001100
0001110100101100
0001011110010010
0001011011101000
0010000111001010
0010011100010000
0010001000011110
0001110110000000
0001010101000100
0000101110110100
0000010001110100
0000100001101000
0000011111000000
0001000101001110
0000111100000000
0000111000000001
0000010000011110
0000010001110100
0000000101111100
1111101110001100
0010011100010000
1101100011110000
1101100011110000
0010011100010000
1110100010010000
1101100011110000
0000000000000000
1110010111110110
0010011100010000
1110100111011110
1110111110111010
1111010011101110
0000000101001110
0000010100110110
1111110010111110
0000100111000100
0000110100000101
0001000001000110
0000100100011110
0000010111011100
0000100001110110
0000111001010010
0000001101000010
1111111101011010
1111110101100110
0000010100110110
0001001011100010
0010011100010000
0001111111100110
0001010000101101
0001101010110010
0000110110101100
0000011010000010
0000001111101000
0000001101000010
0000111001010010
0000010010001110
1111110010111110
0001011011001010
0001000110010100
1111100101111110