1110101111100111
0000000000101010
0000101011110100
0001011000010000
0001100100000010
0000111000111000
0000000101111000
1111110100111000
1111101101000010
0000001011001000
0000101011110100
0010001111001100
0010011100010000
0010011010111100
0010001001111100
0010000010000110
0001110010011010
0001011000010000
0000110111100100
0000111111011010
0000011010110100
0000011000001100
0000000100100100
1111000000100110
1111011111111110
1111101110010110
1111001011000010
1111111111010110
1111110000111111
1111010100001100
1111010000010010
1110111101111110
1110101011101011
1111111000110100
0000101001001100
0000101110011010
0001100000000110
0000101001001100
0000100111111000
1111101111101010
1111111011011100
1111101101000010
0000111110000101
0001111110001100
0010011100010000
0010010100011010
0010001101111000
0010011000010100
0010001101111000
0001100101010101
0001100111111100
0001000101111100
0001000000101110
0000101110011010
1111111110000010
1111000111001000
1111011010110000
1111100010100110
1111101101000010
1111111110000010
1111101011101110
1111110000111111
1111100010100110
1111001000011100
1110100010000010
1111100101100010
0000010011001110
0001010110101100
0001011111000000
0000111111110110
0000110101011110
1111100101100010
1111111001010000
1111111101011010
0000111011101100
0001110010101110
0010011100010000
0010001001100100
0001111101000110
0010001001100100
0001110100110100
0001101000010101
0001011111000000
0001001100010100
0001001010001110
0000010110010100
1111100000010110
1111001100100110
1111101101110110
1111111000001111
1111111111011110
1111101110111000
0000000000100010
1111100101100010
1111011110010000
1111010010110110
1110100101010100
1111101101011100
0000011101100000
0001101000111010
0001101101010010
0001010111011010
0001001111110000
0000000011010010
0000010000011000
0000011010001110
0001010000110110
0010000011001000
0010011100010000
0010011000111110
0010000111100000
0010010101101100
0010001110000010
0010000111100000
0001101111011011
0001011010101100
0001001110101010
0000100010111110
1111100111111110
0000000101011110
0000011000000010
0000101000011011
0000110001001010
0000101001100010
0000110110101000
0000000011010010
0000010011101010
1111110110001010
1110101001001100
1111101101100100
0000010010011100
0001100111000110
0001101001010000
0001011010000100
0001011000111110
0000001110000110
0000010101101100
0000100011110100
0000111001100000
0001111011101100
0010001111001110
0010001110001010
0010000110100100
0010000011010010
0010011100010000
0001110110010010
0001010000010010
0000111100110000
0000100101111110
0000001110000110
1111011111011100
0000001011111100
0000000110100000
0000110111010110
0000100100111010
0001001011111110
0001000100011000
0000011110011000
0000011100001110
1111111010100100
1110100010000010
1111101000001110
0000001101100101
0001110010010110
0001101100101100
0001011101111110
0001000110001100
0000011011001011
0000010011010000
0000011000111001
0000101110011100
0010000100011110
0001110011100000
0001110110111000
0010010101011110
0010011011001000
0010011100010000
0001111001001010
0001000001101010
0000101011000010
0000001111110110
1111011000011000
1111011100111010
1111101010100000
0000000010010000
0000001110101110
0000011010000010
0000101011000010
0000000001001000
0000010010001000
1111101101111000
1111011011110010
1110100101110000
1111100001100000
0000110010011011
0001011110000000
0001001100100100
0000101111111100
0000011010110010
1111110110101010
1111110000011101
0000001001010110
0001000010100110
0001110100011010
0001111110011000
0001100110101110
0010010110000010
0010011100010000
0001110101101010
0000101000011110
1111110010111101
1111101101111100
1110111100001010
1111001000100110
1110101000001110
1111101111001100
1111111011101010
0000100101111110
0001000111100110
0001010110100010
1111111010011010
0000001010100110
1111001101100101
1110111100001010
1110110011111000
0000000100000000
0000000100000000
0001010100001000
0001011100001010
0000111100000110
1111101011111110
0000000100000000
1111100011111110
0000000100000000
1111110011111110
0010001100001110
0010011100010000
0010000100001110
0001101100001100
0001101100001100
0001011100001010
0001001100001000
0000010100000010
0000110100000101
1111110011111110
0000011100000010
0000000100000000
1111001011111011
1111100011111110
1111111100000000
1111010011111101
1111110011111110
1111100011111110
1111110011111110
1111000011111010
1110000011110101
1110111011111010
0000001100000010
0000110100000101
0000100100000100
0001011100001010
0000011100000010
0000001100000010
0000000100000000
1111110011111110
0000011100000010
0000111100000110
0010000100001110
0010000100001110
0010011100010000
0010010100010000
0010001100001110
0001110100001100
0001101100001100
0001000100000110
0000111100000110
0000010100000010
0000001100000010
1111110011111110
1111100011111110
1111000011111010
1111010011111101
1110101011111000
0000001100000010
0000001100000010
1111001011111011
1111100011111110
1111011011111100
1110100111100010
1111100111100010
0000010100101110
0001010100101110
0001011100010000
0000111110001000
0000110110100110
1111100111100010
1111101111000100
1111100111100010
0000111010010110
0001110010110110
0010011100010000
0010001001011100
0001111110001000
0010001001011100
0001111110001000
0001011100010000
0001011100010000
0001000001111000
0001001001011010
0000001101001100
1111010000111100
1110101111000100
1111010100101100
1111100111100010
1111100000000000
1111011100001110
1111101111000100
1111110010110100
1111100011110001
1111100000000000
1101100011110000
1101100011110000
1101100011110000
1101100011110000
1101100011110000
1101100011110000
1101100011110000
1101100011110000
1101100101011100
1101100101101110
1110011001100000
0000000011100110
0000100000010000
0001011000011011
0001101111100010
0001111110100000
0010010101101000
0010011001101010
0010010010101010
0010000111000110
0001111111000001
1111101110101000
1101111010011010
1101101101000100
1101101010000010
1101101000110010
1101101000011010
1101100110010000
1101100110010110
1101101101111110
1101101010000010
1101101000000100
1101100111100000
1101100011110000
1101100011110000
1101100011110000
1101100011110000
1101100011110000
1101100011110000
1101100011110000
1101100011110000
1101100101000110
1101100101111110
1110001001100100
1111100011010000
0000101001000110
0001100001010110
0001110000101011
0010000111010000
0010001011011010
0010011011001010
0010001101011100
0001111000001000
0000111001111010
1111000101100100
1101110001000010
1101101001011100
1101100111100100
1101100110110000
1101100110011010
1101100101101000
1101100101100000
1110000000111000
1101111011110000
1110100111011011
1110100100000010
1101100011110000
1101100011110000
1101100011110000
1101100011110000
1101100011110000
1101100011110000
1101100011110000
1101100011110000
1101100011110000
1101111100110000
1110010110010000
1110010001110110
1110011010011100
1110010110100010
1110011000000110
1110011100110010
1110100111101111
1110101001010010
1110011111111010
1110011100000000
1110010111000000
1110100101011000
1110100000101100
1110100000101100
1110010100001101
1101110011111000
1110001000101110
1110010100101100
1101110101011100
1110111100010010
0000111000110000
0010001100000110
0010001111110000
1101100011110000
1101100011110000
1101100011110000
1101100011110000
1101100011110000
1101100011110000
1101100011110000
1101100011110000
1110101011001101
0010011100010000
0010011100010000
0010011100010000
0001010100110011
1110111101000010
1110011001010100
1110011001010100
1101111110100010
1101101100101100
1101101000001110
1111001010011100
0010011100010000
0010011100010000
0010011100010000
0001100110101100
1110011101110010
1110000011000000
1101101100101100
1101101000001110
0010011100010000
0010011100010000
0010011100010000
0010011100010000
1101111010000100
0010000001110010
0001111111110010
0001111111110010
0010000001011010
0010000000011100
0010000111100110
0010001011111100
0010010101000110
0010011100010000
0010011100010000
1101100011110000
1101100011110000
1101100011110000
1101100011110000
1101100011110000
1101100011110000
1101100011110000
1101100011110000
1101100011110000
1101100011110000
1110110000110110
1110100111110000
1110001010101000
1111010000101110
1111111011001100
0000110010000100
0001011100000000
0010011100010000
0000011100011010
0001010101001110
0001010101001110
0001000111000010
0000111111111001
0001001110001000
0001100011011100
0010010101001010
0010011100010000
0001100011011100
0001100011011100
0000110001101110
0001001110001000
0001100011011100
0001100011011100
0000011100011010
0001000111000010
0000111111111001
0001010101001110
0001010101001110
0001010101001110
0000100011100000
0000000111000110
0000100011100000
0000011100011010
1111100011100110
1111011100100000
1111111000111010
1111011100100000
0000000000000000
1111001110010010
1110110001111000
0000010101100100
0001101001000100
0001101110011100
0000111101111110
0001000000101010
0001000000101010
0001101110011100
0010010110111000
0010011100010000
0001011110010010
0001010110001110
0000101000011010
0000110101111000
0001001011011100
0001001110001000
0000101101110100
0000110011001100
0000110000100000
0000111011010010
0000100000010100
0000110000100000
1111110101001110
1111110111111010
1111101101001010
1111011010010010
1111011010010010
1111011111101100
1111010111100110
1110110100100100
1111011010010010
1111001100110100
1111001100110100
0000011110001010
0001100010101100
0001110101111000
0000110110110100
0000100011101000
0001011111111100
0010011100010000
0010001110100010
0010001110100010
0001011101001100
0001001010000000
0001000100100010
0000101001001000
0000101110100110
0000110100000101
0000101011111000
0000010101111100
0000101011111000
0001000111010010
0001001010000000
0001000100100010
1111111101010000
1111000000111100
1111101100110100
1111100001110110
1111011111000110
1111001110101010
1111001011111011
1110111110001110
1110111000101110
1111011001101000
1110110000100000
1111001111110111
1101100011110000
1101100011110000
0010011100010000
1101100011110000
1101100011110000
1101100011110000
1101111101110010
0010011100010000
1110001001100010
1110101010001010
1110111110110000
1111000101101000
1111110010010000
0000001000100110
0000010100100110
0000000011011100
0000001010010100
0000010110010100
0000001101110000
0000001101110000
0000110011100000
0001001000001000
0001111011101000
0001111101010110
0001110011000010
0001101111100101
0001101111100101
0001010101110110
0010001001011000
0010010000001110
0010010101011000
0010011100010000
0010010011101010
0010010011101010
0010000000110010
0001100001111000
0001100000001001
0001100101010100
0001011110011100
0000010110010100