1111001010001100
0001101111100101
0001100000101110
0000111100101010
0000010111011110
1111100001101010
1111010011010110
1111111111011100
1111010110001110
1111110010110110
1111101001000110
1111111101101110
0000000110010010
0000001110010100
0000000100000000
0000010011011110
0001101001111000
0001111101111010
0001010100001000
0001010101110110
0000111000000110
0001011001010010
0001111001010110
0010011100010000
0010000111101010
0000111101110100
0000010101001100
1111110101101100
1111100110110100
0000001010010100
0000000010111000
0001000101110100
1110011100011010
0000100011100010
0000100110100000
1110101001000000
1110110010010000
1111100010000000
1111100101101111
1110110100000110
1110111101010110
1110101001000000
1110110100110110
1110111100101000
1111001011011101
1110110011000000
1111000110111110
1110100101101010
1110101101011100
0000000110010010
0000101010001110
0001010001110011
0010001001000000
0001110110001000
0001110100010000
0001110000111100
0010011100010000
0010000101101010
0000111000101010
0000101111000010
0000101101111010
0000101100110100
0000111010111000
0001001100010010
1110011001101100
0000100111100110
0000101101101110
1110101011101011
1110101101001100
1111011110111010
1111100100010010
1110101000100110
1110110111100010
1110001100101100
1110011010110110
1110011110010010
1110110010100010
1110011010011100
1110111001110100
1110011101100000
1110001101011100
1111001110011110
0000000001101110
0000100011000000
0001110010100100
0001110110000000
0010011011000110
0010000111001110
0010011100010000
0010011001001100
0001110110011000
0001100100011001
0001011011001110
0001011100000000
0001100011010000
0001110101101000
1110100110111010
0000010001000110
0000000010001110
1111110010111101
1111001101001000
1111010111100110
1111001000101100
1110111000001110
1110100111101111
1110010110000010
1110010011001110
1110100010111010
1110011101010000
1110010100110100
1110100000111000
1110011010000010
1110010110000010
1110111101000010
1111100011101010
0000000101011100
0001011010010010
0010010001000000
0010010111011100
0010010010100110
0010001001110000
0010010101000000
0010011001110110
0001110111101010
0001100111111110
0001110001001110
0001111100011110
0010011100010000
1110100010001010
1111011000101110
0000101110010010
0000101001110000
1110010010111000
1110010111110110
1110100111111110
1110110000001110
1110010001101000
1110010101110010
1110000110000100
1110100000111100
1110100011011010
1110011001000100
1110101100000110
1110010010011110
1110000110011110
1110100011000001
1110111010111110
1111100001000000
0000111001000010
0001110111000100
0010011100010000
0010001111110110
0010000111001010
0010000110110000
0001111001100010
0001010010010000
0001011000011110
0001010110110100
0001100000010011
0010010011100100
1110100101010110
1111011010011010
0000111000110100
0000100101001100
1101111110111010
1110110011100010
1110100000110000
1110010101011110
1110011001101010
1110010010111110
1110100010011010
1110101001100010
1110011101110100
1110100110001100
1110011011101110
1110010101000100
1110100100111100
1110011101000000
1110101110001000
1110100110001100
0000110000111000
0001001011101000
0010011100010000
0010000110100010
0001001110111110
0001001011101000
0000101110110010
0000011101010000
0000101001011000
0000111111100000
0001001110111110
0001101010100010
1111011011011000
0000011011010000
0001011100010111
0001010010111110
1101110111001010
1110101011110010
1111000101011100
1111001001001100
1110011010001110
1110100101100000
1110001011110111
1111001010011110
1111011011011000
1111010101101110
1111110001010010
1111010011110110
1111011010110000
1111010001111111
1111000011100101
1111011001100000
0001000011111100
0010011001110000
0010010111111000
0010011100010000
0010011010011000
0001100101110010
0000111011001100
0000000111001100
0000011000001000
0000111001111100
0001011100111111
0010010100000110
1111111001110000
0010011100010000
0010000011010000
0000011111010000
0000010010110000
0000010010110000
1111111001110000
0000101011110000
0001000100110000
0001000100110000
1111111001110000
0001101010010000
0010011100010000
0001011101110000
0000111000010000
0001011101110000
0001010001010000
0001011101110000
0001101010010000
0000101011110000
1111000111110000
0000101011110000
0000010010110000
0001110110110000
0001110110110000
1110101110110000
1111000111110000
1111111001110000
1111111001110000
1111111001110000
0000000110010000
0001101010010000
0000010101000111
0010001011010110
0001110010000010
0001101001100100
0001000111110010
0000100110000000
0000101110011100
0000110110111010
1111101010111001
1111111011110010
0001100001001000
0001011000101100
0001101001100100
0001011000101100
0001111010011110
0001100001001000
0001110010000010
0001100001001000
0001011000101100
0001000111110010
0000011101100100
0001000111110010
0000111111010110
0010011100010000
0010001011010110
0001000111110010
0000110110111010
0000011101100100
0000110110111010
0000110110111010
0000010101000111
0001101001100100
1110100111100010
0000100000000000
0000100011110010
1110011100001111
1110001101001010
1111010100101100
1111100000000000
1111000101101010
1111010000111100
1110100111100010
1110111010010110
1110100011110000
1111001001011010
1110011000011110
1111000001111000
1110100000000001
1110011100001111
1111100111100010
0000110010110110
0000100000000000
0010001101001100
0010001001011100
0010000101101010
0001111110001000
0010011100010000
0010011100010000
0001001001011010
0001010000111100
0000111110001000
0001001101001100
0001000001111000
0001011000011110
1111100010101010
1111010101100000
1110110010110010
1110100000110100
1110011001101000
1101111111010010
1101111010100000
1101111010100000
1101111001010100
1101111110000110
1110111000110000
0001001001101000
0001100001100110
0010000101100000
0010001111000110
0001101101100100
0000110000100000
0000100011010100
0000101011101100
0000010100111100
1111111101000001
1111010110101100
1110101101111110
1110010110000010
1110001000111000
1110000010111000
1101111011101100
1101100011110000
1101100011110000
1101100011110000
1101100011110000
1101100011110000
1101100011110000
1110100101001000
1110011101011110
1110100000001100
1110111001011100
1111010000011100
1111101011111101
1111100110100010
0000111110111010
0000000011110110
1111011000000110
1111000000001100
1111111111010100
0000101011000100
0001110101000010
0001110011101010
0001110100001000
0001101010001100
0001011011110010
0000001100011010
1111100000101010
1111000010011100
1110100100001110
1110001110001000
1110001100110010
1110001110001000
1110001100010110
1110001001101000
1101100011110000
1101100011110000
1101100011110000
1101100011110000
1101100011110000
1101100011110000
1110010011101010
1110010101110000
1110111111011010
0000010111011100
0001111101100000
0010011100010000
0010011100010000
0010011100010000
0010011100010000
0001111111000100
0000011111010000
1110011011000010
1110111010010010
1110111101101000
1111001111011100
1111010011100100
1111111011111110
0000010011011010
1111010010001110
1110110001111000
1110001111010000
1101111101001100
1101111000100100
1110100000101100
1110110111100110
1111000011100101
1111000010100010
1101100011110000
1101100011110000
1101100011110000
1101100011110000
1101100011110000
1101100011110000
1110000111011110
1111000001100000
0010011100010000
0001001011111010
1110011001010100
1110001011111100
1101110101100110
1110000011000000
1111010111110100
1111000001100000
0000111010000010
0000110101100100
1110101111101010
0000000000000000
1110100010010000
1110000111011110
1101110001001010
1110000011000000
1101110101100110
1101101000001110
1101111010000100
1101111010000100
1101110101100110
1110010000011011
1101110101100110
1101100011110000
1101101100101100
1101100011110000
1101100011110000
1101100011110000
1101100011110000
1101100011110000
1101100011110000
0000010100100110
0000010011111010
0000011010001010
0000011011111110
0000011100110010
0000011111011110
0000100010011110
0000100011100000
0000100100100000
0000001111110010
1111011011010000
1111100011010110
1111101111110010
1111111101100000
0000001110001110
0000011110001010
0000110100100000
0001001001010000
0001100111101000
0001110100001100
1110001001010000
0001100101000110
1111000011110100
1111001011011110
1111100010011110
0000000100010010
0000100010100000
1101100011110000
1111001011010110
1111010010101110
1110100110100100
1110101111000010
1110100011101110
1110100110100100
1111010111110100
1111100001011100
1110111110010110
1110110001111000
1110100110100100
1111000001101110
1111010000011100
1111000111111111
1111000000000010
1111011000111100
1111111001110010
0000000000000000
0000001100011110
0000011010000010
0000010010001000
1111101001010110
0000111000000001
0000101100101110
0000111101101110
0001110000000110
0010011001011010
0010011100010000
0010000111010100
0010011000110110
0001101011100100
0001000100100000
1110001000010110
1101111010010010
1110011100011110
1110101110111111
1110011111010010
1110101010100010
1111000111100001
1111010111111110
1111000001000100
1111000011111001
1111001101001000
1111000011111001
1111010101111110
1111011000110010
1111100100110110
1111101000000100
0000011101001001
0000011011001010
0000101110110110
0000100011100110
0000100110110100
0000111110100010
0001001111000010
0001000000111110
0001010010010000
0001111110111000
0010001011110000
0010010101110100
0010011100010000
0010011010101010
0001100001100010
0000010110010100
1101111111011010
1110001110001110
1110110100001110
1110101011110101
1111001011011101
1110111110100110
1111010100010100
0000011010011010
1111111110110010
1111011001010000
1111110000111100
1111111111110000
0000000011101100
0000001100100110
0000001011100110
0000001000101000
0000111001111111
0001100100011110
0001010111001000
0001011011100100
0001110001010100
0001011001001000
0010000111000010
0001001001010100
0001011111000010
0010000100100100
0010001011011110
0010001010111110
0010001010111110
0010011100010000
0010011010010010
0001110101010000
1111000100010000
1101100011110000
0010011100010000
1101100011110000
1110000011000000
0000000000000000
1110100010010000
0010000010001110
1101100011110000
1110111101110010
1111001011000010
1111111000000100
1111110101011010
1111100101100010
1111100000001110
1111110010110000
0000011010011110
0000001010100110
0000101010011000
0000000010101010
0000001010100110
0001010100110000
0000100111101110
0001010111011010
0010011100010000
0001011100101011
0001001010001010
0001000010001110
0000101111101010
1111111101010110
1111010101101000
1111101101011110
1110101000100110
1110111011001010
1111000000011100
1110101101111010
1111100000001110
1111001000011000
1111010000010110
1111011010111100
1101111011100110