1110101100110000
1111101110000100
0000100011111000
0000111001101000
0000101010001111
1111001010001110
1111001011100000
1110111001100100
1110101110000010
1110011110101010
1110100011110011
1111000110011000
1111000111101011
1111100001010000
0000001110000110
0000111010111010
0001010101110100
0001110100100100
0001101111011011
0001101111011011
0001101010010100
0010001010010100
0010010100100100
0010011010111110
0001111101100000
0010010111001000
0010011010111110
0010011100010000
0001110100100100
0001110111000110
0001011110110010
0000111001101000
1110011100110100
0000000101011100
0000111001000100
0000101110001011
0000010111000101
1110111000000000
1110101101001000
1110100010010000
1110100011100110
1110001101111000
1110011010000110
1110011110001100
1111000010110110
1111011110000010
0000000101011100
0000100001111110
0001101100101100
0010000011110010
0010010100000110
0001101100101100
0001100101111010
0010001010100110
0010011100010000
0010011001100010
0001110111100100
0010010001011000
0010011001100010
0010010100000110
0001110110001110
0001111010010010
0001110010001000
0000111011110010
1110101101000000
0000010100001100
0001010001011111
0001000111000010
1111111101110000
1110110011000000
1110011111100100
1110000111101000
1110000100101010
1101111101001010
1110000000001010
1110010000100110
1110101110100001
1110111110111110
1111011001111000
0000000000101111
0000111100100100
0001111100110110
0010011100010000
0010010111110000
0001111110010110
0010000001010110
0010001101010100
0010010011010010
0010010001110010
0001111110010110
0001111100110110
0010000001010110
0010000100010100
0001011011111110
0001100001111100
0000111000000100
1110101111111100
0000010101000000
0001001110100000
0000111011110110
1111100011010000
1110100101000100
1110010101100000
1110000111100000
1101111110001100
1101111100101000
1101111110001100
1110010011111100
1110100001111100
1110111001010000
1111010011101100
1111111100001000
0000100110000110
0001101111001010
0010001110010000
0010001011001010
0001111010000010
0001111011100110
0010010001011000
0010011100010000
0010010110000010
0001110010010010
0001110000101110
0010000011011000
0001110110111100
0001100100010010
0001010110010010
0000110111001100
1110100011001000
0000011100000000
0001001110001000
0000110010000111
1111011011001010
1110100110000110
1110000100001100
1101111111110000
1101111100110100
1101110001000010
1101111000011000
1110001101000010
1110001101000010
1110101011111111
1111001111010110
1111110100001110
0000001010010100
0001011111110100
0010001100000010
0010011010110010
0001100111001100
0001111010010110
0010001101100000
0010011100010000
0010000110001000
0010000000010000
0001110100011100
0010001010100100
0010001010100100
0001110111011010
0001011001111010
0001001100101010
1110110000010110
0000010110100000
0000111100001100
0000010000011010
1111010011101001
1110011110001000
1110001101000110
1101110111001110
1101100111011010
1101101000101000
1101110110000000
1110000101110010
1110010000110000
1110101010010010
1110111000111000
1111100010001110
0000001010010110
0001011110010000
0010001110111000
0010011100010000
0001101110000010
0001100101100010
0010001011001110
0010011100010000
0010000010101110
0001110110100100
0001101010011010
0010000010101110
0010000010101110
0001101111010000
0001011011110100
0001010101101110
1111001010001110
0000110011010000
0001010000010110
0000101011101010
1111011101001110
1110000011011000
1101111011110010
1110000100101010
1101110001101010
1101111011110010
1101110000011010
1110001001101110
1110100100010010
1110111110110110
1111011110011110
1111110111110010
0000111110101000
0001110111100100
0010011100010000
0010000101011110
0001011111100010
0001111010000110
0010010010001000
0001101100001100
0000111010110110
0000111100000110
0001010000010110
0001101110101110
0010000110110000
0001100100100110
0001101110101110
0001001111000100
1111100010010000
1111110001001000
0000100101001100
0000111011100010
0000110100000101
1111100010010000
1111100010010000
1110111101000010
1110111101000010
1110100110101110
1110100110101110
1111101001101100
1111110001001000
1111101001101100
0000100101001100
0000110100000101
0000111011100010
0001000010111110
0001110111000100
0001101000001010
0001000010111110
0001101000001010
0010011100010000
0010011100010000
0001101000001010
0010001101011000
0010001101011000
0010010100110100
0001101111100101
0010001101011000
0001110111000100
0001000010111110
1110111011111010
1111110011111110
0000110100000101
0001010100001000
0001000100000110
1110110011111000
1111100011111110
1111001011111011
1110101011111000
1110101011111000
1110100011110110
1110111011111010
1110111011111010
1111100011111110
0000000100000000
0000111100000110
0001111100001011
0010010100010000
0001111100001011
0001111100001011
0001011100001010
0010001100001110
0010001100001110
0010001100001110
0010000100001110
0010001100001110
0010000100001110
0010011100010000
0001110100001100
0001001100001000
0001001100001000
0001001100001000
1110101111110001
0000001100101010
0000110110111010
0000110110111010
0000010101000111
1110100111010100
1110111100011100
1110011110111000
1110101011100010
1110010010001100
1110001101111110
1110001101111110
1111001001000110
1111011010000000
0000001000011100
0000000100001110
0001101101110100
0010000111001000
0010001111100110
0001011000101100
0001110110010000
0010000111001000
0010011100010000
0010000010111010
0001100101010101
0010000111001000
0010011000000010
0001111010011110
0001100101010101
0010000010111010
0001101001100100
0000111111010110
1101100011110000
1101100011110000
1101100011110000
1101100011110000
1101100011110000
1101100011110000
1101100011110000
1101100100101010
1101100100110010
1101100110100110
1110000011101011
0001000110000110
0001100000011010
0010000101111110
0010011011100010
0010010101100000
0010000100101110
0001101100001110
0001010010010100
0000110001100100
0000011010001010
1111010110011100
1101110110010110
1101100101101000
1101100101110110
1101100110100110
1101101000111000
1101100110110100
1101100111010100
1101100111010100
1101100111011110
1101101011001010
1101101001101010
1101100011110000
1101100011110000
1101100011110000
1101100011110000
1101100011110000
1101100011110000
1101100011110000
1101100100011000
1101100100011100
1101100111110110
1101111000100000
0001011101010011
0010000011101000
0001000100001010
0000110100011000
0000100100001010
0000001100010100
1111101100100010
1111101011000000
1111100100010100
1111001010001100
1110011100011110
1101101100101110
1101100100101010
1101100100110000
1101101111000010
1110000001111110
1110111010100010
1110101100011100
1110110111011100
1110011111011110
1110100001111010
1110000010000010
1101100011110000
1101100011110000
1101100011110000
1101100011110000
1101100011110000
1101100011110000
1101100011110000
1101100011110000
1101101100000100
1110000001011100
1111010111011000
1110110101110010
1111001101001110
1110111010011110
1110110001000110
1110110010101010
1110100101011000
1110101010000100
1110100011110100
1110101000100000
1110011110010110
1110010011011011
1110011001111010
1110001011010100
1101111110110100
1110010101110000
0000110100000100
0001000010001000
0001100100100000
0001000011001100
0001001101000100
0001001011000000
0000111001010010
1101100011110000
1101100011110000
1101100011110000
1101100011110000
1101100011110000
1101100011110000
1101100011110000
1110101011001101
1111011100010010
0010011100010000
0010011100010000
0010011100010000
0010011100010000
1101111110100010
1101110101100110
1101110001001010
1101101100101100
1101111010000100
1101111010000100
1110100010010000
0010011100010000
0010011100010000
0010011100010000
0010011100010000
0001101011001010
0010011100010000
0010011100010000
0010011100010000
1110101111101010
1101110001001010
1110011001010100
0000000100011110
0010011100010000
0000111010110100
0000111010110100
0000111010101100
0000111101001000
0000110100010010
0000110011000000
0000101001100010
0000100001100110
0000000110110100
1111010101110010
0001100000110110
0001100000110110
0001100011101010
0001101010101110
0001101111101010
0001101111100100
0001101011100100
0001101100000100
0001110001000010
0001101111001000
0000010000101010
1110100010010000
1101101110011100
1111110010000011
0010011010111000
0001111011011100
0001001010111000
0010011100010000
0000010000010010
1110011111001100
0000010100001000
0000110010110100
0001100100101010
0010011100010000
0010000101010000
0001110111110100
0001101000011111
0001111101100100
0001101100010100
0000011011110100
0001000010001010
0000110010110100
0001010011011010
0001011001001010
0001100010110000
0001011001001010
0001101110010000
0000111100011010
0001011011000100
0001010101010100
0000111000100100
0001011001001010
0001011011000100
0001100100101010
0001000111111010
0001100110100100
0000111010011101
0001000100000100
1111110011100010
1110100001000110
0000011011011000
1111101001011100
0000000110011100
0000111000011000
0010001100001010
0001000010000010
0001101010010100
0010011100010000
0010000010011110
0001001000100000
0001111111010000
0001001000100000
0010000000111000
0001110111001100
0001110011111110
0010000101101100
0001011011110100
0001011000100101
0001010111000000
0001110101100110
0001111100000001
0001101111001010
0001010011110000
0000111011100110
0000110001111100
0001000011101010
0001011000100101
0001100101011110
0000100000001110
0001000011101010
0000011011011000
1111000001001100
1111101010111110
0000011011010100
0000011111110010
1111111000011000
1111011101100010
1111100111011000
0000000001010110
0000111010101010
0010001011010000
0001111100111010
0010011000101010
0010011100010000
0010010010011010
0010010000101000
0010011010011110
0010011100010000
0000111101010110
1111110011000010
1111101001001010
1111011001000100
1111010101011110
1111001100100000
1111111011111110
0000001100000110
0000101000101111
0000101101001110
0000000110101101
0000101010100010
0000110111111110
0000110001101100
0000110101010010
1111101110100010
1101100011110100
0010011100010000
1101100011110000
1101100011110000
1101100011110000
1101100011110000
1101100011110000
1101100011110000
0010011100010000
1101110000110110
1110011000000110
1110110011111010
1110110111001100
1110111000110110
1111000101111010
1111110011101110
0000011111111010
0000100001100010
0000111011101110
0001111000001111
0001011110000100
0010000110111110
0010001111001010
0010011100010000
0001110100111110
0001111011100010
0001110001101110
0001010100010000
0001111011100010
0001111011100010
0010000000011100
0001111011100010
0001100111111010
0001011110000100
0010001000101000
0001111101001010
0001101100110100
0001101110011100
0001101110011100
0001000101100010
0000110101001100