1111010000010010
0000000000000000
0001000100000000
0000110001000010
1111101010011100
1110101110010010
1110111111111100
1110101010010110
1110011001010110
1110011010101011
1110110101011110
1111100011001110
0000000101111000
0000111010110110
0001110010011010
0001111000111100
0001110110010110
0001110101000010
0001110100011000
0001000100000000
0000110000011000
0000101011110100
0000111010001100
0001011001100100
0001111000010010
0010000001011100
0010011100010000
0001101101001100
0001010111100110
0000111001100010
0000100010000000
0000000110100001
1110111111000000
1111100100101000
0000010110011010
0001010011110010
0001011001111000
1111100010111110
1111111011110110
1111100001110110
1111011100010100
1111110000110010
1111110011100100
0000011000000100
0001100100111100
0010011100010000
0010000000000010
0001100000100000
0001111110111100
0001100110100110
0001011001111000
0000011101100110
0000101000000110
0000011010010001
0000101111110110
0001000101111110
0001111001011010
0001111001111110
0001111110111100
0001011101001100
0001000011110000
0000101100100001
0000010001111110
0000001100011100
1111010010101000
1111111100001000
0000101010110010
0010001110000000
0010000101100100
0001000010001000
0000011000101000
0000000000000000
1111110001110000
1111101001111111
1111000101101010
1111111000001111
0001111111000100
0010010011110100
0010010011001100
0001101110111000
0010001011011010
0010011100010000
0001011111111110
0000111011000000
0000110010100100
0000000011010000
0000110100100000
0001010010010110
0001100010100100
0001010100010010
0001011101011000
0001011111111110
0001000100000100
0000011111000111
0000110001010010
0000110111000110
1111010101100111
1111111101110010
0001001011111010
0010010001110110
0001101110001000
0000110110010100
0000001101011010
1111000011000000
1111010101100111
1111001011111011
1110011111010010
0000010001001000
0001000011101110
0001111111111101
0010011100010000
0010001010011010
0010001110001000
0001111010110010
0001111111111101
0001011011100010
0000101110001000
0001001110001000
0001001011111010
0001001000111010
0001101111100101
0001100011101100
0001110010100110
0001101011001010
0001000010111110
0000110010100101
0000100101001100
0000111001010010
1110111011011100
1111010110100110
0001001011100000
0001011000000010
0000001111101010
1111011110010000
1111000001000000
1110011110001110
1110101100001000
1110100101111000
1110110110100100
1111011100001010
1111100000010110
0000010010011100
0001111011100010
0010011000110010
0010001000000100
0001111101101000
0010011100010000
0001111001011100
0001100100100011
0001011011100010
0001000101111100
0000110000011000
0001001010001000
0000111010001000
0000010100100010
0001000110101010
0000110111010110
0000000010011100
0000001000101100
0000000010011100
1110111000111110
1111000010001010
0001000111110110
0001011001011010
0000110101011110
1111000000100000
1110001111001100
1110010100001110
1110100101110000
1110000001110110
1110010001101110
1110001111001100
1110010010100010
1111100111110010
0000100111010010
0001110100111110
0010011100010000
0010010011000100
0010001110111000
0001111010110100
0001111000010100
0001101111111110
0000111001101010
0000100101100110
0000101000000110
0000101001110010
0000100011111100
0001001001100010
0000011100011010
0000001000010110
0000010000101110
0000010011001110
1110100101001100
1111011000101110
0001010100010000
0001101110011100
0000000010011110
1110101010000110
1110100110000000
1110011011011000
1110011000111100
1101101001011110
1110011001110000
1110001101011110
1110101111000000
1111100000000110
0000001011011100
0001101011111101
0010011100010000
0010000110001010
0010000010000100
0001101110011100
0001110100111110
0001101011111101
0001001000110100
0000011101011100
0001011010110100
0001100101011100
0001100101011100
0001110100111110
0001100000100010
0001010100010000
0001001111010110
0001011101010000
0000100111000100
0001000111101000
0001001110001000
0001000111101000
1111101100011110
1111110010111110
1111100101111110
1110111110111010
1110111000011000
1111000101011010
1111101100011110
0000000110100000
0000010011100010
0000011010000010
0001000001000110
0010001000101110
0010011100010000
0001011011001010
0010001000101110
0001010100101000
0001010100101000
0000100111000100
0001000111101000
0001010100101000
0010000010001110
0001110101001100
0010010101110000
0001100001101010
0001101110101100
0000111010100110
0000110100000101
0001000111101000
1111010001001000
0000010111011100
0001000110010100
0000111110100000
1111001001010100
1110000011000000
1110111001101100
1110110001111000
1110000011000000
1110010010101000
1111000001100000
1111001001010100
1111111000001100
0001000110010100
0010001100101000
0010001100101000
0001100101100100
0001111101000000
0001111101000000
0001011101110000
0000110110101100
0000111110100000
0000110110101100
0001001110001000
0001101101011000
0010010100011100
0010011100010000
0010010100011100
0001011101110000
0001000110010100
0000110110101100
0000011111010000
1110110000110000
1111001011111011
0001001010101110
0001010011110010
0000001011010100
1111001011111011
1111000111011000
1110100011001011
1110110000110000
1110110101010010
1110100011001011
1111011110000010
1111000111011000
1111111001001110
0001101010011100
0010000101100110
0010001110101010
0010010011001100
0010011100010000
0001011100110101
0001100101111010
0001100001011000
0001000110001100
0000100001111110
0001001010101110
0000110100000101
1111101011101001
0000100110100000
0000101011000010
1111011110000010
1111111001001110
1111100111000111
1101100011110000
1101100011110000
1101100011110000
1101100111001010
1101100110011000
1101100110111100
1101100101011010
1101101001101010
1101101101101110
1101101010000110
1110001110011100
0001100111001010
0001000001100000
0000111010101110
0001000011011000
0000001010111010
1111110001111100
1111001101010010
1110100101011100
1110001100000010
1110000000101011
1110000000111111
1110000010111100
1101111101100110
1101100011110000
1101100011110000
1101100011110000
1101100011110000
1101100011110000
1101100011110000
1101100011110000
1101100011110000
1101100011110000
1101100011110000
1101100011110000
1101100011110000
1101100111000100
1101100110110000
1101110010100100
1101110011000110
1110101000100110
0000101110100100
0000111101110000
0000110101101000
0001101000001011
0010000000100000
0001110000111010
0001110001011100
0000010111001100
1111101110001010
1111011010111000
1110101101001000
1110001111111010
1110000011110101
1110000111100000
1110001010000000
1101111100011000
1101100011110000
1101100011110000
1101100011110000
1101100011110000
1101100011110000
1101100011110000
1101100011110000
1101100011110000
1101100011110000
1101100011110000
1101100011110000
1101100011110000
1101101111010000
1101110000010000
1110010001000100
1110110011011100
0000011110001100
0001100100100000
0001000111010110
0000011011000100
1110101111111011
1110101100000000
1110110011010000
1110011011010011
1110011011101000
1110001101011010
1110000000111010
1110001001111100
1110000100011000
1110000100101110
1101111100110000
1101110101111110
1110000110101000
1101100011110000
1101100011110000
1101100011110000
1101100011110000
1101100011110000
1101100011110000
1101100011110000
1101100011110000
1101100011110000
1101100011110000
1101100011110000
1101100011110000
0000000000000000
0000001101011010
0010011100010000
0010011100010000
0010011100010000
0010011100010000
1111100101001110
0010011100010000
0010011100010000
1111101001101100
1110001011111100
1110011001010100
1110001011111100
1101110101100110
1110011001010100
1110110100000110
1110100110101110
1101111110100010
1101110001001010
1101110101100110
0000000000000000
1101100011110000
1101100011110000
1101100011110000
1101100011110000
1101100011110000
1101100011110000
1101100011110000
1101100011110000
1101100011110000
1111001111001010
1111011001001110
1111101010100100
1111110001101010
0000000100000110
0000001111111110
0000100010011000
0000111100100000
0001001111101010
0000110011011000
0000100110010100
0000100100101100
0000011111101110
0000011111001010
0000011011011000
0000010010011000
0000000011111100
1111101101011010
1111011000000000
1111101000110110
1111010100010000
0000000011101100
0000101101111010
0000000000001010
0001110011001010
0010011010101010
0001111001010100
0010011100010000
1110010001100010
1111000001110001
1111001100001100
1111100101000110
0000000010000000
0000001110000100
0000110111110110
0000111110001111
0001000110010010
0001011001100100
0001101101101010
0010001111011010
0010001111011010
0010011100010000
0001101111010000
0010000100001010
0001111110100010
0001011000110010
0001110100111000
0001110111010010
0001111000111010
0010001000111110
0010000011010110
0010000001110000
0001111011010100
0001101000110110
0001010011111100
0001001100101110
0000110101011100
0000101110001011
0000001011101010
1111110110110000
1101100110101000
1110100101101100
1110101101100100
1111001101110100
1111001111010000
1111100110001100
1111110111011010
0000101000000111
0000111100001110
0001100011100111
0010011100010000
0001111011010010
0001111110111000
0010001101001100
0001010001000000
0001100000110000
0001100110100000
0001110010101100
0001110001111110
0010001101001100
0010010101110100
0010010010001110
0010001111010110
0010000000010100
0001110100001000
0001110100110110
0001101000101001
0001011110101000
0001011001100110
0001100010001100
0001001001110100
0000111011100000
1110100110100010
1110111000011010
1110100101001010
1110100101001010
1110011110010000
1111011010110110
1111111100100100
0000110010010000
0001001110011110
0010010010101000
0010011100010000
0001101110110100
0001001101000110
0001110010111100
0001110000001100
0001011001011110
0001011101101000
0001010111011010
0001010110101110
0001110111000110
0001110101000000
0010001001101010
0001101110001000
0001011001011110
0001001111110110
0001010110000010
0001001010010110
0001001001101010
0001010001111010
0001000101100010
0000110001100100
0000010011111110
1111101011011010
1101100011110000
1101100011110000
0010011100010000
1101100011110000
1101100011110000
1110000011000000
1111100101111110
1101100011110000
0000100001001010
0001010000100000
0001000000101110
0000010100100010
0000000100110000
0000001011000100
0000010100100010
0001110000000011
0010011100010000
0001101001110000
0001111001100010
0001110000000011
0010001001010100
0001101100111001
0001011001111110
0001010011101010
0001010011101010
0000001011000100
1111111110011010
0001101001110000
0001100011011100
0000110111010000
1111110100111100
0000000111111010
0000001110001110
0001101100111001
0001010011101010
0000011110000000
0000010100100010
1111110001110010
1111101110101000
1110111111010010