1110101000100100
1111110001100001
0000011100011110
0001110000110010
0010000111100100
0001100010010100
0010001110010010
0010010010011010
0001001100000100
1111110100000110
1111000111000110
1110111001101000
1110011101001100
1110011010100110
1110011101101100
1110010011010110
1110010101111100
1110100101111110
1110111000000110
1111001100010000
0000000011000110
0001000111111010
0010000100011100
0010011100010000
0010000001010110
0001111101001110
0001011001000000
0000100111010100
0000011010111010
0000010101101110
0000100101010000
0000100001001000
1110101100011000
1111111000101100
0000101111100110
0001111100011111
0010001001010110
0001101100000010
0010011001001100
0010010011101110
0001100001101010
1111100011111100
1111000001001000
1110100000110010
1110010101001100
1110000100000110
1110001000111110
1101111001001000
1101111101011000
1110001000011001
1110011010000100
1110111001001100
1111100111100110
0000100010110010
0001101111000110
0010011100010000
0010001000000110
0001011111110100
0001001010011110
0000100000111110
0000000010011100
0000000011101010
0000000011101010
0000000110101101
1110101001101010
1111110110110000
0000111001101010
0010000010100100
0001111010001100
0001110111001110
0010011100010000
0001111010110010
0000101111100000
1111001011001000
1110101101010000
1110001000001100
1110001011110010
1101110110111000
1101111110000010
1101101100001000
1101110010101100
1101101101111010
1110000011011010
1110011110111011
1111010110011110
0000010111100110
0001100111000100
0010000111010110
0001101101000010
0001000110001110
0000110001111010
0000001111110110
1111110000110000
1111101001000000
0000000010000110
1111111111000111
1111000000100000
0000000110110000
0001011011101000
0010001000100110
0001110101011110
0010001101000100
0010011100010000
0001011101010011
1111101111101100
1110101101011000
1110010110010110
1110000100111011
1110000101011110
1101110101001100
1101111111110110
1101111000100010
1101111110001010
1101111100011110
1110010010011010
1110101100010000
1111011110010010
0000011000001001
0001110010101010
0001111000110110
0001100010010110
0001000010111000
0000100111111010
0000000110001100
1111111110010100
1111101010000110
0000000010010000
0000000110001100
1111010011010110
0000010100110110
0001111010000010
0010001101111000
0001111110100000
0010011100010000
0010001110110110
0000110000100111
1111100110001110
1110100111101111
1101101111001010
1101101101001100
1101101001101100
1101101010001100
1101101101001100
1101110000101010
1101110001001010
1110000011100001
1110000011100001
1110011010010100
1111001011011010
0000010101010110
0001101010101010
0001110101000100
0001001001111010
0000110010000110
0000001010111010
1111101111101000
1111001110111010
1111000111011100
1111011010010100
1111010100010110
0000000011011000
0001001011110000
0010010000001000
0010011100010000
0010010000100100
0010011010111010
0001010111111010
1111111100101000
1111000111100100
1110101010110010
1110011110101010
1110010000010001
1110000001111000
1110000110110100
1110001111110100
1110001110011110
1101111101110110
1101110111111110
1101111100111100
1110010111011110
1110110011110010
1111011101001010
0000111101110100
0001010010100000
0000011011001110
1111111101111110
1111011110100000
1111011011110100
1111001100100010
1111010010011000
1111001111101010
1111001011101000
0000010100100110
0001010100100010
0010010111111000
0010011100010000
0010000001001000
0010000100100000
0001010011000110
1111110011101010
1111001001000000
1110100011101110
1110010101001010
1110010010110000
1101111100111100
1101111110011010
1110101101011010
1110101011011110
1101111011000000
1110001000000110
1101110000110110
1101111110111000
1110011010111111
1111001010111100
0000110111011110
0001001011010110
0000101111101110
0000000001001110
1111101001011110
1111101111010010
1111101010111100
1111010110000110
1111001001111110
1111000010001111
1110101011011000
1111110010111110
0000100000100100
0001101110101100
0001111011101100
0001101000001010
0001110101001100
0001110101001100
0001010100101000
0000000110100000
1111011111011100
1111001011111011
1110111110111010
1110111000011000
1110111000011000
1110111000011000
1110111110111010
1111000101011010
1111010010011100
1111101100011110
0000010011100010
0001010100101000
0010001111001110
0010011100010000
0010010101110000
0010001000101110
0001011011001010
0000100111000100
0000011010000010
0000111010100110
0001000001000110
0000110100000101
1110100100110110
1111101100011110
0000100000100100
0001110101001100
0010000010001110
0001101000001010
0010001000101110
0010001000101110
0001000111101000
1111110010111110
1111011111011100
1111001011111011
1110111000011000
1110110001111000
1110111110111010
1110111000011000
1110111000011000
1111000101011010
1111001011111011
1111100101111110
0000010011100010
0001010100101000
0010001000101110
0010011100010000
0010011100010000
0010001000101110
0001100001101010
0000101101100100
0000100000100100
0000100111000100
0000110100000101
0000100111000100
1111111000010000
0000101111111110
0010001001101100
0010011001001010
0010001001101100
0010011100010000
0001111101010100
0000001101111100
1111010011001000
1110111010011000
1110110001000110
1110110100001100
1110100001101000
1110100111110100
1110100100101110
1110011011011101
1110000010101100
1110001111000100
1110101010111010
1110111010011000
1111000011101010
0000000111110000
0001100111101010
0001110111001000
0001001011110100
0000101100111000
0000010001000010
0000010001000010
1111100101101100
1111011100011010
1111111011010110
0000000001100100
1101100011110000
1101100011110000
1101100011110000
1101100011110000
1101100011110000
1101100011110000
1101100011110000
1101100011110000
1101100100010000
1101100100010000
1110101101111000
0010000111000000
0001100101111000
0001010000011100
0001000100101010
0000111010001000
0000110011100110
0000101000101100
0000010101011100
1111101110110110
1111000011010000
1110101010000110
1110011000011000
1101110101110110
1101101010110000
1101100111010000
1101100110000000
1101100011110000
1101100011110000
1101100011110000
1101100011110000
1101100011110000
1101100011110000
1101100011110000
1101100011110000
1101100011110000
1101100011110000
1101100011110000
1101100011110000
1101100011110000
1101100011110000
1101100100010000
1101100100011000
1110011100100110
0010001000000110
0001011110111010
0000111001100110
0000011101010100
0000001011001010
1111110111100100
1111101001000100
1111010000101100
1110101100001010
1110010010011000
1110000110111010
1110000011010010
1101110000100000
1101101000101110
1101100111100110
1101100111010100
1101100011110000
1101100011110000
1101100011110000
1101100011110000
1101100011110000
1101100011110000
1101100011110000
1101100011110000
1101100011110000
1101100011110000
1101100011110000
1101100011110000
1101100011110000
1101100011110000
1101101101001000
1101110001010010
1101111101110010
1110011110000100
1110010011010100
1110010010010100
1110010010111101
1110010000011100
1110000001110000
1101111110000000
1101111001000000
1101110001100000
1101101101001000
1101101100001100
1101110100111100
1110000001011100
1110000101000100
1110011001111010
1110100011110100
1101100011110000
1101100011110000
1101100011110000
1101100011110000
1101100011110000
1101100011110000
1101100011110000
1101100011110000
1101100011110000
1101100011110000
1101100011110000
1101100011110000
1101100011110000
1101100011110000
1110000011000000
0010011100010000
0010011100010000
0010011100010000
1101100011110000
1101100011110000
1101101100101100
1101101100101100
1110100010010000
1110010000011011
1111001110111010
0000000100011110
0000001000111100
1110111000100100
1111001010011100
0000000100011110
1111010011010110
1101111110100010
1110111101000010
1101100011110000
1101100011110000
1101100011110000
1101100011110000
1101100011110000
1101100011110000
0010011100010000
0010011100010000
0010011100010000
0010011100010000
0010011100010000
0010011100010000
0010011100010000
0010011100010000
0010011100010000
0010011100010000
0010011100010000
0010011100010000
0010011100010000
0010011100010000
0010011100010000
0010011100010000
0010011100010000
0010011100010000
0010011100010000
0010011100010000
0000100011011010
0000010111111010
1110100111110100
0001000011010000
0010001111111000
0010001100101010
0001111101111110
0010011100010000
0000001110001110
0001110100011101
0010001011001110
0001111111110110
0001111010001010
0000110101111110
0000100100111100
0000111011101001
0000100100111100
0000110101111110
0001011000000100
0001111010001010
0010010000111000
0010011100010000
0010010110100100
0010000101100010
0001110100011101
0000011001100100
0000011001100100
0000001000100010
1111010101011000
0000001110001110
0000110101111110
0001101110110010
0001111111110110
0001111010001010
0010000101100010
0001111111110110
0001011101110000
0000001000100010
1111101100001000
1110011100100100
0001000001000110
0010001010000010
0010011100010000
0010010100011100
0010000111011010
0001001011100010
0000001010011010
0000101001101010
0000100111000100
0000111001010010
0001011101110000
0010000100110100
0010001100101000
0001111101000000
0001001110001000
0001011101110000
0001010101111100
0000101100010010
0000001101000010
1111010110010110
1110011101000010
1111010110010110
0000000111110100
0001001110001000
0001011000100010
0001010000101101
0001100010111110
0001011000100010
0000111011111010
1111001001010100
1111000100000110
1110001010110100
0000010100101100
0001011110001110
0010001001111000
0001111110011000
0001110010111000
0000100111000100
0000001101110010
0000001001001100
0000010010011000
0000100111000100
0001011011111001
0010011100010000
0010011100010000
0001110010111000
0001001011110100
0001010111010100
0001000010101000
0000001011100000
1111111001000110
1111011111110110
1110011111100000
1111010010000010
1111100100011100
0000001101110010
0000001001001100
0000011011100100
0000110111001010
0000111110000010
0000000110111010
1110110001111000
1110100001110010
1110000001101000
0010011100010000
1101100011110000
1101100011110000
0010011100010000
1101100011110000
1101100011110000
1101100011110000
1101111101110010
1101100011110000
1111001000000010
0000000111000000
0000110111111110
0001011101010010
0010011100010000
0010010111100110
0000011110010100
0000111100101000
0000101001111110
0000101110101001
1111111001000000
1111111101101010
0001011000101000
0001011000101000
0001000101111110
1111111101101010
1111101111101100
0000000111000000
0000011100000000
0000010111010100
0000011110010100
0000011001101010
1111110100010110
1111101111101100
1111110100010110
1111110110101010
0000000000000000
0000000100101010
1111100001101100
1111010110000010
1111110100010110
1111010001010111