1110100011000001
0000101011010100
0001010010011110
0000101100110100
1111010000111100
1110010100101100
1110001111011100
1110000111001010
1101110010000100
1101110010110100
1101101111000010
1110101100000010
1110100110110011
1111011011011110
0000101100110100
0001011100111111
0001010011001110
0000101100110100
0000110010000100
0001011100111111
0001010101011110
0001110000100100
0001101001110100
0001010101011110
0001110101000110
0010001100011100
0010011100010000
0001111000000101
0010000010101010
0001010001101100
0001000101101010
0000101000010001
1111001001011010
0000100101110110
0000110111110000
0000011011011100
1111001000010000
1110011100010110
1110001001010010
1110010011001000
1101101110001010
1101110011010110
1110000111100100
1110000001110010
1110010111110000
1110110001101110
1111011101000100
0000101111101010
0001000000111110
0000111011001110
0000100111000000
0000100010011000
0000110001011000
0001100001111010
0001111001000000
0001111101000100
0001111110001110
0010011100010000
0010011011101100
0001110111110110
0001101010100100
0001100000001100
0001000110001100
0000010101000110
1111010110100100
0000111001011010
0000111000110010
0000011111101000
1111010001000010
1110101101011100
1110000001001110
1110001111111110
1101110101100100
1101110100010100
1110000100111011
1101111100111100
1110100110000100
1110011111010100
1110111101011000
0000011000010000
0001010011001100
0001100101000000
0000011111000000
1111111101010000
0000001000010010
0001001000110000
0001000111100010
0001110000101010
0001101111011011
0010011011101000
0010011100010000
0001100101000000
0001111000000010
0010000011000100
0001101100011000
0000001010001000
1111100010001110
0001101111001100
0001100001011000
0001000111001110
0000000101110011
1110110011101100
1110001101001100
1110001101111010
1101101101111100
1101111001100100
1101111001100100
1110001001100010
1110100011101110
1110111000110010
1111101010001100
0000101111010000
0010001101000000
0010011100010000
0010000010000110
0001001000101100
0000110010111000
0001000011100110
0001000100010100
0001010101110000
0001100000101010
0010010110011100
0010010111001010
0010001000101000
0010001101000000
0010010101101110
0010000011100010
0000010010111010
1111011110110000
0001001011001000
0001001110011110
0000111101001010
1111101100101110
1110011110010000
1110001010010100
1101110100011000
1101111011000010
1110000101000000
1110010010111110
1110100010010000
1110010010010010
1110110000001110
1111010000110010
0000101111001110
0010000110010100
0010011100010000
0001111111000000
0001010011110010
0001001111110010
0001010111000110
0001111000010110
0001110001101100
0001010100011100
0001100001110000
0001001000011110
0001001001110100
0001010111110010
0001010001110010
0001000011001010
0000100000100110
1111111000111110
0000100101101000
0000111011101000
0001011010001100
0000101011001000
0000000101001100
1111110100000100
1111000001111100
1110011100101000
1101111001001010
1110010001101000
1110001111001011
1101111001110010
1110001000011100
1110101001011110
0000000111101010
0000111001110010
0010000011001100
0001111110111010
0001101100100100
0001110110111100
0010010101100010
0010011100010000
0010001000000100
0010001011110000
0010001110110010
0010010100010100
0010001101100100
0010001100111110
0010010011000100
0010001000000100
0001101010101110
1111111010010010
0000011011110100
1111010101111011
0000001110010010
1111110001101110
1111010100011110
1111011110011110
1111100010110000
1110111010110010
1110001011000000
1111001110110010
1111010111010110
1110010111110110
1101100101001100
1101111001111000
1110011100001000
1111011010001100
0000011011110100
0001110001011100
0010000100000000
0010000001001000
0010001100100100
0010011100010000
0001111111101110
0000110000100010
0000010110001000
0000100101110100
0001001000000100
0001101101111000
0001110110011100
0001110001011100
0001011100110000
0000000000000000
0000011011100100
0000101101111110
0000001001001100
1111010010000010
1111101101101000
1111100100011100
1111001000110110
1101101100111100
1110011010111010
1111001000110110
1111001000110110
0000000000000000
0000000000000000
0001010010101110
0001010010101110
0000100100110000
0000100100110000
0010000000101100
0010010011000100
0001000000010110
0001100101000110
0001101110010010
0001001001100010
0000101101111110
0000110111001010
0010011100010000
0010000000101100
0010000000101100
0000011011100100
0001010010101110
0001100101000110
0000000000000000
0000100111000100
0001000100011000
0000110000110100
1111001111001100
1111001111001100
1110011110010110
1110000001000100
1110011110010110
1101110111010010
1110010100100100
1110111011101000
1111001111001100
1111101100011110
1111110110010000
0000100111000100
0000000000000000
0001010111111000
0001110101001100
0010011100010000
0010011100010000
0010010010100000
0001110101001100
0001100001101010
0001101011011100
0001010111111000
0001110101001100
0001100001101010
0001101011011100
0001001110001000
0001000100011000
0001101011011100
0000000001110010
0000111011010010
0000111110110110
0001010100011010
0000101001010100
0000001000111110
1111001111100000
1110010010011100
1101111001010100
1110001110110110
1110000100000100
1110101111001100
1110111101100100
1111001011111011
1111110111000010
0000111011010010
0001100110011000
0010011000101010
0010010001011110
0000110000100000
0000101001010100
0000111011010010
0001100010110010
0001101001111110
0010001010010010
0010011100010000
0010001101111000
0001111111011111
0001101101100100
0001110100110000
0001101001111110
0001001101001110
1101100011110000
1101101100010100
1110010100011110
1110110111110000
1110111010000110
1110101101010110
1110011010110110
1110001110000110
1110001001101110
1110001010011010
1110111001100110
0001010011001010
0010001010110010
0001011101111010
0000111101110100
0000101111000010
0000100111011110
0000100000000110
0000011101011010
0000100111001010
1111110100111011
1110101010010100
1110010011001000
1101111101011110
1110000111001100
1101111100111100
1110001101100110
1101111010010000
1101100011110000
1101100011110000
1101100011110000
1101100011110000
1101100011110000
1101100011110000
1101101011110010
1110001000101101
1110100101000000
1110101000011110
1110011111001010
1110011001101000
1110010100010010
1110010010000110
1110010011111110
1110110100000100
0001010100010000
0010001111110010
0001101101101000
0001001000001100
0000100100010110
0000000001110010
0000000011010010
0000010001101000
0001011000010100
0001000010110000
1110101101100010
1110000111111011
1101111101001100
1110000000000100
1101110111010110
1101111111111000
1101110100101100
1101100011110000
1101100011110000
1101100011110000
1101100011110000
1101100011110000
1101100011110000
1101100101110100
1101110010010100
1101110111100010
1110001010010010
1110011011011110
1110110100011110
1111011001111110
1111101110110100
1111110100100010
1111100000001110
1110010100100100
1110010110100010
1110100101011000
1110010111110101
1110000010101000
1101111101011100
1110001010010010
1110000001010000
1110000110001000
1110110011100110
1110010000001100
1101111001101000
1110101010000100
1101111010001000
1101110110100000
1101101011100100
1110001100011000
1101100011110000
1101100011110000
1101100011110000
1101100011110000
1101100011110000
1101100011110000
0001101111100101
0010011100010000
0010000001011110
1111000001100000
1111000101111110
1110011101110010
1110000111011110
1101101100101100
1110011101110010
0010011100010000
0010011100010000
1101111010000100
1110000111011110
1101110101100110
1110011001010100
1110000111011110
1101110101100110
1110101111101010
1111100000110000
0000110001000110
0000110101100100
0000111110100000
1110010000011011
1101110001001010
1110000011000000
1101111110100010
1111001010011100
1101100011110000
1101100011110000
1101100011110000
1101100011110000
1101100011110000
1110100111110010
1110110000001100
1110101100111010
1110101101011110
1110100100111110
1110011111000110
1110010110001010
1110001110111000
1110001011011100
1110110101000110
0001000111001000
0001000111101000
0001001111111100
0001010011011010
0001011010100010
0001011110010000
0001101011001110
0001101111110010
0001101101101010
0001100001101010
0000010000101010
0000000011101100
1110111001001100
1111101100111000
0001001011110000
0010011001000110
0010010010111100
1110100000111100
0001000111000010
0001101110110010
0000111100011110
1111111100010110
0000011100000000
0001111010001010
0010010100001000
0001110111101110
0010010101110000
0010001111010000
0001011110100100
0001011000000100
0001110000011010
0010010111011000
0001110110111010
0001110001001110
0001101100011000
0001110101010010
0010000001011110
0001110001001110
0010000000101010
0001111000100010
0010000010010010
0010001011001110
0001100111100000
0010000100101110
0010011100010000
0010010100001000
0010010010100000
0010010011010100
0001111010001010
0001011000000100
1111110011001100
0000010001010010
1111011000010100
1111000011110100
1111001001100100
0000010001111100
0000100001111100
0001000110011100
0001000101001010
0001000011010000
0001001111011010
0000110001010100
0001010111000110
0001010001010100
0001010111101110
0001000010100110
0001000111000110
0001001000011000
0001011010111100
0001100011010000
0001100100100010
0001100011010000
0001011110110010
0001100000000100
0001101010010100
0001110111110000
0010011100010000
0010011010111110
0001110101110100
0001100011010000
0001001001101010
0000110110011100
0000010100000011
0000111111111100
1111101110111110
1111011101100100
1111010110000000
0000101010000000
0001000110110000
0001111011101101
0010001110101000
0001110111111011
0001101101010110
0001101100100101
0001110000010111
0001110100111010
0001110001111000
0001100001001110
0001111011101101
0001000000101100
0001110101101010
0001111101001110
0001100010110000
0001100000011101
0001110100001001
0001111010001100
0001110111111011
0001111110110000
0010011100010000
0010001110101000
0010010010011010
0001111010001100
0010000001000000
0001010101111000
1101100101010110
1101100011110000
0010011100010000
1101100011110000
0010011100010000
0000000000000000
1110100010010000
0000011010000010
1101100011110000
0000011111110111
0000000110011000
0000000110011000
0000001001100100
0000001111111011
0000010110010100
0000011001100000
0000001001100100
0000101001011110
0010001111100000
0001100110000010
0001101111100101
0001100110000010
0010000010110000
0010011100010000
0001110010110010
0000110110001101
0000110110001101
0001101111100101
0001011111101010
0000101111110110
0001010110000110
1111101001101100
1111100000001001
1111100011010100
1111110110011100
1111100110100000
1111100000001001
1110111101000010
1111111001101000
1111100011010100
1110001010000000