1101101100000010
0000101101101000
0001000010011000
0000001101001000
0000110001110010
0000011000111000
1111001001011000
1111001001011000
1111011110001000
1111011001111110
1110110100101000
1111011011010110
1111101001111000
0000001011000100
1111111100100010
1111111001110010
0000000010000100
0000111100001010
0001010101101110
0001011001111000
0010001000111010
0010001001100110
0001110011011110
0001110100001001
0001110010000100
0010010010100100
0010011100010000
0010001000001100
0001110110001110
0001100010001100
0001101111010100
0001101110101000
1101100110100110
1111100101011100
1111101100111000
0000001100010010
0000010110000000
1110101110000010
1110111011101110
1110100100010100
1110111110100110
1110001110000010
1101111110000010
1110110000010100
1111010011001010
1111000100010100
1111000000111000
1111011011101110
1111101111001010
0000010110100100
0000100101011010
0001010001011010
0001100011001000
0001011010100100
0001001011101100
0001010100110110
0001101101011010
0001110000110101
0010011100010000
0010010101111110
0001111011001000
0001110000110101
0001111100010000
0001111100010000
1110011100001010
1111111110010000
1111111000111101
0000110000001001
0000010110111010
1110111101101000
1110100011001100
1110100000010000
1101111111010110
1101111111010110
1110010010110000
1110110011000100
1111000111000010
1111000101010000
1111010101001000
1111100101100100
1111100111010110
0000000010111100
0000100011010000
0001000101111010
0001100101000001
0001111010110010
0001011110000000
0001010010110100
0001100011010010
0001110000110010
0010010101001100
0010011100010000
0010001111010100
0010000101010110
0001111111011110
0010001101100100
1110110110100100
1111111101000111
0001000100010000
0001010001001011
1111100000101000
1110110010000010
1110000110000010
1110001010100100
1110010110001110
1110001101001010
1110100001001110
1110110010000010
1110100001111000
1110100011001011
1110111010011100
1111000100110100
1111000110110000
1111100011110110
1111111100011100
0000101011000010
0001011001100110
0001101100011000
0001110000111010
0001010011110010
0001011010111010
0001110000111010
0010010101110010
0010011100010000
0010010001111010
0010000101100110
0001111100100100
0010000001000100
1111000010100000
1111111100101100
0000111111001010
0000011001110000
1110111111001100
1110011001110010
1110100110010000
1110100010000110
1110011101111100
1101110100011000
1110011101000110
1110101001100100
1110110000001110
1110001000010100
1110100011110000
1110010011111110
1110111100101100
1110111101100000
1111000011010110
1111101111011000
0000010110011100
0001100100100011
0001110001111000
0001101100000010
0000111000100010
0001011011011100
0010000000110100
0010010001011100
0010011100010000
0010001011101000
0001111000100000
0010000000110100
0001000001011000
0010011100010000
0010000001001010
0001101001001110
1110111000010000
1111000000001110
0000010001100010
1111111110011010
1110011110110001
1111001110100100
1111110001101010
1111100001101110
0000001111111011
1111100110100000
1111111000000011
1111100110100000
0000011001100000
0000001011001010
0000000000000000
0000101001011110
0000000111111101
0000101011000100
0001010001010100
0001010110000110
0000110110001101
0000010100101110
0001011110000100
0010000100010110
0001101100011010
0001010010111010
0001010010111010
0001011111101010
0000100001000000
0001101011110110
0000000110100110
1110101110100100
1110100101110010
1111000010011001
1111010001110010
0000001111011001
0000010001100110
0000011000001110
0000101110001110
0001000100001110
0000101001110100
0001100000110110
0001001000101000
0000011000001110
0000100011001110
0000001101001110
0001010011101000
0001110100100111
0010011100010000
0001100101001110
0010010011011100
0001011100011100
0001001101000010
0001100011000010
0001011110101000
0001001101000010
0001000100001110
0001001010110100
0001001101000010
0000100101011010
1110001100000100
0001011111110010
0001110011111100
0000101101011000
1111111010111110
1111110000111000
1111011100101110
1111001000100100
1111011100101110
1110101010010100
1111001000100100
1110101010010100
0000000101000010
0000000101000010
1110101010010100
1111010010101000
1111010010101000
1111011100101110
0001011111110010
0001010101101100
0000000101000010
0001011111110010
0001110011111100
0001001011100110
0000101101011000
0001111110000000
0010011100010000
0001110011111100
0001110011111100
1111010010101000
0000100011010010
0000101101011000
1110101110011110
0000111101001010
0001001010101110
0001000011111100
0001001010101110
0000111101001010
1111101011101001
1111101011101001
1110111100000100
1111010000011100
1111010000011100
1111100100110101
1111101011101001
1111010111010001
0000001101100101
0000000000000000
0000010100010111
0000111101001010
0001010001100010
0001100101111010
0001111010010010
0010000111111000
0001111010010010
0001010001100010
0010000001000100
0010000001000100
0010011100010000
0010010101011110
0010000001000100
0001100101111010
0001011000010100
0001110011100000
1111110101001110
0000100101101110
0001010110001110
0000011010111100
1111101010011100
1111011111101100
1111001111100000
1111011111101100
1111101010011100
1111110101001110
1111111010101000
0000000000000000
0001000110000010
0000100101101110
1111011111101100
1101110011111010
1111001111100000
1110101001110010
1111011010010010
1111101010011100
0000100000010100
0001110110100010
0010000110101100
0001100110011000
0000110000100000
0001000110000010
0001010110001110
0010010001011110
0010011100010000
0001101011110000
0001011011100110
0001110110100010
1101100011110000
1101100011110000
1101100011110000
1101100011110000
1101100011110000
1101111100100110
1101110010000110
1101111000110010
1110010110011010
1110010011100010
1101111111011110
0001001011111110
0000101010100010
0001000101010010
0001101111010110
0001111101101010
0010010101100100
0001001101111000
1111011110000100
1111010100100010
1110110100111110
1110001011111000
1101110100111100
1101110111110100
1101100011110000
1101100011110000
1101100011110000
1101100011110000
1101100011110000
1101100011110000
1101100011110000
1101100011110000
1101100011110000
1101100011110000
1101100011110000
1101100011110000
1101100011110000
1101100011110000
1101110011000100
1101101111010110
1101110000011000
1110010111101100
1110010111010010
1110000100011101
1111010101001010
0010000000101110
0010001110100110
0001100101000000
0000110001010000
1111100111011000
1111000100100110
1110010111000100
1110000100011101
1101111010101110
1101110001110100
1101101101111010
1101101100101010
1101100011110000
1101100011110000
1101100011110000
1101100011110000
1101100011110000
1101100011110000
1101100011110000
1101100011110000
1101100011110000
1101100011110000
1101100011110000
1101100011110000
1101100011110000
1101100011110000
1110000101010010
1101101010000000
1101101001011110
1111011011000000
0000010011110010
1111010010101100
1110110101000000
0000100011100010
0000100000110100
0000100000000010
0000001001011000
1110111100011010
1110110111101110
1110101010110110
1110010011110010
1101110100111100
1110001110010100
1101111000100100
1101110110100000
1101100011110000
1101100011110000
1101100011110000
1101100011110000
1101100011110000
1101100011110000
1101100011110000
1101100011110000
1101100011110000
1101100011110000
1101100011110000
1101100011110000
1101100011110000
1101100011110000
1110110100000110
1101101100101100
0010011100010000
0010011100010000
1111010111110100
1111011100010010
0010011100010000
0010011100010000
1101111010000100
1101100011110000
1101111110100010
1101111110100010
1111100000110000
0010010011010100
1110111000100100
1101111110100010
1101101000001110
1101101000001110
1101111110100010
1101100011110000
1101100011110000
1101100011110000
1101100011110000
1101100011110000
1101100011110000
1101100011110000
1101100011110000
1101100011110000
0001000100110010
0001000101110010
0001001010000100
0001001100010110
0001010000110000
0001011000000110
0001010001001011
0001001000101000
0000101011011110
0000010001001000
0001111111101100
0010000011111000
0010000101000010
0010000100000000
0010000111001010
0010000110100010
0010001100111110
0010001100111110
0010010001001100
0001011100001100
1110100100010110
1111110011001000
1110000000111100
1110001100000110
1111010001011100
0000000100001000
0001101000011111
1110110011001100
1111001011011101
1111010101110010
1111110011011010
0000111001000010
0000011100111000
0000010100000000
0000011100111000
0001101110010110
0010011100010000
0010011001010010
0010011010110010
0010011010110010
0001111110101000
0010000011000100
0001110001010100
0001101100110110
0010010110010100
0010010001111000
0001110001010100
0001110001010100
0001111110101000
0010000000001000
0000110110000011
0000101110101001
0001001010110010
0001100011111110
0000111010100000
0000111011111101
0001001001010100
0000111001000010
0000110110000011
1110101001010110
1111010100110000
1110101111110110
1111101000011000
1111111101001000
1111110000011101
1111110010110000
1111110111010110
0000000110010110
0001000101110000
0001000101110000
0010001110011010
0001110000011100
0010000001101110
0001111010110100
0001011100110100
0001100100111010
0010011100010000
0010001111100100
0010001100000110
0001110011111000
0001011011101100
0001011101111110
0001001000000100
0000111011011000
0001001001001110
0000101111110110
0000111101101100
0000110100011110
0000110100011110
0000100000111000
0000011001111100
1111000100101000
1111010001101100
1111011010010100
1111110001110010
1111110000100100
1111010010111010
0000000110110010
0000010110110110
0000010110110110
0000000101100100
0000111111101000
0010001100001100
0001111001101010
0010000111010000
0001111001101010
0001010101110110
0001011100000010
0010011100010000
0010010001001000
0001110100101110
0001010111000110
0000110010000010
0001101110100100
0000111110011000
1111111111011000
1111101011101001
0000101000001010
0001011111101110
0000111000001011
0000100000101110
0000011000000110
1111101001001010
1110110100000010
1111001011001110
1101100011110000
1101100011110000
0010011100010000
1101100011110000
1101100011110000
1101100011110000
1111000110101110
1101100011110000
1111100001100100
1111111001111010
0000111110111010
0001000010111110
0001100011011100
0001011011010100
0001000111000010
0001011111011000
0001101011100100
0001100111100000
0001010011001100
0000111110111010
0001100111100000
0001001111001000
0001101111100101
0001101111100101
0010011100010000
0001100011011100
0001100011011100
0001101111100101
0010011000001100
0010010000000100
0010000011111010
0001001111001000
0001010111010000
0001101011100100
0010000011111010
0001000111000010
0001011111011000
0000101010101000
0000001110001110
1111011001011100