0001011000101000
0001110100101100
0001101010110010
0000001101100101
1110111110011100
1110101000001100
1110111000101100
1110111101101000
1110001000110111
1110011000100010
1110011100101010
1110100110100010
1110110111000010
1110110111110110
1111011110100110
1111000111100010
0000000000011010
0000000010000100
1111100000010000
1111000110101100
1111001110111100
1111011000000000
0000001001011110
0001011101100110
0010010101101010
0010010000101110
0010001100100110
0010000001111000
0010011011011100
0010011100010000
0001001110110000
0000001010010100
0000110010010000
0001101011110000
0001110100000100
0000101100000000
1110111110100010
1110001000011110
1110001100101001
1110010110010110
1101110011101100
1101100100011100
1101101101011100
1110010111101110
1110011010100000
1110010000110010
1111000100110000
1111011010010000
1111111011100000
0000000011001000
1111111011100000
1111110110101010
0000011010101100
0000111100101000
0001010100001011
0001000100010000
0001100000101010
0000110101101100
0001111010010100
0010011100010000
0001110110110110
0000111011111100
1111111100001100
0000001011011100
0000001100011110
0001110101010010
0001110111001100
0001010011011010
1111001100100100
1111000000011011
1101111001011110
1101101111010000
1101111011011010
1101101110101000
1101110110010010
1110000100111110
1101111100101100
1110110111011110
1111101000000010
0001101110010000
0010011100010000
0001100111001110
0001100110100100
0001100000110100
0001000110101000
0000100110000010
1111101011001110
1111001111110000
1111101101001010
1111110111011000
0001011110010000
0001100101010010
0000101010100000
1111111011001110
1110110010010110
1110110001000100
0000100010001010
0010010011101000
0010011100010000
0001110011001000
1111110101101110
1111000111010010
1110011010001010
1110001100001110
1101111100010100
1101110000010110
1101110101101010
1110000011100110
1111000110100110
0000101101011100
0001011001010000
0010010100010010
0010010100111100
0010001110111110
0010000111101100
0000110001011100
1111111011000010
1111000011010010
1110110010101110
1110110011011000
1111001011010000
1111111011000010
0001011011111001
0001001111010010
1111100001110100
1111010101001110
1110101111011000
1110110011011000
0000011110001010
0010001010101000
0010011100010000
0001000110110110
1111011001101100
1110100010001000
1110000010010000
1101110010101010
1101110110101110
1101101100100100
1101110101011000
1110111010100010
1111100101001110
0000001010100000
1111111100010010
0000000001101100
0000101111110010
0000111110101110
0000010001111110
1110110011110000
1110101010010000
1110010010100010
1110001111110100
1110000010010000
1110100110111000
1111010001100100
0000011111100010
0000010110101110
1110011010101011
1110100101100000
1110010011001100
1111000001010010
0000111010101000
0010000100101010
0010011100010000
0000011010100010
1110100101010000
1110010100111000
1110001101000010
1110010110110110
1110101000100010
1111001000000000
1111100010001100
1110111111011110
1110110101101010
1110001111000001
1110010110110110
1110110101000000
1111011110010000
1111100000111001
1110011110101110
1101111011010110
1101111101010100
1101111100000000
1101111000000100
1101100101000100
1110011111011001
1110101011110101
1111100111011100
0000000001101000
1110101001001100
1110101101110010
1110101001110110
1110100101010000
0001111110000010
0010011100010000
0001100101000001
0000000001000010
1101110100011010
1111000000011110
1110111100010010
1110110011111110
0000101101110110
0000111110100000
1110111001001010
1111000110101110
1110111111011010
1110101011101000
1111001000110010
1110110000110110
1110100110011010
1110100100010110
1101110110100000
1101111101110010
1110111001001010
1111001110000000
1111000110101110
1110100010010000
1110101001100010
1111000011100110
1111000101101010
1111101100001110
1111100010110111
1110111010001110
1110010110110010
1110010101110000
0001110010000010
0010001011010110
0001000111110010
0000101110011100
1111110011010110
1111100010011100
0000000100001110
1111100010011100
1111100010011100
1111101010111001
1111011010000000
1111011010000000
1111101010111001
0000011101100100
0000110110111010
0000011101100100
0000010101000111
1111100010011100
0000001100101010
1110111000001110
1110011110111000
1111100010011100
0000101110011100
0001100001001000
0001011000101100
0001100001001000
0001011000101100
0000000100001110
0010001011010110
0010011100010000
0001010000001111
0001011000101100
0001001010101110
0010000001000100
0001100101111010
0000100001111110
1111011110000010
1110100111101100
1111010000011100
1111101011101001
1111010000011100
1110100111101100
1111010000011100
1111111001001110
1111011110000010
0000000110110010
1111111001001110
1110100111101100
1111010000011100
1110110101010010
1111010000011100
1111011110000010
1111000010110110
0000000110110010
1111111001001110
0000000110110010
0000010100010111
0001011000010100
0010011100010000
0010011100010000
0010001110101010
0001011000010100
1111011110000010
1111111001001110
0000110100000101
0001101100100000
0001101000001010
0001000001000110
1111100001101000
1110101001001100
1111000011010000
1111001011111011
1110011100001100
1110101101100010
1110001111001011
1110010111110110
1110101101100010
1101111101110010
1111101010010100
0000001000101100
0000010101101100
0000100010101110
0000101011011010
0000010101101100
0000111000011100
0001010010011110
0001110000110101
0000111000011100
0000110100000101
0000011110011000
0001101100100000
0010011100010000
0001110000110101
0001000001000110
0000100010101110
0000101111110000
1101100011110000
1101100011110000
1101100011110000
1101100011110000
1101100011110000
1101100011110000
1101100011110000
1101100011110000
1101101000011010
1101101000000100
1110000001100010
1110111111111110
1111100000111110
0000010100010010
0001010000001100
0001111010111000
0010000000111110
0010010100101110
0001111111100100
0001010111000000
0000000001101000
1110100000000010
1101111010010110
1101110000101010
1101101011101010
1101101010100100
1101100011110000
1101100011110000
1101100011110000
1101100011110000
1101100011110000
1101100011110000
1101100011110000
1101100011110000
1101100011110000
1101100011110000
1101100011110000
1101100011110000
1101100011110000
1101100011110000
1101100011110000
1101101101011000
1101101111010010
1110000000000100
1110110110110000
1111010011010110
1111111101011000
0000110111011000
0010000011010000
0001111110110110
0001110100111011
0001001011011100
0000101011000000
1111100101001100
1110011001000100
1101111110111110
1101111001110000
1101110100010000
1101110100100000
1101100011110000
1101100011110000
1101100011110000
1101100011110000
1101100011110000
1101100011110000
1101100011110000
1101100011110000
1101100011110000
1101100011110000
1101100011110000
1101100011110000
1101100011110000
1101100011110000
1101100011110000
1101100110111000
1101101010000000
1101110000010000
1101110100101000
1101111110101000
1110001010100000
1101111011100000
1110000000110101
1101111001000000
1101110100010100
1101101111000110
1101101111101010
1101101010000000
1101100111001010
1101110101011100
1110000101000100
1101111100001110
1101111001000110
1101100011110000
1101100011110000
1101100011110000
1101100011110000
1101100011110000
1101100011110000
1101100011110000
1101100011110000
1101100011110000
1101100011110000
1101100011110000
1101100011110000
1101100011110000
1101100011110000
1101100011110000
1110000011000000
1110000011000000
1111010111110100
1111001010011100
1101110101100110
1110011001010100
1110010000011011
1101111110100010
1110001011111100
1110000011000000
1110010100110110
1101110101100110
1110011101110010
1101111010000100
1101110001001010
1101101000001110
1101100011110000
1101100011110000
1101100011110000
1101100011110000
1101100011110000
1101100011110000
1101100011110000
1101100011110000
1101100011110000
1110001011101101
1110000010100010
1110001000011010
1110001001000000
1110000000110110
1101111100011110
1101110101111000
1101111001000000
1101110011100010
1101111000010100
0001101011110010
0001100110110100
0001101010111100
0001101011110010
0001101010111110
0001101010010010
0001110011101000
0001100010110000
0000110011110100
1111111001110100
1111110011100000
0000100010111100
1110000000111000
1110100100111000
1110101111111000
1110111011111110
1111000110001011
1101100011110000
0000001010001000
0000001010001000
0000100111010110
0010010001000000
0001011111100100
0000100010110110
0001001001000100
0000111101110100
0010001010010000
0001100110010010
0010011100010000
0001001111110100
0001001101100100
0001101111010010
0010010101100000
0010000101110010
0001101101000010
0001001011010100
0001011000110100
0001100110010010
0010001010010000
0001010100010100
0001010100010100
0001010110100100
0001000010010100
0001100100000010
0000100010110110
0000100101000110
0000011100000101
0000100000100110
1111111110111000
1111010100001010
0000101001100110
1111001011010100
0000100101111010
0001000001101010
0010000010011000
0001000101010110
0000110001000000
0001111001001000
0010010011000000
0001010000011100
0001110011100100
0001100110101000
0010000000100000
0001101100001100
0010010110101100
0010011100010000
0001111001001000
0000110110100100
0001101100001100
0001011101011000
0001101010010100
0001111100110100
0000111101111011
0001000111001100
0001100110101000
0001101000011110
0001110011100100
0001010000011100
0001000011100000
0001001100110000
0000100100000100
1110100110010100
0000111100101110
0000111010101110
0000100010110110
0000010100111010
0000101000110100
1111111101000001
0001000100101010
0001001110101000
0001000100101010
0000110000110010
0001000010101100
0001110100011100
0010010000010100
0010011100010000
0010010100010010
0010010100010010
0001000110101010
0001000110101010
0000111100101110
0000110010110000
0001100000100010
0001000000101100
0000001010111100
0000011110110110
0001010000101000
0001000100101010
0001011000100100
0001001100101000
0000110000110010
1111111111000000
1111110101000100
1111000011010010
1101100100110110
0010011100010000
1101100011110000
1101100011110000
1101100011110000
1101100011110000
1101100011110000
1101100011110000
1101100011110000
1111010110101100
1111110011011100
0000011010111100
0000100010001000
0000111011010010
0010011100010000
0001000110000010
0000110000100000
0000010000001010
0000000101011000
0001010100011010
0001000010011100
0000111110110110
0000101001010100
0000110000100000
1111101100010000
1111100001011110
1111110011011100
1111111010101000
0000011110100010
0000100010001000
0000001100100100
0000010000001010
0000101100111010
0000101100111010
0000011110100010
0000011010111100
0000000001110010
1111110111000010
0000001100100100
1111001111100000
1110010110000010