1111110001101010
0001100001011110
0001011011000010
0001101011011111
0001011010010100
1111111011101100
1111101011001110
1111100101011110
1111001111010000
1111000011000100
1110111001110000
1111001100011010
1111000000001110
1111010101000000
1111111000001000
1111111011101100
0000011001000110
0000100110101110
0000111111110010
0001001101011010
0010011100010000
0010011010000110
0010000101010100
0001111010100100
0010000110110000
0010001010010110
0010000111011110
0001110110111110
0001001011010000
0000110111111010
0000101101001010
0000100011110110
1111110011100110
0001010110000110
0001000101110100
0001110000010100
0001001100001100
1111111110001110
1111000110111110
1111010011101110
1110110111011000
1110111000110010
1111001101010110
1111000000100110
1111000001010010
1111000110010000
1111100111100100
1111101101111100
0000001001100100
0000001000001010
0000011000011100
0001000111111100
0001010111100000
0010011100010000
0010011000000000
0001110011110101
0001101111100101
0010010011000010
0010000001010100
0001110110101100
0001001100111000
0000110111101000
0000100011110010
0000010011100000
1111110110101000
0001010100111101
0001100001001110
0001111110101110
0000111011110000
0000001001011000
1111000101101101
1110101101001100
1110100110101110
1110100011110110
1110111001011100
1110011001000010
1110011011111011
1110111011100110
1111001110010100
1111110100011110
1111100100101000
1111110101001100
0000101100101010
0000101101011000
0001101000011010
0010000001100110
0010011100010000
0010010010111000
0010010101110010
0001110110000110
0001111100100100
0001111011110110
0001101100000000
0001001111111100
0000110111011100
0000110001101100
1111100011100010
0000110011011000
0001011011101010
0001101111110100
0000001111010010
1111101010011110
1110110001100010
1110011111011110
1110000101000110
1110001101011010
1110001001010000
1101111101011100
1110010101110000
1110011100101100
1111000000001000
1110111110000010
1111001110101100
1111111001000100
0000001000010110
0000101100011100
0001000111100010
0001111000110110
0010001001100000
0010011100010000
0001100100101100
0001100110000110
0001111010111010
0001011101000100
0001010000100011
0000110111100100
0000101111111010
0000100111100110
1111100100110110
0000101101100000
0001100101001110
0001110000100000
1111110000110110
1111001111101101
1110101011101100
1110000100111011
1101111010010100
1110000010000110
1101111101001010
1110000010000110
1101101100001110
1110010010010100
1110100110110000
1111000101110100
1111000101000110
1111100111101010
0000001000001000
0000011000010110
0001010011100110
0001110000100000
0010011100010000
0001111000111110
0001110101011100
0001111011000101
0001100110101000
0001010101000000
0000111010001100
0000110000010011
0000101001111110
0000101001111110
1111110001101010
0001000001111000
0010001111100110
0010011000000010
1111110010100000
1110110010010100
1110000101100010
1101110111001100
1101101011010110
1101101111100100
1101111000111000
1101110010111100
1101101111100100
1101111100010000
1110010100110000
1110111101010010
1110111110001000
1111101000010110
0000001011110100
0000000110110000
0001001001011110
0010001101000100
0010011100010000
0010010110010110
0001111010011110
0010000010111010
0001100100100000
0001011110100110
0001000001111000
0000011011000001
0000011010001100
0000001111001100
0000001110110010
0001010100101000
0010000100000100
0010000100000100
1111011110011100
1110100101001000
1110001011001010
1110011111110000
1110010001011010
1110011110110110
1101111101101110
1110001001010110
1110000011000110
1110100010011100
1110101110000100
1110010110110010
1110000101110010
1110100101001000
1111001101011011
1111101011110110
0000011101000110
0001011110011110
0010010011010010
0010011100010000
0010011011010110
0010000001011000
0001011001000110
0000101100010100
0000000100000010
0000000010010000
0000001100111110
1111100111011000
1111110010100110
0010000001011110
0010000001011110
0001010100110011
0001001011111010
0000110001000110
0000001101011010
1111001110111010
1111010111110100
1111000101111110
1111110010100110
1111100000110000
1111101001101100
1111001110111010
1111100000110000
1111111011100010
0000000100011110
0001000010111110
0001010100110011
0001100110101100
0010011100010000
0010011100010000
0001100110101100
0001111000100010
0001111000100010
0010011100010000
0010000001011110
0001100110101100
0000110001000110
0000110001000110
0000001101011010
0000111010000010
1111011111010010
0001000101000010
0000110110100000
0001101001011000
0001010011100100
1111011111010010
1111011000000010
1111011000000010
1110111010111110
1110110011101100
1110101100011100
1111000010001111
1110101100011100
1111010000110000
1111110101000110
0000001010111010
1111111100011001
0000001010111010
0000101111010000
0001000101000010
0010010100111110
0010011100010000
0001100010001000
0001101001011000
0010000110011100
0001111111001011
0001110111111010
0001110111111010
0000111101110001
0001000101000010
0000100111111110
0000100000101110
1111110101010100
0001011100000010
0001000010010110
0001110101101110
0001000110101000
1111101000011110
1110111001011000
1111000110001110
1111000001111100
1110110000110100
1110111101101010
1110100011111110
1110110000110100
1111001110110010
1111010011000100
0000000010001000
0000000010001000
0000001110111110
0000001010101100
0001010011011110
0001101101001010
0010011100010000
0001110101101110
0010010111111110
0010001111011010
0010010111111110
0010010111111110
0010001011001000
0001100100100110
0001001010111010
0000110101100000
0000110101100000
1101100011110000
1101100011110000
1101100011110000
1101101011000000
1101101010000000
1101101100010100
1110100011011000
1101110110111000
1101110110111000
1101110010111010
1101110110111000
0010000001100100
0010010110111110
0010000000001110
0001111000101010
0001101111011010
0001110101010110
0001100010100100
0001010011101110
0001000101100100
0001000101001110
0000000100010010
1110011100001000
1110001111111101
1101111100001010
1101101101101000
1101101011010110
1101101010000000
1101101100111110
1101100011110000
1101100011110000
1101100011110000
1101100011110000
1101100011110000
1101100011110000
1101100011110000
1101101100011000
1101101101010100
1110011100101100
0010011100010000
0010011100010000
0010011100010000
0001011010010010
1111001110101100
0001100100000010
0001110101010100
0001011100100000
0001011010001000
0001100010110000
0001101000010000
0001011101011010
0000111010100000
0000011000100010
0000000001001100
1111100000100000
1110010010100110
1110011000110110
1110000010101000
1101111001011100
1101110100110110
1101110010101000
1101110001101110
1101100011110000
1101100011110000
1101100011110000
1101100011110000
1101100011110000
1101100011110000
1101100011110000
1101100111111010
1101110100011010
1101110001110100
0001100111001000
0010011100010000
0010010010111000
0001100001111010
0000110110001010
1110010100110110
1110001011000010
1110000111111011
1110000001001100
1110010101010010
1110011101010100
1110011111001000
1110011001010000
1110001000011110
1101110110111000
1101111001001110
1110001001110000
1110111111011010
1110110001111000
1111001110000000
1110101100101010
1110001010011110
1110010001110000
1101100011110000
1101100011110000
1101100011110000
1101100011110000
1101100011110000
1101100011110000
1101100011110000
1111000101111110
1101110001001010
0010011100010000
0010011100010000
0010011100010000
1111110111000100
0010011100010000
0010011100010000
0010011100010000
1110011001010100
1101101100101100
1101110101100110
1101101000001110
1101100011110000
1101100011110000
1101100011110000
1110100010010000
1111000101111110
1110111000100100
1110101011001101
1110000011000000
1110000111011110
1101111010000100
1101111110100010
1101110101100110
1110100110101110
1101100011110000
1101100011110000
1101100011110000
1101100011110000
0000011001111101
0000011011010000
0000011101111110
0000011100111100
0000011101010100
0000011011001011
0000011000111000
0000010001000000
0000001011000000
1111100011111100
0010000101010010
0010000011000010
0001111111110110
0010000001100110
0010000110001010
0010001011011010
0010001110110010
0010010010001000
0010011001100100
0010010011100000
1110011100000000
1111101000000110
1110111101000010
1111011111000010
0001111101000010
0010010001011010
0001110110001110
0010011100010000
1110000011001100
1111000110111000
1111001000000110
1111010001110000
1111001111010110
1111010111001100
1111101000101110
1111110110101000
0000001101100101
0000101101000010
0000101010101000
0001000000011000
0001000000011000
0000101111011100
0000110001111000
0001000011011010
0001100101110110
0010000111101100
0010010101100110
0010010001111110
0010011000101000
0010011100010000
0001101110111010
0001111011101000
0001111011101000
0001110111111110
0010001011010100
0010010000001010
0010000101111000
0010010010100110
0001011110100110
0000101000110100
1101110000001110
1110100001000000
1110111010100010
1111000000110000
1110111010100010
1111010010111010
1111011101101100
1111100001101010
0000001000110010
0001001010100110
0001001111101100
0000111100011010
0001001111101100
0001000100111010
0000110111110111
0001001011101110
0001100011100010
0010001100011000
0010011000110110
0010011100010000
0010001001100010
0010000111110110
0001111001101010
0001101110010100
0001101001110010
0001101110111000
0001111001000110
0001101101001100
0001100100101010
0001011111000000
0001010110100000
0001000100010110
1110010000110000
1110110111011010
1110110011101000
1111010110011110
1111011000011000
1111010111001000
1111011010010010
1111111001111110
0000011011100100
0001001110111010
0010000000011000
0001001110010010
0010011100010000
0010010111110100
0000111110011100
0000101010110010
0001011110110000
0001110100010011
0010001110111100
0010001111100100
0010000110101100
0001101001100010
0001101000111010
0001011001101100
0001100111101000
0001001001110110
0001001011110000
0001010000001100
0001000100001010
0000110111011110
0001001010011110
0000101000111000
0010011100010000
1101100011110000
1101100011110000
0010011100010000
1101100011110000
1101100011110000
0000011111010000
0000000101001110
1101100011110000
1111011110100010
0000000000000000
0000011010110010
0000100001011110
0000010110010100
0000000000000000
0000000110101100
0000100011101110
0000101010011001
0001010111000100
0001101011001010
0001111000100010
0010011100010000
0010001100101000
0000110111110100
0001000111011100
0001010100110011
0001011111111110
0000111100010001
0001010111000100
0001110100000100
0001110100000100
0001001110001000
0001010100110011
0000011111010000
0000001101011010
0000101010011001
0000011101000010
0000010100000110
0000000010001110
0000001000111100
1111011110100010