1101111111110000
1110111011110100
1111001100100010
0000100001011010
0001110001010110
0010001111001010
0010001010001100
0010011100010000
0010001101010110
0000111011001010
1111101000100010
1111011100110010
1110111011110100
1110111101101000
1111010101100100
1111001101111001
1111110011010110
0000010011011010
0000011010101010
0000010100010100
1111111001001110
1111110110100010
0000011001110000
0000001001011110
1111101000000100
1110111001100100
1110110011101100
1110110000000100
1111000001101100
1110110110011010
1110010010010000
1110011110111011
1110010010101100
1110111101111110
1111101011000100
0000011000001001
0001000010000010
0001011010111010
0010000000001100
0010011100010000
0010010101110100
0000101001001100
1111100000000000
1111010001010010
1110110010000000
1110101010101000
1110110101101100
1110101111001110
1111001111111010
1111011001001000
1111101010001000
1111101101011000
1111010100100000
0000010111101100
0000101111101000
0000100101000100
1111100100101000
1111000100011010
1111000000010001
1111001000100010
1111001111111010
1110101111001110
1110101110110010
1111011111100100
1110100011100100
1111001101001110
1111110110000010
0000101011110110
0000111110000100
0001110100010011
0001111001100010
0010011100010000
0010011000110010
0001010101111100
0000000001010100
1111101111000100
1111010100100110
1110111100010010
1111010001100100
1111010010111000
1111100100001110
1111111001100000
0000000000111000
0000001101111000
0000010111111000
0000100110101000
0000001000010000
1111110011110111
1111101100011110
1111101110001110
1111100111010000
1111101000100100
1111010101000010
1110011110110010
1111001011011110
1111111101011010
1110011001000000
1111000000010001
1111110001110000
0000000100111010
0001000111010000
0001001100011000
0001001101010100
0010000011000010
0010011100010000
0001111001001110
0000101100001010
0000000011000010
1111011000100010
1111101010010010
0000000000001110
0000011000100010
0000100001011010
0000100111000000
0000100101100110
0000010001111110
1111100111000000
1110100001111000
1110101001010110
1111000110010101
1111010010111100
1111011011010110
1111101001010110
1110110101000010
1110100000111100
1101111011000110
1101111101111010
1110000101110110
1110011000001100
1111010100100100
0000000010001000
0000011001011100
0001100011100100
0010000101011110
0001101111001110
0001101011100010
0010010010001100
0010011100010000
0001010101010001
0000101010111010
0000100110001000
0001011101110000
0001010100001110
0000001110010100
1111100011011010
1110101111100000
1110110100010000
1110111101010000
1110101111100000
1110010011011011
1110001111001100
1110101001101010
1110110011101110
1110100010110010
1110100011010101
1110100101011100
1110001010011010
1110000011100010
1101111000111100
1110100100011000
1110011100110110
1111100110100010
0000010111000010
0000101110111110
0010000101100010
0010001111010110
0001110000101010
0001100110110110
0010010010011100
0010011100010000
0010001111111110
0001110100111110
0001101110001110
0001010001010101
0000010010001000
1111010111110010
1111000000011110
1110100110101010
1110000011000100
1110011001001010
1110111101011000
1110101011100110
1110010001110010
1110010100111000
1110110010111100
1110111001000110
1110010111111100
1110000110110000
1101110110001010
1110000011000100
1110011011101000
1110011000100100
1110100111100101
1111100000000110
0000001011111110
0000001011111110
0001011101110000
0001011111110000
0000101100100100
0000101100100100
0001101101000010
0010001100010010
0010010111100110
0010011100010000
0001110101000010
0001010011001000
1111111010000010
1111001001011111
1110111110001100
1110100100111010
1110011011100111
1110110010001110
1110110111100010
1110010100010010
1110001010010100
1110111000110110
1110111111100000
1111000001100000
1111001100110100
1111000111011110
1110010110111100
1110100111100101
1110001100010101
1101111010010110
1110011101111000
1111001001100000
1111001001100000
0000010010001010
0001011010110110
0010001101101110
0001111111001011
0010011100010000
0010000110011100
0000001010111010
1111011111010010
1111011000000010
1111001001100000
1111011000000010
1111011000000010
1111000010001111
1111010000110000
1111101101110110
1111111100011001
0000010010001010
0000000011100111
1111101101110110
0000100111111110
0000011001011100
1111110101000110
1111011111010010
1111101101110110
1110110011101100
1111100110100100
1111010000110000
1110101100011100
1111100110100100
1110001100100000
1110111100000100
1111000010110110
1111101011101001
0001100101111010
0001111010010010
0010000001000100
0010011100010000
0010000001000100
1111110010011011
1110011010000110
1111001001101010
1101111110111100
1111000010110110
1111011110000010
1110110101010010
0000000000000000
0000101000101111
0000101000101111
1111010111010001
1111101011101001
1111010000011100
0000000110110010
1111110010011011
1111001001101010
1110110101010010
1110100111101100
1110010011010100
1110111100000100
1111000010110110
1111001001101010
1110111100000100
1110101101111110
1111001101001110
1111110100010010
0000010011100010
0000100011001010
0001100101100100
0001100001101010
0010011100010000
0010011000010110
0001011101110000
1111111100000110
0000000000000000
1111100100101010
1110110001111000
1110111101100110
1111001001010100
1111011000111100
0000000000000000
0000001011101110
0000010111011100
0000001111101000
0000010011100010
1111011100110110
1110101101111110
1111011100110110
0000000000000000
0000010111011100
1110110101110010
1110111001101100
1111000001100000
1110101101111110
1111101100011110
1101100011110000
1101100011110000
1101100011110000
1101100011110000
1101100011110000
1101100011110000
1101100011110000
1101110001011000
1101110000100100
1110010001011100
1110111001100000
0001100011010110
0000111001101011
0000110100111000
0001000101101110
0000111001101011
0000011100110101
0000011000000010
0000001000000000
1111111000110010
1111101100110010
1110110011111000
1110001101011010
1101111011110010
1101110101011000
1101110100100100
1101100011110000
1101100011110000
1101100011110000
1101100011110000
1101100011110000
1101100011110000
1101100011110000
1101100011110000
1101100011110000
1101100011110000
1101100011110000
1101100011110000
1101100011110000
1101100011110000
1101101111010010
1101101101101010
1110001111101110
1110111000011100
0001101000000000
0001100010000110
0001010001001110
0001001100101010
0001100010000110
0001010011000110
0000100111111100
0000001010001011
1111110000011110
1111011001001000
1110100011000001
1110001101000010
1110000110110110
1110001100100000
1101110111100110
1101100011110000
1101100011110000
1101100011110000
1101100011110000
1101100011110000
1101100011110000
1101100011110000
1101100011110000
1101100011110000
1101100011110000
1101100011110000
1101100011110000
1101100011110000
1101100011110000
1101110001010010
1101100111111010
1101111101110010
1110001010010010
1110010101011110
1110011101010010
1110010111010100
1110011010011100
1110011111111010
1110100010010000
1110011111001000
1110011011011110
1110001101111100
1110010101000000
1110100010111110
1110111100110100
1111011010100000
1111101101010000
1111001111000010
1101100011110000
1101100011110000
1101100011110000
1101100011110000
1101100011110000
1101100011110000
1101100011110000
1101100011110000
1101100011110000
1101100011110000
1101100011110000
1101100011110000
1101100011110000
1101100011110000
1110011001010100
1101111010000100
1111111011100010
0000100011101110
0000000100011110
1110000111011110
1101101100101100
1101111110100010
1110100010010000
1101111110100010
1110000011000000
1101100011110000
1101101000001110
1101101100101100
1110010000011011
1110010000011011
1110001011111100
1101110001001010
1110011001010100
1101100011110000
1101100011110000
1101100011110000
1101100011110000
1101100011110000
1101100011110000
1101100011110000
0010011100010000
0010011100010000
0010011100010000
0010011100010000
0010011100010000
0010011100010000
0010011100010000
0010011100010000
0010011100010000
0010011100010000
1111010110100010
1111010111000111
1111010101110010
1111011000001110
1111011100101100
1111100110100010
1111110101100110
1111111101110100
1111110011101100
1110101001101100
0000110010000000
0001000111101100
1110110000001000
0000010010100000
0001111010011110
0001001111000100
0010010110000110
1101100011110000
0000001001011110
1111100101001010
0000000001100110
0001010101001110
0001000011111000
0001000011111000
0001001101010110
0001011000011000
0000110000111100
0000101101110010
0001000010010010
0001101110011110
0010011100010000
0001111100101100
0001010011101010
0000110100000101
0001001110111010
0001010000100000
0001001010001100
0000011110000000
0000100001001010
0001010011101010
0000101111010110
0000101001000010
0000100010101110
0000111101100100
0000110111010000
0000110111010000
0000101101110010
1111100010000000
0000010110000110
1111011110110110
0000110011100110
0000000100011100
1111110100001110
0001110101111100
0001011000011011
0010010001111100
0010010110010110
0010000111101000
0010000001101110
0010010011011010
0001110100011100
0001011111110100
0010010011011010
0010000110001000
0001101101000110
0001000110110000
0001011011011010
0001011100111000
0001011100111000
0001101000101001
0001100101101110
0001011110010110
0001000010010110
0001011001111010
0001011000011011
0001010001000100
0001100001010010
0001011111110100
0001011100111000
0001011011011010
1111101000011010
1110011101010000
1111001101101111
0000000111000010
0001101111111001
0010010011100110
0010011100010000
0000001100011100
0000000001101000
0000001000001000
0000000000100010
0000001111101100
1111111101010010
1111011001101000
0000001100011100
1111110011100100
1111110110110100
1111010000111110
0000000101111100
1111101110001010
1111111101010010
1111111000111110
1111110010011110
1111011101111100
1111111100001110
1111011011110010
1110111100011010
1111100001001101
1111011000100010
1111001010011110
1111010110011000
1111011000100010
1111001010011110
1110011110001010
1101100110111110
0010011100010000
1101100011110000
1101100011110000
1101100011110000
1101100011110000
1101100011110000
1101100011110000
1101100011110000
1111000000110110
1110101000011110
1111100010000111
0000010010110110
1111111100101100
0000011011101110
0000101001000000
0000011011101110
1111110011110100
1111110001100110
0000000111110000
0000000001000110
0000010000101000
0000010000101000
1111010000010110
1111101010111100
0000011101111001
0000101101011100
0000110100000101
1111001001101100
1111110011110100
0000000011010100
1111111100101100
0000111010101110
0001000001011000
0001101011011111
0010010101100110
0010011100010000
0001111000110010
0000010000101000
1111101111011000
1111010010100100