1111001111010110
0000111100101000
0000111111001100
0001110101110100
0010000000000100
0001100001010110
0000111111001100
0000001001011010
0000000110110110
1111100110011000
1111101011100000
0000001101101010
0000010000001110
0000001010010000
0000001010010000
0001010000001111
0001101001111000
0010011100010000
0010010001001010
0010001100000010
0001110010011010
0001100011111010
0001110111100010
0010000100010110
0001110110101100
0000110001100010
0000100011000000
0000011010011110
0000010101010110
0000101000000111
0000110110101010
0001001110100100
1111011100011110
0000101111101000
0001011100100001
0001111000101101
0001101000101000
0001110001010110
0000011111100010
0000010000000110
1111111101010100
1111100001001010
1111011010011100
1111100001001010
1111100011001011
0000001000000100
1111111100101010
0000011011100000
0001010101110110
0001101001010010
0010011100010000
0010010110111000
0001101111010100
0001100010100110
0010000011011100
0001111010000100
0001010111110110
0000101100111100
0000011111100010
0000011000110100
0000010101011110
1111111111010110
0000111110011000
0001000110011010
1111100001111000
0000110001011010
0001100001110110
0001111000001110
0001010000011110
0001010011100100
0000000101111010
1111110110011000
1111010110000100
1110110101001000
1110100001010000
1111110000001010
1111101011001100
1111100010100000
1111101101000100
0000000010001100
0000111101110100
0001000111001000
0010011100010000
0010010101011010
0001111010000110
0001011101100000
0001101101000010
0001001010111000
0001001100000110
1111110011010000
1111011110001010
1111110011111000
0000000001100100
0000001110100110
0001010000011110
0001010100110011
1111010100011110
0000100000110000
0001011111100000
0001110010011010
0000111100011010
0000110011101000
1111101100110000
1111000110010010
1111001011101100
1110010111000011
1110010010010100
1110110111011100
1110101010101000
1110110111011100
1111010001000110
1111011101111010
0000010000100010
0000111101110000
0001100001100010
0010011100010000
0010011100010000
0001111001001010
0001110101110010
0010000101010100
0001000111001110
1111111100010010
1111111010010000
1111101000000010
1111110011100000
0000000110011010
0000101101100100
0001011011011110
1111011110100000
0000100011000000
0001100110110010
0001101010100100
0000110000100100
0000000111111010
1111111000110110
1111010101011110
1110101111110100
1110011001001110
1111001101111100
1111001111011100
1111001011101010
1110110111010110
1111000001001000
1111000001111000
1111100000000000
1111110101110110
0001010001101100
0010011100010000
0010010011001110
0010000010101010
0010001101111100
0010001100011100
0001111011110111
0000111011001000
0000001101111100
0000001111011100
0000011110100000
0000000111111010
0001000111001010
0001110111010110
1111011100101000
0000011100001110
0001110101110000
0001101011111010
0000110100011000
1111010101011110
1111000010101010
1110010001011010
1110101110111111
1110100100001110
1110001100000010
1110100111110100
1110010010010100
1110100010011100
1110100011010101
1110101010100000
1110110010100010
1111011000001010
0000110111111110
0001111100000000
0010011100010000
0010011100010000
0010011100010000
0010011000101010
0001011101100100
0000001110110010
1111111111100100
1111111111100100
1111110011111010
1111100010000000
0000010110110110
0001001110010110
1111011110000010
0000110001100000
0010001010110010
0010001110101010
0000001011101010
1111000101110010
1111000101110010
1111001010101000
1110110011010110
1110011101000000
1101111111111010
1110111010001000
1110100101110000
1110100010110111
1110100101110000
1110100101110000
1110110000011010
1111001101100010
0000100001000000
0001011001010010
0010011100010000
0010001000110110
0001010110011000
0000110010011110
0000100110110100
1111001011100111
1110101101100000
1111001111011110
1111001100100100
1111011101000100
0000000000000000
0000100001000000
1111101111110110
0010000110101100
0001111011111100
0010010001011110
0010000110101100
0001100110011000
0001000110000010
0001000110000010
1111111010101000
0000000101011000
1111011010010010
0000010000001010
1111101111110110
0000010000001010
1111111010101000
0001000110000010
0001100110011000
0001110001001010
0010000110101100
0001111011111100
0010011100010000
0010010001011110
0001100110011000
0001111011111100
0010000110101100
0001100110011000
0001010000110100
0000110000100000
0000010000001010
0001011011100110
0001010000110100
0001011011100110
1111010100100110
0000010001011000
0001000101011100
0001111001100010
0010011100010000
0001110000110101
0000111100110000
0000011010000010
0000001000101100
1111011101010010
1111110111010100
0000000000000000
0000001000101100
1111100101111110
0000010001011000
0001000101011100
0001001110001000
0010011100010000
0010001010111000
0001011111100000
0001101000001010
0001010110110100
0001111001100010
0001001110001000
0001011111100000
1111110111010100
0000010001011000
1111011101010010
1111001011111011
0000010001011000
0000111100110000
0001111001100010
1111001010001110
0000000111101100
0001011001101010
0001010100100010
0000110101110010
1111100011110100
1110110000100110
1110001100101110
1110011100000110
1110010001110110
1110111010110110
1110110101101110
1110110101101110
1110110101101110
1110101011011110
1110100001001110
1110101011011110
1110111111111110
0000111010111010
0001011001101010
0001011001101010
0010001100111000
0010001100111000
0010011100010000
0001001111011010
0000101011100010
0000000111101100
0000100001010100
0000000111101100
1111111101011100
0001001010010010
0010001100111000
1101100011110000
1101100011110000
1101100011110000
1101100011110000
1101100011110000
1101100011110000
1101100011110000
1101101100001000
1101101100111010
1101101111101110
1101110011010010
0001001100111100
0010000010110000
0001110000011010
0001110010000000
0001101011101000
0001001110111100
0000100010101100
1111111001101000
1111100100100000
1111010010001010
1111001101110010
1110100011001000
1101110011010010
1101101110100000
1101110000000110
1101101110111010
1101100011110000
1101100011110000
1101100011110000
1101100011110000
1101100011110000
1101100011110000
1101100011110000
1101100011110000
1101100011110000
1101100011110000
1101100011110000
1101100011110000
1101100011110000
1101101111100010
1101110000001100
1101110001100010
1101110111110000
0000110110100001
0010000110010000
0001101110000100
0001101110101110
0001100110111100
0000111111001100
0000011001011100
1111110001101100
1111010001010000
1110111000001010
1110101111101110
1110010011000100
1101111100110110
1101111110101000
1101110101111110
1101110111000100
1101100011110000
1101100011110000
1101100011110000
1101100011110000
1101100011110000
1101100011110000
1101100011110000
1101100011110000
1101100011110000
1101100011110000
1101100011110000
1101100011110000
1101100011110000
1101110011011000
1101111101110010
1110000100000010
1110001000101110
1110001101101100
1110100000011100
1110010011111100
1110010101010010
1110010010001010
1110001111100000
1110000111010011
1110000110100000
1101111010011010
1101111000000100
1101110111010010
1101110010110110
1110101100001000
1110110110000010
1110010010101000
1110101000100000
1101100011110000
1101100011110000
1101100011110000
1101100011110000
1101100011110000
1101100011110000
1101100011110000
1101100011110000
1101100011110000
1101100011110000
1101100011110000
1101100011110000
1101100011110000
1101111110100010
1101101100101100
1110011001010100
0010011100010000
0010011100010000
1111110010100110
1101111010000100
1101111010000100
1101110001001010
1101111010000100
1101101100101100
1110000011000000
1111000101111110
1110101011001101
1110000011000000
1110011001010100
1110000111011110
1101111110100010
1101110101100110
1101101100101100
1101100011110000
1101100011110000
1101100011110000
1101100011110000
1101100011110000
1101100011110000
0001110101011010
0001110111101100
0001111000011001
0001111000000000
0001111001010000
0001111000100110
0001111000100110
0001110100101010
0001100111101100
0000111011101110
1111110101010100
1111110111100000
1111110111011000
1111111101001100
0000000101000100
0000000110101010
0000001010111100
0000000111100100
0000001110010100
0000101010000010
1110011100000000
1111101001111100
1101111000001100
1110101100011000
0001001110111110
0010000101110100
0001111110111100
1111110010111110
0000001110000010
0000000010110100
0001101011100110
0010011100010000
0001110100111110
0010000101110010
0010011010011000
0001111110010100
0001111010100100
0001010011010010
0001111010100100
0001110011000110
0001111110010100
0010000000001100
0000101111101110
0001010101001010
0001001001111010
0000010011101010
0000001111111010
0001011010110000
0001010011010010
0001110110110100
0000100110011000
0000011100111111
0000111001000100
0000101101110110
0001010111000000
0001010101001010
0000100100100000
0000010111011010
0000011100111111
1111001100100010
0000000010100000
0000010000010000
0000111111101111
0001101111010000
0001011111000000
0001001011000000
0001101100101111
0001100100000000
0001100111110000
0000110101101111
0001001001110000
0001010110010000
0001100101010000
0001011111000000
0001001011000000
0001010001010000
0001101110000000
0001001101100000
0000010001100000
0001011011010000
0001000100110000
0010011100010000
0001101110000000
0001111110010000
0000101111100000
0000101110010000
0000100110110000
0001011000101111
1111110100110000
0000010100000000
0000000110010000
1111000010110000
1111101010100110
0000010000011000
0000101110101000
0000110010011010
0001001100111000
0000101110101000
0001110011111100
0001100011100010
0010001001010110
0010011100010000
0001010101101100
0010010100101100
0010010000111010
0001101100011000
0000111111000000
0010000110110110
0010011011000000
0000010010111010
0000110110001100
0001000010110010
0001011101010000
0001011010101110
0001110101001100
0001110010101010
0001000101010100
0000110111011100
0000101111111000
0000111001111110
0000010110101100
0000100010000010
1111110000111000
1110010001001000
1101100111110000
0010011100010000
1101100011110000
1101100011110000
1101100011110000
1101100011110000
1110100010010000
1101100011110000
1101100011110000
1111000000110010
1111011000101000
1111001100101110
1111110101010000
1111011011000010
1111100010001100
1111101110000110
1111100110111101
0000000001001100
0001111101010000
0010011001111000
0010011100010000
0000110011010010
0000000011100110
0000011011011100
0000100000001110
0000100111011000
1111011000101000
1111011011000010
0000001010110000
1111100010001100
0000000101111110
1111110010111000
1111011111110010
1111100010001100
1111101110000110
0000000011100110
0000000011100110
0000010110101010
0000111111001110
0000000101111110
1110101000111100