1110001110111110
1111000111111010
1111111101000111
0000010001000010
0001011000100000
0010010110000010
0010011010001100
0001100110101010
0001000011010100
0000111110110000
0001000001101010
0001010000001100
0001011101000110
0001110010010010
0010010111010000
0010010111101100
0010011100010000
0010001001100100
0001111000000101
0001110011100001
0010000001010000
0010010000101000
0010001011001110
0010000110101010
0001110111101100
0001001111110010
0000110100011000
0001000110101010
0000110011111011
0000011001010110
0001000010000100
0000110011001000
1110010000011100
1111001001001010
0000001001000000
0000010100101010
0001001100101000
0010000001111110
0010011100010000
0001110100000100
0001110101001100
0001110111110100
0001111010110100
0010001010111110
0001111110100100
0001111010011100
0001001100010000
0000110001100110
0000101111101100
0000010111010010
0000010001010010
0000101010011100
0000101011111100
0000111101100110
0001011000010001
0001001011001000
0000011101101100
0000001110010010
1111110101110110
1111111011001000
1111110010000110
1111011100010100
1111010101111100
1111100000000100
1110001001010010
1111000001100110
0000001011011100
0000010110000001
0001010101101100
0001111100110110
0010010100100000
0010001111001100
0010001110110010
0010011100010000
0001111101010000
0001000101010110
0000111011100100
0000110011011010
1111101001100100
1111011101010100
1111100101111001
1111001101000000
1111011101101110
1111111001000100
1111100110010100
1111101000010110
0000010110000001
0000111100011000
0001010010011010
0000111001001000
0000101001101000
0000001111100000
1111110101011010
1111101110111000
0000000101101110
1111111001011111
1110010110111001
1111001000010100
0000010111010010
0000101100000011
0001010101100101
0010000100001010
0010001100011110
0010011100010000
0010000100100100
0001011111001010
0000011000100010
0000001010110100
1111111100010000
1111010011100010
1110111011000010
1110110011111100
1110101100111000
1110101101101110
1111000000000000
1110111001010110
1110101110111111
1111000000000000
1111001111110010
1111011010001100
0000000001101010
0000100011110000
0000011100001111
0000000100001010
1111101111011000
1111100011110001
1111010010101110
1111011000111100
1110011101101000
1111000111110110
0000100000101000
0001001110110000
0001101000010000
0010011100010000
0010011010010010
0010011001010100
0000110100110000
0000001110111110
1111101001101100
1111011000000010
1110110100101100
1110101110010100
1110100110011111
1110100011100010
1110100111011100
1110101111010100
1110100100100000
1110100000000110
1110001101111100
1110100111011100
1110101010111001
1110101100110110
1111000101111000
1111100010110100
0000011111101010
0000101011111010
0000001101000000
1111100001010110
1111100011110010
1111001101101111
1110001100011111
1111010100010100
0000011010111100
0001100010110010
0001111011111100
0010011001010000
0010011100010000
0000111011010010
1111111011110100
1111000010010110
1110011000011101
1110110110011000
1110100010100110
1110100111011011
1110100110001100
1110011101110100
1110101111110010
1110010110101000
1110000101010010
1110000001101100
1110111000110000
1111000010111100
1101111011101100
1110001101000100
1110100000001110
1110111001111110
1111011010111000
0000100110010100
0000110010111000
1111110100101000
1111010101100000
1111010111010010
1110000000010000
0000000000011100
0001000001011100
0010011100010000
0010010110000010
0010011100010000
0001101001100000
1111011111100000
1110110001001110
1110001101100110
1110101001001100
1111010001010000
1110110100110010
1110100110100010
1110110110100100
1110010010111101
1111000011111010
1110101110100010
1110011010111100
1110011100101110
1110111010001000
1111011000011000
1101111110011110
1110011111011010
1111010011111101
1111010010001010
1110100111011011
1111100101110000
1111110111100010
1110110101101010
1110110100110010
1110101110100010
1110011101010100
1111011111000110
1111100111010110
0000001000001110
0010000011100110
0010011100010000
0001111011010110
0001110011001000
0001010010010000
0000110001010110
0001001010000000
0001011010011110
0001011010011110
0001111011010110
0001110011001000
0010001011110100
0001111011010110
0010011100010000
0010000011100110
0001011010011110
0001111011010110
0001111011010110
0001101010111010
0001101010111010
0001100010101100
0000000000000000
0000100000111010
0001000001110010
0000101001001000
1111001110101010
0000101001001000
0000100000111010
1110100010010000
1111100000110000
1111011000111100
0000001111101000
0000101110111000
0001101101011000
0001111101000000
0000100111000100
0000010111011100
0000101110111000
0000101110111000
0001000110010100
0000100111000100
0000110110101100
0001101101011000
0001100101100100
0001101101011000
0001111101000000
0001100101100100
0001100101100100
0010000100110100
0001100101100100
0010011100010000
0001100101100100
0010000100110100
0001011101110000
0001010101111100
0001001110001000
0000101110111000
0000100111000100
0000101110111000
0000111110100000
1110110000110000
1111111101110000
0000010100010111
0001010011110010
0010010111101110
0010011100010000
0010010111101110
0001100101111010
0000000110110010
1110111110010110
1110110101010010
1111000111011000
1111010100111110
1111010000011100
1111011001100000
1111010000011100
1111010000011100
1110110101010010
1110111110010110
1110110101010010
1111110100101100
1111111101110000
1111001011111011
1110110000110000
1111001011111011
1111000010110110
1111111001001110
0000011000111001
0000111000101000
1111110000001010
1111010000011100
1111100010100100
1101100011110000
1101100011110000
1101100011110000
1101100011110000
1101100011110000
1101100011110000
1101101111011000
1101110001111110
1101110000101010
1110000100101100
1110101000001100
0001000111000010
0001111010101100
0001100010001000
0000111110101000
0000101100100100
0000111111111001
0000111000110100
0000100011100000
1111101001011010
1111000111110101
1110101010110010
1110000001011100
1110000111111011
1110000100101100
1101111101100100
1101110101110110
1101110000101010
1101110000101010
1101100011110000
1101100011110000
1101100011110000
1101100011110000
1101100011110000
1101100011110000
1101100011110000
1101100011110000
1101100011110000
1101100011110000
1101100111110100
1101101000000110
1101101000001100
1110010011010001
1110111110111100
0000101111111000
0001100101001000
0000111000001011
0000100010001100
1111111000010000
1111011110101100
1111000110111000
1110101011100001
1110001100101110
1101111111110010
1101110011101110
1101101100010000
1101101011101100
1101101110001000
1101101100010110
1101101011100000
1101101010101010
1101110111000110
1101100011110000
1101100011110000
1101100011110000
1101100011110000
1101100011110000
1101100011110000
1101100011110000
1101100011110000
1101100011110000
1101100011110000
1101110000010000
1101101011000010
1101111100110000
1110000001111100
1110111100110100
1110101000100000
1110100101111100
1110011011101100
1110101000110010
1110100000011010
1110011100010000
1110010010010110
1110001011000101
1101111010001000
1101110011111000
1101111000000100
1101111000100100
1101111111111000
1110001101111100
1110001011110111
1101101110101100
1110010000000000
1110100010010000
1101100011110000
1101100011110000
1101100011110000
1101100011110000
1101100011110000
1101100011110000
1101100011110000
1101100011110000
1101100011110000
1101100011110000
1110010100110110
1101100011110000
0010010011010100
0010011100010000
0010011100010000
0010011100010000
0000000000000000
1111010111110100
1110010100110110
1110001011111100
1110010000011011
1110010100110110
1110101011001101
1110111101000010
1101111110100010
1101111010000100
1101101000001110
1110000111011110
1110001011111100
1101101000001110
1101101000001110
1110011001010100
0001000111011100
1101100011110000
1101100011110000
1101100011110000
1101100011110000
0010011100010000
0010011100010000
0010011100010000
0010011100010000
0010011100010000
0010011100010000
0010011100010000
0010011100010000
0010011100010000
0010011100010000
1110111100011010
1110110101101000
1110110000001000
1110100111101100
1110011100011001
1110010001101010
1110000011111000
1110001111010000
1111000011111100
1111100000010010
1110100110011010
0000111100101010
1110110100101010
1110101010111100
1111101110111010
0010000000101100
0001110001100100
0001011011001010
0000000110101100
1111110111000100
0000010001110110
0000111010000010
0001001110001000
0001001001101010
0001110001110110
0001111000100010
0010000011101100
0001110110010100
0010001100101000
0010000011101100
0010000101111100
0001011001010010
0001010111000100
0001100010001110
0001110100000100
0010001110110110
0010011100010000
0010010111110010
0010001110110110
0001111101000000
0000111010000010
0001000111011100
0001011011100010
0001010111000100
0001100110101100
0001000000101110
1111110010100110
0000010001110110
0000000000000000
1110111101000010
1110011110111011
1111011010000100
0001011111100100
0001100100001000
0000011000010010
0000110011100100
0000111001101010
0001101011101110
0010011100010000
0010000111000000
0001111100011010
0010010110001100
0010001101000110
0001011100100001
0001000100010000
0000110011100100
0001011111100100
0010001011100100
0010000011111110
0001111100011010
0001110000010000
0001011000000000
0000011011010100
0001000101110010
0001010001111010
0001001000110100
0000001010101000
1111111000011010
1110111110110010
1111010010100000
1111001010111010
1110100100111110
1111100010101010
1111110101100110
0001111000001111
0010001111000000
0000111101100100
0001001010110100
0001001100101110
0001100011011100
0010011100010000
0001101011000000
0001110000101011
0010010110100100
0001111000001111
0001100001100010
0001001000111010
0000111001110000
0001000011010000
0001111000001111
0001111101111100
0001100011011100
0001011101110000
0000111011101001
0000011111010000
0001010010011000
0001001010110100
0000110101111110
0000100100111100
1111101010001110
1111011001001100
1111011001001100
1111100000110000
1110110101001100
0001000110101110
1101100011110000
1101100011110000
0010011100010000
1101100011110000
1101100011110000
1110000011000000
1110100010010000
1101100011110000
0000000011110000
1111100101110000
0000110011010000
0001011000101111
0001111110010000
0010001000010000
0010001000010000
0000111101010000
0000001000110000
0000110000110000
0001000111010000
0000111111101111
0001100000010000
0010000101110000
0001110110110000
0010010111010000
0010000101110000
0001011000101111
0001001001110000
0001011011010000
0010001101010000
0010011100010000
0010001010110000
0001010011110000
0001111011110000
0001001110110000
0001010011110000
0000111010110000
0001001100010000
0000111111101111
1111110111010000
1111100101110000