1110100000001000
1111101110010000
0000010111000101
0001101111111000
0010011100010000
0010011001100110
0001101001001100
0000111110100110
0001000000011000
0001010110100100
0001100101101010
0001011110100100
0001000011000010
0001000111000010
0000110011000100
0000010110101000
0000100000011010
0000100101101110
0000110111100000
0001000001010000
0001101010111110
0001100111011100
0001001011011110
0000111111011110
0001010000010110
0001000011000010
0001000011111010
0001101000110000
0001101001001100
0001001011011110
0001000110100110
0000101010001010
1110100101111100
1111110111010100
0000101101100100
0010000101011110
0010010100101010
0010011100010000
0001000100011000
0001110111010110
0001111000011100
0001010100101000
0000010111010110
1111101010110110
1111011011101010
1111011000011010
1111000110100000
1110110000110010
1111011100110000
1111100110100000
0000001111001100
0000001010110110
0000000010001010
1111110110110010
0000000010001010
0000000000100010
0000100101011100
0000101110101001
0001000010101110
0001001001010000
0000101010010100
0000001110101010
0000010110010000
1111111010000010
1110110111101110
1111111011001010
0010001000010000
0010011100010000
0001111011001000
0000111000110110
1111111010000001
1111101100111000
0000000111101110
0000010000110110
0000000100110110
1111111100110110
1111111100010010
0000011111101110
0000100110100100
0000000101011100
0000100001011010
0000101011101110
0001001111001000
0001011101011010
0001001011101100
0000110101011010
0000010110000000
0000101000010001
0001001011101100
0001001101111110
0001011111001000
0001101100110110
0001100100110110
0001100000110110
0001110000010000
0001001100010010
1110111101001110
0000011110011100
0001100110001100
0001010111101010
1111100110100100
1110100100101100
1110010000101110
1110001011101110
1110011000111010
1110010100010111
1110100000001011
1110101010001010
1111000010101100
1111111001001100
0000010100011100
0001100001101010
0001111100111010
0001110111011101
0001011101100100
0001010011100100
0001111101011000
0010001011000000
0001111111001011
0001010011001000
0001010110010100
0001011000100100
0010000000100010
0010011100010000
0010010000011100
0001110111111010
0001110110000110
0001010011100100
1111000010101100
0000111001110010
0010000101110110
0001110010011000
0000000010111100
1110111101011000
1110010100101100
1110010000100101
1110001110110010
1110010101010010
1110011010100110
1110110111011110
1111000011010010
1111101111100000
0000100001000010
0001001111000000
0001110011100100
0001100011000100
0001011000011011
0001011110010110
0001010010100100
0001001100101010
0000110101101010
0000100011111110
0000111010111110
0000111010111110
0001101111011011
0010011001010100
0010011100010000
0010000001101110
0010000010111010
0001110011100100
1111000110010110
0000010101101100
0010001100110000
0010011100010000
0001010011101110
1111111010011010
1111101100110010
1111101001000100
1111010111000100
1111011110100010
1111110111111100
0000011111101000
0000011010101010
0000010011001110
1111110110101100
1111110001110000
0000001000101100
0000011000001100
0001100110111100
0001110010101110
0000101011011010
0000001111100000
1111101001000100
1111110110000110
0000101010110010
0000100011010110
0001001101100000
0010001100110000
0010010001000110
0001110111000100
0001101110011000
0001010100111100
1110110111111000
1111111110100110
0001111110100100
0010011100010000
0000110101101110
1111110001001010
1111100010010100
1111001001100100
1111011110000100
0000001001001100
0000001100101110
1111110001001010
1110011010111010
1110100101100000
1110011111001000
1110011111001000
1111000011111010
1111000100101000
1111011001110100
0000000111110001
1111111010010110
1111101000101010
1110111110111110
1110101110000000
1111001101110100
1111011000011010
1111010111101100
0000101001101110
0001010010101110
0000111101100000
0000110101000010
0000011011100100
1110110011111000
1111010011111101
0000100100000100
0010010100010000
0010001100001110
0001011100001010
0000001100000010
1111110011111110
1111100011111110
1111001011111011
1111101011111110
0000011100000010
0010000100001110
0010011100010000
0001111100001011
0000001100000010
1111001011111011
1110011011110110
1111011011111100
0000010100000010
0001100100001010
0000111100000110
0000010100000010
0000000100000000
0000010100000010
1111011011111100
0000011100000010
0001011100001010
0001011100001010
0000100100000100
0000100100000100
0000001100000010
1110110110011110
1111101101101000
0000101101111110
0001110111100000
0010011100010000
0010000000101100
0000011011100100
0000011011100100
0000000000000000
1111110110110100
0000001001001100
0001000000010110
0001110111100000
0010001001111000
0001000000010110
0000001001001100
0000110111001010
0000101101111110
0001001001100010
0000110111001010
0001100101000110
0001100101000110
0000010010011000
0000100100110000
0000101101111110
0000100100110000
1111101101101000
0000100100110000
0000100100110000
1111101101101000
0000011011100100
1111101101101000
1111000011011010
1111101001101100
0001111100011000
0010011100010000
0010010101111000
0001010110000110
0000110110001101
1111110000000101
0001000010111110
0001010110000110
1111111100110100
1111001001110011
1111000011011010
1111101001101100
1111101001101100
1111110000000101
1111111100110100
0000011100101100
0001001111101110
0000111100100110
0001010110000110
0000011100101100
0000101001011110
0000011100101100
0000011100101100
0001000010111110
0000110110001101
0000101001011110
0000101111110110
0000100011000100
0000010110010100
0000001111111011
1101100011110000
1101100011110000
1101100011110000
1101100011110000
1101100011110000
1101100011110000
1101100011110000
1101100110100000
1101100110101000
1101101111101110
1111100000011100
0001111100111110
0010000110111010
0000000111001110
1111000011110000
0000000000101110
1111010111111100
1110110100011110
1110110110000100
1110101010010000
1110011011000110
1110001010011000
1101101111101110
1101100011110000
1101100011110000
1101100011110000
1101100011110000
1101100011110000
1101100011110000
1101100011110000
1101100011110000
1101100011110000
1101100011110000
1101100011110000
1101100011110000
1101100011110000
1101100011110000
1101100011110000
1101100011110000
1101100011110000
1101100101101100
1101100101110100
1101110011110010
1110111111110000
0001010101000010
0010000011011110
1111000100111100
1110010100110110
1111001001100000
1110111011010010
1110011100011010
1110010000011011
1110000100011101
1101111011100100
1101110011000000
1101101001100010
1101100011110000
1101100011110000
1101100011110000
1101100011110000
1101100011110000
1101100011110000
1101100011110000
1101100011110000
1101100011110000
1101100011110000
1101100011110000
1101100011110000
1101100011110000
1101100011110000
1101100011110000
1101100011110000
1101100011110000
1101110000010000
1101110010010100
1110011001111010
1111000100101000
1110001100111100
1110010000111010
1110001111001100
1110000001010010
1110001100111100
1110100111111010
1110001011000101
1101110010110110
1101110000010000
1101110101001100
1101101111011110
1101101101101000
1101100011110000
1101100011110000
1101100011110000
1101100011110000
1101100011110000
1101100011110000
1101100011110000
1101100011110000
1101100011110000
1101100011110000
1101100011110000
1101100011110000
1101100011110000
1101100011110000
1101100011110000
1101100011110000
1101100011110000
1110100010010000
0010011100010000
0010011100010000
0010011100010000
0010000001011110
0001010100110011
0010011100010000
0010011100010000
0010000101111100
1111001010011100
1101110101100110
1110100010010000
1110001011111100
1110010100110110
1110010100110110
1110111101000010
1101100011110000
1101100011110000
1101100011110000
1101100011110000
1101100011110000
1101100011110000
1101100011110000
1101100011110000
1101100011110000
1101100011110000
0010011100010000
0010011100010000
0010011100010000
0010011100010000
0010011100010000
0010011100010000
0010011100010000
0010011100010000
0010001010110100
0001001100010110
1111000011100101
1111010010110100
1111011111111110
1111110101111010
0000000101110000
0000011000010110
0000011111001010
0000100000001110
0000100100110110
0000010110100110
1111100111000000
0000111001000000
1111010001010000
0000010110000000
0001000001111010
0001101111000100
0001110110101000
0010011100010000
1110100001010100
1111111011010000
0000000010011000
0000010000100100
0000010101010100
0000010101010100
0001001011110000
0001101000001010
0001011110101100
0000001110001110
0000101000010000
0001001001011000
0001111111110110
0010010000011010
0010011100010000
0001100001000100
0001011100010110
0001101111010010
0000110110011100
0000111101100100
0001100101110100
0000111101100100
0001000100101010
0000111101100100
0001001001011000
0000110110011100
0000011100011010
0000010010111100
0000001011110110
1111111101101000
1111010111110000
1110101111100000
0000000110111010
0001010000011100
0001001110001000
0000101011101010
0000110000010000
0000101101111110
0001111100000110
0010011100010000
0001100101000110
0000111110000010
0001111110011000
0010000000101100
0010000111100100
0001111001110010
0010001110011110
0010001100001010
0001111110011000
0010001100001010
0001011110001110
0001010101000010
0001111001110010
0001101001101100
0001101100000000
0000111001011100
0001000100111100
0000111011110000
0000111110000010
0001100101000110
0001000010101000
0001000111001110
0000110111001010
0000001101110010
0000100011001000
0001111011100010
0010000110011100
0001000000001100
0000100111111110
0001000111011110
0010010011110010
0010010100111110
0001011110011110
0001110100010010
0010010110001100
0010001101101110
0001101101000000
0010001100100000
0010011100010000
0010001101101110
0010000111101010
0001100110111110
0001000011110110
0000100011001000
0000010011011000
0000001101010100
0000011101000100
1111111011001010
1111010110110100
1111001110010110
1111101010001100
0000000110000100
0000000110000100
0000011010101010
1111111000101110
1111101001000000
1111110001110000
1101100011110000
1101100011110000
0010011100010000
1110100010010000
1101100011110000
1101100011110000
1110010111110110
1101100011110000
0000111111111001
0010011100010000
0010011000101100
0001011111111000
0010001010100000
0001100011011100
0001100110111110
0010000110111100
0001011100010110
0000100111000100
0010000110111100
0001100110111110
0001101110000110
0001001110001000
0010011000101100
0001100011011100
0001110101001100
0001100110111110
0001110001101000
0001111000110000
0001111000110000
0001010101001110
0001101110000110
0001011000110010
0000111111111001
0001001110001000
0000101110001010
0001011100010110
0000100011100000
0000110001101110
0000110001101110
0000011000110110