1111101110110010
0001100011100100
0001011111100000
0001101111101110
0001100001100010
0000011011010110
0000001111001100
1111110011100000
1111100011010100
1111111100111110
1111101011011010
1111101100000110
1111110000110100
0000011100101100
0000010101010000
0000101110111010
0000111010011000
0001111100100010
0010000011111100
0010011100010000
0010001100000100
0001101010010100
0001011110001010
0010011000001100
0010011000111000
0010000100101000
0001101100010110
0001010010000000
0000111101000110
0000100110110100
0000100110001000
0000111101000110
1111011100101110
0001000100001110
0001000011101100
0001101010110100
0001100110101110
0000000100011000
0000000000110010
1111111000100010
1111110100011010
1111101111110010
1111101110010000
1111111000000011
1111110100111100
0000010001010000
0000010000101110
0000100100110100
0000100100110100
0001000111010100
0001001011111100
0010001010001110
0010010010111110
0001111110011000
0010000110101000
0010010010111110
0010011100010000
0001111101111000
0010000110001000
0001001111000010
0001010100101100
0000101110000100
0000111101000000
0000110100110010
1111011010111100
0000111001011100
0000110101101100
0001110000001101
0001100010010000
0000000100010010
1111101101001110
1111101101001110
1111010101000010
1111100101001010
1111001110000100
1111001001001110
1111011110101110
1111110011101010
1111111010101000
0000001101011011
0000010001001100
0000100001110100
0001000011001000
0001010010101100
0001111011100000
0010010011101010
0010010101110100
0010011100010000
0010001011100110
0010011100010000
0010001101110000
0010000011000000
0001011100111010
0001001101010100
0000111100101100
0000111110110100
1111001111001110
0000011100011110
0001000100100010
0001100001000000
0000101101111000
1111110100111110
1111001111110010
1111000010011100
1110111100101000
1110110011010100
1110110010001010
1110100011101010
1110110011010100
1111001100010100
1111010111010110
1111100000000100
1111100111100110
1111111110010000
0000010111001110
0000111000010101
0001010011101010
0010000110110000
0010010010111110
0010011010100000
0010010011100010
0010011100010000
0010011011000110
0010001100000000
0001100111011010
0001010100001110
0001000110111000
0001000100100010
1111001011101110
0000000110000010
0001011111011010
0001011110110000
1111010101110110
1110101011011000
1110010110011110
1110011111111110
1110011000011000
1110010101001100
1101111010100100
1110000111111000
1110001011101101
1110010000110000
1110011111010110
1110100111100101
1111000100000110
1111010010101100
1111110111011100
0000010111001000
0000111001111111
0001101111111000
0010010111110100
0010011100010000
0010010100101010
0010001110010100
0010010101010010
0010001011110010
0001101000010010
0001000111111100
0000111011111010
0000111000000110
1111010101111100
0000010101000010
0001101111111100
0001011011101010
1111110100101110
1110011001110110
1101110111010010
1110000100000100
1110001001010100
1101111110110010
1101110101110010
1110000110010100
1110010111100110
1110000110010100
1110011000010110
1110101001101000
1110110111111000
1111001110011010
1111010101111100
0000000100100000
0000110000110110
0001010111111010
0010001111011110
0010011100010000
0010010101100000
0010011011100000
0010001110101110
0001111010011100
0001001100101000
0000110001100110
0000100001110100
0000011000110010
0000010100010111
0001010011011110
0001100010000010
0001001110101000
0000010011011010
1111001011100111
1110101001101000
1110000000111000
1101111000001000
1110000010110100
1101111110111100
1110100100110010
1110101001101000
1110011110111100
1110111101000010
1110101110011110
1110100111101100
1110111001001010
1111011110000010
1111101101100100
1111110111010000
0001010001100010
0001110010100010
0010010110011100
0010011100010000
0010000110111010
0001011111000110
0000111111000110
0000010111010010
0000100000000010
1111100011110110
1111001011100111
1111110000011000
0001010101111100
0000111110100000
0000111110100000
0000100111000100
0000000000000000
0000000000000000
1111001001010100
1111000001100000
1111101000100100
1111011000111100
1110110001111000
1111101000100100
1111111000001100
0000001111101000
0000010111011100
0000111110100000
0010010100011100
0010011100010000
0010000100110100
0001101101011000
0000100111000100
0000110110101100
0010001100101000
0010011100010000
0010010100011100
0001101101011000
0001110101001100
0000111110100000
0000100111000100
0001000110010100
0001011101110000
1111000110011100
0001001010000000
0001000001110010
0001011010011110
0001001010000000
1111101111100100
1111011111000110
1110110110000000
1110010101000110
1111011111000110
1110111110001110
1110100101100010
1111011111000110
1111110111110010
1111001110101010
0000000000000000
0000100000111010
0001011010011110
0001110011001000
0010011100010000
0001110011001000
0001010010010000
0001001010000000
0001110011001000
0001010010010000
0001101010111010
0001000001110010
0000111001100100
0000101001001000
0000001000001110
1111110111110010
0000011000101010
1111100010111100
0000011101000100
0001101101000000
0001011010110110
0000000000000000
1110111010111110
1110001011101110
1110010110101000
1110100001100010
1110101100011100
1110101100011100
1110011101111000
1111000010001111
1110110011101100
1111010100011010
1111101101110110
1111011111010010
1111110001011110
1111111100011001
0000011001011100
0001000101000010
0001110000101010
0010010001010110
0010011100010000
0010010100111110
0010010100111110
0010010100111110
0001111011100010
0001100101110000
0000111101110001
0000111101110001
0000111010001000
1101101000001100
1101101010100000
1101101010100000
1101101011011100
1101110001110000
1110000101110100
1110010010011010
1110011011111110
1110011011000010
1110100010010000
1110111001010110
0001001011010100
0010010111100110
0010001010100010
0001110111001001
0001010101110100
0000110100101110
0000110000100000
0000011101101000
0000001000111000
1111010101100100
1110100100010110
1110010111010010
1110000101010110
1101110001000010
1101101010111110
1101100111101110
1101100011110000
1101100011110000
1101100011110000
1101100011110000
1101100011110000
1101100011110000
1101101000110000
1101101011111000
1110010001101110
1111011011001010
0000011010010100
0010010110111110
0001001100001010
0001001101011000
0001101011010100
0010001110000000
0010011100010000
0000011100101000
0001001011000100
0001010010000000
0001001111011010
0001001100111010
0001000111011100
0000101010000010
0000001111100000
1111100000111001
1110100100001110
1110000101111000
1110000000100110
1101111000111100
1101110001100010
1101101111010100
1101101100101110
1101100011110000
1101100011110000
1101100011110000
1101100011110000
1101100011110000
1101100011110000
1101101000111100
1110101101101100
0010011100010000
0010011100010000
0010011100010000
0010011100010000
0010011100010000
0010011100010000
0010011100010000
0010011100010000
0010011100010000
1111110011100000
1111000101100000
1111010000101010
1111001010111000
1111001000101000
1110111101001100
1110100010101000
1110010110100010
1110010001011100
1110000000101011
1101110010111110
1101110011111000
1110011001011000
1111100101111100
1111110111101010
1111010011101110
1101100011110000
1101100011110000
1101100011110000
1101100011110000
1101100011110000
1101100011110000
1111110010100110
0010011100010000
0010011100010000
0010011100010000
1111010011010110
1101111010000100
1101101100101100
1101100011110000
1110000011000000
1110101011001101
0010011100010000
0010011100010000
0010011100010000
1110010100110110
1101111010000100
1101101000001110
1101110001001010
1101111110100010
1101110101100110
0000000000000000
0000110001000110
1111010011010110
1101110001001010
1110100010010000
1110100010010000
1110001011111100
1111110010100110
1101100011110000
1101100011110000
1101100011110000
1101100011110000
1101100011110000
1101100011110000
0000101100101011
0000101110110110
0000110001000010
0000110010011010
0000110110000000
0000110110101110
0000111000001010
0000110111001000
0000111000000000
0000000000101100
0001010001101001
0001010000110010
0001010001110110
0001010100000000
0001011010111000
0001011110001010
0001101010001110
0001110011101000
0010000011011100
0010010110101110
1110010011101010
1111101001111100
0010011100010000
0001110000110010
1111111001110000
0000011011101100
0000111100101110
0000100100011110
1101101011111000
1101110111010110
1110001011101101
1110010110110010
1110011011001110
1110100100110110
1111000110111000
1111010000000110
1111110010100000
1111110000010010
1111100100011100
1111110001011010
1111110111010100
1111101100111110
1111100111000010
1111100001100000
1111101010000000
0000010010101100
0000010110000000
0000100100011100
0000111000000001
0001000100001110
0001001100000000
0001100101001010
0010001010001000
0010000100100110
0001111010111110
0010011010110010
0010011100010000
0010001101011110
0001010101101000
0000111110101100
1111000110101110
1111001010111010
1110001001000010
1110011001010010
1110010011010010
1110011100010010
1110101011101000
1110110111111110
1111001111011100
1111000101100000
1111010000101000
1111011000110000
1111101011011010
1111100000010010
1111100101101100
1111101000011000
1111111000000011
1111111101110000
0000101110011110
0000100111110110
0000101110011110
0001001001100010
0001001010110000
0001011110100110
0010000101000110
0010000101101100
0010010110010000
0010010011110110
0010011100010000
0010010011100010
0010010101000010
0001011010000110
1111100010010000
1111101101001010
1110101001100100
1110110011111010
1110011100011100
1110110001000110
1110111100110110
1111001001111110
1111110000110010
0000000001110011
1111110000110010
1111110100101100
0000001001111010
0000000000101100
1111111010100100
1111111110011110
0000000010111100
0000100001000110
0000101010100110
0000110011110100
0001000001001110
0001010100110000
0001100110111010
0001111011110110
0010011000111010
0010010010110000
0010010111001110
0010011011111110
0010011100010000
0010010110101010
0010000100100000
0001101100110010
1110100011111101
1101100011110000
0010011100010000
1101100011110000
0010011100010000
1101100011110000
1111100000110000
0010010001110110
1101100011110000
1111000100110100
1111000010011100
1111000111001100
1111111101101000
0000000000000000
1111010111110000
1111111000111010
0000000000000000
0000110001101110
0001011110101100
0001100011011100
0000100101111000
0001011001111110
0001101010100010
0000010010111100
1111011010001000
0000011010000010
0000011010000010
0000111111111001
0000011110110010
0010001011101100
0010011100010000
0001011100010110
0000001001011110
0000111111111001
0000011100011010
0000000100110000
1111110110100010
0000001001011110
1111010011000010
1111010000101010
1110011100100100