1111101001000010
0000111101101100
0001011100010100
0000011100011000
1111010101001110
1110110101101100
1110000111110010
1101110110101010
1101110001010000
1101110101110000
1110000011010010
1110011001110010
1110101100101100
1111010010100010
0000000000011100
0000110111011000
0001110001000010
0001111010111100
0001000011000110
0000101000000100
0001000011000110
0001011111000000
0001111101101000
0010011100010000
0001101010101110
0001001011001100
0000110010111000
0000100110010010
0000101001111000
0000100010101100
0000010110111110
0000000110110000
0000001110101000
0001101111001010
0010010000011000
0001000110000010
1111011100110010
1110101010111100
1110100101011010
1101110100011000
1101110010110010
1101111100010010
1101111101000100
1110100000101010
1110100001011110
1110100011110110
1111100001100010
0000101111111000
0001100000111010
0001111001011100
0010000101010100
0000111011101110
0001000100011100
0001000011101010
0001100010100000
0010000010001010
0010011100010000
0001110111000100
0001011100111110
0001000000011110
0001000011101010
0000000101111100
0000001101000011
1111110000100100
0000101000101100
0001111001010000
0010011100010000
0001000111101000
1111100100010110
1110110110110000
1110101110101000
1110010001010100
1110010010111101
1101101000101000
1110001101010000
1110011110010110
1110100100000010
1110011011000110
1111000100100110
1111100010101100
0000110001101010
0001101010100110
0001110110110100
0000001101000010
1111111110011000
1111101110111010
0000011111110000
0000100101011100
0001011001100001
0010000011000010
0001011110011010
0001011110011010
0001100000110110
0001000110000000
0001001110001000
0000100100101000
0000101001101010
0001111000001111
0010011100010000
0000110011001000
1110110111000110
1101111111001110
1101111101010100
1110001101011010
1101111101010100
1110000000001010
1101111110010000
1110000110110010
1101111110010000
1101111010011110
1110011100100100
1110110011010010
1111011100111110
0001001010110100
0001000000011010
0000110001010000
0000000100110000
1111111110000110
1111101011001010
0000111001110000
0001000001010110
0010000010101100
0010010010110010
0010010010110010
0001101111101111
0010010001110110
0001111101111100
0000101010101000
0000011101010000
0001001100000010
0001101010111100
0000000001101010
1110100100111100
1110010011011000
1110011100100100
1110011011101110
1110001000100000
1110000000001010
1110000000001010
1110011000011000
1110101110001000
1110101001111100
1110101110111100
1110110010010010
1111011000101110
0000000111100010
0001000011101100
0000111101000000
0000001010111000
1111111101100000
0000001010111000
0001000111000010
0001101011110010
0010011100010000
0010000101101100
0001111001001010
0001100111101000
0001111010110100
0001101010001000
0000110110010100
0001010101100010
0001111111110000
0001101111110010
1111111010010100
1101111111001000
1110001000010000
1110110001010100
1111001011100010
1111000110111110
1110101011100110
1110101101111000
1111010011100010
1111010100101010
1110110001010100
1111001010011010
1111011010011000
1111100110111010
1111111101101110
0000101111111010
0000010111111100
1111110110111000
1111111000000011
0000001111111110
0000101100011110
0001011010000110
0010001101011100
0001110100010110
0001011100010111
0001101100010110
0010011100010000
0010001010000000
0001001110101100
0001011111011010
0010011010100110
0000100111011110
1110101111011010
1110000100101010
1110100000100110
1110011000011000
1111000100110010
1110011101010100
1110101010011110
1110110111101000
1111011010001010
1111101010101000
1110110110000000
0000010000011100
1111101101111010
0000011011111110
0001001011101010
0001110100110001
0010011100010000
0001011111011010
0001000110101110
0001010101100010
0010011000111110
0010000101001110
0010000110111000
0000100111011110
1111111001011010
0000010111000010
0000011101100110
0000100100001100
1111101100010000
0000110000110100
0001001110001000
0001110101001100
0001010111111000
1111101100011110
1111110110010000
1111000101011010
1110011110010110
1110010100100100
1110010100100100
1110111011101000
1110101000001000
1111110110010000
0000000000000000
0000111010100110
0001010111111000
0010010010100000
0010010010100000
0001010111111000
0001000100011000
0001101011011100
0001101011011100
0010011100010000
0010011100010000
0001100001101010
0001110101001100
0000110000110100
0000110000110100
0000110000110100
0000110000110100
0000111010100110
0000100111000100
1111010110010110
0000111110100000
0001010011010110
1111110101100110
1111110101100110
1110010111110110
1101100011110000
1101101110001010
1110000011000000
1101111000100110
1110000011000000
1110100010010000
1110101100101010
1111100000110000
0000000000000000
0000010100110110
0001011101110000
0001101000001010
0000110100000101
0000011111010000
0000111110100000
0001101000001010
0001111101000000
0010011100010000
0001101000001010
0001001000111010
0000111110100000
0000001010011010
0000011111010000
0000001010011010
0000000000000000
1111110101100110
0000111100011110
0001011010101110
0001011010101110
1111111010111110
1111001101100110
1111010010101000
1111010010101000
1110111001011100
1111001000100100
1110110100011010
1110111110011110
1111101011110110
1111101011110110
1110111110011110
1110110100011010
1111010010101000
1111010010101000
0000001010000110
0001011010101110
0001010000101010
0000100011010010
0000001010000110
0000101000010100
0001010101101100
0001000001100010
0001101110111000
0010001000000110
0001110011111100
0010010010001010
0010010111001110
0010011100010000
0001000001100010
1101100011110000
1101100011110000
1101100011110000
1101100011110000
1101100011110000
1101101001101110
1101101010111110
1101110100101110
1110010000101010
1101110111110110
1110100010100100
0001101100100000
0010011001110000
0010001001000110
0001100001110110
0001000011000100
0000100011010110
0000000101110011
1111100011010000
1110111000100100
1110100000000100
1110000100101110
1101110000111100
1101101010010110
1101100011110000
1101100011110000
1101100011110000
1101100011110000
1101100011110000
1101100011110000
1101100011110000
1101100011110000
1101100011110000
1101100011110000
1101100011110000
1101100011110000
1101100011110000
1101100011110000
1101110001000010
1101110000110010
1110000011001010
1110101100110010
1110010101100010
1110101011010000
0001110110111110
0010010011110100
0010000100000000
0001100011010100
0000111000001010
0000010110111110
1111111111001110
1111100100101100
1110110101011100
1110011110111110
1110000100111100
1101110101001000
1101110000010000
1101100011110000
1101100011110000
1101100011110000
1101100011110000
1101100011110000
1101100011110000
1101100011110000
1101100011110000
1101100011110000
1101100011110000
1101100011110000
1101100011110000
1101100011110000
1101100011110000
1101101011000010
1101101010000000
1110001011010100
1110101111010000
1111001000010000
1110001010110100
1101111100110000
1101111110111110
1101111101101000
1101111001101000
1101111001101000
1101111000110110
1110001000011110
1110000101101110
1101111010000000
1101110100100010
1101111001001110
1110000101000100
1101101101001000
1101100011110000
1101100011110000
1101100011110000
1101100011110000
1101100011110000
1101100011110000
1101100011110000
1101100011110000
1101100011110000
1101100011110000
1101100011110000
1101100011110000
1101100011110000
1101100011110000
1110000111011110
1111001110111010
0010011100010000
0001110100000100
1110010000011011
0010011100010000
0010011100010000
1110001011111100
1110010000011011
1110010000011011
1110001011111100
1101100011110000
1101100011110000
1101111110100010
1110011101110010
1110100010010000
1110011101110010
1101110101100110
1101101100101100
1101100011110000
1101100011110000
1101100011110000
1101100011110000
1101100011110000
1101100011110000
1101100011110000
1101100011110000
1101100011110000
1110000000110110
1110000001011000
1110000011000000
1110000011101110
1110000110000100
1110000000101011
1101111100110110
1101111000011100
1101101110101110
1110000000110010
0000111100111100
0000111101101010
0000111111101111
0001000000010000
0001000010010000
0001000110101010
0001001011010100
0001000110011100
0001010010110010
0001001011100010
1111011010100000
1111101001111100
1110100010000010
0000101000110110
0010000111010100
0010010110101000
0010010111001010
1110101111010011
0000100101001100
0000001111011110
0000011000101000
0000001111011110
0000010101001100
0000100001110010
0001001010111110
0010000000110010
0010000110100000
0010001011000110
0010000111101010
0001110011000010
0001000111100010
0010000011000100
0010011100010000
0001011101010010
0001101011000010
0001110101010110
0010010000110100
0001011100001010
0000111111100010
0001001110011010
0000110001110010
0000101100000011
0000100000101000
0000010110010100
0001010110011100
0001011101010010
0000101101001110
0000101110011000
0000111100000110
0000101000101000
1111000111111100
0000010111110110
1111101110000110
1111011000101000
1111110111101010
0000000011100110
0000010100010010
0001100001110100
0010011100010000
0010000011001100
0010010001100000
0010011001111000
0001010101111000
0000010001111010
0001011001011110
0001100001110100
0001100011000000
0001000010110010
0010001011100100
0001101101101110
0000111110000010
0001000111100100
0000011100101000
0000000000000000
0000100110001010
0000100000001110
0000010110101010
1111111011001110
1111111100011010
1111110010111000
0000001011111100
1111110101010000
0000111011000010
0001010100000001
0000111100011010
1111110100001100
0000010010110000
0000001101001100
0000101101001000
0001101101000010
0010011010111000
0010000111011010
0001111111000110
0010011100010000
0010001010001100
0001001000111010
0001110110110000
0010001110011000
0001110001001100
0001000011011000
0001101110011010
0001101110011010
0000101111111010
0000110101011110
1111111001110000
0000100111100110
0000110001010100
1111110101100110
0000101111111010
0000010001011000
0000000111101000
0000001010011010
0000011011000110
1111111000011000
1110111001100010
1101100011110000
1101100011110000
0010011100010000
1101100011110000
1101100011110000
1101100011110000
1111010001001000
1101100011110000
0000101001110110
0000001101111100
0000000010110010
0000100111000100
0000101111011100
0000010110010100
0000110111110100
0000111101011000
0001001011010110
0010000011001000
0010011100010000
0001101100110100
0001101010000010
0000101001110110
0000111101011000
0001101111100101
0001001110001000
0001000010111110
0000101111011100
0000111010100110
0000111101011000
0000100001011110
0000101001110110
0000111010100110
0001000101110000
0000111010100110
0001000000001100
0001000010111110
0000001011001010
0000001000011000
0000110101000000
1111110010000100