1110101111010100
0000100110000100
0001101011001000
0001101101110110
1111101111000000
1111011101001100
1111011111111000
1110101101101100
1110111101010110
1111010110101110
1111110000000110
0000011011110010
0001100000010110
0010011011001010
0010011100010000
0001111000101000
0010000100100000
0010011001000000
0010000101100110
0001011111010000
0001001001101100
0001010101100010
0010001001011000
0010000011111110
0001101011001000
0000100000101010
1110011011010110
1110110101010000
1111001011111011
1111100100110000
1111011011000010
1111000100011000
1110100000110000
1111110110011010
0001001010011000
0001011001011010
0000110000111000
1111101111101110
1111011111000000
1111101000001100
1111100001100000
1111111011110100
0000010110111110
0001011100010110
0010010100010100
0010011100010000
0001111101110000
0010001000101000
0010011100010000
0010000101101100
0001101000111000
0001001101010010
0001000110001100
0001100101100010
0001101010001000
0001010010010100
1111111110110000
1111011101010100
1111100011001100
0000000110101100
0000110110010100
0000101110110010
0000010100000011
1111101010010010
1110011110010010
1111110001011110
0000111001001000
0001001001110110
0000110111111100
0000000100111110
1111011101001010
1111101110101100
1111011100011000
1111111011000010
0000000110111110
0001010101011000
0010001010010110
0010011100010000
0001111100000000
0010000001001100
0010011001011110
0010001011111100
0001011001010111
0001000000101100
0000110011100100
0001001011110110
0001010110100110
0000110011001010
1111101101000110
1111010010000010
1111101101111000
0000001100111100
0000100110110100
0000101110110010
0000011100111000
1111100100101110
1110011101011110
1111110101100110
0000111110100000
0001000010011010
0000110100000101
1111101011001010
1111100011010110
1111100111010000
1111100001001101
1111101110101000
0000010011100010
0000111010001001
0001111001111110
0010011011110100
0010010011001000
0010001000101110
0010010110001100
0010011100010000
0001101101011000
0001010101000100
0000110100100010
0001101000100110
0001101000100110
0001100100001111
0001000111001100
1111110010111110
1111001001010100
1111110110000010
0000011001001100
0000011111010000
1111110010001000
1111000001100000
1110101100100100
1111101110111000
0000110111101100
0001010100110000
0000100010000010
1111110010010110
1111010111000010
1110111111001100
1110111111101000
1111001110011000
1111101111010100
0000000111001010
0001001110001110
0010010000100100
0010010001011010
0001111001100100
0010011000010110
0010011100010000
0010001100001110
0001010100010100
0000111100111010
0001010011000000
0001100111011000
0001110001110010
0001110011000100
0001010000011001
1111111110011110
1111011010111100
1111010000100010
1110111101000010
1110110000111010
1101110110011000
1111001110000000
0000100101000110
0001101100010110
0001100011100110
0000000001010000
1111101010010110
1111011000110110
1111001011111011
1111001011111011
1111011001101010
1111101000101010
0000001110100110
0000101101110110
0001100110111010
0010010101100110
0010011010001010
0010001010010110
0010011100010000
0010011010001010
0001110100010000
0001010101000000
0001011010011010
0001011011010000
0001010111111010
0001101011000110
0001100110000110
0000110100100000
0000010100011010
1111111110110000
1111000110000110
1101111111101010
1101110111110000
1110111101101010
0000001000010100
0001000000011100
0000111001110010
1111001010111110
1111001001000100
1110111000111010
1110101110111010
1110110111000000
1110101110111010
1110111000111010
1111100011001110
0000000111011000
0000111101001000
0010001111111000
0010010011101100
0001110111001001
0010011100010000
0010011010110100
0001101001110110
0000110110000000
0000111100101010
0001000001111000
0000101110110110
0000111001110010
0001001010011100
0000111000011000
0000011000000010
0000001010101100
1111000000100000
1101110101010110
1101101110101100
1111000111001100
0000111111111001
0001011100010110
0000111111111001
1111000111001100
1111110001110010
1111101010101100
1110110001111000
1111000000000111
1110110001111000
1111000111001100
1111111000111010
0000000000000000
0001111111110110
0010001110000010
0001011100010110
0001000111000010
0010001110000010
0010011100010000
0000111000110100
0000111000110100
0001011100010110
0010001110000010
0001110001101000
0001000111000010
0000111111111001
1110111000111110
1110011100100100
1111101010101100
1111110001110010
1111000111001100
1111011100100000
1111111100001100
0001010000000010
0010000101011000
0010000101011000
0000010011000100
0000111001001010
0000010011000100
1111010110000110
1111001110011110
1111110100100100
1111111100001100
0000010011000100
0000111001001010
0010000101011000
0010001101000000
0010000101011000
0001100110111010
0010001101000000
0001110110001000
0001001000011010
0001011111010010
0001111101110000
0010011100010000
0001110110001000
0010001101000000
0001010111101010
1111100101010100
1111001110011110
1111110100100100
0000001011011100
1111101100111100
1111101100111100
1110100010111000
1111101000010100
0001001101010110
0001010011101010
0000010001011000
1111101110101000
1111100010000000
1110110101110100
1110111000111110
1111000010011100
1111100010000000
1111110001110010
0001000111000010
0010000110001010
0010001111101000
0001101100111001
0010001100011110
0010011100010000
0010001100011110
0001001101010110
0000101010101000
0001000011111000
0001100000010010
0001110011001110
0001110011001110
0001100011011100
0000000100110000
1111100010000000
1110111000111110
1111000101100110
1110101111100000
1110010110010000
1101100011110000
1101100011110000
1101110011110100
1101101010110100
1101101001001110
1101101000010010
1101101000110010
1101101011000110
1101110010111110
1110000110001110
1110101101100110
0000000101100110
0010000011110110
0001110110111010
0001011000010100
0001000001011000
0000011011100010
1111101001110000
1111100110011100
1111001101111110
1110001110001100
1101111010011100
1101110001110010
1101101100011110
1101101000111110
1101100111000100
1101100011110000
1101100011110000
1101100011110000
1101100011110000
1101100011110000
1101100011110000
1101100011110000
1101100011110000
1101100011110000
1101101001011110
1101100110010100
1101100111010110
1101101010001010
1101110100000000
1110001111000010
1110010111100110
1110010000000010
1110010010101110
1111010110000110
0001100101111000
0010010100001100
0010000001010100
0001100110110110
0001000001000000
0000001001011110
1111100110000011
1110111011001010
1110010110000100
1101111001100010
1101101001111010
1101101000000100
1101100110110100
1101100101011010
1101100011110000
1101100011110000
1101100011110000
1101100011110000
1101100011110000
1101100011110000
1101100011110000
1101100011110000
1101100011110000
1101101011010000
1101100110010110
1101110011111000
1111111100010110
0000100111100100
0000101110010101
0000011010100100
1111101100101110
1110011111001000
1110001110010000
1110001100101100
1110101001011100
1110101011101000
1110110000000000
1110101101001100
1110100111100101
1110100000000100
1110010001001100
1110100101000100
1110100100001110
1101111110010100
1110010100101100
1110010010000110
1101110010110110
1101100011110000
1101100011110000
1101100011110000
1101100011110000
1101100011110000
1101100011110000
1101100011110000
1101100011110000
1101100011110000
0010011100010000
1110101011001101
0010011100010000
0010011100010000
0010011100010000
0010011100010000
1110111000100100
0010010011010100
0010011100010000
0000110001000110
0000111110100000
1110000011000000
1110010100110110
1101101000001110
1101110101100110
1110010100110110
1111001110111010
1110011101110010
1111010011010110
0000001101011010
0000101100101010
1101101100101100
1111100101001110
1110101011001101
1101100011110000
1101100011110000
1101100011110000
1101100011110000
1101100011110000
1101100011110000
1101100011110000
1111111101010010
1111111111100000
0000001011011010
0000010010000000
0000010101111000
0000100010111110
0000110011000000
0001000010110110
0001010000000000
0000111100111000
1110010111011100
1110010010001110
1110001001101100
1110000110111000
1110000011101100
1101111100111100
1101110010000010
1101100011110000
1101100011110000
1101111100011110
1111111101111010
0000100001000110
1110010010011010
1110110001100000
1111000110101010
1111011110011110
0000001101001110
0001000010011010
1111011101001000
1111110010010100
1111001101101000
1111101001000000
1111101000100000
0000000101111100
0000001111110000
0000100001010100
0001000000110100
0001101101110000
0001110000010110
0010011010001100
0010011100010000
0001101011001100
0001011101110000
0001011000000100
0001011010001000
0001000110000000
0001010100011100
0001000101011110
0001011011101100
0001010000110110
0001011011001010
0001011110010010
0001101111110110
0001100110000000
0001100110100010
0001010001010101
0001000000010100
0000100001110110
0000100111100000
1111011011000100
1110011000101110
1110110111001000
1110001110001110
1110010101000010
1110011111000000
1111010010111010
0000101100100100
0000111000101000
0001000100101100
0001101101000011
0001111100110010
0010011100010000
0010011010001010
0001111010101100
0001101110000110
0001100110110010
0001100101101110
0001010000110000
0001011000000110
0001011111011100
0001111001101010
0001110010110100
0001100111010010
0001101110101000
0001101101000011
0001111000100110
0001101101000011
0001011011001110
0001010111000010
0000101111101110
0001000101001110
0000100011001000
0000011100011000
0001000000001110
1111111011001100
1111001001011010
1111001100101000
0000011000000110
0001010110001010
0001101101101100
0010000000111110
0010011100010000
0001100011100010
0010001110010110
0010000010000010
0001100010011110
0001000011111110
0001011100000010
0001010100000000
0001011101000110
0001100000010011
0001001100100010
0001001001110110
0001000010111000
0001011101000110
0001000111001010
0001001100100010
0001010000001111
0000110001110000
0001001000110010
0000111011111100
0000111001010000
0000101111000110
1111111110011010
1101101110000000
1101100011110000
1101100011110000
0010011100010000
1111000001100000
1101100011110000
1101100011110000
0000101110111000
1101100011110000
0000011011110000
0001001101011010
0000110110000010
0000011110101010
0000000100011000
0000010101111010
0001000100101000
0001100111101100
0010011100010000
0010010000100100
0001001101011010
0001000001101110
0010000001111110
0010000001111110
0010010011100000
0000111011111000
1111001001111110
0000010101111010
0000100111011100
0001110110010010
0010000111110100
0010000111110100
0000111000111100
0000000100011000
0000010000000100
0000110110000010
0001000100101000
1111001111110100
1111001001111110
1111111110100010
1111111110100010
1111010101101010