1110100110111000
1111100011110010
1111111000101010
0000110110111010
0001011000101100
0001010010000000
0000111101100100
0000100000101100
1111111110000000
0000001010011100
0000001110011100
0000111101100100
0001110001001000
0010000111010110
0010001101100110
0001010111010110
0001001011110010
0001001001100100
0001100010011110
0010000100010000
0010011011110100
0010011100010000
0001100011110001
0001100000101100
0001110011010110
0010001001100110
0010001111110100
0010001101100110
0001101101100100
0000110111010110
0000001010011100
0000000011010110
1110100111110100
1111100110110000
1111111110101110
0000011010111110
0001100010000010
0001010110111010
0001010100010101
0000100011111110
0000000010111111
0000000100010010
0000101001000110
0001011001111010
0001111110101110
0010000011110110
0001000110001110
0000111101101010
0000110100001110
0001000001111100
0001010110011110
0001101111010100
0010010000010000
0001111110010010
0001010111010110
0001011101010011
0001100010011110
0001110111111000
0010011100010000
0010010010011010
0001110001111000
0000100110100010
0000010110010000
0000001001110110
1110101010000000
1111101000001010
0000000001010010
0000010111110110
0001011001110110
0001110111001110
0001111001010110
0000111000001011
0000011100000101
0000111101101110
0001101100000111
0001100011100111
0001000010000000
0000110101001110
0000100011010110
0000100010100000
0000100110010100
0000101011000000
0001000111000110
0001100010010110
0010001100000100
0010001011101010
0001011000111110
0001010001010100
0001010110011100
0001110000110100
0010010101011100
0010011010001000
0010011100010000
0001111001110000
0000111010110000
0000101000111000
1110100111011110
1111101001000000
1111111100111110
0000101010111110
0001100010111110
0010011100010000
0010001101111100
0001010110110100
0001011000111110
0001010000101101
0000100101110000
1111101010101111
1111110011110111
1111101100011110
1111101001000000
1111100111010000
1111101011100110
1111110100101110
1111111111001000
0000001111001100
0000101111110000
0001011100000000
0001101100111100
0001100100001111
0001001010101010
0001010100101000
0001101101110100
0001111011001111
0010000011111100
0001111010011010
0001000110110000
0001010101000100
1110100011010010
1111100111111000
1111110000010000
0001001011001000
0010001100111100
0010011100010000
0001101001101110
0001111110001000
0001000111111000
0000001100100001
1111101110011000
1111011000001000
1111000100101010
1110111101010000
1110111000001000
1110111101010000
1111000001111000
1111000110000010
1111010101010110
1111100000111100
1111101111110010
0000010011111100
0001011111111110
0001110011111010
0001110010000100
0001010100110110
0001100011001110
0001111010011010
0010001010001010
0010000001110100
0001100100001010
0001001110110100
1110011100101000
1111101101111100
0000001010000110
0001100001110010
0010011010101010
0010011100010000
0010010110111100
0010000000101000
0000010100101110
1111011100011010
1110111001010100
1110110001111000
1110011101101100
1110010011100110
1110010000111100
1110000010100100
1110000001100000
1110011011100100
1110001100001011
1110010100101010
1110100101101010
1110111001010100
1111111011110000
0000111101001000
0001100100111110
0001011111101010
0000101100101010
0000100110010000
0001010101000010
0001011000001110
0001010011111110
0000110000011000
1110101100110100
1111011111010100
0000010001110100
0001110011110101
0010010110010100
0010011001111000
0010011100010000
0001011001001000
1111111000010010
1110110001100100
1110001010111110
1110011000101000
1110001100001011
1110001101111100
1110010110010000
1110000110110100
1101110010100110
1101101010111000
1101101010111000
1101111011100000
1101111000100010
1101111010010100
1110100110010010
1111011011110000
0000111010001110
0001000110101100
1111111101101000
1111100000100000
0000001110010000
0000010111110000
0000111101110001
0001010000110100
1111000010110110
1110111100000100
1111110010011011
0001000011111100
0001101100101100
0001101100101100
0001010001100010
0000011011001011
0000011011001011
0000011011001011
0000010100010111
0001001010101110
0001111010010010
0010011100010000
0010011100010000
0001110011100000
0001000011111100
0000011011001011
0000110110010110
0001011111000110
0001011111000110
0001011000010100
0000000000000000
0000110110010110
0001011000010100
0001011111000110
0001011000010100
0001001010101110
0000101111100100
1111110010011011
1110100111101100
1111010000011100
1110101000100000
1111110011100000
1111111001110000
0000101011110000
0001011101110000
0001010111100000
0000111000010000
0000011111010000
1111101101010000
1111111001110000
0000001100100000
0000100101100000
0000111110100000
0010001111110000
0010000011010000
0001001011000000
0001001011000000
0001001011000000
0001010111100000
0001100100000000
0010011100010000
0010001001100000
0001110110110000
0001110110110000
0001010111100000
0001110110110000
0010000011010000
0001010111100000
0001011101110000
0000111110100000
0000011001000000
0000001100100000
1110101110001010
1111111000100100
0000001011001010
0001000010111110
0010011100010000
0010011000100010
0010010100110100
0010001101011000
0000100101001100
0000010110010100
1111101101011010
1111100010010000
1111010111000100
1111010011010110
1110110101100110
1110111101000010
1111001000001100
1111001011111011
1111001011111011
1111011010110100
1111100010010000
1111111000100100
0001010001110110
0001110111000100
0010010100110100
0001110011010100
0001101111100101
0001110011010100
0010000101111100
0001111010110010
0001001010011010
0000101100101010
1101100011110000
1101100011110000
1101100011110000
1101100011110000
1101100011110000
1101100011110000
1101100011110000
1101100101110110
1101100101001000
1101110010001000
1110011001000100
1111100010011110
0000011001110100
0000111001001010
0000110100101000
0001010000000101
0010000101000000
0010010100011010
0001100000000100
0000001110110100
1111011011101000
1110011110001010
1101110001111000
1101101001000000
1101100011110000
1101100011110000
1101100011110000
1101100011110000
1101100011110000
1101100011110000
1101100011110000
1101100011110000
1101100011110000
1101100011110000
1101100011110000
1101100011110000
1101100011110000
1101100011110000
1101100011110000
1101100011110000
1101100100101110
1101100100110010
1101101100110100
1110001111110011
0000000011001100
0000101011010100
0001010110000000
0001001000001000
0010000000011110
0001011011001000
0001000110101010
0000001010100011
1111000111011100
1110011111011010
1110000010000000
1101101001110110
1101100110000100
1101100011110000
1101100011110000
1101100011110000
1101100011110000
1101100011110000
1101100011110000
1101100011110000
1101100011110000
1101100011110000
1101100011110000
1101100011110000
1101100011110000
1101100011110000
1101100011110000
1101100011110000
1101100011110000
1101110011010100
1101111010101010
1101110101011100
1111000010100010
1111000100010000
1111010000110000
1111000101010100
1111000011100101
1111000010111000
1110010001011000
1110000010011000
1101111101000100
1101111000000100
1101110110100000
1101111101011000
1101110110100000
1101111110110100
1101100011110000
1101100011110000
1101100011110000
1101100011110000
1101100011110000
1101100011110000
1101100011110000
1101100011110000
1101100011110000
1101100011110000
1101100011110000
1101100011110000
1101100011110000
1101100011110000
1101100011110000
1101100011110000
1111000001100000
1111011100010010
0010011100010000
0010011100010000
0010011100010000
1111001110111010
1110011101110010
1111010111110100
1111010011010110
1111000001100000
1110001011111100
1111011100010010
1111101110001010
1111101110001010
0010010011010100
0010010011010100
1110110100000110
1101100011110000
1101100011110000
1101100011110000
1101100011110000
1101100011110000
1101100011110000
1101100011110000
1101100011110000
1101100011110000
0010011100010000
0010011100010000
0010011100010000
0010011100010000
0010011100010000
0010011100010000
0010011100010000
0010011100010000
0010011100010000
0010011100010000
0000000010001010
0000000110111000
0000010000000110
0000010111110000
0000011000110110
0000010110101010
0000011001100100
0000100001000010
0001001101100000
0001111110101010
1111011110101010
0000010010011000
1110010011001010
1110100101111110
0000000110011110
0000100101010000
0000110101001010
0010011100010000
0000100100000100
0001110100001100
0010010110111010
0010000110111000
0001101001100000
0001101110110110
0010001110111010
0010010001100100
0010011001100110
0001111100001011
0010011100010000
0010011001100110
0001110110110110
0001011110110100
0001010110110100
0001010001011110
0000110110110000
0001010001011110
0010000100001110
0010001001100100
0001111001100010
0001010110110100
0000010110101100
0000101110110000
0000110001011010
0001000100000110
0001000100000110
0000101001011010
0000101110110000
0000101110110000
0000010001011000
1111001001010000
0000011101111000
0000101011100010
0001111010000110
0001100111010100
0000111001001110
0001000011011100
0001111000011000
0010011100010000
0001100000011101
0001011110110010
0010000110000100
0010001001011110
0001111101100000
0010000000111100
0001111101100000
0000111100101000
0000001110011111
0000100001010100
0001001100000000
0001010110010000
0000111110010110
0000000101111110
1111101010101010
1111101100011000
0000001011000101
0000011101111000
0000101110111110
0000101110111110
0000110111100000
0000111010111010
0000000010100100
1111010100011110
1111111101001100
0000101000001110
0001100101111110
0001010101001010
0000101111101110
0000111110101100
0010000011111100
0010011100010000
0001100010010000
0001001000000010
0010001001100010
0001011100101000
0001100111110110
0001100101111110
0001001011110010
0000001111111010
0000001111111010
0000001110000010
0000100110011000
0000100110011000
0000100000110000
0000000100101100
1111011111010000
1111101110001110
1111011111010000
1111101000100110
1111110011110111
1111110101101110
0000000110100100
0000000000111100
1111010111110010
1110101010110110
1110011101000000
1101100011110000
1101100011110000
0010011100010000
1110000011000000
1101100011110000
1101100011110000
1110001101011010
1101100011110000
1111101100111000
0000111111110010
0010011001000100
0010000010110000
0000111111110010
0000100011000100
0000010011001000
0001000010111110
0000000011001100
0000011111110111
0000011100101100
0000110110001101
0001001111101110
0000110011000010
0000100011000100
0000100110010000
0000111100100110
0000111001011010
0000011111110111
0001011001010010
0010011100010000
0000111100100110
0000100011000100
0000100110010000
0000110110001101
0001001100100010
0000011001100000
0000101100101010
0000000011001100
0000010110010100
1110110110101010
1101111101010000