1110111000111110
1111111010000110
0000001001011110
0000010111101100
0001010010111000
0001100001000100
0001101000001010
0001011001111110
0000111011001100
0000110110011100
0000100101111000
0000101010101000
0000110001101110
0000111000110100
0000111001111111
0001001110001000
0001010000100000
0001111001111100
0010001001010100
0010010001100110
0010010001100110
0010001110000010
0010001100111000
0010000100100100
0010001100111000
0010011100010000
0010000110111100
0001110011111111
0001111011000101
0001101111010010
0001010111100110
0001011110101100
1111011010110100
0000011011111010
0000010110010100
0000110110111000
0001100101011000
0001111100101000
0001101011111000
0001111011101100
0001011010001110
0001010110100000
0000110110111000
0001000000001100
0000111100011110
0001000011111010
0001010010110010
0001001101001100
0001111001110110
0001110101001100
0010010010111100
0010001011100000
0010011100010000
0010001010100110
0010000101000000
0010000000010110
0010010000001010
0001111101100100
0010000111110010
0001110100010000
0001111101100100
0001100101011000
0001101010111110
0001010000111010
1111011100011000
0000101001001000
0000100100101110
0001000010010110
0001100100010110
0010001000100000
0001111100011100
0010011100010000
0010000001111100
0001000100100010
0000111100110110
0001001100001110
0001000110101110
0001001101010100
0001110001100000
0001111001001010
0010000111011010
0010000111011010
0010011010000100
0010010101101010
0010010111111000
0010001011110100
0010000011000010
0001111000000100
0010000000110110
0001101010111010
0001110100110001
0001011100101010
0001100010001000
0001010110000100
0001000000001010
0000111011110000
1111010110111000
0000100101110110
0000011101000100
0000110110010010
0001011010011110
0001111101100100
0001111110101010
0010011100010000
0010000100001000
0000111011110000
0001010010110010
0001100011001110
0001011100101010
0001100111101000
0001101111010010
0001110110111110
0010001111000110
0010010000001100
0010001100111010
0010001000100000
0010000100001000
0001111111110000
0001111100011100
0001111000000100
0001110101111000
0001101110001100
0001100110100010
0001011111111100
0001011001010111
0001001110011010
0001011111111100
0001010000100110
1111001100010100
0000011001110110
0000010011111110
0000101111000000
0001011010011110
0001110100010011
0001111101101110
0010010000100000
0001101000100100
0001110101011110
0001101001101110
0001101111100101
0001101010111010
0001101101010000
0010000001001110
0001111001000000
0010011100010000
0010001110001010
0010001100111110
0001111010001100
0001101000100100
0001100110001110
0001110000110010
0001001000110110
0000100010000100
0000110011101100
0000111110001111
0000100010000100
0000100010000100
0000110100111000
0000110010100010
0000111000011010
1111000101010110
0000000011011100
0000010001010000
0000100100111110
0001100111000010
0001101001000000
0001111100101110
0001101100111100
0001110010110110
0001011010001100
0001010000010110
0001011010001100
0001011111001000
0001101101111010
0001110010110110
0010001001100010
0010010110010110
0010011100010000
0010010110010110
0010001100011110
0001111001110000
0001110010110110
0001011101001001
0000110001110010
0000100101111110
0000011100000101
0000010001010000
0000010110001011
0000011001001000
0000001111010010
1111110100101010
1111111011100100
1110101101110110
1111101101001110
0000100000110000
0000011001010000
0001001101110110
0001001001100100
0000111101110000
0001001110111100
0000111100101100
0000010010110010
1111100010011110
1111110010100101
0000010010110010
0000101101101000
0000111000011000
0001101011111100
0010000000010110
0010011100010000
0010011001000010
0010011001000010
0010000011100100
0001110011011100
0001100111101000
0000100010111010
0000001011010010
0000000011110000
0000000011110000
1111110100101110
1111110011101010
1111110001100001
1111110101110101
1111101011000100
1110100110010000
1111101111011000
0000001001111110
0000001001111110
0000111111001010
0001100111000100
0001100111000100
0000010111010010
0000111111001010
0000111000100010
0000001001111110
0000111000100010
0000111111001010
0000101011001110
0000111111001010
0001010011001000
0001000101110100
0001110100010110
0010001000010100
0001110100010110
0010001110111100
0010011100010000
0010001000010100
0001100000011010
0010001110111100
0010010101100110
0001111011000000
0001111011000000
0001110100010110
0001101101101110
0001001100011110
0001000101110100
1110111001011100
1111111010111110
0000000000000000
0000011001001100
0001011010101110
0001100100110100
0001101001110110
0001101001110110
0001000001100010
0000101101011000
0000100011010010
0000001010000110
0000010100001010
0000111100011110
0001000001100010
0000111100011110
0000110111011100
0001111110000000
0001101110111000
0010011100010000
0010010111001110
0001110011111100
0010001101001000
0010010111001110
0010011100010000
0010011100010000
0010001000000110
0001011111110010
0010000011000100
0001011010101110
0001010101101100
0001101001110110
1111000111000100
0000000111010100
0000010000000100
0000100001100110
0001100001110110
0001100111101100
0001111100001000
0001110011010111
0001111001001110
0001101101100010
0001011001000011
0001011110111010
0001100100110000
0001110011010111
0001110011010111
0010010000100100
0010001010101110
0010011100010000
0010001010101110
0010010011100000
0001101101100010
0001101101100010
0001100001110110
0001010110001010
0000100100100000
0000010010111110
0000001010001110
0000100001100110
0000011110101010
0000100001100110
0000100001100110
0000100111011100
1101100011110000
1101100011110000
1101100011110000
1101100011110000
1101100011110000
1101100011110000
1101100011110000
1101100011110000
1101100011110000
1101101010100000
1101101010000110
0000101100101011
0010000100101000
0010011001000000
0010001100101110
0010010101101000
0010011010101000
0010010000011000
0010001101011010
0001100100101000
0001001011111010
1111001001101110
1101110100110010
1101101100011010
1101101011100110
1101101010001110
1101110100001110
1101101010100000
1101101010110010
1101101100001000
1101101011101110
1101101011100110
1101101100111100
1101100011110000
1101100011110000
1101100011110000
1101100011110000
1101100011110000
1101100011110000
1101100011110000
1101100011110000
1101100011110000
1101100110000110
1101100101011100
1111111111000111
0010000100011110
0001101001110100
0000101100100001
0000100110101000
0001001010101100
0000110111110100
0001000000100010
0000101000101111
0000000111100010
1110011101010000
1101101001110100
1101100111110110
1101100110100000
1101100110000100
1101110011101010
1110000111010110
1110011001110010
1110011100100010
1110100001101010
1110100011010010
1110111101011110
1101100011110000
1101100011110000
1101100011110000
1101100011110000
1101100011110000
1101100011110000
1101100011110000
1101100011110000
1101100011110000
1101110010010100
1101111000000100
1110100110011010
1110101000100000
1110010000100010
1110001101011010
1110010011101010
1110011010111100
1110100011010010
1110010101110000
1110101110110000
1110110001111000
1110011001101010
1110000011100001
1110001011010100
1110000111101100
1110000101100110
1111011001111110
0010011100010000
0010011100010000
0010011100010000
0010011100010000
0010011100010000
0010011100010000
1101100011110000
1101100011110000
1101100011110000
1101100011110000
1101100011110000
1101100011110000
1101100011110000
1101100011110000
1101100011110000
1101111110100010
0010011100010000
0010011100010000
0010011100010000
0010011100010000
1110010100110110
1101111110100010
1110000111011110
1111001010011100
1111101110001010
0010011100010000
0010011100010000
0010011100010000
0010011100010000
1111000001100000
1101111010000100
0010011100010000
0010011100010000
0010011100010000
1110101011001101
1101100011110000
1101110001001010
1101110001001010
1101111110100010
0010011100010000
0010011100010000
0010011100010000
0010011100010000
0010011100010000
0010011100010000
0010011100010000
0010011100010000
0010011100010000
0010011100010000
0001110011011010
0001111000001000
0001111000001000
0001101110100000
0001110001011110
0001101111101000
0001011101110110
0001001110010100
0000110000000010
1111011010011100
1110001001010000
1110010101011000
1101100101010000
1110101111010000
0001101100101100
0010000111110010
0000110111011110
0010011100010000
1111111110001110
0000101010101000
0001001010100100
0000111000110100
0001001000110100
0001100110111110
0010010011011000
0001110001101000
0001111010100000
0001011100010110
0010011100010000
0010001100010010
0001100001101010
0001001100010110
0001011110000110
0000100001110000
0000101000110110
0000011111111110
0001010101001110
0001011111111000
0001010011011100
0001010011011100
0000101010101000
0000011100011010
0000111010100110
0000111010100110
0000111000110100
0000111000110100
0000101111111100
0000001100011100
0000100011100000
0000001110001110
1111101011111110
0000100100000100
0001010111010110
0001011010100010
0000010100000010
0001100101110000
0001100111011000
0001101100001100
0001100000111110
0000101101101100
0010011100010000
0001111101110100
0001011010100010
0000101101101100
0000101010011110
0000101000111000
1111101011111110
0000001101101000
0000010101101000
0000010010011100
0000110000111000
0000010111001111
0000100111010000
0000100100000100
0000000000110100
1111111000110010
0000101010011110
0000101100000011
0000000111001110
1111111111001100
1111110111001100
1111010111001000
1111011000011010
0000011111010000
0000101111111010
0000111010010110
0001001011000000
0000101101110110
0010011100010000
0001101010010000
0001100100000000
0001001111001010
0010001001100000
0010000011010000
0010010011111010
0001001111001010
0001111101000000
0001011011101010
0001010001010000
0000111100011010
0001001011000000
0001011011101010
0001111111000110
0001010011010110
0001001111001010
0000111010010110
0000100101100000
0000100111100110
0000011001000000
0000101111111010
0000010100110110
0000011011000110
0000011011000110
1111101111010110
1101100101000100
0010011100010000
1101100011110000
1101100011110000
1101100011110000
1101100011110000
1101100011110000
1101100011110000
0010011100010000
1110001101110110
1110010100010100
1110110110010100
1110111110011100
1111010000010000
1111001110101000
1111100011101010
1111111111001100
0000000101101010
1111111010010110
1111110010010000
1111111111001100
0000010111011110
0000100111101010
0000001100001001
0000001000111010
0000001111011000
0000011100010110
0000101001010010
0000110110010000
0000110111110111
0001010011011000
0001011011011110
0001101011101100
0001111011110111
0001111101100000
0001101000011100
0001111010010000
0010000010010110
0010001000110100
0010011100010000
0001110011110010