1110100100110110
1110101101111000
0000001010000001
0000111001000110
0001001001001000
0000001100000010
1111110111000000
1111001111111100
1111101100111110
0000101001000100
0001100001001010
0010001101001110
0010011100010000
0001111011001100
0000100001000100
0000110110000110
0001101100001100
0001111010001100
0001111111001110
0001111010001100
0001000011000110
0000000100000000
0000001000000000
0000001101000010
0000011101000010
0001011011001010
0010000001001110
0010000000001110
0000100101000100
0000011101000010
0000011000000010
1111011111111100
1110111010000000
1111001100101110
0001001001010000
0001101000001010
0001101010100110
0000111001110010
0000000100111000
0001001011101100
0001110001111100
0010010101110000
0010000101011110
0001001110001000
0001000101001100
0000000110100000
0000111101110110
0001011010010110
0010011100010000
0010010011010100
0000100110010000
0000000000000000
1111110010111110
1111110000100010
1111111011111100
0000101011001000
0001100000000010
0001100110100010
0001010110010000
0000011111110000
1111110100100110
1111101010110110
1111111101100100
1111100000010000
0001001000001000
0001011101110000
0010011100010000
0010001111000010
0010000001110100
0000100101010000
0000110000000100
0001110101110010
0010001111000010
0010000111110100
0001001001010100
0000011100110101
1111010100101110
1111001000101110
1111101100110010
0000111111101100
0001110100100110
0001011101110000
1111011111100100
1110111010010010
1110011101011100
1110100100101010
1111110000011000
0000000001001100
0001000011010100
0000111000011111
0000000010011010
1110100010010000
1110100111000100
1110110111111000
1101111111011010
1110010010101000
1111010101011000
1111101001100000
0010011100010000
0010000100100100
0001001000001110
1111011101101100
1111000001010000
1111100100110010
0000001110001110
0001011111111000
0001100101110100
0000101110001010
0000000010011000
1111100001001110
1110111010001010
0000011111111110
0001001010100100
0000100010010100
1111001110010010
1110100000001000
1110001010110100
1110010011000111
1111001001100100
0000000001001100
0000000000000000
1110101011111111
1110001100000001
1101101111100110
1101101000100000
1101111110111110
1110001001101000
1110111100100010
1111000110001000
0000010110000001
0010001011110110
0001011001101010
1111110011001100
1110110011101010
1101111011010100
1110100011010010
1110100010010000
1111001110010100
1111101110000100
0000100011010110
0001100100111100
0010001100111000
0010011100010000
0001111011011110
0001010011100000
0001011101110000
0001100101111100
0001011100101110
0000111111000000
0000100111011100
0000100000010010
0001001000001110
0001010001011110
0001000110001100
0001001011010100
0001010001011110
0001000110001100
0001011111110100
0001011001101010
0001011111110100
1110101010110010
0000010111000101
0001001000110100
0000101111000100
1110110011101010
1101111000001010
1110000001111100
1110101001111000
1110100000001000
1110001111010000
1110100100100100
1110101010110010
1111011111001010
0001100001101010
0010010101001010
0001110010100010
0000101100010111
0000011101010100
0001110111110110
0010011100010000
0001100011011100
0000011100011010
0000000010101010
0000010111111110
0001000100011000
0010010000101110
0010011000101100
0001010000110010
0000100110001100
0000010111111110
0000010001110000
0000110011100000
1110010001110000
0000001101011110
0001101100101010
0010011010101010
0001110011000000
1111110101101100
1111011101111010
1111100000010010
1111000000100100
1111000101010100
1111110010100010
0001000001000010
0001101111110110
0001101010010010
0001100100101101
0001001111010100
0001110010001110
0001111101010100
0001110110111110
0001010011010010
0000010111110010
0000010110001110
1111110010100010
0000101100011010
0001011000000010
0010011100010000
0001111001010110
0000100001010100
0000011110111100
1111101010100110
1111100110101000
1111101110100100
1111000011111010
1110010011110100
1110101011111000
1111000011111010
1111011011111100
1111011011111100
1111011011111100
1110010011110100
1111000011111010
1111011011111100
0000100100000100
0001101100001100
0010011100010000
0010011100010000
0000111100000110
0000100100000100
0000111100000110
0001010100001000
0000001100000010
0001101100001100
0000111100000110
1111110011111110
1110010011110100
1110010011110100
1110101011111000
1111110011111110
1111011011111100
0001010100001000
0001010100001000
0000100100000100
1110101011111000
1110010011110100
1101111011110010
1110011111110111
0000001100000010
0000100100000100
0000100100000100
0000001100000010
1111100111111110
1111100111111110
1111011011111100
0000001100000010
0000100100000100
0001010100001000
0001010100001000
0001010100001000
0000111100000110
0000011000000010
0001001000001000
0001111000001100
0010011100010000
0010000100001110
0001001000001000
0000110000000100
0000100100000100
0000110000000100
0001001000001000
0001111000001100
0001111000001100
0010000100001110
0001010100001000
0000100100000100
0000001100000010
1111110011111110
1111010111110100
1111011100010010
0001101111100101
0001111000100010
0001001011111010
0000110101100100
0000100011101110
0001100110101100
0010011100010000
0010010111110010
0000110001000110
1111111011100010
1111110010100110
0000001000111100
0000100011101110
0001010000010110
0001101111100101
0001010100110011
1111010111110100
1111001110111010
1110111101000010
1111000001100000
1111101110001010
0000111010000010
0001010100110011
0000101000001100
0000001101011010
1111110010100110
1111001010011100
1111000001100000
1111011100010010
1110111000100100
1101100011110000
1101100011110000
1101100011110000
1101100011110000
1101100011110000
1101100011110000
1101100011110000
1101100111101000
1101101000101010
1101110101100010
1110011110110001
0001010101011010
0001101100010110
0001010000100000
1111010101000110
1110011011101010
1110111000110010
1111101001111111
1111010001110000
1110101100101010
1110101011011000
1110100111010001
1110000111100100
1101111110100010
1101110001001010
1101101100010000
1101101001011010
1101101001011010
1101100011110000
1101100011110000
1101100011110000
1101100011110000
1101100011110000
1101100011110000
1101100011110000
1101100011110000
1101100011110000
1101100011110000
1101100011110000
1101100011110000
1101100110111100
1101100111011010
1111011001100000
1110001001101100
0000110011110100
0010010100010110
0001000001010010
1110010110010000
1101111001011000
1110000111101010
1110101100001000
1110011110100000
1110010001100110
1110001101011100
1110000100100100
1101111010001100
1101111000010100
1101101111110100
1101101101101110
1101101011011010
1101101010110010
1101100011110000
1101100011110000
1101100011110000
1101100011110000
1101100011110000
1101100011110000
1101100011110000
1101100011110000
1101100011110000
1101100011110000
1101100011110000
1101100011110000
1101101101001000
1101110010010100
1111001101011110
1110111010101110
1110011000000110
1110011101001010
1110100111101111
1110000110111010
1101111001001110
1101111100110000
1110001010011010
1110011011010011
1110101110011000
1110001110011100
1101111100110000
1110011010011100
1110100110111101
1110101001000000
1110111111011010
1110000111101100
1101110110100000
1101100011110000
1101100011110000
1101100011110000
1101100011110000
1101100011110000
1101100011110000
1101100011110000
1101100011110000
1101100011110000
1101100011110000
1101100011110000
1101100011110000
1101110001001010
0010011100010000
0010011100010000
0010011100010000
0010011100010000
1111011100010010
0010011100010000
0010011100010000
1111101001101100
0010011100010000
0010011100010000
1111001110111010
1110101111101010
1110111101000010
1111001110111010
1110010000011011
1110010100110110
1101111010000100
1110111101000010
1110111000100100
1111111011100010
1101100011110000
1101100011110000
1101100011110000
1101100011110000
1101100011110000
0001110010101100
0001111001100010
0010000000000100
0010000110110100
0010001100100010
0010001101000010
0010001010100000
0001111111110000
0001011101100110
0000101111100000
1110011100110000
1110011100000010
1110011111010010
1110100001011000
1110100000000010
1110100111110000
1110101101111100
1110110001010010
1110110111100010
1110111011000100
0000001110100110
1111111010100000
1110000011111010
1110111010001010
0000111010111010
0001101110001110
0010011100010000
0010011100010000
1110011111001100
1110101010101100
1111101101110010
0000010110000100
0000100001100100
0000101110111110
0000111010011101
0001011110111010
0001010001011110
0001001011101110
0010000101010000
0010011100010000
0010011000011010
0010011010010110
0010001011000000
0010001001000110
0010000001011010
0010000101010000
0010001001000110
0001111011101010
0001111001110000
0001011110111010
0001010001011110
0001010001011110
0000111000100100
0000110100101110
0000100101011000
0000011101101110
0000000100110010
0000011111101000
0000001000101000
1111011110011100
1111011111011110
1111111010011100
0000010011110110
0000010111000000
0000001000101110
0000001111000100
0000101101001110
0001010100111000
0000101011101000
0001110111110000
0010000010111000
0001110001011010
0001101011000100
0010011100010000
0010011100010000
0010000010111000
0010010001001010
0010000111101000
0010000010111000
0001011111111110
0001101011000100
0001010100111000
0001011000000010
0001011100110100
0000111000010100
0000011000100110
0000110011100100
0000110000011000
0000101110110010
0001001011010110
0000101011101000
1111110010100010
0000111110110110
0000100011101010
0000011100111000
1111111110010100
0000000000000000
0000011100111000
0001011111000110
0001011010000000
0000101101110110
0001111010010010
0001100100001110
0000100000010010
0000011001011110
0001000011111100
0001000101101000
0001010011001110
0000101111100100
0001011010000000
0001010110101000
0001001100011100
0010011100010000
0010010111001010
0001001010101110
0001000000100010
0001001110001000
0000011011001011
0000001101100101
0000101000101111
0000101101110110
0000010111110010
0000100101011000
0000000101000101
0010010010011110
1101100011110000
1101100011110000
0010011100010000
1101100011110000
1101100011110000
1110000011000000
1110011101000010
1101100011110000
1111010001100100
1111011111101000
0000001100101010
0000111001101110
0000110001010010
0010000010111010
0010000101101110
0001000111110010
0001100011111011
0001010011000100
0000001001110110
0000011101100100
0001101111001110
0000110110111010
1111111000111110
1111110000100010
1111001001000110
1111100101010000
0000001001110110
0000100000011000
0000011010110000
0001100001001000
0010011100010000
0010001011010110
0001111101010010
0010001011010110
0001111010011110
0001101100011000
0001011110010100
0001000100111110
0000000111000010
1111001001000110