1111010010000110
0000000110100100
0000111010011101
0000100100100110
1110100011101010
1110101110100110
1101111111000100
1110001010100010
1110001010000000
1110100011001000
1111010011110000
0000000101011110
0000111001011000
0001100011111110
0001110110000000
0001100000001001
0001011101111110
0010001011010100
0010010100100110
0010011100010000
0010010011100000
0010001111001000
0010010100000100
0010000000111100
0001001000101010
1111001111111100
1110101100111110
1110100101010100
1110100010100100
1110111100110100
1111011001001110
1111100001011010
1111011010101110
0000101111101000
0001010000101101
0000100111110000
1111011101001100
1110111101000110
1110110110001100
1110110010110000
1110101100110100
1110111101000110
1111101110111110
0000011000011100
0001011000000111
0010011100010000
0010001111011010
0001101110010110
0001111010001100
0001101010011000
0001100010100000
0001011110000010
0001101010111000
0001110000010100
0001110001010100
0000110111100010
1111001011111011
1110000110010100
1110110000110000
1111000010000010
1110100010011100
1101111100011100
1110100010011100
1110110000010010
1111011100010010
0000101101100010
0001000101110110
0000110010101100
1111111100000010
1111001110101110
1111000100111010
1111001000001100
1111000100011100
1111011110001000
0000011010011010
0001011010110110
0010011100010000
0010010111001000
0001110100000100
0010001010111110
0010000011111110
0001010110001100
0000111100000010
0000111111010010
0001011110100110
0001101100100101
0001010100110010
1111110100100100
1111000000101110
1110011000000100
1111100011110001
1111101011101100
1111001010111110
1101111001101110
1110001000001100
1110101111111000
1111101111010100
0000110110011010
0001101111001100
0001110110000110
0000000000001110
1111110100111100
1111011001001110
1111100000001010
1111110100111100
0000100000010010
0001100100010110
0010001000110000
0001111100001011
0001101000101100
0001111111101001
0010011100010000
0010010001011010
0000110001101000
0000100111101010
0001000101001000
0001100110111100
0001011110010010
0000010111001100
1111111011000000
1111100011101000
1111001010011110
0000000101011010
0000000011010000
1111000100110110
1110000111010011
1101111011100110
1110110010001100
1111110001000000
0001001000010000
0010011100010000
0010010001000000
0000001001011000
1111111011110010
1111110100110000
1111111011010100
0000101000010110
0001101100011000
0010010000000100
0001110011111010
0000110011001010
0001011001001010
0001111111001010
0010010010011010
0010000011011000
0000011101000110
0000101010101100
0001001010100110
0001010001101001
0000100101100010
0000010100001100
0000010001011000
1111110010011011
1111111111000100
1111111110001000
1111011101110000
1111011111101000
1110100101011100
1110000011001100
1110010000010100
1111100011110010
0001010011001010
0010011100010000
0010000101000100
1111111000011100
1111101110010110
1111101001110101
0000001100000110
0001110000011010
0001111000011110
0000110111011100
0000001010100110
1111100111110100
0000010000001000
0000110111011100
0001011101110000
0001001111101000
0000000000100000
1111111111100000
1111111110100001
1111011101101110
1111110000011000
0000001001000100
1111111011011110
1111101110111000
1111101110111000
1111101111011000
1111010001001000
1110110001111000
1110010100101010
1101110000010110
1101101110010110
0000000111110100
0001001000011100
0010011100010000
0010000001111110
0000001101100000
1111100000110000
1111000111111010
0000001010101010
0001011000000100
0000110000010010
1111010000011010
1110111111011000
1110110111100100
1110110101011100
1111011010010110
1111111000001100
1111110110000100
1110011001000010
1110000100011010
1101110111101000
1110000111010000
1101111101010100
1110011001000010
1110010110001100
1110110100000000
1111000111001100
1111011001101010
1110010100000011
1101101111001000
1101101001011100
1101110010101010
1110000101001000
1111011000000010
0000001010111010
0000011001011100
0000010010001010
1110110011101100
1110101100011100
1110001000000110
1110001000000110
1110001000000110
1110110011101100
1111011000000010
1111101101110110
0000010010001010
0001000101000010
0001010011100100
0001000101000010
0000011001011100
0001100010001000
0010010100111110
0010011100010000
0010010100111110
0010000110011100
0001111111001011
0001110111111010
0001011010110110
1111111100011001
1111010000110000
1110111010111110
1111001001100000
1110110011101100
1111110101000110
0000100000101110
1111001110011110
1111101100111100
0000011010101100
0000010011000100
1110101111111110
1110110111100110
1110101000010110
1110011001000110
1110101000010110
1110111111001110
1111100101010100
0000000011110100
0000110001100010
0001111101110000
0001111101110000
0001001000011010
0001010111101010
0010000101011000
0010001101000000
0010011100010000
0001110110001000
0010001101000000
0010000101011000
0001011111010010
0001100110111010
1111101100111100
1111000110110110
1110110111100110
1110101111111110
1110110111100110
0000001011011100
0000000011110100
1111110100110110
0001001010011010
0010011100010000
0010001001101010
0000001110111000
1111111000100100
1111100101111110
1111110100110110
0000111111010000
0001100100011100
0001111010110010
0001000110101100
0000100101001100
0001000110101100
0001110011010100
0001110111000100
0001111110100000
1111011110100010
0000001011001010
0001000010111110
0001000010111110
0000001110111000
0000010010100110
0000010010100110
1111111000100100
0000001011001010
1111101101011010
1111100101111110
1111110100110110
1111001011111011
1101101110111010
1101111101110010
1101100101001100
1101101101001010
1101101011101000
1101101111101000
1101111000101000
1101111000000100
1101110011010100
1101111100100010
1101110001100000
1101101111000010
1110010110000010
0000101100101010
0010000100011100
0010001000101100
0001010001101001
0000100001000100
0000010101010100
0000010001001110
0000001000001000
1111110110011000
1110111000001000
1110000111101000
1101110101100000
1101101111101000
1101100011110000
1101100011110000
1101100011110000
1101100011110000
1101100011110000
1101100011110000
1101100011110000
1101100011110000
1101100011110000
1101100101100010
0000000001010000
1111000000100100
0000111100011010
1111100000101100
1111111100011100
1111001111001010
1111101011100100
1111100000000000
1111001001001110
1110011101110000
0001100111001000
0001001010111010
0001100001100100
0001001010111110
0000110011010100
0000010001001100
1111110101000110
1111010110111010
1110111001001000
1110010000100110
1101111000111010
1101101100111000
1101101010000110
1101100011110000
1101100011110000
1101100011110000
1101100011110000
1101100011110000
1101100011110000
1101100011110000
1101100011110000
1101100011110000
1101100100110010
1111101101010000
0001110100001000
0010010101011110
0001110111110001
0001010110011100
0001101001001100
0001000000100100
0000101111111010
0000011101101100
0000100010111000
1111000100111100
1110101110110000
1110101010000100
1110101000110100
1110101000001100
1110010001011000
1110000111000100
1110000001110000
1101110101111010
1101110110100000
1101111000001100
1101101011100100
1101101010000000
1101100011110000
1101100011110000
1101100011110000
1101100011110000
1101100011110000
1101100011110000
1101100011110000
1101100011110000
1101100011110000
0010011100010000
0010011100010000
0010011100010000
1101111010000100
1110111000100100
1110001011111100
1101111010000100
1101110001001010
1110100010010000
0000011111010000
0010011100010000
0010011100010000
1101111010000100
1101111010000100
1101111010000100
1110100110101110
1110011001010100
1110101111101010
1110110100000110
0000111110100000
0010000001011110
1111000101111110
1110101111101010
1111001110111010
1101100011110000
1101100011110000
1101100011110000
1101100011110000
1101100011110000
1101100011110000
1101100011110000
1101100011110000
1101100011110000
1110111101010010
1110111011011100
1110111000111000
1110110111101100
1110111000100000
1110111000011110
1110111011101010
1111000101100000
1111010011100110
1111011100101010
1110011000001001
1110010111000000
1110010101001000
1110010001111100
1110001111111010
1110001010001100
1101111111011010
1101110001111100
1101100011110000
1101110001011100
1111110111101010
0000100001000110
1110010100011000
1111100110101110
0001101101101010
0010011001000110
0001110000001010
1111000110101110
1101111100000100
1110111110101110
1111010011111010
1111101111000000
1111110101010000
0000000000101100
0000000111010010
0000011100110100
0000101000111110
0001001100000010
0001110001100010
0010011100010000
0010010101101010
0001111001111000
0001101000111000
0001100010101000
0010000000001000
0010000110011000
0010001100101000
0010001101010100
0001111001111000
0001110001100010
0001101001111010
0001110010111100
0001111000110110
0001111101101100
0010001100101000
0010001001100000
0010000100101000
0010000111011010
0001110100101010
0001000011000000
1110100101001010
1111011100100000
1111011101011000
1111100110100100
1111101001100000
1111101001001110
1111111000010100
0000011110110010
0000110100111110
0001010000100000
0010000110010110
0010011100010000
0010000011111110
0001111011101100
0001110000001010
0001101110101100
0001111001000010
0010000000011100
0010000100111000
0001110100111010
0001101100010100
0001100110111110
0001011110011010
0001011011011100
0001011111000000
0010000110101010
0010000100100100
0001111001000010
0001110110000100
0001111110000100
0010000011011010
0001100010110110
1110010100111000
1111001110011000
1111010001101110
1110110100101000
1110111101010100
1111011011000100
1111111101001010
0000001101001100
0001000000101100
0001110111100000
0010011100010000
0010010011001110
0001111001001010
0001101101011110
0001010101101110
0001011110011010
0001100100011100
0001110100110100
0001100110110010
0001100000011100
0001001011101100
0001001010011000
0001000100000000
0001001010101100
0001001101000010
0001100011110001
0001101001011100
0001101011110010
0001100010011100
0001110000011110
0001010110101110
0000101100010010
0010011100010000
1101100011110000
0010011100010000
1101100011110000
1101100011110000
1101100011110000
1101100011110000
0010011100010000
1101100011110000
0001100111000100
0010011100010000
0001010110011100
0000110001111000
0001110001000010
0000111111001010
0000100100100100
1111111001010110
0000100111111010
0000010011111100
0000101011001110
0000101110100010
0000111000100010
0000101011001110
0000001101010100
0000010111010010
0000010011111100
0000001101010100
1111110110000010
0000100001010000
0000110001111000
0000100100100100
0000110001111000
0000010000101000
0010000100111110
0010000100111110
0001110100010110
0001000101110100
0001010110011100
0000110101001100
0000110001111000
1110110110111000