1110110111100110
0000000100110010
0000110111011010
0001000101100000
1111110000000010
1110111110101000
1110011100001100
1110111011101110
1110111011010100
1110011000000010
1110001100000001
1110110011000010
1111010001010100
1111001000100110
1110111010000100
1111000101101101
1111100010110000
1111111001100100
0000110000110000
0001001111111000
0001100110010100
0001101100100010
0001101011010010
0001100010111110
0001111001011000
0010011100010000
0010011011110110
0001110110111010
0001011011000110
0001011100110000
0001001110001110
0001000110010110
1110110111001010
1111101000100000
0000110011011010
0000110001101100
1111100111110111
1110111111101010
1110011001001100
1110100100011100
1110010001101110
1110001000100000
1110000010011000
1110100100011100
1110101010001110
1110010110011110
1110011010111010
1110110111001010
1111000001101110
1111001100111100
1111100100000110
0000000100011100
0000111111010100
0001101001001100
0010001011100100
0010010000000000
0001111110101000
0010001101010010
0010010111110100
0010011100010000
0010000011011010
0001110101110010
0001101100100101
0001011100111100
1110101101101110
1111010011011111
0000010101010000
0000001111010000
1111101011000100
1110110100000000
1110101000010110
1110010110000110
1110001111100000
1110000100110010
1110000110101100
1110011110010010
1110100011010101
1110100100111010
1110101000000011
1110101011100001
1110110101111000
1110111110000100
1111100111101000
1111110010000000
0000010111110000
0001010011100100
0001110000100000
0010011100010000
0010000110100010
0010000011011000
0010011000110010
0010001111010110
0010010010001100
0010000010011100
0001110001001000
0001110011010110
1110101101010110
1111011001110110
0000010001011010
0000001011011000
1111101001111010
1110110011000010
1110011010010010
1110100011101010
1110001000111000
1101110111100000
1110000011100010
1110011110010100
1110101000010110
1110011100101000
1110011000010011
1110100001111110
1110101001010110
1110011110101000
1111001010001000
1111011010111000
1111111110010100
0000110100100010
0001011001010110
0010011100010000
0010001111001100
0001111000110010
0010001110001100
0010001100001100
0010000111001010
0010000001001010
0001110011000110
0001101100011010
1110110100011010
1111101101001100
0000100000001000
0000011110100010
1111010110100000
1110110000111010
1110001000001010
1110010000000000
1110000001001000
1101110001000100
1110000110100110
1110000010101100
1110000011000110
1110001100111000
1110010000000000
1110010000011011
1101110100100110
1110001011010100
1110000111000000
1110110001010010
1111100011110100
0000000100010100
0001001001101000
0001101101010000
0010011100010000
0001111001110010
0001100100001111
0010001000101010
0001101111100101
0001010010010000
0001011010110110
0001001101111100
1111010000111010
0000101111101000
0000101011010110
0000111010010011
1111011110010010
1111000111110101
1110101100100010
1110110111001110
1101110001101010
1110000000101011
1101110111100100
1110110000110100
1110100111001100
1110000001101110
1110101101000100
1110101001110110
1110010100111110
1110001110000010
1110010011011000
1111000101101101
0000010001001000
0000110001110000
0001100000110110
0010000100001010
0010001011001000
0010011100010000
0001111110110100
0001101110110010
0001001011011100
0000111010111000
0000100010110010
0000101111000110
1110100010000110
0000101000101110
1111110110110110
1110011110110001
1110000101000000
1110100010111010
1111010000101000
1111100001010000
1110011001110010
1110000101110100
1110101100111000
1111001111110010
1111001001111110
1111001000010100
0000001000010100
1111011111100110
1111110001111001
1111111000100010
1111111111001010
0000010110011100
0000100010000100
0000011110110000
0000100110001110
0001011001110000
0010001100011110
0010011100010000
0001001000010100
0000000010100000
1111100101011010
1111111111001010
0000010011001000
0001001111110010
1110101110110000
0001110110110000
0001101010010000
0000011111010000
0000000110010000
1110111011010000
0000010010110000
0000010010110000
0000000110010000
1111101101010000
1111100000110000
1111111001110000
0000101011110000
1111101101010000
1111101101010000
1110111011010000
0000000110010000
0010011100010000
0010011100010000
0010001111110000
0001011101110000
0010000011010000
0000111000010000
0001011101110000
0001110110110000
0010011100010000
0010011100010000
0001010001010000
0000000110010000
0001011101110000
0010001111110000
0001011101110000
1111100000110000
0000100101100000
0000111110100000
0001010001010000
0000011111010000
1111111001110000
1111111001110000
1111101101010000
1111101101010000
1110111011010000
1111001110000000
1111011010100000
1111110011100000
0000000110010000
1111100000110000
1111111001110000
0000101011110000
0000100101100000
0001000100110000
0001101010010000
0001101010010000
0001001011000000
0000111000010000
0001100100000000
0010000011010000
0010011100010000
0010011100010000
0001100100000000
0001100100000000
0001010001010000
0001000100110000
0000101011110000
1110110100100000
1111011011001000
0000001100010010
0000001000110010
1111100010001010
1110111000000010
1110100110011111
1110110100100000
1110010100111010
1110000110111000
1101111100010110
1110011011111100
1110011111011100
1101110101010100
1110100010111100
1110101001111110
1110111000000010
1110111111000010
1110111111000010
1110111011100010
0000000001110000
0000010011010100
0001000100011110
0010010001101110
0010011100010000
0001001011100000
0001111100101001
0010001110001110
0001100111100110
0001100100000100
0001111001001000
0001011001100001
1101110111011110
1101110010111010
1101110011101100
1101110001011010
1101110110101110
1101110000101010
1101110000101010
1101110011101100
1101110010111010
1101110100011100
1101111001000000
0001001000000100
0010001010110100
0001110011010010
0001000000011110
0000100011101010
0000010111100000
0000000101010100
0000000001100010
1111101010110000
1111001010111010
1110001110001110
1101110011101100
1101110101001100
1101100011110000
1101100011110000
1101100011110000
1101100011110000
1101100011110000
1101100011110000
1101100011110000
1101100011110000
1101100011110000
1110010111110101
1110100010110010
1110100100111110
1110110010001000
1111010110000010
1111000010000110
1110110110100000
1110101100010110
1110110001010100
1111010110000010
1110110010010100
1111010010110110
0000011110011010
0001000101010100
0001111111100010
0010001011100000
0000111101001000
1111011111011010
1110110001001000
1110011001011010
1110001011110111
1101110110101100
1101101110010100
1101101110100010
1101100011110000
1101100011110000
1101100011110000
1101100011110000
1101100011110000
1101100011110000
1101100011110000
1101100011110000
1101100011110000
0010010110000000
0010011100010000
0010011100010000
0010011100010000
0010011100010000
0010011100010000
0010011100010000
0010011100010000
0010011100010000
0010011100010000
0001011110110010
1110001101110100
1110010111001101
1110011010010100
1111001110011110
1111001100000101
1111011111000100
1111100100000110
1111001010111000
1110111101011110
1110011000001100
1110010011100000
1101110011011000
1101101101001000
1101100011110000
1101100011110000
1101100011110000
1101100011110000
1101100011110000
1101100011110000
1101100011110000
1101100011110000
1101100011110000
1110101111101010
1110011001010100
1110000011000000
1110000011000000
1110000011000000
1110000011000000
1110001011111100
1110001011111100
1110101011001101
1111110010100110
0010011100010000
0010011100010000
1110001011111100
1101101000001110
1101101100101100
1101110101100110
1101110101100110
1101111110100010
1101110001001010
1101111110100010
1110111000100100
1110111101000010
1101111010000100
1110010100110110
1101100011110000
1101100011110000
1101100011110000
1101100011110000
1101100011110000
1101100011110000
1101100011110000
1101100011110000
1101100011110000
1111111101010110
1111111011000010
1111111001001000
1111110110011100
1111111001010110
1111110110111100
1111111000100010
1111111001010100
0000000001110011
1111111110111110
0010000110110110
0010001101111010
0010010010001110
0010011001111000
0010011011111110
0010011100010000
0010011100010000
0010011100010000
0010011100010000
0010011100010000
1110101100101010
0001011101110000
1110110000001000
1110010101011010
1110111000101110
1111001001110110
1111110000010110
1111011011100010
1110100010110111
1110001111010010
1110101101100110
1111101010110010
1111011010010000
1111001000111000
1111101110101000
1111100111001100
1111101110111010
1111110000000010
1111011101100100
1111101101010000
0000001111001010
1111111110111010
1111101101100010
0000010001101000
0000011110010100
0000100001000100
0001000101101110
0001011001100100
0001011001000000
0001011001100100
0001101001000000
0001110011110000
0010000101000110
0001101111100101
0010011100010000
0001111100000000
0001010010011010
0001101111000100
0001001110010000
0000011111101100
1101111110111010
1110000101110000
1110001001010000
1110110001010000
1110101001011000
1110101110100100
1110110011010100
1110111000101110
1111101110001100
1111010101010100
1111011011100010
1111001110101100
1111110100110100
1111110100001100
1111011101011010
1111101010010000
0000001100101010
0000111001000000
0001011001100001
0001101010000110
0000111010011100
0001001110001000
0001011001000110
0001110000111100
0001101100001100
0001011100001101
0010011100010000
0001110001110010
0000101011111100
0000111101010110
0001010110000000
0000111101001000
1110000110000000
1110000101000100
1110010000010100
1110110010010110
1110110000111110
1110110001111000
1110111100101100
1110111111001100
0000001010110100
0000000010111111
1111100110000011
1111011101100010
0000010111011100
0000101010000100
1111110111000010
0000001010110100
0000011111000010
0000111110111110
0001100001111000
0010001100011010
0001100111110111
0001100000111110
0010001000111100
0001111001110010
0001101100111001
0001111010011110
0010011100010000
0001010011001100
0001010100000110
0001111101011110
0001111011001010
0001001110010110
1101111110111000
1101100011110000
0010011100010000
1101100011110000
1101100011110000
1101100011110000
1101100011110000
0010011100010000
1101100011110000
0000010100101110
0000100111100010
0000111110001000
0001101011010100
0001011100010000
0001001101001100
0010011100010000
0001101011010100
0001110110100110
0010011000100000
0010011000100000
0001001101001100
0010010000111110
0001011111111111
0001110010110110
0010001001011100
0001011000011110
0001101011010100
0001111110001000
0001111110001000
0001001001011010
0000111110001000
0000111010010110
0001100111100010
0001110010110110
0000111010010110
0001100111100010
0000101111000100
0000011100001111
0000100011110010
0001011111111111
0000110010110110