1110111000110110
0000110000111110
0000111100100000
0000111100000100
0001000101110100
0010001110000100
0010011100010000
0001100111000100
0001010101110010
0000100001000010
0000101001111000
0000010110011000
0000101110110000
0000101100000110
0001011001110000
0001101111011110
0010011100010000
0010011001001010
0001111110000110
0001111000110010
0001000000100000
0000111011101000
0000111000111110
0001000111100110
0001011100111000
0001101101101110
0010001000110000
0010001100010010
0001011010101010
0001001001011000
0001000001011000
0001010011001000
1111011101010000
0000110101101110
0000110101101110
0001001011000000
0001000111001100
0010001010011010
0010001000001000
0001110011101000
0001110000001101
0001000110110100
0001000101101100
0001000100001010
0001000100111010
0001011010111100
0001011100000110
0010010000000110
0010010010011000
0010011000110110
0010011100010000
0001011101100110
0001011100000110
0001001110000010
0001010100011111
0001011001000010
0001100011101100
0010000010011100
0010001110001100
0001110001101110
0001111000111100
0001011011010100
0001100110101110
0001011010001100
1111011110111100
0000110000001100
0000101100011010
0001001110011010
0001001110000010
0010000100000100
0001111000010110
0010000111110110
0001111011011000
0001100100101100
0001010101001110
0001010011010100
0001000011011100
0001100100010100
0001111000101101
0010011100010000
0010001000001110
0010011011100000
0010000100110100
0001101101110010
0001010111000110
0001011001110000
0001001001100000
0001100001010100
0001110101101110
0010001101100000
0001111100111000
0010010101000100
0001110111001110
0001101111010010
0001011100000000
0001101100010000
1111010111000100
0000101000100010
0000100011110100
0001001000110100
0001011110110110
0010001000001100
0001110101101100
0001110111101010
0001100011111110
0001100010000000
0001001001100110
0001001101001010
0001011010001000
0001101101011010
0010001101101100
0010011100010000
0001101001111000
0001110111010000
0001010100001110
0001011111101000
0000110001111101
0000111001000100
0001000101101010
0001001110010100
0001111101100100
0010000011000100
0001111100011000
0001111101100100
0001100010000000
0001100000011100
0001101100001110
0001100111001000
0000010100010100
0010000110110100
0001111101110010
0001010111011100
0001000001011100
1111111110111000
1111100111110000
1111101101111100
1111101011101100
0000010011110000
0001001111100010
0001101101011100
0001100001100110
0001111100000110
0001111101001110
0010010010101010
0001110010100000
0010000010111000
0001101100111000
0001111001110110
0001101100010100
0001110101111010
0001110100001100
0001111001010010
0001100100011001
0001100100011001
1111110001010110
1110111111001000
0000010100111000
0001000101011000
0010011100010000
0010010000011010
0000011000000110
0010001110000100
0010000110101100
0001001111101100
0000111100011010
1111000001010110
1110110010100110
1110101010101010
1111110011010000
0000011011100000
0000000101111110
0000100101101110
0001000110101000
0001100010111110
0001001010100110
0001100010111110
0001010000001111
0001100001010010
0001010000001111
0001011111000000
0000101110110010
0000111001100100
0001001101011010
0001010100001110
0000110001101000
0000110101100110
1110111110100000
1110110010000010
0000000101011000
0000111001000000
0010011100010000
0010010000111010
1111111011001110
0010011100010000
0010010111000110
1111110101010110
1111101110000000
1110001100111100
1110001101101010
1110101011110101
1111000011010110
1111010101000000
1111010100010000
1111110000111100
1111101011000010
0000101111011100
0001001001111010
0001001111000010
0000001101100101
0000010111111010
0000010100001101
1111111110001010
1111101110000000
0000000111101110
1111111001000000
0000000010100100
0000001001001100
0000010111111010
1111001101101000
1110110011111010
1111011101110100
0000000110010000
0001010001010000
0001011001010110
1110100101100010
0000101001001000
0001010010010000
0000110001010110
0001001010000000
0001010010010000
0010010100000010
0010010100000010
0001110011001000
0001001010000000
0001000001110010
0001000001110010
0000111001100100
0000110001010110
0001101010111010
0001111011010110
0001011010011110
0001111011010110
0010001011110100
0001110011001000
1111100111010110
0001000001110010
0001010010010000
0001000001110010
0000101001001000
0001110011001000
0010010100000010
0010011100010000
0001101010111010
0000110001010110
0001100010101100
0001110011001000
1110101101101000
0000101010101000
0000110101111110
0000111011101001
0001000001010110
0001111010001010
0010010000111000
0001110100011101
0000111011101001
0000100100111100
0000011111010000
0000011111010000
0000011111010000
0000101010101000
0001010010011000
0001100011011100
0010001011001110
0010011100010000
0010000101100010
0001011101110000
0001001100101110
0000110101111110
0000101010101000
0001001100101110
0001010010011000
0001011000000100
0001111111110110
0001101001000111
0000110101111110
0000110000010010
0001011000000100
0001001100101110
1111010101000100
0000101110011000
0000101010111100
0000111111100010
0010000100001110
0010011100010000
0010000100001110
0001010100001000
0001000110011010
0001010000101100
0000111000101010
0001010000101100
0001110011000010
0010000000110010
0001111001111010
0010000111101010
0001010100001000
0001100001111000
0001001001110110
0001001001110110
0000100100000100
0000011101001100
0000011001110000
0000111100000110
0001011011000000
0001011110011100
0000111100000110
0000111111100010
0000111111100010
0001000010111110
0001100101010100
0001000110011010
1101100011110000
1101100011110000
1101100011110000
1101100011110000
1101100011110000
1101100011110000
1101100011110000
1101100111011010
1101100101101010
1101101000000100
1101111101100010
0001000001010110
0010010010011000
0010010010101100
0010000001000010
0001100100110110
0001100010010100
0000101000101100
0000010001100110
0000001100100000
1111101011001110
1110101100001100
1101110000111110
1101110101111010
1101100011110000
1101100011110000
1101100011110000
1101100011110000
1101100011110000
1101100011110000
1101100011110000
1101100011110000
1101100011110000
1101100011110000
1101100011110000
1101100011110000
1101100011110000
1101100011110000
1101100011110000
1101100011110000
1101101000101110
1101100101000000
1101110001101000
1110100101100010
1111111001110000
0001010111001010
0001110110001110
0010000100001100
0010010000101100
0001100011011010
1111000011100000
1110010111101100
1110010101010000
1110001010000010
1101110110101110
1101100111111110
1101101000101100
1101100011110000
1101100011110000
1101100011110000
1101100011110000
1101100011110000
1101100011110000
1101100011110000
1101100011110000
1101100011110000
1101100011110000
1101100011110000
1101100011110000
1101100011110000
1101100011110000
1101100011110000
1101100011110000
1110010011000111
1101100011110000
1101101111001100
1111000100000110
1110101111100010
1110110111110000
1110110101010110
1110110000011110
1110101101101100
1110110001111000
1110010110011100
1110010001111010
1110000011010111
1101111100011000
1101111100000010
1110001100011000
1101110011011000
1101100011110000
1101100011110000
1101100011110000
1101100011110000
1101100011110000
1101100011110000
1101100011110000
1101100011110000
1101100011110000
1101100011110000
1101100011110000
1101100011110000
1101100011110000
1101100011110000
1101100011110000
1101100011110000
0010011100010000
0000010001110110
0010011100010000
0010011100010000
0010011100010000
0000001000111100
1101101100101100
1101101100101100
1101101000001110
0010011100010000
0010011100010000
1110000111011110
1110011101110010
0000011010110010
0000110101100100
1110100010010000
1101111110100010
1101100011110000
1101100011110000
1101100011110000
1101100011110000
1101100011110000
1101100011110000
1101100011110000
1101100011110000
1101100011110000
0010011100010000
0010011100010000
0010011100010000
0010011100010000
0010011100010000
0010011100010000
0010011100010000
0010011100010000
0010011100010000
0001010000100110
0000001110010110
0000001101110000
0000010000011100
0000001011101100
0000001011110100
0000000111100000
0000000101110000
0000000000000000
1111111100010110
1111001011000000
1110000101000110
0000000101100000
1110100000001110
1110110110101000
1111111000110100
0000011111111010
0001000100011100
0010011100010000
1110101101111010
1111001011000010
0000100101000100
0000111111100100
0000100101000100
0000011101001000
0000100101000100
0001011100101011
0010010100010100
0010010100010100
0001100111010010
0001100100101000
0010010001101010
0010011100010000
0010001100011000
0001110001111000
0001101100100101
0001101001111100
0001011100101011
0001010100110000
0001010010000110
0001001100110100
0001011100101011
0001110100100010
0001110100100010
0001011111010110
0001000100110110
0000110100111110
0000001010100110
1111100000001110
1110111000100000
1110100011010101
1110100111010100
1111111110100110
0001000111110010
0001100011111011
0001000010001010
0000101011101000
0000111001101110
0001010101111000
0010011001011100
0010011100010000
0001011011100000
0001011000101100
0001111101010010
0010011001011100
0001110100110110
0001100110110000
0001100011111011
0001011011100000
0001011000101100
0001100001001000
0001100011111011
0001010000001111
0001100011111011
0001111101010010
0001110100110110
0001101001100100
0001010000001111
0000101110011100
0000000001011010
1111011010000000
1110110010100110
1110011001010000
1111100111111110
0000111101100110
0001010101101000
0001101010101010
0001001110001000
0000111010100110
0001001100101000
0001011011101010
0010011100010000
0010010000001110
0001110010001100
0001011011101010
0001110000101011
0010001000101110
0001110110101100
0001100011001010
0001010111001000
0001100100101010
0001010001001000
0001010111001000
0001100011001010
0001010111001000
0001001011001000
0001100000001001
0001110010001100
0001100100101010
0001011000101010
0001000110101000
0000101101000100
0000000101111111
1111101111011110
1110110000011000
1111111001111000
1101100011110000
1101100011110000
0010011100010000
1101100011110000
1101100011110000
1101100011110000
1110001000001111
1101100011110000
0000001000100110
0000101110011000
0000010010111000
0000001100000010
0000001100000010
0000100111100000
0001111101010110
0001101111100101
0001101111100101
0000111111100010
0001000010111110
0001001001110110
0001100101010100
0001010100001000
0000100111100000
0001001101010010
0010011100010000
0010000111101010
0001000010111110
0000100111100000
0000000001101110
0000000001101110
0000001100000010
1111110000100010
0000010110010100
1111100010110100
1111000000011110
1111011000100000
1111100110010000
1110111101000010
1111100010110100
1110000010101010