1110110001010010
0001010001011111
0001100000011101
0001011001000000
0001110100000100
0001011011010100
0010000010100100
0001101110111100
0000010100110010
0000010100110010
0000000011000010
0000001100110110
1111111010101000
0000001100110110
0000000010000110
0000100111011110
0000101011001110
0001010001000001
0001001101110010
0010010110101010
0010011100010000
0001111010001010
0001110111010110
0001110100000100
0001111010001010
0001110111110100
0001111101011010
0001100100101010
0001010100110010
0001001100011000
0001011011110010
0001100110100010
1110100110000100
0000101001110010
0000110000110110
0001010001100100
0001011011010010
0010001011111010
0010011100010000
0001011100001010
0000110101101110
0000001001111100
0000100011001000
0000001001000100
0000100110001110
0000010101111000
0000111010001000
0000110010101000
0001011010011010
0001011100001010
0010001011111010
0010010110100000
0001101011001100
0001111101110000
0001110001110100
0010000101010000
0001101000000110
0010010001001100
0001111000000000
0001011111010000
0001010010000000
0001101101011010
0001101000111101
0001110010010000
1111000011010110
0000111001111111
0000111101100010
0001010011001110
0001010011101010
0010011000010010
0010011100010000
0000110000101100
0000110001100100
0000001010101000
0000011000010110
0000010110001000
0000101000010001
0000010100110100
0000101010111100
0000100101101000
0000111111101111
0001011000000110
0001111110100110
0001110010101010
0010010110000100
0010000001010000
0010010101101000
0010000001010000
0010010100010010
0010001110000110
0010000101101100
0001111101010000
0001110111000100
0001110001010100
0001101101010110
0001101011001000
1111001110110010
0001000101011010
0001000001111000
0001100011001100
0001010111000110
0010010001001010
0010000010000000
0000110010001110
0000011111100100
0000000101010100
1111101111000110
0000010010111100
1111111110001110
0000010110111110
0000000010010010
0000100010100110
0000011011000000
0001010011100100
0001011100001000
0010001011000110
0010000011000000
0010011010001110
0010010101001100
0010011100010000
0010000111100100
0010000011000000
0010001100100110
0010000101000010
0001110001110110
0001101001110000
0001101001010000
0001101111010100
1111011000011100
0000110101110010
0000110000101100
0001011011010100
0001011100110101
0001110000101000
0000101100001000
0000011110111100
1111110000010010
1111101100101110
1111101100001110
1111100111101010
1111110110011000
1111110000110010
1111111111100000
1111110111111000
0000010000110000
0000110101010010
0001010011101110
0001101011000010
0010001100100010
0010010001100110
0010011100010000
0010000011111010
0001110111101110
0001111001110000
0001111000110000
0001011010010100
0001010011001100
0000111110111010
0000111010010110
0001001110001000
1111101000110110
0000111100110000
0001101001010100
0001111011001111
0001101110100010
0001011111100000
1111101111001110
1111011101110110
1111101001011100
1110110100110010
1110111101011100
1111010001001000
1111001101101010
1111010110010110
1111010010111000
1111010111100000
1111101100010100
0000011011110010
0000111110100000
0001011101110000
0010001101001110
0010011100010000
0010010101111000
0010001000100100
0001110011110000
0001111101000000
0001110010000000
0001100111000000
0001001100011000
0001000010100100
0000101000100000
0000101110010010
1111111001100000
0001001001100000
0001101101110000
0001110010100010
0000101110001010
1111111110111110
1110110001101110
1110110000010110
1110011100100000
1110010000001100
1110000110101000
1110001100110010
1110010010111101
1110001011011010
1110001100110010
1110010010010000
1110100011010110
1110110101001000
1111011010101110
0000011010010100
0001101010010110
0010011100010000
0010000111000100
0001001110111110
0001001100111100
0001100001011100
0001100011100000
0001000011010110
0000101111100010
0000011101110000
0000001001111010
1111111010001101
1110110101010010
0001001010101110
0001011000010100
0000101111100100
0000100001111110
0000101000101111
0000111101001010
0000100001111110
0000010100010111
0000001101100101
0000000110110010
0000000110110010
1111011110000010
0000000110110010
1111011110000010
0000110110010110
0001001010101110
0000110110010110
0000110110010110
0010010101011110
0010001110101010
0010011100010000
0010001110101010
0001110011100000
0001110011100000
0001011111000110
0001101100101100
0001100101111010
0001001010101110
0000111101001010
0001100101111010
0001111010010010
1110011110010110
0001000111101000
0001011011001010
0001001110001000
0001110101001100
0001010100101000
0001001110001000
0001001110001000
1111101100011110
1111110010111110
1111011000111100
1111110010111110
1111100101111110
1111000101011010
1111001011111011
0000011010000010
0000001101000010
0000011010000010
0001011011001010
0001110101001100
0010011100010000
0010001111001110
0010000010001110
0010001000101110
0010000010001110
0010010101110000
0001110101001100
0001011011001010
0001101000001010
0001010100101000
0001011011001010
0000101101100100
1111000011010110
0000011011100100
0000100010111100
0001000100000000
0001000100000000
0001011101110000
0000101010010010
0000000101100000
1111100000110000
1111011101000100
1111101011110011
1111101000000110
1111011001011010
1111101011110011
0000000001110110
1111110110110100
1111111110001010
0000110101010100
0001000000010110
0001101000110010
0001101000110010
0010011100010000
0010011100010000
0001101000110010
0001010110011010
0001110011110100
0001010110011010
0001100001011100
0000111100101010
0001000111101100
0000110101010100
0000110001101000
1101100011110000
1101100011110000
1101101010000110
1101101010101110
1101110001011010
1110011001011000
1111110110111110
0000010000010110
1111100010010110
1110001001100000
1110001111110110
0001110111011100
0001110110110100
0001101010011100
0001011000010110
0001000001001100
0000101100100100
0000011110101000
1111111100101010
1111110010001100
1111011101010000
1111010001110110
1110100101000110
1101111101001000
1101101100000000
1101101100010100
1101101011101100
1101101010101110
1101100011110000
1101100011110000
1101100011110000
1101100011110000
1101100011110000
1101100011110000
1101100011110000
1101101000111110
1101101001011100
1110010011010001
0000000011001100
1111000110110010
1111001110111110
1111000111110110
1111011001111110
1111100000000000
0000101101101110
0001111001011100
0010001110101000
0001110011010111
0000111000010010
0000010011101010
1111111110110100
1111010111101111
1111000000000010
1110101000110100
1110011011001100
1110000101111000
1101110110001110
1101101111101110
1101101110111000
1101101101101100
1101101100010010
1101100011110000
1101100011110000
1101100011110000
1101100011110000
1101100011110000
1101100011110000
1101100011110000
1101101010000000
1101110000010000
1101111011101100
0000100010111000
1111011010100000
1110111000101000
1111100001010000
0000101000101000
0000101000101000
1110110100010010
1110101001111000
1110110101101100
1110110011011100
1110110000101000
1110100111111001
1110011111110000
1110010011111001
1110010010111101
1110001001010000
1110001101101000
1110011111101000
1111001000110010
1110110010111010
1110101010100101
1110100110011010
1101111111111000
1101100011110000
1101100011110000
1101100011110000
1101100011110000
1101100011110000
1101100011110000
1101100011110000
1110111101000010
0000011111010000
0010011100010000
0010011100010000
1111001110111010
1110011001010100
1110111000100100
1110100110101110
0000001101011010
0001010100110011
1111010011010110
1110000111011110
1101111110100010
1101111110100010
1101101100101100
1110001011111100
1110000011000000
1110010000011011
1110101111101010
1110010100110110
1110100010010000
1110011101110010
1101111110100010
1101100011110000
1101100011110000
1110000111011110
1101100011110000
1101100011110000
1101100011110000
1101100011110000
1101100011110000
0010011010101000
0010011100010000
0010011100010000
0010011100010000
0010011100010000
0010011100010000
0010011100010000
0010011100010000
0010011100010000
0001111011011110
0001100101001000
0001100000100010
0001011010001100
0001011000010110
0001010101010000
0001010100000100
0001010011000100
0001011001111110
0001100011111000
0001110011010110
1110000011000000
0000010110000100
1111010101011110
1111010101001000
0000111001000110
0001010001000001
0001001110001100
1111100111010000
1110101111101000
1111100111101000
1111110100010000
1111111110100001
0000000000111001
1111110111010010
0000010010011000
0000001011001000
0000001111010110
0001000100010110
0001011011001110
0001101101010010
0010000101111110
0010011100010000
0010001111000000
0001110111100010
0001100101011110
0001101011011110
0001011101000010
0001110000111010
0001110000111010
0001100001110110
0001101011011110
0001101011011110
0001010011011010
0001010000011000
0001010100000000
0000110001101100
0000011100100110
0000100001011010
0000100010101000
1111111101111010
0000101100010000
0000000011110100
0000000100111010
0000000111101010
0000000101011110
0000010100110000
0000010100001101
0000001101001000
0000110111001100
0001001000001000
0001101111011011
0010001111101100
0010010011100000
0010011100010000
0010000111100000
0001100010010110
0001110100011000
0001110100011000
0001101011000110
0001100110101110
0001110011110100
0001100111110100
0001100000001001
0001101001011100
0001111110001100
0001101000111010
0001011100010110
0001000111000010
0000101001100010
0000000111000110
0000001111110110
0000001100000010
1111001001101100
1111001001101100
1111101111111110
0000001101110100
1111101110001100
0000000100000000
0000000111100100
0000000111100100
0000110011101000
0001010101011110
0001110001100000
0010011100010000
0010000100001110
0010001010111000
0001100000100110
0001100000001001
0001100111101101
0001110000001100
0001100110011000
0001100101111100
0001011011101100
0001000001111000
0001001101111010
0001100001100000
0001110100001100
0001010001011110
0000111100100010
0000101110010010
0000000111100100
0000000001010110
1111011011000100
1110111110001000
0010011100010000
1101100011110000
1101100011110000
0010011100010000
1110000011000000
1101100011110000
1111100000110000
0000101001101010
1101100011110000
1111011010111010
1111011000101010
0000000101101000
0000000011011000
1111100110001010
0000000111111000
0000000011011000
1111110101111000
0000000111111000
0000110000010110
0001101101000010
0010011100010000
0001100001110010
0001001011010100
0000110100110110
0000100000100110
0000100000100110
0000010000111000
0000000001001000
0000000111111000
0000010000111000
0001001011010100
0000010000111000
0000010111100110
1111111010011000
1111100011111011
0000001110101000
0000110111000110
0000100101000110
0000100010110110
1111111100101000
1110111001001100