1111100011100000
0001001101000100
0001001100000000
0000110011001110
0000101110011100
1111111100110110
1111110111100100
1111001110111010
1111001010101100
1111011011000100
1111010101110010
1111010111010110
1111010010000100
0000001011000101
0000000111011000
0001001000010100
0001001100100010
0010011001101000
0010011100010000
0010010010110000
0010010010110000
0010000110000110
0010000101000010
0001011011010100
0001011011010100
0001001000010100
0001001010011100
0001001100100010
0001010101100000
0001110001100000
0001111100100100
0001111010011110
1111011011110110
0000110101111000
0000101101100010
0001010001111100
0000111110110000
0000001001000110
1111110001000000
1111100100001100
1111000011001110
1111010101111100
1111010011111110
1111011111010010
0000001010100110
0000010010111100
0000110111011000
0001001111000000
0010011100010000
0010010100111000
0010011011110000
0010010100111000
0010011000110100
0010000110000110
0000110010111100
0000100010001100
0000011010010110
0000010010011110
0000011000011000
0000100101001010
0001001001100100
0001010110011000
0001111010110010
0001111000010100
1111101100100000
0001000001011110
0001111110100100
0010011100010000
0001101001000010
0000000110001000
1111100111110111
1111010000100100
1111010010010100
1111101010001100
1111111111001000
0000011000001001
0001000010000100
0001101110110110
0001100000010011
0010000111111000
0010000001011110
0001110100101100
0010001001101000
0010010100101100
0010000101100100
0000110101010000
1111111111101110
1111111101111110
1111101101101010
1111110101110101
0000000100111100
0000001100100000
0000110100000101
0001001110010010
0001111100010000
0001110100101100
1111011000110010
0000010101100100
0010010111000010
0010011100010000
0000100000000010
1111111001011111
0000001001001010
1111111100101110
0000000000101010
0000100001010110
0001000110100110
0000110100111110
0001001011110110
0000100000000010
1111111000110100
1111110100111000
1111111000001010
0000010011101000
0000110011000000
0001001110011100
0000111101011110
1111011101010110
1110100011110100
1110101110010010
1110101110111100
1110101001101100
1110011011111110
1110010100110010
1111001001110000
1111011101010110
0000100101111010
0000111011100000
1111100111100110
0000101110010000
0010011100010000
0010000110011010
0000111111101111
0000101110010000
0000010110111100
0000101110111110
0001010011011010
0000110101100010
0000101010101000
1111010101011000
1110110000010000
1110110111100010
1110101000111100
1110101111100000
1110111100101000
1111000110000110
1111101011010000
1111110100101110
1111011001110000
1110011000001100
1101110001100110
1101110101001110
1110000111011101
1110000100100010
1110010111011110
1110000110000000
1110000010010110
1110000001101000
1110100011110110
1110111101010110
0000000100001100
0000111110101110
0010011100010000
0001111100010100
0001011101001001
0000011110110010
0000111010111100
0010011011100000
0010010001100110
1111100101000000
1110101101100000
1110111010011100
1111000010110010
1110111111000000
1110100101111010
1110000010001010
1110100010000110
1110110000100010
1111000010110010
1111001001101001
1110110001010100
1110011000001110
1110110101111000
1110111101011110
1111001010011010
1111010011100010
1110111011001100
1110100100011000
1110110101111000
1110110010000100
1110100010000110
1110100010000110
0000100111101010
0001011101110000
0010001101010100
0001111001110000
0001011010111100
0000000101001000
0001100001011110
0010011100010000
0001110011001110
1110110010000110
1110111000101000
1111010111011011
1111011000010110
1110111010100000
1111011010001110
1111001111000010
1111010100101000
1111111000000100
1111100000110000
1111000110101000
1111001001011100
1111000111100100
1110100100001000
1111101101110100
1111110110001110
1111001100001111
1111000001111110
1110010100010000
1110111001100100
1110111000101000
1111010101100100
1111001011010010
1111011111011100
0001010100101000
0001010100101000
0000100000100100
0000100000100100
1111011000111100
1111011111011100
1111001011111011
1111010010011100
1111000101011010
1111001011111011
1110111110111010
1111010010011100
1111110010111110
0000000110100000
0000110100000101
0001000111101000
0010000010001110
0010011100010000
0001101000001010
0001110101001100
0001011011001010
0001111011101100
0001000001000110
0001011011001010
0000110100000101
0001011011001010
0001000001000110
0001101000001010
0001011011001010
0010001111001110
0010000010001110
1111010000001010
0000111100100110
0000111100100110
0000011100101100
0000010110010100
1111100011010100
1111100011010100
1110011101001010
1110110110101010
1111001001110011
1110111101000010
1111010110100010
1111010110100010
1111110110011100
1111110110011100
0000110110001101
0001000010111110
0010010101111000
0010011100010000
0001111100011000
0010001001001000
0001110110000000
0001111100011000
0001011100011110
0001011100011110
0000101111110110
0001000010111110
0001001111101110
0001011100011110
0001101111100101
0010000010110000
0001010110000110
1111111000001100
0000100011001010
0010011100010000
0010011100010000
0000101110111000
0000100011001010
0000100111000100
0000010011100010
0000110110101100
0000110110101100
0001100101100100
0001001110001000
0001010010000010
0000010011100010
1111111100000110
0000000011111010
1111110100010010
0000001111101000
0000110010110010
0001001110001000
0001001110001000
1111100000110000
1110101101111110
1111000101011010
1111011100110110
1111001101001110
1111001101001110
1110101010000100
1111110100010010
0000000111110100
0001011001110110
0001101001011110
1101100011110000
1101100011110000
1101100011110000
1101100111101010
1101100111101010
1101111000101010
1101111011110010
1101101011111100
1101101010000000
1101101010110010
1111001110100110
0000011010100100
0000000101011110
0000011110011110
0001011000010001
0010010101110100
0001011100001100
0000001111001110
1111010001010100
1110110000010100
1110011100110010
1110001010000010
1101111000010000
1101101110010100
1101101010000000
1101100011110000
1101100011110000
1101100011110000
1101100011110000
1101100011110000
1101100011110000
1101100011110000
1101100011110000
1101100011110000
1101100011110000
1101100011110000
1101101010111010
1101101001000100
1110001111100100
1111110101011101
1110100101001110
1110101110000000
1110010111111100
1111000100101100
0010000010000110
0010001100101110
0010001000000100
0010010001101000
0001111000111100
0000101110110100
1111101000010010
1110111000000110
1110100110001010
1110010100010111
1110000100000010
1101110101101100
1101110000000110
1101101100110010
1101100011110000
1101100011110000
1101100011110000
1101100011110000
1101100011110000
1101100011110000
1101100011110000
1101100011110000
1101100011110000
1101100011110000
1101100011110000
1101110110100000
1101101010000000
1110101101001100
0001000100001110
0001011011101010
0001100100100000
0001000100001110
1110101101001100
1110111011010000
1111100010010100
1111010101011010
1110101011001110
1110001010011010
1101111010000000
1101110111010010
1101110110111000
1101110100111100
1101110011011000
1101110010101010
1101101110101100
1101111110010100
1101110110100000
1101100011110000
1101100011110000
1101100011110000
1101100011110000
1101100011110000
1101100011110000
1101100011110000
1101100011110000
1101100011110000
1101100011110000
1101100011110000
1110000111011110
0010011100010000
0010011100010000
0010011100010000
1110111101000010
1110011001010100
0010011100010000
0010011100010000
0010011100010000
1101111110100010
1110011101110010
1110101011001101
1111010111110100
0000111010000010
0000101100101010
1111000101111110
1101111010000100
1101101000001110
1110010100110110
1110000011000000
1101100011110000
1101100011110000
1101100011110000
1101100011110000
1101100011110000
1101100011110000
1101100011110000
1101100011110000
1101100011110000
1101100011110000
0000010110100100
0000011001001101
0000011011111000
0000011110011010
0000100100110110
0000101010000000
0000101101010110
0000101111111111
0000101011100110
0000111110111000
0000110111100010
0000110101011110
0000110001011110
0000101110000001
0000100011001110
0000011000111110
0000001010000100
1111100000111010
1110100101000010
1110101000011010
1110100100010110
1111110110110100
1111001010001010
0001000100101110
0010001100001100
0010011001101110
0010010100101100
0010011100010000
1111000110010101
1111101100010110
1111110000101110
1111101010011110
1111101001110110
1111110111100110
0000000010001100
0000010011101010
0000110000010110
0001000111011010
0001011101111000
0010010001000010
0010000010101100
0010011100010000
0001111110111100
0001100101111110
0001111010100100
0010001000111010
0010010111010000
0001110010011110
0001011100000000
0001010101110010
0001000110110010
0000111110000100
0000110001100110
0000111110101100
0001101110101110
0001001110111010
0000101101110110
0000100010101000
1111110101101110
1111100010011000
1110101110110010
1110110111011000
1111000001000010
1111101011111010
1111011111100100
1111010111100010
1111100110100010
1111111010011000
0000001010011100
0000100001100000
0000111010101100
0001100010011000
0010000100101010
0010000110110100
0010000001011100
0001111010011110
0001100101100100
0001111011000010
0010011100010000
0010010010000100
0001100111101101
0001010000101010
0001001011010100
0001010000001000
0001000010001100
0001011100111111
0001110001111010
0001110000110101
0001010100111101
0000111001101000
0000010001011010
1111110001010000
0000100001011110
0000110010110110
0000001000000100
0000000010011110
1111110010111110
1111110110101100
1111111110001000
0000001000000100
0000101111001000
0001011110010000
0001100011110100
0010011010011000
0010011100010000
0010001101011000
0010000101111100
0010011100010000
0010010110000100
0010000011011100
0010001010111000
0001111101010000
0001100101000100
0001011000000010
0000101101010000
0000110011011110
0000010110111100
0000100011111110
0001000111010100
0001100101101100
0001011000101010
0000011011010010
1111110010010110
1111001111000010
0000111111011010
1101100011110000
1101100011110000
0010011100010000
1110000011000000
1101100011110000
1101100011110000
0000010100110110
1101100011110000
0000000111010010
0000101111010000
0001001100010100
0001101001011000
0010011100010000
0000110010111000
0000010101110100
0000011101000100
0000101111010000
0000111010001000
1111111000101110
0000101011100110
0000011101000100
0000010010001010
0000001010111010
0000010010001010
0000001010111010
0000100111111110
0000010010001010
0001001000101100
1111101010001100
0000001010111010
1111101101110110
0000110110100000
0000100111111110
0000100000101110
0000011101000100
0000010101110100
1111100110100100
0000011101000100
0000010101110100
1110110000000100