1110001101011010
1111111110110010
0001010010101110
0010011100010000
0010010111010110
0010001100010100
0001100011111000
0000000111010110
1111000011111100
1110011100001000
1101110011101100
1110010001101110
1110010110000000
1101101011101110
1110000011000000
1110000110101100
1110001010010110
1110110001100100
1111011110010100
0000111001000000
0001111011110010
0001101101000011
0000101001000100
0001001011111110
0001111010100100
0001111011110010
0001000000111100
0001000101010000
0000111001000000
0000011100110100
0000100100110000
0000010001001010
1110010110101100
1111011110000010
1111111010001101
0001000011011100
0010000011000010
0010011100010000
0010001100101110
0010000101011100
0001000101111000
1111110001111100
1111001010101000
1111001010001000
1110110110010000
1110101001001000
1110100001111000
1110110000111010
1110111000001100
1111010010111000
1111110000111111
0000010010111100
0001100010000010
0001100100011100
0001010111010110
0001000101111000
0001101110101000
0001111000010110
0001011111000110
0001001111100110
0001010001000001
0001010110111000
0000110110110110
0000111000110010
1110011001011010
1111100100001010
1111101000101100
0000010011010100
0001101100000110
0010010011001110
0010011100010000
0010011000010000
0010011011010000
0001101010000110
0000001000110010
1111111110110000
1111011101101000
1111011100101000
1111001111100110
1111001000000100
1111010111101000
1111101011001100
0000000010010000
0000100011111000
0001100000100100
0001111011001010
0001101001100110
0001001111100000
0001110100100111
0001110111100111
0001111111001010
0001100110100110
0001101010100110
0001100000100100
0000111000111100
0000011110010110
1110010100101000
1111011101101100
1111010111010010
1111110010111010
0000111010100000
0010001001000000
0010011100010000
0001111100001010
0001110001010100
0010000110000010
0001111010001100
0001001011010010
0000010100100000
0000000110001010
1111110111110110
0000000100001100
0000000011101100
0000010110011110
0001000010111010
0001101001111010
0001101101110110
0001011110100010
0001000000111010
0001001001010100
0001100011011110
0001111001101100
0001110111101110
0001010101001010
0000111111011100
0000100111010000
1111111000010110
1111101010000010
1101111110110000
1111011011111010
1111001011111011
1111101001001000
0001010101001010
0010011100010000
0010010101101000
0001010001110110
0000110001111000
0000101000100000
0001001011110010
0010000100100100
0010001101111010
0001110000101110
0001010010111100
0000111111000110
0001000110110100
0001110110001110
0010010100100010
0010010010010110
0001101010000110
0001001010001000
0001001000011110
0001011111000100
0001110110110010
0001111100010010
0001101011110000
0001010110110100
0000100000110010
1111111000100100
1111011101100100
1111010001111111
1110100011110000
1111100111001110
1111101001100000
0000111101101100
0010001101110110
0010000110111010
0000010010011100
1111111001101010
1111101110101100
1111100110000100
1111101110101100
0000100000010010
0000111101101100
0001100111001110
0010000110111010
0010001101110110
0001101100011010
0001100110000100
0001110101000010
0010001110011010
0010011100010000
0001110111111011
0001011010100010
0001010000101101
0001101011110011
0001111110010010
0010000010010100
0001111100100010
0001010011100110
0001010100110000
0000100000111000
0000000111100000
1110011010010110
1111010011100110
0000000101100110
0000111010001110
0000111011100010
0000011000101010
1111000011110100
1110110100101010
1110011011101010
1110001011111000
1110000111010011
1110011001000010
1110111111001100
1111011101011110
0000010101011000
0001101100001110
0010011100010000
0010001100011110
0001010011111000
0001010010100100
0001101011100100
0001101111100000
0001011011110010
0000110101101000
0000111100110110
0001000001011110
0001101001100110
0001110110110000
0001011011110010
0001011001001010
0001001000000010
1111111101000010
0000000110110010
0000110110010110
0010000001000100
0010011100010000
0001111010010010
0001011111000110
0000101000101111
0000010100010111
1111000010110110
1110100000111010
1110100000111010
1111010000011100
1111100100110101
1110100111101100
1111000010110110
1110110101010010
1111000010110110
1110101110011110
0000001101100101
0001011000010100
0001110011100000
0000110110010110
0000101000101111
0000100001111110
0001100101111010
0001011000010100
0001001010101110
0000101111100100
0000100001111110
0000011011001011
0000010100010111
1111111001001110
1111011000000010
0000010010001010
0001100010001000
0010011100010000
0010000110011100
0001011010110110
0000110110100000
1111111100011001
1110011101111000
1110101100011100
1110111010111110
1110111010111110
1110011101111000
1101110010010010
1110010110101000
1110010110101000
1110100101001010
1110010110101000
1111100110100100
0000100000101110
0001110000101010
0001100010001000
0000000011100111
0000011001011100
0001010011100100
0001101001011000
0000100000101110
1111111100011001
0000001010111010
0000101111010000
1110101100011100
1111110101000110
1101111000110100
1111010111101000
1111011110101010
1111101001001100
0001000100011110
0010010001101110
0010011000110000
0001111100101001
0001010110000010
0001101110100110
0010011000110000
0010010101001110
0001100100000100
0000101011111000
0000010110110100
0000011101110110
0000111101011100
0001000111111110
0010010101001110
0010011100010000
0010000111001100
0001001111000000
0001010110000010
0001101110100110
0010001010101100
0010011100010000
0010010001101110
0001101110100110
0001000100011110
1111110000001100
1111101100101100
1111011110101010
1101100011110000
1101100011110000
1101100011110000
1101100011110000
1101100011110000
1101100011110000
1101100101110100
1101101111100110
1110010010100110
1110101010111110
1111010101111000
0001010111100100
0010001101000010
0001111000100000
0001011000011010
0000110101011110
0000010010110100
1111100010111110
1111011001010110
1111100010000000
1111001111000010
1110100101111110
1101111101100110
1101101111001000
1101100111100010
1101100110010100
1101100011110000
1101100011110000
1101100011110000
1101100011110000
1101100011110000
1101100011110000
1101100011110000
1101100011110000
1101100011110000
1101100011110000
1101100011110000
1101100011110000
1101100011110000
1101100101000110
1101101000001000
1101110100010110
1101111101001100
1110010010000100
1111010010011100
0000011110101110
0001011000110100
0001110011110000
0010000101111100
0010000011101110
0000011111110110
1111111011101100
1111010011101100
1110111000101100
1110010001010010
1101110001000010
1101101010001100
1101100110100110
1101100101010100
1101100011110000
1101100011110000
1101100011110000
1101100011110000
1101100011110000
1101100011110000
1101100011110000
1101100011110000
1101100011110000
1101100011110000
1101100011110000
1101100011110000
1101100011110000
1101101100000100
1101101000011100
1101101110101100
1101110000010000
1101110001010010
1101111000110110
1110001011100110
1110001101011010
1110011001001110
1110011000100000
1110010100000000
1110010110101100
1110010000010110
1110001101001110
1110011111101000
1110101010000100
1110011001000010
1110100110100110
1110010100111000
1101101101010010
1101100011110000
1101100011110000
1101100011110000
1101100011110000
1101100011110000
1101100011110000
1101100011110000
1101100011110000
1101100011110000
1101100011110000
1101100011110000
1101100011110000
1101100011110000
1101111010000100
0001000111011100
0000000000000000
0001101111100101
0001101011001010
0000001000111100
0000110001000110
1110110100000110
1110010000011011
1110010000011011
1110011101110010
1111000001100000
1110100110101110
1110101011001101
1111001010011100
0001110100000100
0010001110110110
0000101100101010
1111101001101100
1110110100000110
1101100011110000
1101100011110000
1101100011110000
1101100011110000
1101100011110000
1101100011110000
1101100011110000
0010010010110100
0010011010000000
0010011100010000
0010011100010000
0010011100010000
0010011100010000
0010011100010000
0010011100010000
0010011100010000
0010011100010000
0010010111001000
0010011000010000
0010011100010000
0010011100010000
0010011100010000
0010011100010000
0010011100010000
0010011100010000
0010011100010000
0001100011010010
0000011111010000
0000000011101100
1110010011001110
1110101001110010
1111001100000000
1111110001000110
0000001011000101
1101110000110010
0001011111000110
0010011100010000
0010000101100110
0001100001011000
0000000100100010
1111110100101100
1111110010011011
1111010100111110
1111110110111100
0000111010111000
0001010001100010
0001001010101110
0001101000001010
0001011010100110
0000111111011010
0000110001110011
0000000010010000
1111110100101100
1111011011110010
1111100010100100
1111010100111110
1111101001010110
1111010100111110
1111000101001000
1111100111000111
1111110110111100
1111100111000111
1111110000001010
1110110011000000
1111000111011000
1111001110001101
1101111110111100
0001001110111100
0010011100010000
0010001010001010
0001101100100100
0000010000011100
1111011011110100
1111100000110000
1111011010001010
1111101100010000
0001000110101110
0001110100110001
0001100101111110
0010001000100000
0001101111110110
0001010111001010
0000111011001110
1111101100010000
1111100000110000
1111011011110100
1110111001010010
1111001001101110
1111010101010000
1111001101000000
1111001101000000
1110110010101100
1110110100010110
1110110111101000
1110111110001110
1110100101100010
1110110010101100
1110110111101000
1101111100011010
0000110011000010
0010011100010000
0010001101111010
0010000010110000
1111111110011010
1111010000001010
1111011011010110
1111100011010100
1111011011010110
0001000100100100
0010001100010100
0001011010111000
0010000111100010
0001101110000000
0001100100011100
0001000100100100
0000001001100100
1111010011010110
1111101001101100
1110100011100010
1111000101000000
1111001000001100
1110011101001010
1110110011011110
1110101011100001
1110100000010110
1111000101000000
1110011011100100
1110110101000100
1110100011100010
1110101110101100
1110100101001000
1101111110010100
1101100011110000
1101100011110000
0010011100010000
1111000001100000
1110000011000000
1101100011110000
1110011101000010
1101100011110000
1111010000100100
1111011000111100
0001010000111010
0000110101000000
0000011110101100
0000001000011000
0000110101000000
0001100100011100
0010011001011110
0010001000101110
0010011100010000
0010001011100000
0000101100101010
0001010000111010
0001100001101010
0000111101011000
0000011001001000
1111110111101000
1111110111101000
1110110001111000
1111010110001010
0000001011001010
0000000101100110
0000011001001000
0000001101111100
0000000000000000
1111111010011010
1111111101001110
1111100110111000
1111101111010000
1110111111110100
1110101100010010