1110110000010110
0000000010101100
0000011101010000
0001011011100110
0010011100010000
0010001111100100
0000111100110100
0001111010000000
0010010110011110
0001101011011000
0000010011101000
0000011101010000
0000001110101000
0000010001101110
0000010100011010
0000011100111000
0001001110111010
0001011001010010
0001010110111110
0000010001010100
0000110011100100
0000101011100000
0000111101001100
0001001000110000
0000001111000000
0000010011010000
0001001000010110
0010001101101000
0010010110000110
0010010000101110
0001111110101000
0001111101110110
1111000011100010
1111110111110100
0000110111101100
0010001011000110
0010011100010000
0001111011111100
0001101111100100
0010000111111010
0001110101100010
0000101011101100
0000001010111110
1111110111110100
1111011011011110
1111110000101000
1111100110010000
1111110001011100
0000011010001010
0000110000000110
0000110110000110
1111111000101000
1111101001000100
1111110101000010
1111011100010010
1111110100101000
0000001011110010
1111111010001110
1111000000110000
0000000101011000
0000101101101100
0000101111010010
0000011010100010
0000000011011010
1111000010001111
1111110111000000
0001001100010100
0010000001110110
0010011100010000
0001101010111010
0001111000101100
0010010011000100
0001100101001010
1111010111101010
1111110010011011
1111011000011010
1111010001111010
1111100011100000
1111011100101000
1111101110001110
0000001110101110
0000101001001000
0000111001001100
0000001100011100
1111110001101010
0000000011100111
1111101101000100
1111111100011001
0000011101010000
0000001100000100
1111001100111100
0000011011010110
0000111001001100
0000111111101100
0000010110011000
1111110101000110
1110111010001110
0000001100001000
0001010011011100
0010011100010000
0010010110100100
0001100001110110
0010000111110010
0001100010100110
1111110001001110
1111110100101000
1111001111000100
1111001011010010
1111000011010100
1111001000010000
1111001000010000
1111010001101110
1111111011011100
0000011101111110
0000100010111010
1111110011100000
1111100010110100
1111101001101000
1111100101000100
0000000011011010
1111111101010110
1111011001010100
0000000011000010
0000101111000010
0000110101000110
0000101011101000
0000100001011000
0000010111111010
1110111010100110
0000101011111000
0010000001110010
0010011100010000
0001110110101000
0010001001101100
0001110010111100
0000011101100000
1111000101101110
1110011010100010
1110010010101010
1110001101100010
1110001110000000
1110001101100010
1110010111110000
1110100111100010
1111100101010100
0000011110011010
0000100011000100
1111100111101000
1111001000000100
1111001010110110
1111010101111110
1111100000101010
1110101011101110
1111000001100010
0000110010110110
0001000010001010
0000101001100100
0000011111110100
0000110000100010
0000111000011010
1111000000010010
0000101011011100
0001101100100100
0010011100010000
0010000000011010
0010001101001010
0001101100100100
1111010010101100
1110101011111111
1110010010000000
1110001101010010
1110001100010110
1110000110001110
1110000011011000
1110100011000001
1110100101110110
1111011010010000
0000010111001000
0000001110001010
1111001100000101
1111000100000100
1110111000101110
1110100011000001
1101111110101010
1110000001111110
1110110110110110
0000110110010010
0001001110011000
0000011010011100
0000000101001100
0000110011011110
0001000001001010
1111010001111111
0000101110000001
0010000100000100
0010011100010000
0001110011010100
0001101101010010
1111111100110000
1111000001001110
1110011010101000
1110100011000001
1110010101100000
1110001010110100
1110000010011100
1110001011010010
1110001111111101
1110000111100100
1110100011000001
1111101010001010
1111111111100010
1111011011010000
1110110000000000
1110101011011000
1110001100101100
1101101101100010
1110010011101010
1110011111110000
1111101001101100
0000001101100000
1111110101010100
1111010001111111
1111101010001010
0000000101100110
1110100111101100
1111111001001110
0000001101100101
0001010001100010
0010001110101010
0001110011100000
0000010100010111
0001111010010010
0010011100010000
0001111010010010
0000101000101111
0000011011001011
1111110010011011
0000000110110010
0000000110110010
1111011110000010
0001001010101110
0001100101111010
0001011111000110
1111111001001110
0000010100010111
0000001101100101
0000101111100100
0000111101001010
1111111001001110
0000000110110010
0000100001111110
0010000001000100
0010000001000100
0001101100101100
0001011000010100
0001101100101100
1110111011010000
0000010010110000
0001000100110000
0001010111100000
0010011100010000
0010010110000000
0001001011000000
0010000011010000
0010010110000000
0001010111100000
0001010001010000
0000111110100000
0000101011110000
0000101011110000
0000101011110000
0000110010000000
0001011101110000
0001010001010000
0001010001010000
0000111000010000
0001000100110000
0000111110100000
0001001011000000
0001010001010000
0000101011110000
0000111000010000
0001011101110000
0010010110000000
0010010110000000
0010001001100000
0010001001100000
0001111101000000
1110110011101100
0000010101110100
0001011110011110
0010011100010000
0010000110011100
0001111011100010
0010000010110100
0000100100010110
1111101010001100
1111011000000010
1110111010111110
1111000101111000
1110011101111000
1110111110100110
1110110000000100
1111000010001111
1111100110100100
0000010010001010
1111111000101110
1111101010001100
1111001001100000
1111010100011010
1111011011101010
1111110001011110
1111110101000110
1110110111010100
1111110101000110
0000101111010000
0000101011100110
0000011001011100
0000010101110100
0000010010001010
1101100011110000
1101100011110000
1101100011110000
1101100011110000
1101100011110000
1101100011110000
1101100011110000
1101100011110000
1101100100101010
1101100100110110
1110010011110000
1111101111110010
1111111101001010
0000110101101111
0000100111110110
0001110010101010
0001110101101100
0000111100000010
1111011001111000
1110111001110100
1110011010001100
1110000100101000
1101111101010010
1101111011001010
1101110111100010
1101110111100010
1101100011110000
1101100011110000
1101100011110000
1101100011110000
1101100011110000
1101100011110000
1101100011110000
1101100011110000
1101100011110000
1101100011110000
1101100011110000
1101100011110000
1101100011110000
1101100011110000
1101100011110000
1101100100111000
1101100101111100
1110110111101010
0000111010010011
0000110001001010
0001000110101100
0001000010011100
0001111010010110
0001101010001000
0000100010001100
1111000110100100
1110101100011110
1110001110101110
1101111011111000
1101110110101000
1101110101010100
1101110010011000
1101110010101100
1101100011110000
1101100011110000
1101100011110000
1101100011110000
1101100011110000
1101100011110000
1101100011110000
1101100011110000
1101100011110000
1101100011110000
1101100011110000
1101100011110000
1101100011110000
1101100011110000
1101100011110000
1101101101001000
1101110100011010
1110101001100010
1110011010100100
1110010111011100
1110000111001010
1110001000101110
1110001101101010
1110000110001000
1110000001001010
1101111000100100
1101101001001110
1101101101011000
1101101100000100
1101101011100100
1101101011100100
1101101011100100
1101101110001010
1101100011110000
1101100011110000
1101100011110000
1101100011110000
1101100011110000
1101100011110000
1101100011110000
1101100011110000
1101100011110000
1101100011110000
1101100011110000
1101100011110000
1101100011110000
1101100011110000
1101100011110000
1101111010000100
0010011100010000
0010011100010000
0010011100010000
0001110100000100
0001100010001110
1110011001010100
1110001011111100
1110110100000110
1111000001100000
1110000111011110
1110010000011011
1110011101110010
1101110101100110
1101100011110000
1101100011110000
1101111110100010
1110100110101110
1101100011110000
1101100011110000
1101100011110000
1101100011110000
1101100011110000
1101100011110000
1101100011110000
0010011100010000
0010011100010000
0010011100010000
0010011100010000
0010011100010000
0010011100010000
0010011100010000
0010011100010000
0010011100010000
0010011100010000
1111111101110100
0000000010111000
0000001000011010
0000001100000110
0000000111101100
0000000001001010
1111101011100000
1111011111011100
1111110001011000
0000000101110011
1111000101101010
0001000000010110
1110111101100110
0000010110011110
0000110110110000
0001000100100010
0001001010011100
0010011100010000
1111011101101100
0001000100100110
0001110010010110
0001110010010110
0010011100010000
0010011000011100
0001011011011110
0001001100001110
0010001001001100
0010000101011000
0001001100001110
0000110101010110
0000001111010000
0001001100001110
0001010011110110
0000101101101110
0000100110001000
0000110001100010
0000110101010110
0000111100111110
0001000100100110
0001100011000110
0001110110001000
0001111001111100
0010000101011000
0001111101110000
0001110110001000
0000100010010100
0000100010010100
0001001000011010
0000111100111110
1111011101101100
0000001101011010
0001100011101100
0010010000010110
0001101111100101
0010011100010000
0001111000100010
0001000010111110
0001000101111100
0001100011101100
0001101100101000
0000101011001010
0000111101000000
0000100010001110
0001001000111010
0001111011100000
0001100110101100
0001001000111010
0000101011001010
0000011111010000
0000011111010000
0000011111010000
0001000010111110
0001011101110000
0001100000101110
0001010100110011
0001011101110000
0001011101110000
0000000111011100
1111100000110000
0000000111011100
0000001010011010
1111011010110100
0000000001100100
0001001010010000
0001111110110110
0001100011000000
0010011100010000
0001101010110000
0001000111001010
0001000101101000
0001110111001000
0001110000111100
0000111100010110
0001000111001010
0001000010100010
0001101111011000
0010010001011010
0010000110100110
0001111011110000
0001001011110100
0000100011100110
0000101000001110
0000110001100000
0001010101000110
0001011000001100
0000110110001010
0000110111101100
0000110100100110
0000110001100000
1111110000100010
1111101101011100
1111111110011100
0000000100101010
1111110000100010
1111100101110000
1101100011110000
1101100011110000
0010011100010000
1110000011000000
1101100011110000
1110000011000000
1110001000001111
1101100011110000
0000110111000100
0010011100010000
0010001101011000
0000110111000100
1110110001001000
1111011010110100
1110010011011000
1110101000001100
1111100000110000
0000110100000101
0000101011001010
1111100000110000
1111011010110100
0000011001010100
0000101110001000
0000010000011000
0010010011010100
0001110010100110
0001000000000000
1110011111010010
1110111010000100
1111101001101100
1111100110101100
1111110101100110
1111111110100001
0000101011001010
1111101111101000
1110101110001010
1111011010110100
1110110111000110
1111000000000000
1110100010010000