1110101001110000
0000011110000011
0000100111111100
0001000000100100
0001010001010101
0010011001010010
0010011100010000
0001101011111100
0001110100110100
0001001101011000
0001000000100100
0001000000100100
0001000111011110
0001010100010010
0001101100111100
0001110000111000
0010010011011000
0010011001010010
0010011001010010
0010001001100010
0001100110000010
0001101111111000
0010001011100000
0010011100010000
0010001001100010
0010000110100100
0001101100111100
0001011011001100
0000111001101010
0000110100110000
0000101011111000
0000100101111110
1110110010000110
0000011111000110
0000100100001100
0001001011010110
0001001101111010
0010010101011100
0010011100010000
0001110111100111
0010000001000000
0001000001001000
0001010000011110
0000111000101000
0001001100001110
0001001010100000
0001100110100110
0001101011101110
0010010001001100
0001111010001100
0010000010101110
0001101100100100
0001100100111010
0001001110110000
0001111000100000
0001101100100100
0001111100110000
0001111100110000
0000111100111000
0000111100111000
0000100100001100
0000101100101110
1111110111111010
0000000111001111
1111000000100010
0000100110111100
0000101010011110
0001010110001110
0001010100011110
0010010010101000
0010010000111000
0010011100010000
0010011100010000
0001011110000110
0001011110111110
0001010001110110
0001010011100110
0001100100001110
0001101001011110
0010010001110000
0010011010100000
0010000010000000
0010001100100000
0001011110000110
0001101000100110
0001100101111110
0001110111100000
0010000100101000
0010010111000000
0001100101000110
0001000100101110
0000101101000110
0000111011000110
0000011000000100
0000010100100100
0000000011000100
1111000000110110
0000011111100110
0000011110110000
0001000111011110
0001000001101010
0001111110010110
0001110110000010
0010011100010000
0010010011111100
0001010011111100
0001001001111110
0001000001101010
0000110111101100
0001011000000110
0001001110111110
0010001001001000
0010000000110100
0001111011000000
0001110010101100
0001010011111100
0001001100011110
0001011100010000
0001010110011100
0001111011110110
0001110011100001
0001000000110100
0000111010001100
0000110100011000
0000101101101110
0000000111011110
0000000000000000
0000000000000000
1111000001000000
0000011010001100
0000010110000110
0001000000101000
0000110110000000
0001101011111101
0001101011111101
0010011100010000
0010001011000100
0000111101010110
0000101000111001
0000110110000000
0000101010100010
0001001101101110
0001011011101000
0001110111011100
0001101101101000
0010000110111110
0001101010010110
0001010011011100
0000110100010110
0000111010111010
0001001000110100
0001011110000100
0001000011111010
0001000100101110
0000100000101110
0000010000011000
1111110100100100
1111111011000110
1111110100100100
0000000000000000
1111001010001010
0000100111110110
0000100011011100
0001000111010110
0000111011000110
0001101010010110
0001101011001110
0010011100010000
0010000110011000
0001001001111110
0000110001011110
0001001000001110
0000110111100110
0001010111111101
0001001001111110
0001101100111110
0001110010001110
0001110010001110
0001100101111110
0000111111011110
0000101100001101
0000111000011110
0001000001001110
0001000111010110
0001001010110110
0001001011101110
0000011101010100
0000001011110100
1111111111100100
1111111110101100
0000001011110100
0000000011111100
1111000111100001
0001010011111110
0001011010000110
0000100010000110
0000010111111010
0001110000011110
0001110001100000
0010001000111010
0010001111000010
0001010101000000
0000111001100000
0000010010110110
0000001110110000
0001011011000110
0001100111010100
0001100101010010
0001110000011110
0001101001010110
0001010010111110
0001000110110000
0000111101100110
0001001000110010
0001110101100100
0010011100010000
0010001111000010
0001110011100001
0001010011111110
0000101010001111
0000001110110000
0000000110101000
0000001010101100
1111111000011000
1110011010011100
0000001111101000
0000101110111000
0000010111011100
0000110110101100
0001101101011000
0001100101100100
0000101110111000
0001001110001000
0000111110100000
1111010001001000
0000110110101100
0000111110100000
0000110110101100
0001000110010100
0001100101100100
0001111101000000
0010001100101000
0010001100101000
0010000100110100
0001001110001000
0001101101011000
0001110101001100
0010010100011100
0010011100010000
0010001100101000
0001101101011000
0001010101111100
0000101110111000
0000010111011100
0000000111110100
0000000111110100
1110100100100110
0000010100101000
0000011010100010
0001000011110100
0001001001101100
0010010000011110
0010010000011110
0001100001010010
0001100111001100
0000111101111010
0001000011110100
0000010100101000
0000111101111010
0001000011110100
0001011011011010
0001001111100110
0001111000110111
0010011100010000
0010010110010110
0001100111001100
0001001111100110
0001011011011010
0001111000110111
0001111110110010
0000100000011100
0001101101000110
0001100001010010
0001000011110100
0000110010000111
0000100110010100
0000100110010100
0000100110010100
1110111101000010
0000010011010110
0000010011010110
0000111010000010
0001000000000000
0001101100101000
0001100110101100
0010011100010000
0010001101011000
0000110111000100
0000110100000101
0000110100000101
0000101110001000
0001001011111010
0001011010110010
0001111110100000
0001101111100101
0010000111011010
0001110101100100
0001010100110011
0001000101111100
0000111010000010
0000110100000101
0001011010110010
0001000000000000
0000110111000100
0000100101001100
0000000111011100
1111101111101000
1111101100101010
1111100011101110
1111110101100110
1101100011110000
1101100011110000
1101100011110000
1101100011110000
1101100011110000
1101100011110000
1101100011110000
1101100011110000
1101101001000100
1101101010110100
1101101111101000
0001010001100010
0010010101011100
0010010001001010
0001111011001100
0001110101111000
0001100110110000
0001010101000100
0000111011000100
0000100111001000
0000000110110100
1111010110110110
1110001110011010
1101111011111110
1101101110010110
1101101110010110
1101101010110100
1101101110010110
1101101111000110
1101101101110110
1101101110110110
1101110000001000
1101101101010110
1101100011110000
1101100011110000
1101100011110000
1101100011110000
1101100011110000
1101100011110000
1101100011110000
1101100011110000
1101100110111110
1101100111010100
1101110111011000
0000111011010000
0010010011110110
0001111110101010
0001101111100101
0001101001110010
0001110010101000
0001100101100000
0001010010001010
0000011110010000
1111100100010110
1110100111101111
1110000000001000
1101111010110110
1101110011010110
1101101101101110
1101101101010100
1101110000011110
1101110010101110
1101110000111100
1101110001000110
1101101101010100
1101101100110010
1101100011110000
1101100011110000
1101100011110000
1101100011110000
1101100011110000
1101100011110000
1101100011110000
1101100011110000
1101101011000010
1101111011101100
1110100000001011
1110011100110010
1110101111100010
1110101110110000
1110011111111010
1110011000111000
1110010011111001
1110010110011000
1110011101010000
1110010010101000
1110011000010000
1110111010000000
1111000110101100
0000001011011100
0000101010101100
1111011100100100
0000000010000100
0000011011100110
0000100001110110
0000100111000100
1111110001111100
0000011001000000
1111101001000100
1101100011110000
1101100011110000
1101100011110000
1101100011110000
1101100011110000
1101100011110000
1101100011110000
1101100011110000
1101111110100010
0010011100010000
0010011100010000
0010011100010000
0010011100010000
1101110001001010
1101111010000100
1101110101100110
1110000111011110
1101111110100010
1110100010010000
1110101011001101
0001101111100101
0010011100010000
0010001110110110
0001000111011100
1111010111110100
1110110100000110
1110000011000000
1110100010010000
1101111010000100
1101111110100010
1110000111011110
1110101111101010
1110101011001101
0010011100010000
0010011100010000
0010011100010000
0010011100010000
0010011100010000
0010011100010000
0010011100010000
0010011100010000
0010011100010000
0010011100010000
0000010111100100
0000010111100100
0000001111001000
0000010100001100
0000001101110000
0000001000011010
1111111111010001
1111110011011000
1111011111101110
1111010000110110
1110000000111010
1110101101010010
1101111101010100
1111010101000010
0001110000100000
0010011100010000
0010000001111000
0010011100010000
0000101101110110
0001001110001000
0000010100010111
0000111110110110
0000110010111100
0001010100111010
0010011100010000
0010000001000100
0001100000110100
0001011101011010
0001101100101100
0001110011100000
0001101011000000
0001101110011010
0001001111110100
0000110001010000
0001010110101000
0001000111010110
0000110010111100
0001101001010100
0001110011100000
0001110000000110
0000111000000001
0001100101111010
0001010011001110
0001000010010000
0000101111100100
0001001110001000
0001001100011100
0001100000110100
0001100000110100
0001000010010000
0000010110010100
0000101111100100
0001001010101110
0000101001101110
0000000110110010
0001000001000010
0001111101001100
0010011100010000
0001110101011100
0001101001110010
0000110101011000
0000111011001100
0010001100101110
0001110111011000
0001000110110110
0010000001000100
0001100101111010
0001101011101110
0001111101001100
0001100101111010
0000110101011000
0001100000000110
0001010000100011
0001000010111110
0000101011101100
0000011010001110
0000111011001100
0001010000100011
0000100101110110
1111111001001110
1111111111000010
1111011010001010
1111101011001000
1111011010101100
0001000010011100
0001100011010100
0000111000010100
0001000110001110
0001011011101110
0001100010000100
0010000000011010
0001100010000100
0001000011101100
0001011001001100
0001111100101000
0000100110100110
0001010000010110
0001001010000000
0000110101110010
0001001000110000
0001110010100000
0001110110010010
0001101110101110
0001110101000010
0010001001010010
0010001110010110
0010011100010000
0001101010111010
0001100100100110
0001100101110110
0000010001000110
0001001100100010
0000011011001011
1111011001011010
1101100110000100
0010011100010000
1101100011110000
1101100011110000
1101100011110000
1101100011110000
1101100011110000
1101100011110000
1101100011110000
1110000111000100
1110100111101100
1110101010011011
1111010011001010
1111101110010110
0000010100010111
0000010100010111
0001001101011100
0001001101011100
0001000101010010
0001100101111010
0001101000101000
0001001101011100
0001100011001100
0000101100110110
0000101010001000
0010001110101010
0010010001011000
0001010101100101
0001100000011101
0001110011100000
0000111010011100
0001101110000100
0010001001001110
0010011100010000
0010001011111100
0001111000111100
0001111011101010
0010000001000100
0001010010111000
0000111010011100
1111111110101010