1110110111101000
0000000100011010
0000110100000101
0000101100001000
1110110101110110
1110010010100010
1110000011100010
1110001100010110
1101111100011110
1101110100100010
1110000111111100
1110101101000010
1110110011001100
1111010010000110
0000011010011110
0001100010111000
0010011100010000
0001111001110100
0000110011001100
0000110100000101
0001100010111000
0001101001111100
0000100110110110
0000010010100010
0000000111111100
0001001001010010
0001111010101110
0001110111001100
0001101001000100
0001011010111100
0001000110101000
0001001100110100
1110111010110000
1111100110010000
0000011000110110
0000101001101110
1110100100100100
1101100111010100
1101111011101110
1110000001000010
1110000110011000
1110000001111100
1110011000001001
1110101101011100
1110110011101010
1111010101011000
0000001001110000
0001000010100110
0010001111110100
0010011100010000
0001010011011100
0000111111000010
0001011101001110
0010001010100000
0001111110111100
0001011000110010
0001001100010110
0001001000110100
0001110110111110
0010001110000010
0010001001100110
0001010010100100
0001000010100110
0000011111111110
1111000110000001
1111100100010010
0000100100100100
0000101101011100
1110011111100110
1101111101100110
1101111001111010
1110001100011000
1101101010011010
1110001000101101
1110001110100110
1110101011011010
1110110100010010
1111001101011011
1111101101001010
0000111001111111
0010001001000010
0010011100010000
0001110010001000
0001001101001100
0001011011111110
0001101000100010
0001010001101000
0000111010101110
0000000100000100
1111111111101001
0000011111011010
0000111001111111
0001001000110010
0000100110110010
0000100110110010
0000100011000110
1111011010011100
1111111010000001
0001001011001000
0001000011100110
1110001100010101
1101111011000010
1110011110010110
1110000111110100
1101111010010010
1110010111100110
1110101111101000
1110110111001000
1110111100011010
1110111010111000
1111100110011110
0000011110000011
0001101001111010
0010011100010000
0010010111000000
0001001000111000
0001001100101000
0001101001001010
0001101111001100
0000101010110100
0000100111000100
0000001001110000
0001000010000110
0001110000101011
0001110101111100
0001001101011000
0001010010101000
0001000001010110
1110111111011000
0000001000001000
0001000001100000
0000011001010000
1110011101111110
1110001100110110
1110010111111111
1101101110000010
1101110001011100
1101110110100110
1110000011011100
1110011101001000
1110100001011010
1110010111001000
1110111101101010
0000001110111110
0001101011011100
0010011100010000
0010011100010000
0001100011110000
0001010001110000
0000111000111100
0001010001110000
0000111000000110
0000011000011010
0000011110011010
0001001101011110
0010000000000000
0010001111011010
0001011110100110
0001001000010110
0001000100111010
1110011101101100
0000000111111010
0000110010111010
0000101000011000
1111000010100100
1110001001100000
1110010010010010
1110000101000110
1110011000011010
1110001011010000
1110000110000000
1110011100110100
1110010100111010
1110101001111110
1110111010101010
1111010101000000
0001100010010100
0010011100010000
0010010001101110
0001010110111010
0001100001011100
0001100110101110
0001001100011000
0000100001010110
0000111001111100
0000111100100100
0001010010100000
0001111100101001
0010000011101010
0001010001101000
0001000101010110
0000010110110100
1110001110101100
1111110100011110
0001000111001010
0001000010011010
1111001010010100
1110011001000010
1110011100001111
1111001010010100
1111000110010110
1101110110000010
1110011101000000
1110110111010000
1110100000001100
1111000000110010
1111001110010100
1111101101010100
0001010000101101
0010011100010000
0010011010101010
0001101110111100
0001101010111100
0001111001010000
0001011011110110
0000111000000100
0001000110011000
0001000111111110
0001101000100100
0001101110111100
0001101010111100
0000110000000110
1111111110110100
1111111011101000
1111101101101000
0000001001001100
0001001001100010
0000101101111110
1111110110110100
1111001000110110
1110100100000111
1110010001101110
1110110110011110
1110101101010010
1110110110011110
1111010010000010
1111110110110100
0000000000000000
0000100100110000
0001110111100000
0010011100010000
0001011011111001
0001100101000110
0001101110010010
0001101110010010
0010011100010000
0001101110010010
0000101101111110
0000100100110000
0000110111001010
0001000000010110
0000110111001010
0001011011111001
0000101101111110
0001001001100010
0001001001100010
1111110001110010
0000100001001010
0000101010101000
0000111101100100
1111011110110110
1111000010011100
1110111000111110
1111000010011100
1110111000111110
1110000000001010
1101100011110000
1110111000111110
1111011110110110
0000000100110000
0001000111000010
0001000111000010
0010011100010000
0001101100111001
0001011001111110
0001011001111110
0001101100111001
0001011001111110
0001010000100000
0000111101100100
0000110100000101
0001000111000010
0010001001010100
0010001001010100
0001110110011000
0001101100111001
0001011001111110
0001000111000010
1111001101001000
1111011111010010
0000010101110100
0000011101000100
1111000101111000
1110010110101000
1110101100011100
1110110011101100
1110011101111000
1110101000110010
1110110000000100
1111000101111000
1111000101111000
1111011011101010
1111110101000110
0001000101000010
0010001101101110
0010011100010000
0001100101110000
0001000101000010
0001010111001110
0001111011100010
0001110100010010
0001000001011010
1111111100011001
1111110001011110
0000110110100000
0000111010001000
0000111101110001
0000010010001010
0000010010001010
0000100100010110
1101100011110000
1101100011110000
1101100011110000
1101100011110000
1101100011110000
1101100011110000
1101100011110000
1101101110010110
1101101101010100
1101101111010110
1110110001011000
0010000000000010
0001111000111110
0001100101010100
0001100000110001
0001011101110000
0001011010101110
0001001101101000
0000010100001010
1111100101110010
1111010100001010
1110111011011100
1110011011101100
1110001111000110
1101111000111010
1101110010011000
1101110011011000
1101100011110000
1101100011110000
1101100011110000
1101100011110000
1101100011110000
1101100011110000
1101100011110000
1101100011110000
1101100011110000
1101100011110000
1101100011110000
1101100011110000
1101100011110000
1101101010100100
1101101011100100
1101101111111000
1110101101100000
0000001111100010
0001001011001100
0000100011001000
0001001010001100
1111111001000110
0000000101100100
1111111100110000
1111010110101110
1111000100100110
1110101010001100
1110011011011010
1110001101101000
1110000110101000
1110000001101010
1110000000000000
1101111110001010
1101100011110000
1101100011110000
1101100011110000
1101100011110000
1101100011110000
1101100011110000
1101100011110000
1101100011110000
1101100011110000
1101100011110000
1101100011110000
1101100011110000
1101100011110000
1101101101010010
1101101011000010
1101111110110100
1111101111010100
1110100100011110
1111010011010110
1111000100101000
1111001010111000
1110101111001100
1110101011001010
1110100110100010
1110001110101110
1110011110010110
1110010011000000
1110100001000100
1110100001101110
1110110101000000
1110000100100100
1110100000101100
1110101011101000
1101100011110000
1101100011110000
1101100011110000
1101100011110000
1101100011110000
1101100011110000
1101100011110000
1101100011110000
1101100011110000
1101100011110000
1101100011110000
1101100011110000
1101100011110000
1111111011100010
1101111010000100
0010011100010000
0010011100010000
0010011100010000
1110011101110010
1101111010000100
1110011101110010
1110000011000000
1110000011000000
1101111110100010
1101111010000100
1110100010010000
1101111010000100
1110101011001101
1110000111011110
1110100110101110
1110011001010100
1110010100110110
1110111000100100
1101100011110000
1101100011110000
1101100011110000
1101100011110000
1101100011110000
1101100011110000
1111000001101110
1111000001110001
1111001100010100
1111000100111100
1111000000100110
1110111101011100
1110111100001100
1110111000011010
1110110011011100
1111000100101100
0000011001000011
0000011100100010
0000011111101000
0000100010111100
0000101001101000
0000101110011110
0000110000011101
0000101101001000
0000100111111110
0000101111010010
0000000110010000
1111101000000110
1110110110110100
1111100111101010
0000001000000100
0001000000111000
0000110011010000
0001111110010100
1111100110100100
0000001010111010
0000000111010010
1111101101110110
1111111100011001
0000101111010000
0001001111111100
0001110111111010
0010011000101000
0010011100010000
0010010001010110
0001100010001000
0001111011100010
0010000010110100
0010010001010110
0010000010110100
0001101001011000
0001011010110110
0001001111111100
0010001101101110
0010001101101110
0010010001010110
0001010011100100
0001111111001011
0001111011100010
0001110100010010
0010000010110100
0001111011100010
0001100101110000
0010000110011100
0001100010001000
1111000010001111
1111001010111110
1111111011101100
1111100111101000
1111100111101000
1111001000000110
0000001111110010
0000011000011000
0001000011011000
0001100000000010
0010011100010000
0001101000101001
0000111101100111
0001001110110110
0001110001010000
0001000011011000
0000101001100100
0000101001100100
0001001001000110
0001001011111110
0001100000000010
0001001011111110
0001011101001100
0001000011011000
0001000110010000
0000111010110010
0000100110101110
0000110101000010
0000110010001100
0000000100010100
0000101111010100
0000001100111010
1111101010100000
0000011101011000
0000100100011010
1111100100111111
1111000110011100
1111110011000100
1111111010001000
0000000101111000
0001101111100101
0001111001000000
0010011100010000
0010011100010000
0001010001000100
0001011111001010
0010000000000100
0001010011011010
0001000111101010
0001010001000100
0001111001000000
0001101010111010
0001010101110000
0001011111001010
0001011111001010
0001010001000100
0001101000100100
0000101001001000
0000111001100100
0001000010111110
0000101101110100
0000010011111110
0000110111001110
0000111110001111
1111110111110010
1110111011110100
1101100011110000
1101100011110000
0010011100010000
1101100011110000
1101100011110000
1110000011000000
1110001000001111
1101100011110000
1111011000111100
0000010000110000
1111111010011010
1111110010000100
1111011110100010
1110111111110100
1110101001100000
1111001101110010
0000110111110100
0001111010110010
0010000011001000
0001010011101110
0000111101011000
0010001011100000
0001110111111110
0000101001110110
1111101001101100
1111111010011010
0000101001110110
0010011100010000
0010000101111100
1111110100110110
0001101010000010
0010001000101110
1111011000111100
0000010000110000
0001010000111010
0001011100000011
1111110100110110
1111111010011010
0000001011001010
1111101111010000