1111001010011110
0000010001001100
0001011011010000
0001010111011100
1111101101110110
1111110011000110
1111100111001010
1111011111100000
1110111011001100
1111001001100010
1111011111100000
1111011011101100
1111101001100010
0000001010000001
0000101111010100
0001000110101110
0001110000010010
0010001000101010
0010001011100010
0001110101000100
0010010001010000
0010011000011100
0010011100010000
0010001100000000
0001111010110100
0001010110111110
0001001111010100
0001010110000000
0001100101110010
0001101110110110
0001011111000110
0001000010011010
1110101010111110
0000001011100100
0001000101000000
0000110000000100
1111100100110110
1111100100011010
1111010110001010
1111000110001000
1110011010100000
1110101100110000
1110101011111000
1110110110100100
1111000000010110
1111011100011000
1111101000110110
1111111000000000
0000011001110100
0001001010010110
0001110101000100
0010010111110100
0010010110111010
0010010110000010
0010000111110010
0010011100010000
0010010101100100
0001110000001100
0001101010011010
0001100001000010
0010000000101010
0010000110000000
0001110100100111
0001000111001110
1110011110110110
0000001111100110
0000101001110100
0000001011000010
1111100101001010
1111001000000010
1110111000101000
1110101010000100
1110011111010000
1110001111011100
1110100000100000
1110011001110110
1110101010000100
1110111101001110
1111010101010110
1111100101001010
0000000001011110
0000011110001010
0001010110010110
0010001101010010
0010011100010000
0010000111111000
0010000001001100
0010010011100000
0010001010010110
0001101111101110
0001101110011110
0001101001000100
0010001101101100
0010001110111100
0010000000011000
0001010111001100
1110011000111100
0000001101101110
0000011101110110
0000011100100100
1111011010010100
1110110101010000
1110110000011110
1110101010110010
1110011101101110
1110001001101010
1110010101000000
1110011000111100
1110100010111100
1110110111011100
1111000010010100
1111010010111000
1111101110110010
0000001110001010
0001000100101010
0010001101111000
0010011100010000
0010010000011110
0001110101000010
0010010011100010
0010001100001000
0001100100000010
0001101010001000
0001100011100110
0010001101111000
0010011001101000
0010001010011000
0001100000100010
1110011001110000
0000001010110000
0000010010000100
0000010001101000
1111011111110000
1110100101101000
1110101100100000
1110011100111100
1110000001100000
1110000010011010
1101111001010000
1110001010101010
1110001011100100
1110100001000100
1110111100100000
1110111011100110
1111101100100100
0000001001011000
0001001000100010
0010000000110100
0010011100010000
0010010110010100
0001111101100110
0001111111011100
0010000010001010
0001100000010011
0001100011100000
0001100000110001
0001111110100000
0010001100010000
0010000001010000
0001100111001100
1110011001001110
0000001011011010
0000010010101110
0000010010101110
1111011100011000
1110100001011100
1110100011010000
1110011011100000
1110000011101110
1110000100101010
1101111001001110
1110000101100100
1110100100101000
1110110011010000
1110111110001110
1111010110111000
1111101011011100
0000001111000100
0001000000011010
0010001110000110
0010011100010000
0010011001000100
0001110101111000
0010001010011100
0010001110000110
0001011100110000
0001100100100000
0001001100010100
0001101010111010
0001111111000000
0010000001010010
0001101011011000
1111001111100000
0000010101010000
0000110010011010
0001001010011110
1111010111001000
1110100101000010
1110100001010000
1110010110011110
1101111101000110
1101101101111010
1101100011110000
1110010101001100
1110011110000100
1110011011100010
1110011100110100
1110111011001110
1110111000000100
1111101101010100
0001001110010010
0010000011100010
0010011100010000
0001111000110000
0001101110101000
0001111111000110
0001110101100110
0000111000101110
0000111101110100
0000000001100110
1111111010101000
0000010111001000
0000011111011000
0000100110111110
1111011011010000
0001000000010110
0001001001100010
0001000000010110
0000101101111110
1111110110110100
1111110110110100
1111011011010000
1111010010000010
1111100100011100
1111010010000010
1111001000110110
1111101101101000
0000100100110000
0001010010101110
0001100101000110
0001100101000110
0001110111100000
0001110111100000
0001101110010010
0010010011000100
0010010011000100
0010011100010000
0001110111100000
0001101110010010
0000110111001010
0001000000010110
0001010010101110
0001011011111001
0001010010101110
0000110111001010
0000011011100100
1111000110110110
0000000011110100
0001100110111010
0001100110111010
1111110100100100
1111100101010100
1111101100111100
1111010110000110
1111000110110110
1110101111111110
1111010110000110
1111010110000110
1111101100111100
0000010011000100
0001000000110010
0001010000000010
0010010100101000
0001011111010010
0010000101011000
0001110110001000
0010011100010000
0010011100010000
0010011100010000
0001101110100010
0001101110100010
0001100110111010
0001000000110010
0001001000011010
0001101110100010
0001001000011010
0001100110111010
0000011010101100
1110010010110010
0000000001101100
0000010101110110
0000011001001100
1111000001110110
1110111110011110
1110100110111110
1110100000001110
1110011001100000
1101111011010010
1110000101010110
1110010010110010
1110101010010100
1110100110111110
1110100011100110
1111000101001100
1111100110110100
0000001011110000
0001000100111000
0010001011011100
0010011100010000
0010000001011000
0001001110111110
0010010101100010
0010000001011000
0001100011001000
0001010101101100
0001010010010100
0001111010101010
0010001011011100
0001111110000000
0001001000010000
1101101001010010
1101101000111100
1101101001010010
1101101001110110
1101101010100010
1101101011011100
1101101010001100
1101101010101110
1101101001101010
1101101010101110
1101101111001100
0001101110011110
0001110001111000
0000110101101000
0000001111100011
1111101010000000
1111011011101110
1111001011101000
1111000010010100
1111000010101100
1111000001011100
1110100101001100
1101111111101000
1101111000110110
1101111100110010
1101111001100100
1101110001111000
1101101001001000
1101101001011110
1101100011110000
1101100011110000
1101100011110000
1101100011110000
1101111100101100
1110001010011000
1110010101100010
1110010101101010
1110010110100100
1110100010010000
1110100111101000
1110100100111110
1110101000001000
1110110111011100
1110001110111110
0000110011010010
0001110001100000
0010001101101000
0010000001000110
0001001101011100
0000100100001010
1111110101011000
1111100011001110
1111101101101010
1111001100111100
1110001011001010
1101110100001000
1101110001100010
1101110101110010
1101110000001010
1101101100111000
1101100111110010
1101101000000000
1101100011110000
1101100011110000
1101100011110000
1101100011110000
0001001000111010
0001111011111100
0010011001101000
0010011100010000
0010011100010000
0010011100010000
0010011100010000
0010011100010000
0010011100010000
0010011100010000
0001000110110100
1110111001011000
1111010001001000
1110110101101000
1111000111001000
1111000111110000
1111100100110101
1111100100110101
1111100000110000
1111100101011100
1111001011001100
1110001101111100
1110010110110010
1110100110111101
1110010100101100
1110001001010000
1110010001000100
1101100011110000
1110000110101000
1101100011110000
1101100011110000
1101100011110000
1101100011110000
0010011100010000
0000000000000000
1110010000011011
1110011001010100
1101101000001110
1101110001001010
1101101000001110
1101111110100010
1110000011000000
0000101000001100
0010011100010000
0010011100010000
1101110001001010
1101100011110000
1101100011110000
1101100011110000
1101100011110000
1101100011110000
1101100011110000
1101101100101100
0000111010000010
0010011100010000
1111000101111110
1110010000011011
1110010000011011
1111001010011100
1111100000110000
1111011100010010
1110101111101010
1101100011110000
1101100011110000
1101100011110000
1101100011110000
0000110100100010
0000110101110010
0000110101100000
0000110110010110
0000110111111100
0000111011011110
0000111011011010
0000110111010000
0000101011101000
0000010001010010
0000100111100110
0000101001110110
0000101110111110
0000110100111100
0000111110001010
0001001001101110
0001010111111000
0001100111100000
0001110110100010
0001111110010000
1111100111000000
0000011011100100
1110001011100100
1110101101010000
0000101000010110
0001100010010000
0001110001110110
1111111001100000
1110011100000110
1110111110000100
1111011011111110
1111111110010010
1111111010100000
0000010110110100
0000100110100100
0001000101000100
0000111111011010
0001000010010000
0001011010110010
0001111001000000
0010001001101100
0001110100100110
0001011000100101
0001010010010010
0001010010111100
0001101010001110
0010000000010000
0001100000110001
0001101101000010
0001101000000000
0001110111011100
0010010110100110
0001111000101100
0001101000101000
0001111110010110
0010011100010000
0001111101000110
0001110100100110
0001010011100100
0000000111011010
1110001001100110
1110110010001000
1111001111001000
1111101100110110
0000001000000110
0000000100001100
0000011011010010
0000110001001000
0000110001001000
0000101011101110
0000110010100101
0001001100011010
0001001000111110
0001001111010110
0001001011011100
0001001000011110
0001010000100110
0001000111111110
0001010001100100
0001011100010111
0001101010011000
0001100111101100
0001111111000000
0010001100110010
0001111101110010
0001111010000110
0010000010111100
0010011100010000
0010011000000100
0010001011010100
0001110001110000
0001010100110000
1101101010000000
1110000111001100
1110101010011000
1111010111101111
1111011001001010
1111011111011000
0000000001001000
0001000010010110
0001000000101010
0000110001101000
0000110011111010
0001001111101100
0001000110010100
0000111010111110
0000111100000111
0000110100110000
0001001011011100
0001010011011000
0001011101111000
0010000001111000
0001110000100110
0001110010010010
0010000101110110
0010011100010000
0001111001101010
0010000010001010
0010010000101000
0010011001001000
0010011001111110
0010001111001110
0001111010110010
0001000110010100
1101111100010000
1101100011110000
0010011100010000
1101100011110000
1101100011110000
1101100011110000
0000000000000000
0010011100010000
1101100011110000
0000010100100000
0000011100001100
0000000000000000
0000101011100010
0000100001010100
0000111000010101
0001000111101110
0001101011100110
0010011100010000
0001100011111010
0001001111011010
0001100011111010
0000111101011110
0000010100100000
0000110101110010
0001100001010110
0001011110110010
0001000000000010
0001001010010010
0001000000000010
0000100001010100
0000111101011110
0000110000101010
0000001010010000
0000000111101100
1111111000010100
1111110101110000
0000001100110100
0000110101110010
0000000111101100
0000000111101100
1111001111010110