1101100011110000
1111000011001100
1111000110100010
0000001001000100
0000010101001010
0001011111000110
0001101110100100
0001000010111000
0000101000101010
0000010100100000
0000011101001110
0000001010011010
0000101001010110
0000011111111100
0001000100001110
0001000110111010
0001101011001100
0001110100100110
0001010111000010
0001100111110110
0001001000111010
0001011110011100
0001001110111110
0001111100000000
0001110100100110
0010011100010000
0010011010111010
0010001110001000
0010001011011100
0001101110100100
0001110111111110
0001011011101110
1101101111100010
1111011000011000
1111011100111100
0000011100100000
0000011110011110
0001111111011100
0010001001010000
0001010100001011
0001010111011110
0000100110010100
0000110110101110
0000110110101110
0001001100111110
0000111100100110
0001010110110100
0001100101001110
0010000100101010
0001111100001010
0001111111011100
0001101101000110
0001100000100111
0001011111010100
0001110110010000
0010000100000000
0010001011111000
0010011100010000
0010011000111110
0010010101000010
0010010101101100
0010000001011000
0001111100110100
0001010110001010
1110001000011010
1111111010011010
1111110111001110
0000111110001100
0001000100100100
0010010001000110
0010000100010110
0010010101111000
0010000010110000
0001100010000100
0001001111101110
0001100101010000
0001001011101110
0001101010000010
0001010100011111
0010000010110000
0001101111100101
0010010101111000
0001111110110000
0001111001111110
0001011001010010
0001011000100000
0001011110000100
0010001001111010
0001111000011000
0010011000010000
0010001011100000
0010011100010000
0010000101111100
0010000001111100
0001110110110010
0001011001010010
1110010100110000
1111101011100000
1111111101001100
0000101011110010
0001010111001010
0001110101101100
0010001000001010
0010011100010000
0001011010011000
0001001011111010
0001000011111000
0001000000101010
0001010111001010
0001010001100010
0001100100110100
0001110000000011
0010010011011010
0010010000001100
0000111101011110
0000110100101000
0001001011001000
0001000000101010
0001000111111010
0001011001100100
0001100101101000
0001101100000100
0001111111010101
0001110100000110
0001110001101100
0001110101101100
0001110000111000
0001001101100010
1110001011111000
1111010000100010
0000000000010111
0000011001110110
0000111110111000
0001011001001000
0010011100010000
0010001100110100
0000101010000100
0000010110000000
0000100010010110
0000100000110010
0000011111010000
0001000011100000
0000110000001110
0000111110111000
0001110101101010
0001111100101000
0000110001000000
0000010010001000
0000111100100100
0000101101001000
1111111100100010
0001000110100110
0001001110010100
0000101101111010
0001010011101110
0001111000000000
0001110101101010
0001000110100110
0001010011101110
0001011000010110
1110001011111100
1111011001111000
0000011101111100
0000110100000101
0001011100010010
0010000001001100
0010011100010000
0001111111100010
0000110100111010
0000010000110100
1111110111011000
1111111110110010
0000001100101110
0000011001110110
0000011001000010
0001100000011000
0010000000011000
0001010001101000
0000001001011100
1111111101001000
1111111100010100
1111110110100100
0000010111011000
0000100000011010
0000001110010110
0000110001101000
0001001111111110
0000111111100100
0001011010101000
0001000110111100
0000111001000000
0000010001101000
1110010111110110
0000111110001111
0000101101101110
0001001010111100
0001101111110010
0010011100010000
0001110111011010
0001011010001100
0000010011000100
1110111111001110
1111001010101010
1111000011000010
1111100101010100
0000101001111010
0000100001000010
0001111000101100
0001100110111010
0000100011100100
0000001101111101
1111011110111110
1111100111111000
1111011000101000
1111010011100010
1111011110111110
1111100001100000
0000010011000100
0000001000111010
0000110001100010
0001100100010110
0001000101111000
0000010001110010
0000000110010110
1110001010110100
1110111001101100
1111000001100000
0000001111101000
0000111110100000
0001100101100100
0001101101011000
0001001110001000
0000100111000100
0000100111000100
0000010111011100
0000000111110100
0000010111011100
1111111000001100
0000110110101100
0001010101111100
0001011101110000
0001100101100100
0001110101001100
0001001110001000
0001011101110000
0001011101110000
0001110101001100
0001110101001100
0001110101001100
0010000100110100
0010011100010000
0010011100010000
0001010101111100
0001011101110000
0001010101111100
0001110101001100
1101101000111110
1111001011111011
1111010001001000
0000001010011010
0000001111101000
0001011101110000
0001101101011000
0001001000111010
0000101110111000
0000001111101000
0000011010000010
0000001010011010
0000100100011110
0000011010000010
0001000011101110
0000111110100000
0001101000001010
0001101101011000
0001001110001000
0001011101110000
0000111110100000
0001011000100010
0001000011101110
0001101101011000
0001101101011000
0010011100010000
0010010001110110
0010000010001110
0010000010001110
0001110010100110
0001110111110001
0000111110100000
1110000001100000
1110111101000010
0000010010100110
0000100101001100
0001000110101100
0010000101111100
0010011100010000
0001101000001010
0000100101001100
0000100001011110
0000001011001010
0000000011101110
0000110100000101
0000101100101010
0000111011100010
0001111010110010
0010010001000110
0001011100111111
0000011010000010
0000100001011110
0000000000000000
1111101101011010
0000111011100010
0000110100000101
0000001011001010
0001011100111111
0001101111100101
0001001110001000
0001110011010100
0001110011010100
0001011001010010
0000011010000010
1101100011110000
1101100011110000
1101100011110000
1101100011110000
1101100011110000
1101100011110000
1101100011110000
1101100011110000
1101101110011000
1101101101010100
1101101100010000
0000111011001010
0001111001001110
0010010110011010
0001010010100000
0000110000000010
0000010111000101
1111110000010110
1111101111110100
1111110011100010
1111011001100010
1110101010110110
1110001000010110
1101111101001110
1101101110011000
1101101101110110
1101101111111100
1101101111011100
1101110000011110
1101101101010100
1101110001000000
1101110010000100
1101101110011000
1101100011110000
1101100011110000
1101100011110000
1101100011110000
1101100011110000
1101100011110000
1101100011110000
1101100011110000
1101100110011100
1101100110001100
1101101010010100
0000011001111000
0010001010111110
0001101111000110
1111101001000100
1111001100010010
1111000101011110
1110111110101110
1110110001111010
1110011101110000
1101111100110010
1101110001010100
1101101100100000
1101101011011000
1110010100111100
1110110000001100
1110111111000110
1111011011000100
1111111010001010
0000111011100010
0000001100000010
0000000011010110
1111000101101010
1101100011110000
1101100011110000
1101100011110000
1101100011110000
1101100011110000
1101100011110000
1101100011110000
1101100011110000
1101101110110000
1101100110111000
1101110011111000
1111010001001000
1111001101011110
1110101111010000
1110101101001100
1110100111111110
1110101011101000
1110101010000100
1110100100010100
1110100010010000
1110010000000000
1110001010110100
1110011000010110
1110110001010110
0010011100010000
0010011100010000
0010011100010000
0010011100010000
0010011100010000
0010011100010000
0010011100010000
0010011100010000
0010011100010000
1101100011110000
1101100011110000
1101100011110000
1101100011110000
1101100011110000
1101100011110000
1101100011110000
1101100011110000
1110011101110010
1110000011000000
0010011100010000
0010011100010000
0010011100010000
1111001110111010
1111000101111110
1110001011111100
1101111010000100
1110000011000000
1111010011010110
0010011100010000
0010011100010000
1110100010010000
1111001110111010
0010011100010000
0010011100010000
0010011100010000
1101110001001010
1101110001001010
1101111010000100
1110000111011110
1110000111011110
1110001011111100
1111100000110000
0010011100010000
0010011100010000
0010011100010000
0010011100010000
0010011100010000
0010011100010000
0010011100010000
0010011100010000
0010011100010000
0010011100010000
0001110111001001
0001110011010000
0001101011111000
0001100100000010
0001100001010110
0001100010010110
0001011100000011
0001001110110100
0000110111001100
1111111111111110
1110001011010110
1111001000110110
1101100110010000
1110111011111110
0001000100000010
0010000100100110
0010010001010100
0010011100010000
1111111110011110
1111101100010010
0000101100000000
0010000111000000
0001111101111010
0000111110001100
0010001101000110
0001110100110100
0010010110001100
0001101110110000
0000110101000110
0001101011101110
0010011100010000
0010010110001100
0000101000111110
0001011001100000
0001011001100000
0000101000111110
0000100010111010
0001001101011000
0000010110110000
0000101100000000
0000011111110110
0001010000011001
0000001101101010
0000100010111010
0001111101111010
0001101011101110
0000100010111010
0000101100000000
1111100000001010
1101111100000010
0000100110010000
0000010010100100
0000111110010010
0010001100111100
0001100101101000
0001011100111000
0001101100001100
0010000110011010
0001110000100001
0010001000100110
0001111011011110
0001010110010100
0010011100010000
0010010111111000
0000111001111010
0001010001111100
0000110111101101
0001100101101000
0001111001010010
0001001011011010
0001010001111100
0000110111101101
0001100111110100
0001010100001000
0000111100000110
0001000010101010
0000110101100010
0000100001111000
0000101010101000
0000101110111110
0000101000011011
1111001010011110
1111101100011110
1111010110001010
0000011110101100
0000110010001110
0001001000100010
0001000000001100
0001110010011010
0010011100010000
0000101100101010
0001010110100000
0001101100110100
0001011100000011
0010011001011110
0001110010011010
0001011100000011
0000110010001110
0001100111010000
0000110111110100
0001001110001000
0000010110010100
0000010110010100
0000111101011000
0000101111011100
0000100100010010
0001000101110000
0001001000100010
0000110010001110
0000011001001000
0000111101011000
1111101111010000
0000010000110000
1110110001111000
1101100100001000
0010011100010000
1101100011110000
1101100011110000
1101100011110000
1101100011110000
1101100011110000
1101100011110000
1101100011110000
1101101111011100
1101111100110100
1110000011100001
1110011100100100
1110000110110110
1110001111001100
1110001111001100
1110110010010010
1110111111101010
1110111111101010
1110110101101000
1111010101011000
1111011010011010
1111010111000100
0000010011001110
0000010100111000
1111111111001010
1111110001110010
1111111101100000
1111111111001010
0000110110010100
0000111110101010
0001000101010110
0001000101010110
0001010110000100
0001111010110100
0010010010001110
0010011100010000
0001111111110110
0001010010101110
0001100101000110
0001010010101110