1110100000110110
1110111110001000
0000100101001110
0001000011001010
0001000100011010
0000100000110010
1111110101100000
1111110101100000
1111100110001110
1111001111010100
1111111001111110
0000000110000010
0000100000110010
0000110111101100
0001100011100110
0010001100111110
0010010001011100
0010010100101000
0010011100010000
0010010110100010
0010010000110010
0001111001010000
0001001101010110
0001010010011010
0001000101000100
0001000110111110
0001100110001010
0001110111111110
0001111101101100
0010000101111110
0001111110111110
0001101000000100
1110011000101110
1111010011100100
0000011011111110
0001011111101000
0001010001011111
0000100111101110
1111111111101110
0000000010000100
1111101110000100
1111110011010110
1111111101010110
0000010001011000
0000100001010000
0000111100111010
0001110110000000
0010001110101110
0010011100010000
0010001010000000
0010010010010000
0010011011000100
0010010110011000
0001100101100010
0001010010000110
0001001011101000
0001001100001110
0001001110100100
0001100011001010
0001110101011010
0010000010111100
0010010001101010
0010001010100110
0001111001100010
1110001100000100
1111010111001010
0000100000000010
0001011100001101
0001000111110010
0000010010001110
1111110110000100
1111111000010010
1111101011100100
1111101100101100
1111110110000100
0000010001101010
0000011000010010
0000110111110000
0001110000101000
0010010111010010
0010011100010000
0001111100110010
0010010101101000
0010010111010010
0010001100110010
0001101001011110
0001001000111000
0001000001101100
0001000001001010
0001001011000110
0001100000000100
0001100010110110
0010000001001100
0010000111110100
0010000101000100
0001110111110100
1110011101011010
1111100001101110
0000110111111110
0001010001101000
0001000010001000
0000010000101110
1111111010011100
1111110001101110
1111011111110010
1111011111010010
1111101110010100
1111111110010100
0000011000111100
0000101101010100
0001011111001110
0010010100100000
0010011100010000
0010000110111100
0010000100100000
0010010100000000
0010001110001100
0001100011100100
0001010000001100
0000111000111100
0000111000111100
0000111101010010
0001001101110000
0001011111101100
0001101011110011
0010001010110100
0010001011010010
0001101100010001
1110010111011000
1111001101001110
0001000100001010
0001011100110101
0001010000100000
0000000001111110
1111110010010000
1111100000010100
1111100101111010
1111011000011100
1111100100001110
1111110111010100
0000001100000100
0000101011011110
0001010001000100
0010001010010010
0010011100010000
0010010100111110
0010010010001010
0010011010100100
0010000101110100
0001100001111010
0000111010000100
0000101010010110
0000011001100010
0000100001011000
0000100111000000
0000111110000000
0001001111111100
0001101000000100
0001100010011110
0001011011001010
1110011111101000
1111011100111110
0001100010100100
0010000000100000
0000110100100011
1111101001011000
1111011010000010
1111011010110000
1111000001001110
1110110110010000
1111001011011101
1111100010000100
1111110011100110
0000001001100000
0000101010010110
0001010011010000
0010010111111000
0010011100010000
0010010111001000
0010011010000100
0010001010101110
0001011011010010
0000011010010001
0000010010111110
0000010000110010
0000100011000010
0000111001101011
0001001001000000
0001111000011110
0001111110010100
0010001000100010
0001100111101100
1110011010000010
1111011111110100
0001000100101000
0001011011001000
0000000010101110
1111001110110000
1110110000100010
1110110101111100
1110111011011000
1110101110111111
1110101000000000
1110011101111010
1110111001000100
1110111001110100
0000010001011100
0001011000000000
0010001111000100
0010011100010000
0010000000010110
0010000111010100
0001110111000010
0001001000100000
0000001000001010
1111110010011100
1111111001011010
0000001011010000
0000010000101010
0000010111101010
0000111000001110
0001011111110010
0001001101111100
0000111010100010
0000000000000000
0000010011100010
0000100111000100
0001000100011000
0001000100011000
0000111010100110
0000001001110000
0000100111000100
0000011101010100
0000001001110000
0000001001110000
0000010011100010
0001000100011000
0001010111111000
0001100001101010
0001101011011100
0001101011011100
0001111110111100
0001111110111100
0001111110111100
0001110101001100
0010011100010000
0001101011011100
0001010111111000
0000011101010100
0001100001101010
0001111110111100
0001100001101010
0010001000101110
0001110101001100
0001101011011100
0001001110001000
1110100011110110
1111000011111010
0000011100000010
1111111100000000
0000110100000101
0000100100000100
0000010100000010
1111110011111110
1111101011111110
1111110011111110
1111111100000000
0000011100000010
0000110100000101
0001001100001000
0001100100001010
0010001100001110
0010001100001110
0010001100001110
0010011100010000
0010010100010000
0010010100010000
0001101100001100
0001100100001010
0001011100001010
0001011100001010
0001011100001010
0001101100001100
0001110100001100
0001110100001100
0001110100001100
0001110100001100
0001100100001010
1101111101110010
1110110100110010
0001000010100100
0001011001101100
0001000010100100
0000011010000010
1111101011110000
1111110100011100
1111111101000111
1111100101111110
1111101000110110
1111111010001110
0000001011100100
0000001110011110
0001001110001000
0010001101110010
0010011100010000
0010001010111000
0010000101000110
0010001010111000
0010000101000110
0001011001101100
0001001000010110
0000101110010010
0000101110010010
0000101000100000
0000101110010010
0001000010100100
0001010110110100
0001111100011010
0001110011110000
0001011001101100
1101100011110000
1101100011110000
1101100011110000
1101101000110100
1101101001010110
1101101011001110
1101110000000000
1101110100100010
1101101110001000
1101101110111100
1101110110001000
0001000100111100
0010001100010010
0001101001101100
0001100010001110
0000111011101000
0000100110111000
0000000000010010
1111101100100100
1111010010001110
1111000010100000
1110011100011100
1110001010000110
1110000001100100
1101101110001000
1101101110011010
1101101011110000
1101100011110000
1101100011110000
1101100011110000
1101100011110000
1101100011110000
1101100011110000
1101100011110000
1101100011110000
1101100011110000
1101100110011100
1101100110100100
1101111010100110
1110001011101110
1110001001010110
1101111100010000
1101110011010110
1101110001101010
0000101101101000
0010001010101110
0001011000010110
0001011001100000
0001010010110110
0000111011001110
1111101001010010
1110111001001000
1110011000101010
1110000111100100
1101111010001100
1101110010101010
1101110100000000
1101101010101110
1101101010111000
1101101000101110
1101100011110000
1101100011110000
1101100011110000
1101100011110000
1101100011110000
1101100011110000
1101100011110000
1101100011110000
1101100011110000
1101101011000010
1101101111001100
1110001001110000
0001011011001000
0000111101011100
0000101001101010
0000100000010010
0000001000010100
1110100010010000
1111000100001110
1111000100001110
1110110100100110
1110101100110010
1110101011101000
1110010101110000
1110000010001110
1110001000000101
1101101110101100
1110001010110100
1101110001010010
1110011010111100
1110100000101100
1110001001010000
1101101111001100
1101100011110000
1101100011110000
1101100011110000
1101100011110000
1101100011110000
1101100011110000
1101100011110000
1101100011110000
1101100011110000
1110100010010000
0010011100010000
0010011100010000
0010011100010000
1110000111011110
1111001110111010
1111001010011100
0010011100010000
0010011100010000
1110100110101110
1101110001001010
1101100011110000
1101110001001010
1110010100110110
0000011010110010
1110011101110010
1110111101000010
1101111010000100
1111011100010010
1110010100110110
1110111000100100
1111001110111010
1110000111011110
0000000000000000
1101100011110000
1101100011110000
1101100011110000
1101100011110000
1101100011110000
1101100011110000
0010001011100010
0010010000000000
0010010010110100
0010010100000110
0010010101101100
0010010101010110
0010010111000000
0010010110011110
0010010100010000
0001110011101110
1111100110100100
1111100100101000
1111101000111110
1111100111000100
1111101000000001
1111101001100000
1111100111100000
1111100100010110
1111011111100100
1111011000111100
0000011011000110
1111110011001000
1101101111011000
1110101111111110
0000101110000001
0001110000110010
0001110000010110
0010011100010000
1110010001011000
1111001100100110
0000001001001100
1111111110111110
1111111100010000
1111111100111100
0000011000110110
0000110101011100
0000111100111100
0001000101110010
0010010110110100
0010011000110110
0010000001000010
0001110100000110
0010001101010010
0010010100000110
0010010010000010
0010001011001110
0010011100010000
0010010001010110
0010000010011000
0001100000010110
0001110100000110
0010000001101100
0001110101011100
0001110010000010
0001111000110110
0010011010001110
0010000011000100
0001111000001010
0001001100100110
0000100010011000
1110101100000010
1111100101100100
1111100110010000
1111110001101000
1111100100001110
1111111001101010
0000010000011010
0000100101110100
0000111101001110
0001011111010110
0010011100010000
0010011001100100
0010000000001010
0001110010110000
0001111000110010
0010000111100000
0010000100110110
0010010000111000
0010010001100010
0001111100001000
0001101110110000
0001111001011110
0001110000000110
0010000001011110
0010001000110110
0010000000001010
0001100100101101
0001110000000110
0001101100000100
0001110110110010
0001011100101011
0000111110100100
1111001110110110
1111101011010000
1111101110001010
1111110100101110
1111110000010110
1111101001110010
0000000111101010
0001000001001100
0001110011011110
0010001100001110
0010011100010000
0010000001010100
0001111100111100
0001110011011110
0010011000100110
0010001000100110
0001100111000100
0001110010101110
0001110010000000
0001110010101110
0010000010000010
0001100100110111
0001101000100010
0001111110011000
0001111111110110
0010000100001110
0001101001010000
0001000111000010
0000100001001010
0001000001001100
0000011100110010
1111011101011010
1110110110111110
1101100011110000
1101100011110000
0010011100010000
1101100011110000
1101100011110000
1101100011110000
0000001111101000
1101100011110000
1111010111010001
0000001111110110
0000010010001000
1111011110000010
1111111101110000
1111111101110000
0000000010010000
0000101111100100
0001110011100000
0010011100010000
0010010111101110
0000111111011010
0000010100010111
0000100110100000
0001001101000000
0001011010100110
0000100110100000
0000001011010100
0000101000101111
0000011101011100
0000101011000010
0000100100001110
0001010011110010
0001000110001100
0001001111010000
0001101010011100
0000101111100100
0000101101010010
0000001011010100
0000101000101111
0000000010010000
1111100111000111