1110110001111000
0000000000101110
0000111111101010
0001000100101110
0000000100010110
1110101010101010
1110100101100100
1110001100111110
1110010010000010
1101111001011100
1110000011100110
1110111100101110
1111111010111100
0000101111000010
0001110000110101
0001101111011010
0001000100101110
0000101010101100
0000101001111110
0001101000001010
0010010101110000
0010011100010000
0010000111010010
0001100011110100
0001101000111000
0001100011000110
0000101000100000
0000010101101100
0000111011010100
0001110100011101
0001110110101000
0001000100101110
1110011110110110
1111111001001100
0000101011110000
0000100010101010
1111001110100100
1110100110110011
1110001011100011
1110000100101110
1110000000001010
1110000010011100
1101111000110010
1110011000100110
1111000000111100
1111011010100000
0000011010000111
0001100100000000
0001110100011101
0001001110111110
0000110000111000
0001000100001100
0001110111111000
0010010100010010
0010011100010000
0001101001101100
0001101101101010
0001011111011110
0000100110000100
0000001010110010
0000010110101110
0000111111101000
0000111000110100
0000011011010010
1110010111000000
1111110010100000
0000100000010000
0000001111101110
1111000010000000
1110011000000110
1101110111000010
1101110100010010
1101101001010000
1101101111111000
1101110010000110
1101110101111100
1110100100110010
1110111111110010
1111011001101100
0000100111111110
0001110100100100
0001110111010011
0000111010101100
0000101010101101
0001010100000100
0001111010000110
0010011100010000
0010001011001010
0001110100000010
0001110000001010
0001001001100100
0000011110100110
0000110001010100
0001000010111110
0000110110110110
0000010100001000
1110101010111110
0000001001011000
0000100110101010
0000010010110010
1110111110010100
1110100000011110
1110000100111000
1101111101101100
1101110100111000
1101110011110000
1101101100100110
1110001000110000
1110011010011010
1110111001010110
1111001010011100
0000011001111100
0001101010000000
0010000001110000
0001011101111000
0000100101100010
0000110000000010
0001111010100100
0010011100010000
0010010110001100
0001111111000000
0001111110011100
0001101101010100
0000110101100100
0001000000100110
0001010111110010
0001000011111010
0000000011111000
1111000011010000
0000011001011110
0000111110100000
0000100010001010
1111000011110100
1110100010110111
1110001101011010
1101110110110110
1101100110101010
1101110010110010
1101110101101100
1110011000011010
1110011111010110
1110110100001100
1111001010110000
0000001011000000
0001110010000000
0010010101010100
0001111011110110
0000111100110000
0000111111101010
0001101000110000
0010011100010000
0010011001010110
0001111110001010
0010001101110010
0010000110110110
0001011100000000
0001101101011000
0001110111001110
0001011101110000
0000010011101100
1111011101001100
0000100010110100
0001001011010100
0000111111011010
1111101100000100
1110110010010100
1110100110011010
1110101001011010
1110011101100000
1101110111011010
1110100010010000
1110110001101110
1110110000100010
1110110001101110
1111011010001100
0000001100110100
0001101010010000
0010011100010000
0010001000100110
0000111110110100
0000111101100110
0001111101010100
0010011000101100
0010001101011000
0001110011110010
0010000110001110
0010000110110100
0001110011001100
0001000101010110
0000111110110100
0000101011110000
1111110000001110
1111111111001100
0000101000000110
0001101011001010
0001101100110100
0000000100000110
1111011111010010
1110111100000110
1110100110110110
1101111001110110
1110001101011110
1110010100110110
1110010000110000
1110100100011000
1110001010001100
1111000000001100
1111011111010010
0000100110011100
0001111101001010
0010001000101000
0000111011101110
0001001000110100
0010010100000100
0010011100010000
0010000100100010
0001100010001010
0001101111010000
0001011000010110
0010001100101110
0001111011100010
0000101100001100
0000010110000110
1111111001011111
0000100110010100
0000110010000111
0001101101000110
0001110010111110
0001001111100110
0000001110110000
0000011010100010
0000000010111100
0000001110110000
1111011001101100
1111111101000100
0000000010111100
0001000011110100
0001100001010010
0001110010111110
0000111101111010
0001010101100000
0001011011011010
0000111101111010
0001011011011010
0001101101000110
0001001111100110
0001001111100110
0001011011011010
0000111101111010
0001100001010010
0001000011110100
0001011011011010
0010000100101010
0010010000011110
0010011100010000
0010001010100100
1110111101000010
1111011010110100
0001100000101110
0001101000001010
0000000111011100
1111010011010110
1111000100011110
1111001011111011
1111000100011110
1110111101000010
1110111101000010
1111001011111011
0000011101110000
0001100000101110
0001110111000100
0001011001010010
0000001110111000
0000000000000000
1111100010010000
0001000010111110
0010001101011000
0010011100010000
0001101000001010
0001010001110110
0000101100101010
0001010001110110
0001000010111110
0000110100000101
0001100000101110
0010011100010000
0010010100110100
0001101000001010
1110101111000100
0000100000000000
0001000001111000
0000100111100010
1110100011110000
1110100000000001
1110100000000001
1110010000111100
1101101011010010
1101111110000110
1110001101001010
1101110110100100
1110111010010110
1110101011010010
1110111110001000
1111110010110100
0001110110100110
0010011100010000
0010000101101010
0000101011010100
0000010100101110
0001101111000100
0001111110001000
0001110010110110
0001110010110110
0010011100010000
0010010100101110
0001010100101110
0001010000111100
0001011100010000
0001001001011010
1111111010010110
1101101000100010
1101110010111110
1101101010000100
1101101010111100
1101101010101110
1101101001011010
1101101011011000
1101101010000100
1101101100000000
1101101100000000
1101111101001100
0000101010010100
0001111100011111
0010011001110110
0001111010110000
0001100001110000
0001000011110000
0000101100101011
0000010011101100
1111110101111000
1111011000000110
1110111001101010
1110011001011110
1101111001101110
1101101111101110
1101101100001110
1101100011110000
1101100011110000
1101100011110000
1101100011110000
1101100011110000
1101100011110000
1101100011110000
1101100110110100
1101110101011000
1110001001111000
1110011100000101
1110111111010100
1111000010100100
1111001111111100
1111100101110100
0000000001110010
1111000100111000
1110101010100110
1111010001010000
0001001110010100
0010000000010110
0001111100000001
0001100011011010
0000100100011010
1111111001110110
1111101001011010
1111000100101010
1110011111110100
1110000110011010
1101110111001100
1101101110001110
1101101010100100
1101101000101110
1101100011110000
1101100011110000
1101100011110000
1101100011110000
1101100011110000
1101100011110000
1101100011110000
1101101010000000
1111010101110100
0001101110111100
0010001000111110
0010010000010000
0010011000100110
0010010101011110
0010011001101000
0010010010010110
0010011100010000
0010000011110000
1110101111001001
1110110101110010
1111000001000110
1111001000001001
1111000111110000
1110110110111100
1110110110100100
1110101110010111
1110100110110000
1110010001001110
1101111110110100
1101111000100100
1110001111100000
1110000100000010
1101111010101010
1101100011110000
1101100011110000
1101100011110000
1101100011110000
1101100011110000
1101100011110000
1101100011110000
0010011100010000
0010011100010000
0010011100010000
0010011100010000
1111110010100110
1101111010000100
1110001011111100
1101101100101100
1101110001001010
1111110010100110
0010011100010000
0010011100010000
0001111000100010
1101110001001010
1101101000001110
1101101100101100
1101111010000100
1101110101100110
1101101100101100
1110011101110010
1110011101110010
1111010011010110
1111000101111110
1110000011000000
1110000111011110
1110000111011110
1101100011110000
1101100011110000
1101100011110000
1101100011110000
1101100011110000
1101100011110000
1101100011110000
1111110000001010
1111101111001100
1111101101100100
1111101101100000
1111101101001000
1111101001010010
1111100010111110
1111011011011100
1111010000010000
1111000000111010
1111111100000110
0000000000000100
0000000100001110
0000001010010010
0000001101101110
0000010010101100
0000011000010010
0000100001010100
0000110100011001
0001010001000001
0000011111010000
1111111000101010
1110100111100010
1110110100010100
1111010111111100
1111011000010100
0000110101011000
0000100000100100
1110010001010110
1110100010110111
1110111000101010
1111001000100000
1110111010101000
1110111011010010
1111011111010010
1111100111001110
1111100010010010
1111110100000110
1111111100011001
1111111110010110
0000100110111110
0000110000100100
0001101001011000
0001011100100000
0010001010011010
0010011100010000
0010001110101110
0001111100001110
0001111110001100
0010000010011110
0001101100010110
0001011010110110
0001001010000000
0001010011010000
0000111100011011
0001000000011010
0000111100110010
0000101100100110
0000101001101000
1111110110011010
1110010001100100
1110101111101010
1110111000110100
1111001100111110
1111010001001010
1111011001000000
1111110111011000
0000000000010000
1111111000001010
1111101111000000
0000010110100000
0000010001100010
0000101100100000
0000101010101010
0001010111001010
0001100000010011
0001110110000010
0001111101011000
0010010100101010
0010011100010000
0010010101011100
0010001110101000
0010000011111010
0001111001001100
0001111100110110
0001111010001110
0001110111100110
0001110100101110
0001100001000101
0001101010000000
0001010111111100
0001000100000100
1101101110001000
1110010010001000
1110100000011110
1110110101110110
1110110101110110
1110101011001010
1111101010010110
1111111111101100
1111100010000111
1111100110111110
0000010101011000
0000011100101100
0000001110000010
0000010100110000
0001010100001110
0001011111100010
0001011010000010
0010001001101000
0010000111100000
0010011011000010
0010011100010000
0010011000111010
0010000010111010
0001110111010011
0001101011011100
0001101100111100
0001100111110000
0001100011001100
0001010110101010
0001100010100100
0001010110011000
0000110111010000
1110000011011100
1101100011110000
0010011100010000
1101100011110000
1101100011110000
1101100011110000
1101100011110000
0010011100010000
1101100011110000
1111101011000100
0000011000001001
0001000010000010
0001010010001010
0001000010000010
0000011000001001
0000000100110110
0001001000100000
0010010010100110
0001100101011110
0010001000111010
0001011111000010
0001101000101110
0010011100010000
0001001000100000
0000100101000100
0000101011100000
0000010100111100
1111110111111100
0000001011010010
0000011011011000
0000011000001001
0000101000010001
1111001110000100
0000010100111100
1111010111101111
0000011000001001
1111101110010010
0000000100110110
1111101110010010
1111110111111100
1111001010110110