1110100101011110
0001010011000100
0001100100001010
0000011001011000
0000110100000101
0000001100100100
0000001001111000
1111111001010100
1111110111001100
1111111001010100
1111010000101110
1111100011111110
1111010101000000
1111111010011010
1111100110000110
0000000001010110
0000000100000000
0000100101101010
0000110001011010
0001010111010110
0001011011101000
0010011100010000
0010011001000010
0010000110010110
0010000011001010
0001111100101110
0010011010101010
0010000001100010
0001011101110000
0001001101001100
0001000101001100
0001001110110010
1111010100101000
0001001000100100
0001001111100010
0000110100000101
0000111110100010
0000000100001000
0000010100010010
1111100110100000
0000000000001110
1111011101110010
1111110111111100
1111100010001010
0000000001000110
1111110101010100
1111111101100110
1111111000011000
0000010000110010
0000010110011100
0000011100111110
0000101010000100
0000111111011010
0001010111011000
0001110100001001
0010011100010000
0010001001111100
0001110001111110
0001100101010101
0010000010000110
0010000000110010
0001000111101100
0001001101011000
0000110001011110
1111101011000000
0001000010110110
0001000100000010
0000111000010101
0000110110110100
0000010001100000
0000010000101110
1111111100111000
1111111110011100
1111111010001010
1111111100100000
1111101010001110
1111101110111010
1111111001011010
0000000000010111
0000000101011100
0000001111001010
0000010101000000
0000100001011100
0000101011111010
0000111010010011
0001011110011100
0001110111101110
0010001011100010
0010011100010000
0010001111110100
0010001101111000
0010001110101010
0010010010111010
0010000110111000
0001101111111100
0001100011100000
1111011100011000
0000110010110100
0000101000110110
0000110110101000
0000100100100100
1111110100001000
1111011011011100
1111010001011110
1111001000011100
1111011001100010
1111000010110000
1111000000110110
1110111111011010
1111001001011000
1111010110001110
1111100001100110
1111100010100100
1111100111110010
1111110101100100
1111111011010000
0000100011101000
0000110011110001
0001100001011000
0010001001101110
0010011100010000
0010001100000110
0010001100100100
0010010110000100
0010001110011110
0001101011010110
0001100000111000
0001100101101000
1111000101010110
0000110101010100
0001010110011010
0000101101111000
0000001010101010
1111010101010110
1110110011001110
1110110011001110
1110111110111100
1110101110011010
1110100101010110
1110011010101100
1110101011110000
1110110101010110
1110110110111100
1110101110111100
1111000000000000
1111010000100010
1111101101010110
1111110001100110
0000001001000100
0000100000000000
0001100111011110
0010001001100110
0010011100010000
0010010101110110
0010011000100010
0010010110111010
0010000100010000
0001110110111010
0001010001000100
0001001011001100
1110111011001010
0000111000101100
0001001110011000
0000100011100000
0000001011001000
1111000010000010
1111000001100000
1110110010101010
1110110010101010
1110011100011100
1110100010010000
1110011100111110
1110100100111010
1110011110100010
1110100011010101
1111000100001010
1111000001100000
1111001101001010
1111010101101000
1111101110000000
1111110001001010
0000101101100100
0001100001011110
0010000000101110
0010011100010000
0010000010010010
0010010001001000
0010001000101010
0001111100011110
0001011000111110
0000110110000010
0000110001110010
1111000111111010
0001010001111000
0001110011011110
0001011010111000
0000011000010010
1111011011101110
1111001101010100
1111000001010100
1110110001001000
1110011111101110
1110011110100010
1110011010111100
1110101111010100
1110101000001000
1110101011101110
1110110111001000
1110101011101110
1111000111111010
1111011100111010
1111101110111010
0000000001011111
0000100101100000
0010000000101010
0010010101101010
0010011100010000
0010000001110110
0010010010000100
0010011001110110
0001111000001111
0001000101111000
0000110010101100
0000010110100000
1110010111110110
0001010100101000
0001101000001010
0000101101100100
0000101101100100
0000011010000010
0000000000000000
0000000000000000
1111110010111110
0000001101000010
1111101100011110
1111101100011110
1111101100011110
0000001101000010
0000011010000010
1111101100011110
0000101101100100
0000010011100010
0010000010001110
0010010101110000
0010000010001110
0010001000101110
0001110101001100
0010011100010000
0010010101110000
0001101000001010
0001111011101100
0001100001101010
0001000111101000
0000101101100100
0001000001000110
0001010100101000
1110001010000000
0001000010111110
0001010110000110
0000001111111011
0000101001011110
0000001001100100
1111111100110100
1111110110011100
1111110000000101
1111111100110100
1110110110101010
1111010110100010
1111001001110011
0000000011001100
1111110110011100
0000001001100100
0000010110010100
0000100011000100
0001000010111110
0000110110001101
0010001111100000
0010011100010000
0001110110000000
0010001001001000
0001101001001110
0010011100010000
0010010101111000
0001011100011110
0001010110000110
0001000010111110
0001010110000110
0000101111110110
1111001110111110
0000100111110110
0000100100110000
0000100111110110
0000011011100100
1111100111100000
1111011000001010
1111001110111110
1110110110011110
1111001110111110
1110110011011010
1110111001100010
1110110011011010
1111000010101110
1111010010000010
1111100001011000
1111010101000110
1111011011010000
1111110000101100
1111110110110100
0000100001101100
0000100100110000
0001100101000110
0001101000001010
0010011100010000
0010011100010000
0010010110001000
0010010000000000
0010000011110000
0010000000101100
0001101011001110
0001011011111001
1101100011110000
1101100011110000
1101100011110000
1101100011110000
1101100011110000
1101100011110000
1101100011110000
1101100101110010
1101100101110010
1101100110100000
0000000101101000
0001111101100100
0000110011100010
0000010111111010
0000000111101010
1111110011010000
1111011100011010
1111011001001110
1111111000110010
1111100011010100
1111010101001100
1111011000100110
1110101011101011
1101111111000100
1101110000000100
1101101011110100
1101101001101100
1101100011110000
1101100011110000
1101100011110000
1101100011110000
1101100011110000
1101100011110000
1101100011110000
1101100011110000
1101100011110000
1101100011110000
1101100011110000
1101100011110000
1101100011110000
1101100101101110
1101100110001110
1101100110101100
1111011100100110
0001011100000010
0000110110010000
0000001100100000
0000101101010100
0010000110001010
0000100011000000
0000010100111000
0000000000111110
1111101100011010
1111001011000100
1110111110110010
1110010101100000
1101111100100010
1101111000111110
1101111111100110
1101111101101100
1101100011110000
1101100011110000
1101100011110000
1101100011110000
1101100011110000
1101100011110000
1101100011110000
1101100011110000
1101100011110000
1101100011110000
1101100011110000
1101100011110000
1101100011110000
1101100111111010
1101110110100000
1101111011101100
1110001000001100
1110100101011000
1110111011101000
1111000001000110
1111001101001110
1111110001100010
1111101100000100
1111000001111000
1110001100011000
1110001111110110
1110000100011000
1101110110110110
1101101011000010
1110011101100100
1111111101011000
1111111110111100
1111100111100000
1101100011110000
1101100011110000
1101100011110000
1101100011110000
1101100011110000
1101100011110000
1101100011110000
1101100011110000
1101100011110000
1101100011110000
1101100011110000
1101100011110000
1101100011110000
1111010011010110
1110000011000000
0010011100010000
0010011100010000
0010011100010000
1110011001010100
1110010000011011
1110111101000010
1111000001100000
0000000100011110
1110000011000000
1101100011110000
1101111110100010
1101111010000100
0000000100011110
1111100000110000
0000010001110110
1111100000110000
1110111000100100
1110111000100100
1101100011110000
1101100011110000
1101100011110000
1101100011110000
1101100011110000
1101100011110000
0001010001010010
0001010000110000
0001001111111110
0001010000110111
0001001111101100
0001010000100010
0001001111010100
0001001101011000
0001000111001110
0000100101101010
0010001000110000
0010001100100100
0010010001110100
0010010110100000
0010010010100100
0010011000000100
0010010101100100
0010011100010000
0010011100010000
0010011100010000
1110000011000000
1111111000101010
0000001010001010
0001001010111110
0001110000001100
0001001111010110
0001001001001110
0010011100010000
0000110000000100
0001100000001001
0001001000001000
0000000000000000
1111001111111100
0000100100000100
0001101100001100
0001111000001100
0010000100001110
0001010100001000
0000111100000110
0000100100000100
0001010100001000
0010011100010000
0010010000001110
0001101100001100
0000110000000100
0000111100000110
0001101100001100
0001111000001100
0001101100001100
0010000100001110
0010010000001110
0010010000001110
0001111000001100
0000111100000110
0000110000000100
0000100100000100
1111011011111100
1111100111111110
1111011011111100
1101111011110010
0000101111010000
0001111011100010
0000111101110001
1111011111010010
1111001101001000
0000010101110100
0001001100010100
0010000010110100
0010011100010000
0010001010000110
0001100101110000
0001000001011010
0001110000101010
0001101001011000
0001110000101010
0001010111001110
0001010011100100
0000100111111110
0001001100010100
0001011110011110
0001101001011000
0001100010001000
0001011010110110
0001101101000000
0001001000101100
1111101010001100
0000011001011100
0000011001011100
1111010100011010
0001000001011010
0001000001011010
1111111000101110
0000110010000100
0001111101111010
0001000001001110
0000011111110110
0000011111110110
0000011100110100
0000001010101000
0000101111000010
0001011111100100
0010011100010000
0010011001001110
0001110111110110
0010000111000000
0001010110011110
0000111000001000
0001000001001110
0001000111010100
0000111000001000
0000010110110000
0000011111110110
0000101100000000
0000010110110000
1111010111000010
0000001101101010
1111010111000010
1111001010111010
0000000111100110
0000000111100110
1111100110001110
1111100110001110
1111010111000010
1110110010101000
0010011100010000
1101100011110000
1101100011110000
0010011100010000
1101100011110000
1101100011110000
0000000000000000
1101111101110010
1101100011110000
1111100111001000
1111111011000010
0000010100111010
0001000000101100
0000010110111000
1111101011000110
0000000001000000
0000001100111100
0000010000111010
0001010010100110
0001111000011100
0001001100101000
0001110010011100
0010000110010110
0010011100010000
0001100010100010
0010010010010100
0010011010010000
0001010010100110
0000011010110111
0000010000111010
0000110110110000
0000100010110110
0001000110101010
0001001000101010
0000111100101110
0001010100100110
0001001110101000
0000100000110110
0001001100101000
0000101110110010
1111010001001110