1111000000111000
1111111010001000
0000100011100010
0000010001100110
1111100101011100
1110101110111100
1110111001010010
1110111010101010
1110111001010010
1110001001101100
1110111000100110
1111000000111000
1111010010110100
1111110110000000
0000101110100100
0001000101010110
0001101011010010
0001100011000000
0001100110011100
0001111100100010
0010011100010000
0010010010100110
0010000001010110
0001100111110100
0001001111101100
0000111110011100
0000111111001000
0000110100110010
0000010010010010
0000110100000101
0001001010001010
0000100001011110
1110101111010011
1111100101100000
0000011001010010
1111111111101100
1111010101101010
1110001000111010
1110101110000100
1110010110010100
1110000111101100
1110011101000000
1110100000000100
1110111111001000
1111001011010100
1111100000000010
0000011001010010
0001010110001100
0001110111000110
0001111111101000
0001010101100101
0001111000111010
0010010101100100
0010011100010000
0010000100100000
0001101111110010
0001110000111111
0001101001101100
0001011110101110
0001000100100010
0000100100010000
0001010001111100
0001010010100010
0000100010011010
1110110011010010
1111110001001010
0000010011010000
1111110001001010
1111001111101110
1110010100011000
1110100001000000
1110001110000100
1110010110111001
1110001111111101
1110100001101000
1110110101001100
1111000001001100
1111101111111010
0000011100000101
0001000000000110
0010000000011110
0010001000000100
0001101110110010
0001111100000100
0010011001101110
0010011100010000
0010001111000000
0001111001100010
0001111010001010
0001110000000011
0001100101010100
0001001111111000
0001010100010010
0001011001111110
0001010101100010
0000110001100100
1110100111111100
1111110100010100
0000000100000110
1111111011111010
1110110110011100
1110001110000100
1110011000001010
1110011011111100
1110011010101100
1110011000001010
1110011100100100
1110110110011100
1110110011111100
1111100010101010
0000000101111111
0000111110110100
0001110100011101
0010001000000100
0001110100011101
0001111100101100
0010010000111000
0010011100010000
0010001011001110
0001110010100110
0001101110001010
0001100010110100
0001100000111010
0001011000000100
0001010011101010
0001011001010110
0001010011101010
0000101010101000
1110100011001011
1111111101011100
0000001110101110
0000001111011000
1110110011001010
1110000011001000
1110011110101010
1110100100011100
1110011011011110
1110010110010110
1110001101011000
1110010001001110
1110101001100100
1111001001100100
1111101111010110
0000110110011100
0001100010101000
0010001010010100
0001111111011100
0001101110001010
0010010111110010
0010011100010000
0010000101110110
0001011011100100
0001010110011100
0001000011010000
0001001010111100
0001011001000000
0001100111110000
0001100010101000
0001000110011100
0000011000010110
1110101001011000
0000010111001110
0000101101101000
0000100100010110
1110100101100000
1101110111000110
1110010101010000
1110001111110110
1110000100010000
1101111110110100
1101101001111100
1110010001011000
1110011001111010
1110000110100100
1111001100111100
0000010001000010
0001100100100011
0010011100010000
0001111000101010
0001011101100110
0010001001101100
0001101010110000
0001010110101000
0000110001100000
0000100010000010
0000010001110010
0000100100010110
0001000000111110
0001011111001010
0001010101000110
0000101110011010
0000001011100110
1110111111001100
0000011001110000
0000010010010010
1111101001100100
1111000010100000
1110001100011111
1110011000111100
1110001011101010
1110010101101000
1110011000111100
1110010010010010
1110001011101010
1101111100101100
1101110001111000
1110110100011000
1111111011000000
0001110001111000
0010011100010000
0001100011101110
0010000100111110
0010000000000000
0001000000110100
0000100010000100
1111101101101110
1111101010011010
1111110001111001
1111101011001110
0000001110111110
0001010000101000
0001000101110100
0000110111101100
0000101001100100
1111110111010100
0000001000101100
0000011010000010
0000011010000010
0000000000000000
1111010100100110
1111101110101000
1111101110101000
1110111010100100
1110100000100000
1110110001111000
1110110001111000
1111001011111011
1111011101010010
0000000000000000
0000000000000000
0001000101011100
0000111100110000
0000110100000101
0000111100110000
0010000010001110
0010011100010000
0001101000001010
0000010001011000
1111000011010000
1111000011010000
1111000011010000
1111000011010000
1111001011111011
0000001000101100
0000110100000101
0000101011011010
1111010110000110
0000011010101100
0001001000011010
0001001000011010
0000000011110100
1111001110011110
1111000110110110
1111000110110110
1111001110011110
1110011001000110
1111010110000110
1111101100111100
1111111100001100
0000011010101100
0001010000000010
0001111101110000
0010001101000000
0001110110001000
0001111101110000
0010011100010000
0010011100010000
0010011100010000
0010001101000000
0001110110001000
0001100110111010
0001010111101010
0001010111101010
0001010000000010
0000110001100010
0001001000011010
0001010000000010
0000100010010100
1110100100101100
0000011010011000
0000110010101110
0000101110101100
1110111000111110
1110001100010110
1110010000011011
1110011100100100
1110001100010110
1110010000011011
1110001000010010
1110011100100100
1110110100111010
1110100000101000
1111100001100100
0000100110100100
0001101011100100
0010011100010000
0010000011111010
0001011111011000
0010000011111010
0001111011110010
0001011111011000
0000110110110010
0001000010111110
0000101110101100
0000111010110110
0001001111001000
0001101011100100
0001011011010100
0000101010101000
0000001010001010
1101100011110000
1101100011110000
1101100011110000
1101100011110000
1101101001100110
1101101011100100
1101110110000110
1101110001000000
1101110110000110
1101110011010110
1101110010111110
0001010110000010
0001111111000000
0001011111000000
0001000110011010
0000011110101000
0000001111110100
0000010010100010
0000011101110110
0000011000110010
1111101001100100
1110110110011110
1110000110000110
1101110100111010
1101101110101100
1101101100010110
1101101101111010
1101100011110000
1101100011110000
1101100011110000
1101100011110000
1101100011110000
1101100011110000
1101100011110000
1101100011110000
1101100011110000
1101100011110000
1101100111110110
1101101000010000
0000010100010110
0001110010010110
1111011000010110
1110101011001101
1110000001101100
0000000000001110
0010001000101110
0001110001001000
0001101101010000
0001101001011110
0001011100001100
0000110101011100
0000000111001010
1110111101001010
1110010111101011
1110001000000010
1101110100111010
1101101111100110
1101101010100000
1101101001100100
1101101010101100
1101100011110000
1101100011110000
1101100011110000
1101100011110000
1101100011110000
1101100011110000
1101100011110000
1101100011110000
1101100011110000
1101100011110000
1101101011000010
1101101110001010
0000101011001110
0001111100011110
0001100100000000
0000110010000000
0000000000000000
1110110011001100
1111001011010100
1111001010111000
1111010011110110
1111001111100100
1111001111001010
1111000010101010
1111001111111100
1111000001000110
1110101011101000
1110111010110110
1110110110100100
1110110000110100
1110000111001010
1101111011101100
1101110111100010
1101100011110000
1101100011110000
1101100011110000
1101100011110000
1101100011110000
1101100011110000
1101100011110000
1101100011110000
1101100011110000
1101100011110000
1101110001001010
0010011100010000
0010011100010000
0010011100010000
0001101011001010
0010011100010000
0010011100010000
0010011100010000
0010011100010000
1101100011110000
1101100011110000
1101100011110000
1101101000001110
1101101100101100
1110101111101010
1111011100010010
1110100110101110
1111010111110100
1111100000110000
1110100110101110
1110111000100100
1101111110100010
1110010100110110
1101100011110000
1101100011110000
1101100011110000
1101100011110000
1101100011110000
1101100011110000
0000010110000110
0000010101110000
0000010111101100
0000010100101110
0000010000000100
0000001011010100
0000000101001000
1111111111010001
1111110100100010
1111100001011000
0000010111001100
0000011001100110
0000011100110010
0000100010110110
0000100111111100
0000101100011100
0000101111000100
0000110101111100
0000111100011011
0000110000001001
1111101011001010
1111101101101000
1101111101100110
1110000101000100
0000010100011100
0001010111111000
0010011100010000
0010011100010000
1101111001010100
1110010010011010
1110101010010010
1110101110111111
1111000101101101
1111010110000010
1111100100000000
0000001011101010
0000010111111010
0000110111011000
0001101011110110
0001100110101000
0001000011101000
0001001011001110
0001110001101100
0010010001001100
0010001101000110
0010011100010000
0010010001001100
0010011000110000
0010001010110000
0001111011000010
0001110001101100
0001101100011011
0001111111000110
0001111001110110
0010011010100000
0010010101010000
0001101000111100
0001000101111110
0000101000110100
1111110111110110
1110000001001000
1110111001011000
1110110010100000
1111100000110000
1111011100011000
1111100011111000
1111100010101000
0000100101100000
0000110111101000
0001001110001000
0010011100010000
0010001101010000
0001000110101000
0001000000011000
0001111101101000
0010000111000000
0001001110001000
0010001111110000
0010001101010000
0001110001001000
0010001010001000
0010000010101000
0001110101100000
0001110100010000
0001110110110000
0001101001101000
0010010011100000
0010001100000000
0010000101001000
0001101010010000
0001000111010000
0000011011100000
1110000011010100
1110010101010110
1110111111011010
1111010100011100
1111000001101010
1111011110001100
1111111010000001
0000010110100010
0001011001011010
0001011011101010
0010011100010000
0010000010101110
0001000010000110
0000010010000010
0001010000011000
0001111110111100
0000110001100110
0001010111001000
0001101110011100
0001010111111000
0001011101111010
0001001011111000
0001000101001000
0000110001100110
0000110011110110
0001001000111000
0001001000001000
0000111100110110
0001000111011000
0000111010100110
0000000001011111
1111101010001110
0010011100010000
1101100011110000
1101100011110000
0010011100010000
1101100011110000
1101100011110000
1101100011110000
0000000000000000
1101100011110000
1111001010110100
1110111010001100
1111011110110000
0000010111010010
0000000110101010
1111101000101110
0000010000101000
0000111000100010
0010000001101010
0010001011101000
0010011100010000
0000001001111110
0000010111010010
0000110101001100
0000100100100100
0000110101001100
0001000010100000
0001011001110000
0000011101111001
0000110101001100
0000110101001100
0000110001111000
0000100100100100
0000011101111001
0001110001000010
0001110111101100
0001001111110010
1111111001010110
0000000110101010
1111110110000010
1111101100000100
1111010001011110