1111010100000110
0000010010000110
0000110100001110
0000111111000010
1111011100011100
1111000100101110
1110110010011010
1110010011001100
1110010100011100
1110110001100100
1110101011110000
1111000000001000
1111011001100000
1111011010110000
1111110110101000
0000101001110100
0001100000110000
0010011100010000
0010011000000110
0001101001011110
0001100111011010
0001100100000100
0001000001001000
0001000010011000
0000001110010110
1111101000111011
0000001111001100
0000110111001000
0001010011110110
0001100100111010
0000111101011000
0000010101000000
1111010111000111
0000011010100000
0000011111100100
0000110100100110
1111110101111000
1111100001001110
1111000011100110
1110110000111010
1110111000010100
1111000011100110
1111001000101010
1111101000001110
1111101100111010
0000001110000010
0000100101000010
0000110001100000
0001111110101000
0001111001100100
0010010101101000
0010000001011000
0010001000000000
0001010011110010
0001010110001000
0000111111001000
0000110001100000
0000111101100100
0001100111010000
0001110011010110
0010011100010000
0010011000010110
0001000110111010
0000110001111000
1111010100101010
0000010100000110
0001001010101000
0001010001011010
1111101101001100
1111001010100000
1110111010111000
1110101011001110
1110110111000100
1111001011110010
1111001000110100
1111101000000110
1111111110000110
0000010111011110
0001010001110011
0001111111000100
0010001111001010
0010001101111000
0010011100010000
0010001001001110
0001011011100100
0000110100101010
0000101010111010
0000011111000110
0000100010011110
0000110000110110
0001011110111100
0010000111000110
0010001110010010
0001110001111110
0001000001110000
1111110011100010
1110111001000110
0001000010001010
0001101001000010
0001011000111001
0000100100010010
1111101101110000
1111001011100111
1111000011000100
1111001111111000
1111010110100000
1111111110110100
0000110000001000
0001001111111010
0001100101101110
0001011001010111
0001001101100010
0001011110001000
0010001110111110
0010011100010000
0001111010000110
0000100011110100
1111111100111010
0000000011100100
0000001111011001
0000011001011000
0001001011101000
0010000111110110
0010010010010010
0010000111011000
0001111010000110
0001011100001101
0000100110101010
1110111111100110
0001000010010000
0010011100010000
0010010000100010
0000001111000110
1111010011010101
1111000000001110
1111101101001100
0000110001101000
0000111100000110
0000110101111100
0000000000010100
1111010010101100
1111001000001110
1110110110010110
1110111010101010
1111101010110000
0001000001000010
0001100111110110
0001011000011011
1110111000001100
1110011101000100
1101111110010000
1110001100011100
1110101101101110
1111100110011010
0000111011011110
0000110100101100
1111011000111000
1111010100100010
1111101101110100
1111011101110010
1111010000000100
0001101100010100
0010011100010000
0010000111111010
0000001001110110
1111100101110000
0001001001100010
0001011001010010
1111110100110110
1110111011000100
1101110101011110
1101110000001110
1110000100100100
1101111111111110
1110100010110010
1110000110100010
1110000101001110
1111011101111000
0000111000011110
0000111111000010
1111011011010000
1110001001001010
1110000001010010
1101110110001000
1110111111101010
1111111011011010
0000000101010000
1111101001000010
1110111101101100
1110100100110000
1110110100100000
1111001000110110
1111101110100100
0001110011111000
0010011100010000
0010010000000010
0000101111111111
0001111011110110
0001100110011100
1111011111111010
1110110001011010
1110100111101000
1110101011010100
1110000001000110
1101111000100010
1110011100000000
1110110110111010
1110100111101000
1110010000011011
1110110100011110
1111111110011110
0000010010000010
1111100010111100
1110110000110100
1110101110010111
1110111110111000
1111101111110010
0000001101110000
0000001010000110
1111001001111000
1110111000001010
1110110110010100
1110101111100111
1111001110110010
1111010001001000
0000000111110100
0000111110100000
0001000110010100
1111100000110000
1110110001111000
1110011010011100
1110000011000000
1110100010010000
1110101010000100
1110100010010000
1110100010010000
1110100010010000
1110111001101100
0000000000000000
0000101110111000
0010001100101000
0010011100010000
0010001100101000
0010010100011100
0010010100011100
0001111101000000
0001011101110000
0001010101111100
0000101110111000
1111110000011000
0000001111101000
0001010101111100
0001000110010100
0010000100110100
0001001110001000
0000011111010000
1111100101111110
0000010011100010
0000111010100110
0001000111101000
0000000110100000
1111011000111100
1110111110111010
1110110001111000
1110111000011000
1111000101011010
1111010010011100
1111011000111100
1111100101111110
1111101100011110
0000000110100000
0001000001000110
0001101110101100
0010011100010000
0001111011101100
0001111011101100
0001111011101100
0001110101001100
0001000001000110
0000100000100100
0000100111000100
0000001101000010
0001000001000110
0001001110001000
0010000010001110
0010000010001110
0001010100101000
0000111010100110
1110110110110000
0001001001010000
0010010010100000
0010010111011000
1111111011001000
1111011000111100
1111001010010010
1111000000100010
1111000101011010
0000101011111100
0001011100110010
0001011100110010
1111111011001000
1111001010010010
1111011000111100
1111110001010110
0000011000011010
0010000011110110
0010011100010000
0001111010000100
1111001010010010
1111000000100010
1110110001111000
1110101101000000
1111100010101100
0000001001110000
0001110000010100
0001111010000100
0000100010001100
0000011101010100
0000011000011010
1111110001010110
1101100101100100
1101100101010000
1101100101111000
1101100101100100
1101100111100000
1101100110100100
1101100111011100
1101101101001000
1101101111101110
1101101001001110
1110110111001000
1111011001111100
1111011001101000
1111100100101010
1111111111000010
0001101101011010
0001010111111000
0000100010010100
1111010111100010
1110101001100010
1110010010011000
1110000110010100
1101111110001100
1101110110110000
1101101000101100
1101100110110100
1101100011110000
1101100011110000
1101100011110000
1101100011110000
1101100011110000
1101100011110000
1101100011110000
1101100101111110
1101100101101010
1101101010101110
1101100110010010
1110000101110110
1101111110110100
1110000010100000
1110001100101100
1110010110011000
1110010001110010
1111000100111010
1111100011001100
1111110110001100
0000110110100000
0000111110100100
0001101010001100
0001011001100001
1111101101011110
1110101111011110
1110010100101110
1110000011110101
1101111011010110
1101110110101100
1101110000101000
1101101000101100
1101101000110100
1101100011110000
1101100011110000
1101100011110000
1101100011110000
1101100011110000
1101100011110000
1101100011110000
1101101111001100
1101110101011100
1110101100101010
1101101100000100
1110111100010010
0000110110001010
0001000010001000
0000111001010010
0000100010011000
0000011101101100
1111001110000000
1111000101001100
1111000111110000
1111100000110000
1111011010100000
1110101010001100
1110000010011010
1101101011011010
1101101001011010
1101100110111000
1101110111111010
1101101101001000
1101101111101110
1101101111001100
1110000001111100
1110001001010000
1101100011110000
1101100011110000
1101100011110000
1101100011110000
1101100011110000
1101100011110000
1101100011110000
1101100011110000
1111100000110000
0000010001110110
0010011100010000
0010011100010000
0010011100010000
1111111011100010
1110111000100100
1110011001010100
0000110101100100
0010011100010000
0000001000111100
1111001110111010
1110110100000110
1101111010000100
1110100010010000
0000110101100100
0010011100010000
0000011111010000
1111011100010010
1110010000011011
1101101100101100
1110001011111100
1110101011001101
1110011001010100
1111010111110100
1101100011110000
1101100011110000
1101100011110000
1101100011110000
1101100011110000
1101100011110000
1101100011110000
1111011100101000
1111100011101000
1111100101101100
1111101001000000
1111101110000110
1111110101011010
1111111010100000
1111111110110100
0000000001011110
0000011010011110
1111111011000000
1111111001111010
1111110110101100
1111111010001110
0000000000011110
0000000111110110
0000001101011000
0000001100011110
1111110000111111
1111111000010110
1111010110010110
0000101111110010
1111011101111000
1111100011000010
1111100000110100
1111100101011100
1111100101110000
1110010101001110
1110011000100010
1111000010000000
1111101011100000
1111100111111100
0000000100101000
0000010011111110
0000101110000110
0001000110001100
0001010110100100
0010001101011010
0001111001011010
0001010110000100
0001010110100100
0001010101000010
0001100011111010
0010000100001100
0001110110110110
0010011100010000
0010010000111110
0001101001100010
0001100011011000
0001001010110010
0001001101010110
0001000100001000
0000111001011000
0001011001001000
0001010100000001
0000111110100000
0000111001111000
0000111011011100
0001101100000110
0001001101111000
1110001011111110
1111011111010010
1111100100101000
1111100010001110
1111110010001100
0000001000111110
0000110001101010
0000110110100000
0001000001101010
0001111001011000
0010001010110100
0001111111001011
0001111101010000
0001101001011000
0010010101011110
0010011100010000
0001111011110010
0010000001100110
0010001001010110
0001100010001000
0001000111111100
0001000110000000
0001000010001000
0001010001001010
0001010011000110
0001100010001000
0001101001111000
0001011001010111
0000111011010110
0001000110111110
0000110110000010
0000000101000101
1111101110001100
0000000110110100
0000001001011100
1111111000010100
1111111001101000
0000001010010110
0000111000111010
0001011111001010
0010001100000000
0010010011000010
0010011100010000
0010011010000100
0010010010100110
0010001011100100
0010000101011010
0010001011000110
0001001101100100
0001010101100000
0001010011010010
0000110000001000
0000110101011010
0000111100000000
0000110100000101
0000110001011100
0001000001010010
0000111111111100
0001000110000110
0000111100000000
0000011111011100
0000011001010010
0000011110000110
0000001001011100
1111001100001000
1101100011110000
1101100011110000
0010011100010000
1110000011000000
1101100011110000
1101100011110000
0000111001010010
1101100011110000
1111100000000100
0000000101000010
0001000100111000
0001110000100100
0010011100010000
0001010010010100
0001001000010000
0001011100011010
0000101101011000
0000101101011000
0000110111011100
0000111010110100
0001100110100000
0001000100111000
0001000100111000
0000110100000101
0000110100000101
0001010101101100
0001001000010000
0000101101011000
1111111110010100
1111110111100110
0000101010000000
0000111010110100
0000100110101010
0001011001000010
0001100011001000
0000110100000101
0000011001001100
0000101010000000
1111111010111110
1110010010110010