1111010111100110
0000111011101110
0000111000111010
0000111010111010
0000110001101010
0000000101110110
1111111000111110
1111100000000010
1111001011111011
1111010101001010
1111001011100000
1111100110111000
1111001111100011
1111101101101100
1111101001101100
0000000101011100
0000001001110110
0000110111101100
0001001111011100
0001111010111000
0010000000111010
0010000100100010
0001111110111000
0010010011000000
0010011100010000
0010010111110100
0010000000111010
0001111010111000
0001010010101010
0001001010001110
0001001011011010
0001010001110110
1111010000010010
0000010101001110
0000011010110111
0000110110011100
0000011001011100
1111111011000100
1111010101111100
1111011001011110
1111010101100111
1111001110100000
1111010001010111
1111000100010000
1111011110000100
1111110001100001
0000000000000000
0000000011001100
0000010011011100
0001000101010010
0001010101100100
0001110010111000
0010010101111000
0010011011100010
0010001100000000
0010001110110100
0010011100010000
0010010101001100
0010001010111100
0001110101011000
0001100100110000
0001000111011010
0001000000101100
0001001011010100
1111000001010100
1111111011100110
0000101111010110
0000111111110110
0000000000111110
1111100110001000
1111000100110000
1110101110111010
1110110100101010
1110110111101110
1110110101000010
1111000001101100
1110110001100110
1111000011100110
1111110001010000
1111110011100010
0000000100000010
0000100010010100
0001000000001110
0001110000001010
0010001011011000
0010010101101110
0010001101101100
0010010000110000
0010011100010000
0010010111101010
0010001111111110
0001110001101100
0001100001111110
0001000001011000
0000110001010010
0000110010000010
1111000000011110
1111110101110000
0000110101010010
0000111110010110
1111100111111100
1111010110111110
1110110011011110
1110100110011100
1110100110011100
1110101111111011
1110110000010010
1110110111011010
1110111101010100
1111000111100100
1111011111101010
1111101101011110
1111101110101000
0000011100000000
0001000110101000
0001010101001110
0010010011111110
0010001111001110
0010010100010110
0010010100010110
0010011100010000
0010001110011100
0001111111011100
0001110011111111
0001010010111000
0001001000001110
0000110101010010
0000110111101000
1111010110010010
0000011001100110
0001100100101010
0001101010110000
1111011111110000
1110110011010000
1110011110101100
1110010101110010
1110000011011100
1101111010100100
1110000100100100
1110000110110010
1110001110000000
1110011010110101
1110011110101100
1110010101110010
1110110010001010
1111000001101110
1111100001111110
0000101101000010
0010000001100100
0010010100011110
0010000011001110
0010010011010110
0010011100010000
0010010000100100
0001011100010100
0000110101011000
0000101110001010
0000011011110100
0000101110001010
0001010001001011
1111101100001000
0000111011100110
0000001011010000
0000011011110100
1110110011111000
1111010111101000
1111011000010010
1110101001111100
1110100001010100
1110000100110110
1110011001011000
1110110101110110
1110100011111110
1110010000110010
1110001111011100
1110010000110010
1111000001000110
1111110100000110
0001000110110110
0001110000100100
0010011100010000
0010001111101010
0001011100101011
0010001001000100
0010010010010100
0001100101010100
0001000000001110
0000110101101000
1111110001011100
1111101000001010
1111110111011010
0000101011000010
1110100010011010
0000001001000110
0000011100110010
0000110101100010
1111111000010110
0000000111101010
1111101011010000
1110111001101110
1110111100101000
1110011100100100
1110100110000010
1111000101011000
1111001011111011
1110100110110011
1111000011111010
1110110011111000
1111110111101000
0001100001001111
0010001101101100
0010001101101100
0001011111000100
0000101111101110
0001110111000110
0010011100010000
0010000111001000
0001000111000010
0000010001110110
0000000101011110
0000000100110000
0000111000011110
0001001011011010
0001010111000100
1111100101111110
0001010100101000
0001010100101000
0000101101100100
0000101101100100
0000000000000000
1111111001100000
1111001011111011
1111001011111011
1110110001111000
1111011111011100
1111010010011100
1110101011011000
1111000101011010
1110111110111010
1111001011111011
1111000101011010
1111101100011110
1111111001100000
0001001110001000
0001111011101100
0001110101001100
0001110101001100
0001100001101010
0010011100010000
0010001111001110
0001011011001010
0001010100101000
0000000000000000
0000110100000101
0001000111101000
0001011011001010
1111000000000111
0000111111111001
0000111111111001
0000100011100000
0000100011100000
1111110001110010
1111101010101100
1111100011100110
1111011100100000
1111000000000111
1111000111001100
1111000111001100
1111000111001100
1111000111001100
1111011100100000
1111010101011000
1111010101011000
0000101010101000
0000101010101000
0010001110000010
0010001110000010
0001101010100010
0001010101001110
0001101010100010
0010011100010000
0010011100010000
0001111111110110
0001010101001110
0000111000110100
0001000111000010
0001001110001000
0001101010100010
1111001110010010
0000000011100100
0001010101001110
0001010001101100
1111100000000010
1110101110010100
1110000011101110
1110010001111010
1110011001000010
1110001110011000
1110011001000010
1110001010110100
1110011100100100
1110011001000010
1110100000001000
1110100000001000
1110010001111010
1111100011100110
1111101010101100
0000011111111110
0010010001100110
0010011100010000
0001001110001000
0001110001101000
0010000110111100
0001100110111110
0001011100010110
0000110101010010
0000100011100000
0000001110001110
0000000111000110
0001110001101000
1101100011110000
1101100011110000
1101100011110000
1101100011110000
1101101100100100
1101101001111000
1101110111010100
1110001011101000
1110010000101000
1101110101110010
1110011101010000
0001110001101100
0010001111001110
0010010100100110
0010001011110000
0010000001011010
0001010110011110
0001011010101100
0000010011110000
1110111010000010
1110100011011010
1110000011100100
1101101111101000
1101101010101010
1101101100100100
1101101100100100
1101100011110000
1101100011110000
1101100011110000
1101100011110000
1101100011110000
1101100011110000
1101100011110000
1101100011110000
1101100011110000
1101100011110000
1101100011110000
1101100111101110
1101100111111010
1101111101111010
1110100100110010
1110010010001010
1110001010011100
1110001111001100
1111100101101010
0001111001011100
0001110101100100
0001100010001010
0001011100011010
0000100011011010
1111100000110110
1110011111001100
1110000100100010
1101111011001000
1101110001001110
1101101010101100
1101101000101010
1101101001000000
1101101000011010
1101100011110000
1101100011110000
1101100011110000
1101100011110000
1101100011110000
1101100011110000
1101100011110000
1101100011110000
1101100011110000
1101100011110000
1101100011110000
1101110101011100
1101101100000100
1110010011101010
1111110000011000
0000010100110100
0000000110010000
0000001101100010
1110101111000100
1111110100001000
1111110110111100
1111110100110000
1111100001000100
1111101110110100
1110111110011000
1110100010010000
1110010101011100
1110011100110110
1110100011111101
1110011000010110
1101101111101110
1110001100011000
1101111000100100
1101100011110000
1101100011110000
1101100011110000
1101100011110000
1101100011110000
1101100011110000
1101100011110000
1101100011110000
1101100011110000
1101100011110000
1101100011110000
1110011001010100
0001000010111110
0010011100010000
0010011100010000
1110010000011011
1110011101110010
0001100110101100
0010011100010000
1111001010011100
1101110101100110
1101110101100110
1101110001001010
1101111010000100
1111101110001010
0000011111010000
1110010000011011
1101111110100010
1110010100110110
1110011001010100
1101111110100010
1101110001001010
1101110101100110
1101100011110000
1101100011110000
1101100011110000
1101100011110000
1101100011110000
1101100011110000
1101100011110000
0000101110000100
0000110000101010
0000110100100000
0000110111110000
0000111001111010
0000111100011011
0000111011100010
0000111010111110
0000110000001001
0000011010000010
0010010010010010
0010010000111000
0010010010011010
0010010000010000
0010010010100000
0010001111010010
0010010011000100
0010010110111010
0010011010010100
0010000101111000
1110100000001011
0000100001000110
1110001101010000
1110110101111010
1111001111110100
1111101001110101
0000100101101100
0010011100010000
1111011010001100
1111011101010000
1111110100111011
1111101011110000
1111101111100100
0000001011000101
0000011000110110
0000111100110000
0001011100000011
0010010000110010
0010011100010000
0010000110110110
0010000100100100
0001001011010000
0001100000101010
0010000001100000
0010001011011100
0001101001110100
0001000100011000
0001111001000110
0001111001000110
0001100000101010
0001011110011000
0001111010101000
0001110000101011
0001000010000110
0000110010000010
0000010011011110
0000010000011100
0000101011001010
0000001011000101
1111100001110100
1111011010101100
1111100001110000
1111100011001011
1111111011000100
1111110110110110
1111011111101000
1111101101000000
0000010010010100
0000111010011010
0010001101011110
0010011100010000
0010000000110100
0010000111110110
0001111111011010
0001110110010000
0001100010100010
0010011100010000
0001100001001000
0001001011010100
0001100100101010
0001111010011110
0001100010100010
0001001011010100
0001101100011000
0001010011000100
0000110100000101
0000101011101000
0000001110110010
0000101111111000
0001000000000100
0000011110010000
0000001100101010
1110110110001000
1111110101111010
1111110100010010
1111010100000000
1110101010000000
1111010100000000
1111100000111010
1111100010100010
0000001101010100
0001011010110110
0001111110011000
0010000000110010
0010011100010000
0001111101100100
0001000101110110
0001011010000010
0001111001100010
0001011000011010
0000110000000010
0000110110100000
0001110100101100
0001100010111010
0001000000001100
0000100011111100
0000001101010100
1111110100010010
1111100100001010
1111100101110000
0000010110001110
0000101001100110
0001011111101100
0001000001000000
1110111110111000
1101100011110000
1101100011110000
0010011100010000
1101100011110000
1101100011110000
1101100011110000
1111110000011000
1101100011110000
1111110100001010
0000001110001110
1111110110100010
0000001110001110
0000011110110010
0000000111000110
0000001110001110
0000011010000010
0001001011110000
0001101000001010
0000101111010110
0001000100101010
0010011100010000
0001011100010110
0001010111100110
0001100001000100
0001101111010010
0000011100011010
0000010101010100
0000111101100100
0000011110110010
0000010101010100
0000101010101000
0000011110110010
0000000111000110
0000000010011000
0000110110011100
0000011100011010
0000001110001110
0000010010111100
0000111101100100
0000010111101100