1110110000001110
1111011101000110
0000010111010010
0000101100000011
0001100010000100
0001010110011100
0000001001111110
0000001000010100
0000001010110100
1111111100101100
1111111000100010
0000001001111110
0000001001111110
0000000111011110
0000001001111110
0000100000011010
0000101111011000
0000110011100010
0001000001101010
0001110001000010
0010000111011110
0010011000111100
0010001001111110
0010000100001010
0010011000000110
0010010101100110
0010011100010000
0010001001001000
0010000110101010
0001111100101001
0001111010001100
0010001011101000
1110111011110010
1111100100001010
0000100010010100
0000101100110100
0001001110101110
0001000100001110
0000000110000100
1111101011011010
1111101111011100
1111110111100010
1111100110100100
1111110110101110
1111111011100100
1111110111100010
0000000110000100
0000011011110110
0000100101100100
0000101100110100
0000111000111100
0001010110110100
0001111111001011
0010001010100000
0010011001110100
0010011000001110
0010001100000110
0010010101110010
0010011100010000
0010001100000110
0010000000000000
0010000110011100
0001111110011000
0010000000110010
1110110101010110
1111011111000110
0000101100000010
0000101101111010
0000110110010000
0000100000000000
1111111111100010
1111100110100000
1111011001100010
1111100010110010
1111100010110010
1111011100010100
1111011110001010
1111101011001000
1111101100000100
1111111001000010
0000010000001110
0000010110101110
0000011010011100
0000111001000010
0001010100110110
0001101100111110
0010001000110010
0010010000001100
0010010011111010
0010011100010000
0010010110101100
0010011001011110
0010010011111010
0010010101110000
0010000111110110
0001111001000000
1110110101100110
1111101000110001
0000110010001110
0000110000011000
0000010011100010
1111110011111010
1111101110010110
1111001101110010
1111010100010010
1111001011111011
1111001011111011
1111001011111011
1111010100010010
1111100010010000
1111101010100110
1111101011100010
1111111111000100
0000000010110010
0000001000011000
0000100001011110
0000100000100100
0000111111010000
0001110011010100
0010001100011100
0010011100010000
0010001000101110
0010000101000000
0010001010100110
0010000110110110
0010010000001010
0001110110001000
0001100110010100
1110100110001000
0000001101010010
0001000011011010
0000110001000010
0000000000000000
1111101110101000
1111011100010000
1111000111110110
1111000010101110
1110111000100000
1110111001100010
1110111010100100
1110111001100010
1111001110111110
1111010001000010
1111011011010000
1111011111010100
1111100111100000
1111101111101010
1111101100100110
0000011001100010
0000100010101110
0001011000110110
0010000010101110
0010011100010000
0010010011000100
0010000110110100
0010001100111100
0010000101110010
0010000111110100
0001111100100110
0001010101110010
1110010101110010
0000101001101110
0001000110101000
0000110100110100
0000001000010110
1111011001101000
1111010111011011
1110111010100000
1110101101001010
1110110011110100
1110001110000000
1110101101001010
1110110000100000
1111000110101110
1111000111110110
1111010110010010
1111100010100010
1111100101111001
1111101110110000
0000000000100100
0000000111001110
0000011100010110
0000111001010010
0001100011100010
0010010100011110
0010011100010000
0001111110001110
0001110100001110
0001111000101010
0001110010000000
0001001000110110
0001000101100000
1110010001001000
0000101011011100
0001011100101110
0001000100000100
1111100000001110
1111001100110010
1110110101011100
1110111001010110
1110101110111111
1110011100110100
1110010111101000
1110110110110000
1110111010101000
1110100100100110
1111000001001000
1110101110111111
1111000011101111
1110101000011110
1111001010001100
1111001110000100
1111111011011110
0000100010011000
0000011001010010
0001100111000110
0001110001011110
0010001000110100
0010011010111110
0010011100010000
0010010000100110
0001110100000100
0001000001011110
0001000100000100
1110111111101010
1111100100011100
0000010110111110
0001000100111100
0001100101000110
0001010111010100
0000101101111110
0000100000001010
0000011011100100
0000001101110010
0000001101110010
0000011011100100
0000010110111110
0000100000001010
0000100100110000
0000110010100100
0000110111001010
0001001001100010
0001010111010100
0001110111100000
0010001110011110
0010010011000100
0010010011000100
0010000101010010
0010010111101010
0010011100010000
0010010111101010
0010001110011110
0010000101010010
0001111100000110
0001110111100000
0010001001111000
1110100101010010
1111010111101100
0000001111001000
0000110111011100
0001011010101110
0001010000101010
1111101011110110
1111111010111110
1111111010111110
1111110000111000
1111110101111010
0000000000000000
0000001010000110
0000001010000110
0000000101000010
0000011110010000
0000101101011000
0000110010011010
0001001011100110
0001101110111000
0010000011000100
0010011100010000
0010010010001010
0010001000000110
0010010111001110
0010011100010000
0010011100010000
0010010010001010
0010001000000110
0010000011000100
0010000011000100
0010010010001010
1110100100000111
0000010010011000
0001000000010110
0000101010111010
0000000000000000
1111011011010000
1111100100011100
1111001000110110
1110101101010010
1110110110011110
1111000010101110
1110110011011010
1110111111101010
1111010101000110
1111010101000110
1111001110111110
1111011011010000
1111101101101000
1111110011110000
1111111001111000
0000001100010000
0000101101111110
0001011000110110
0010000000101100
0010011100010000
0010011100010000
0010001001111000
0010001100111100
0010001001111000
0010001100111100
0001110111100000
0001101000001010
1101100011110000
1101100011110000
1101100011110000
1101100011110000
1101100011110000
1101100011110000
1101101001100110
1101101000111110
1101101010000000
1101101000111110
1111010010100100
0010001001101100
0010011011100000
0010000010101100
0001000000001000
0000101110001011
0000101100111010
0000101100010010
0000101110111100
0000001001001010
1111100011101000
1110110000111110
1101111110101110
1101110001110000
1101101100000010
1101101010001000
1101101110111100
1101101000100110
1101101001101110
1101101000101110
1101101000100110
1101101001100110
1101101010100000
1101100011110000
1101100011110000
1101100011110000
1101100011110000
1101100011110000
1101100011110000
1101100101010000
1101100101001010
1101100101000110
1101100101000100
1111000001011110
0001001100011110
0010011000100110
0010001111101100
0001110010001010
0000000000001000
1111111010001010
1111101001000010
1110101101000010
1110011100101110
1101111100000110
1101110100011100
1101101001010000
1101100110011100
1101100101100100
1101100101010010
1101100101101110
1101101100011010
1101110011001010
1110001100011111
1110101000101100
1110111011011010
1110101010110010
1101100011110000
1101100011110000
1101100011110000
1101100011110000
1101100011110000
1101100011110000
1101101000111100
1101110001010010
1101111010101010
1101100111111010
1110101101101100
1111011000011010
1111001001110100
1111011000001010
1111110000011000
1111010001111010
1111000001100000
1110110110100100
1110100110111101
1110110111010110
1110001011100110
1110011011001110
1110001110111110
1110001100011000
1110000011000000
1110001110011100
1110000111001010
1110110101000000
0000110010100000
0001101001101110
0001110100001000
0001010010010010
0001011001000011
1101100011110000
1101100011110000
1101100011110000
1101100011110000
1101100011110000
1101100011110000
1101101100101100
1101100011110000
1101100011110000
0010011100010000
0010011100010000
0010011100010000
0010011100010000
1110000011000000
1110110100000110
1111000001100000
1110011101110010
1111100101001110
0010011100010000
0010011100010000
0010011100010000
0010011100010000
0010011100010000
0010011100010000
1101110001001010
1101110101100110
0010001010011010
0010011100010000
0010011100010000
0010011100010000
1111100101001110
1110000111011110
1110000111011110
0010011100010000
0010011100010000
0010011100010000
0010011100010000
0010011100010000
0010011100010000
0010011100010000
0010010101000100
0010001010011110
0001011100110100
0010011100010000
0010011100010000
0010011100010000
0010011100010000
0010011100010000
0010011100010000
0010011100010000
0010011100010000
0010011100010000
0010011100010000
1110101010100110
1110011110100100
1111001011001000
0001000111101110
0001111110110100
0010010110100100
0010001011000010
0010011100010000
1111101010011100
0000000101011000
0000101011000110
0000100101101110
0000010000001010
0000010101100100
0000100000010100
0000101011000110
0000111011010010
0001100000111110
0010000110101100
0010010110111000
0010011100010000
0010011100010000
0010010001011110
0001111011111100
0001101011110000
0010000001010100
0010010110111000
0010010110111000
0010000110101100
0001100000111110
0000010101100100
0000010101100100
1111110101001110
1111101111110110
1111101010011100
1111010100111010
1110111001111110
1111011111101100
1111100101000100
1110100100011010
0000001010011010
0000110110011010
0001010010001100
0001001011001110
0000101111011110
0000010110000000
0000100001100100
0000100110001100
0000110100000101
0001000001111110
0001110111001110
0010000010110010
0010001100000010
0010011100010000
0001111011110110
0010000101000110
0010000111011010
0010010101010100
0010001110011000
0010001001101110
0010001100000010
0001100000000100
0000110110011010
0000011100111100
0000010110000000
0000000001001010
0000001000000110
1111110111111010
1111110011010010
1111010101001100
1111010101001100
1111000000010110
1111110101101110
0000101101001110
0001100110110010
0001001110001000
0000101101001110
0000100101000000
0000100111000100
0000110101011110
0001001100000100
0001100100110000
0010001111111010
0010010001111110
0010011100010000
0010010110000110
0010000101101000
0010001001110000
0010010110000110
0010001101110110
0010000011100110
0010000001100010
0010000001100010
0001011010011110
0000101111010010
0000100101000000
0000001000001110
0000000010000100
0000000100001000
1111111001110110
1111011101000100
1111010110111000
1111011011000000
1110111100001010
0010011100010000
1101100011110000
1101100011110000
0010011100010000
1110000011000000
1101100011110000
1101100011110000
1101111101110010
0010011100010000
1101111001011010
1110010101010000
1110101001011000
1111010001100110
1111000011101010
1111010001100110
1111010100101100
1111110011101000
0000010001000010
0000100010000010
0000111010110010
0000111010110010
0001110100000010
0010000011100000
0001110101100100
0001111110110110
0010001011001110
0001111011110000
0001111000101010
0001101010110000
0001111101010100
0010000101000010
0010001000001000
0010000011100000
0001110101100100
0001111101010100
0010011100010000
0010011100010000
0001110010011110
0001001011110100
0000111100010110
0000001101111100