1111101011011110
0001101010100100
0001101110011000
0000011001010100
0000010100100010
1110110011000100
1110110010001000
1110001000000101
1110100000111010
1110001010111100
1110100000111010
1110000101001100
1110001111101110
1110000011010010
1110101101010110
1110111101100110
1111101001100010
1111100100110000
0000101011011110
0001000001011110
0010001110111000
0010001110111000
0010001100111110
0010001100111110
0010000111001110
0010010110100010
0010000110010010
0010011100010000
0001011010010100
0001011111000110
0001110001010000
0010000110010010
1111100001110011
0001011101100010
0001011101100010
0000101000000000
0000101000100100
1111011001101110
1111011010010100
1111011000000000
1111011100000010
1111001000011110
1111001111111100
1110110100111010
1110111110000110
1111000000111110
1111001111111100
1111000101100110
1111010110110110
1111111000001111
0000001111010000
0000101110111010
0001001001111100
0001111010010010
0010011100010000
0001111100000001
0001011000010110
0001000011000010
0001101010110000
0001100011010010
0010010000001010
0001111101110000
0001111110010100
0001101101000011
0000000100101100
0001101000010100
0001100101000100
0001000001100000
0000111011011010
1111110110001100
1111101110001110
1111101001100010
1111011111010000
1111011111101110
1111010100111110
1111011111010000
1111010100000010
1111011111010000
1111010011100100
1111101100110100
1111100010100010
0000000111100000
1111111011010100
0000110110010010
0000110111001100
0010000110010000
0001111111010000
0001110101111000
0001101101011110
0001100000110110
0001100101100010
0010011011110010
0010010011110110
0010011100010000
0010010010011100
0010011100010000
1111110011000010
0001001111111010
0001001010010000
0000111001110000
0000101011100110
1111101000001100
1111010101010110
1111100110110011
1111010001100100
1111010010000010
1110111001100010
1111001111001110
1110110101110000
1111001010111110
1110111110010000
1111010100011010
1111011010100010
1111110010000110
0000000100011110
0000011000010010
0001000001110000
0001010011101010
0001111011001111
0010001000111100
0001010100001000
0001011111011100
0001101011001110
0001110100001100
0010010101001100
0010011100010000
0010000100101100
0010001000111100
1111101110000110
0001001011110010
0001000111011000
0000111010101000
0000101010111100
1111101101001000
1111010111000010
1111011011011100
1110111101100010
1111001101101111
1110110000110010
1111001000010100
1110100110111110
1110110111001010
1110111011000100
1111001100010000
1111011011011100
1111100111001110
1111111111010001
0000001000100110
0000110001010100
0000110111001100
0010010000000000
0010010001011110
0001010101000111
0001010001001011
0001111101010110
0001110110000000
0010011100010000
0010010001011110
0010000010110000
0001110100100000
0000000100110000
0001100110011010
0001011111000010
0001110100101010
0001100011010000
0000001110110010
1111110000101100
1111101110100110
1111000101011010
1111001001101001
1110101110101110
1110111111000100
1110101001011100
1110110100000000
1110010011110010
1110011110111000
1110011100110000
1110011110111000
1111100111101110
1111100100000010
0000110011101110
0001010101100000
0010011100010000
0010010010001110
0010000011011100
0001110000111110
0010001110100010
0001111110101100
0001110110010000
0001011000001010
0001100101111000
0001001000010100
1111100010100000
0001010101000100
0001001010111010
0000000111110001
0000000100011010
1111001101100000
1111000100000000
1110110000010110
1110101100111110
1110110111001000
1110000011101000
1110001110011110
1110100100001010
1110011100000000
1110100000000110
1110010101010000
1110010100100100
1111000110000010
0000001011111000
0000101101110000
0000111100101010
0001100011010100
0001100101010101
0001001111101010
0001100110000010
0010001010101000
0010011100010000
0010001001010010
0000110111010000
0000110011110110
0000100111101010
0000110001110011
0000111011010010
0000111011010010
0000110000100000
0000011010111100
1111101111110110
1110001110110110
1111001111100000
1110100100011010
1110101111001100
1111111010101000
0000100101101110
0000100101101110
0000110000100000
0000110000100000
0000011010111100
0001010000110100
0001111011111100
0001011011100110
0000110000100000
0001110001001010
0010000110101100
0010011100010000
0010010001011110
0001010000110100
0001110001001010
0010011100010000
0010000110101100
0001011011100110
0001000110000010
0000010000001010
0000100101101110
0000110000100000
0000010000011100
0001010010010000
0001111011010110
0001000001110010
0000100000111010
1111110111110010
1110111110001110
1110111110001110
1110010101000110
1110000100101010
1101111100011010
1111000110011100
1110110110000000
1111001110101010
1111011111000110
1111101111100100
0000000000000000
1111101111100100
0001011010011110
0001001010000000
0001110011001000
0001110011001000
0001111011010110
0010011100010000
0001111011010110
0010000011100110
0010001011110100
0010010100000010
0000101001001000
0000100000111010
0001100010101100
0001101010111010
1111100111101101
0001001111111000
0001001000111010
0000111110100000
0000101001101010
1111101110101000
1111100100001110
1111011101010010
1111000100111110
1111000001100000
1110101001001100
1110111110000010
1110011011010100
1110101001001100
1110100010010000
1111000001100000
1111001111011001
1111011101010010
1111100100001110
1111100000110000
0000100010101110
0000110000100111
0010000011111100
0010000011111100
0001001000111010
0001010110110100
0010011100010000
0010011000110010
0001110110000100
0001100100101100
0010000000011110
0001101011101000
1101100011110000
1101100011110000
1101100011110000
1101100011110000
1101100011110000
1101100011110000
1101100011110000
1101100011110000
1101100111100000
1101100110100010
1101101101110000
0001001100111010
0001001110101110
0001000001100010
0000110011111011
0000100000100010
0000010011110000
0000001100100100
0000000010000000
0000100011011100
0000010110101100
1110101010010110
1101110100001000
1101111100101110
1101110000111100
1101110011011100
1101100011110000
1101100011110000
1101100011110000
1101100011110000
1101100011110000
1101100011110000
1101100011110000
1101100011110000
1101100011110000
1101100011110000
1101100011110000
1101100011110000
1101100011110000
1101100011110000
1101100011110000
1101101001010110
1101101000000110
1101110000010000
0001001001000000
0010010011101100
0010001101110010
0001111111110000
0001101111110110
0001100100101010
0001100111000100
0001000010111000
0000111010001000
0000100110000100
1110101101000110
1101111000011010
1101111000001110
1101101111111100
1101110000111110
1101100011110000
1101100011110000
1101100011110000
1101100011110000
1101100011110000
1101100011110000
1101100011110000
1101100011110000
1101100011110000
1101100011110000
1101100011110000
1101100011110000
1101100011110000
1101100011110000
1101100011110000
1101110011011110
1101101100000100
1110000000011000
1110001000110111
1110011111100000
1110101011101000
1110101010110110
1110101111100010
1111000011110110
1111000101000000
1110111011010000
1110101100000000
1110010001000100
1110100111011100
1110011110100111
1101111011101100
1101111000000100
1101101111101110
1101100011110000
1101100011110000
1101100011110000
1101100011110000
1101100011110000
1101100011110000
1101100011110000
1101100011110000
1101100011110000
1101100011110000
1101100011110000
1101100011110000
1101100011110000
1101100011110000
1101100011110000
0000011010110010
1101111010000100
0010011100010000
0010011100010000
0001000111011100
1101111010000100
1110000011000000
1101101000001110
1101100011110000
1101101100101100
1110101111101010
1110101111101010
0000111110100000
0010011100010000
0001010100110011
0000010110010100
1101110001001010
1111000101111110
1101100011110000
1101100011110000
1101100011110000
1101100011110000
1101100011110000
1101100011110000
1101100011110000
1110011000011101
1110100001001110
1110110100010110
1110111011110110
1111000101111110
1111001101001100
1111010111100010
1111100001110100
1111110010001100
0000000000001000
0001011110000000
0001100111110110
0001110000010100
0001110110001110
0001111001000010
0010000001001010
0010000101011010
0010001100111110
0010011001001010
0010011100010000
1110000011000000
1111110100111110
1101101011010010
1111010011011100
0001010111011100
0001110001110010
0010001010100110
0010011100010000
0000011111010000
0000111101001010
0001010000001010
0001000101010010
0001010000001010
0001101000101000
0001010010111000
0010000001000100
0001101011010110
0010011100010000
0010010100000110
0001110110001110
0010000011110010
0010011001100010
0001110110001110
0001110000110010
0001111011101010
0001101110000100
0001000010100100
0001110110001110
0001010010111000
0001100011001100
0000010111000101
0000110010010001
0010000001000100
0001011000010100
0001001000000000
0001001010101110
0001010000001010
0000100100101100
0001001101011100
1111001000010011
0000011000100010
1111011111101110
0000111010001000
0001100000110110
0001011110010010
0001011011101100
0001100011011100
0010011100010000
0001100011011100
0001101011001100
0001111101010000
0001100000110110
0010000101000000
0000110010011000
0000110010011000
0001010001010101
0000101010101000
0001001110110010
0001010001010101
0001101101110000
0010000010011100
0001010001010101
0001101000100110
0001100000110110
0000101010101000
0001011110010010
0001100000110110
0010001100110000
0001101101110000
0000111100101100
0000011000100010
1111010101011000
0000010000010000
0000111000010000
0000111010110000
0001101010010000
0001011011010000
0001111110010000
0001100111110000
0010001111110000
0010001000010000
0001111110010000
0010010100110000
0001100101010000
0001110100010000
0001001100010000
0001100101010000
0010010111010000
0001111110010000
0000110101101111
0001100010110000
0010011100010000
0000101011110000
0001110100010000
0001100010110000
0001111001010000
0001101100101111
0010001111110000
0001011000101111
0010000101110000
0010000000110000
0001000100110000
0000110000110000
1110001001010000
1101100111011110
0010011100010000
1101100011110000
1101100011110000
1101100011110000
1101100011110000
1101100011110000
1101100011110000
1101100011110000
1111000100101000
1111011010100000
1111101101010000
0000000110010000
0000000110010000
0000010010110000
0000101000101000
0001010001010000
0001111101000000
0010001100101000
0001101101011000
0001000001101000
0010001001100000
0010011100010000
0001101010010000
0001101101011000
0010000000001000
0001000100110000
1111110000011000
0001100100000000
0010000011010000
0000011100001000
0000000011001000
0001010111100000
0000111011011000
0000000011001000
0001000111111000
0000111110100000
1111010100010000
1111100000110000
0000011001000000
0000000011001000