1111001000111110
0001011011100000
0001111010001000
0010011100010000
0001100111010010
0001000110111010
0000001111000000
1111000100110110
1111010110100000
1110111111100100
1110010011011011
1110000100001001
1110010101001100
1110011010011110
1110110110101110
1110100011010101
1110110111010100
1111010011100100
1111010011100100
1111110101001000
1111100001000110
1110110100011000
1110000111101010
1110001011110010
1110011001010100
1110010111100010
1110000000000000
1110011110000000
1111101010100010
0000000000111000
1111101110101000
1111001010001010
1111001110001000
0000101110001010
0001110110001010
0010011100010000
0001111110111000
0010000111100100
0001001101100110
0001001001011110
0000111100001110
0000100100001110
1111101100110000
1111000101110111
1111001000110000
1111000101000010
1110111111001110
1111000101000010
1111001101010010
1111010100010110
0000000001011100
0000010110001010
1111110110010010
1111100010011010
1110110101101110
1110110001001010
1110111011111010
1111000110101100
1111010110000000
0000000000001110
0000011001111000
0000100000000100
0000010101010100
1111110010100101
1110100110010100
1111101000111011
0000011010111010
0000101110010101
0001100011100100
0001100010111010
0010011000011100
0010000110111010
0010011100010000
0001110011110010
0001111001001110
0000101100110000
0000011101110010
0000010100100010
1111101111100110
1111111001001010
0000000110110110
0000010101100000
0001000010110000
0001100010010010
0001110110010110
0000110111100110
0000011011010000
0000001011111100
1111111000001100
0000001000011100
0000010111000101
0000011110000110
0001011110001000
0001010111011100
0001001011000010
0000110000010000
1110100010001000
1111011101101000
1111111110111000
0000001001001000
0000110011000010
0001001011101010
0001100101010000
0010010110110100
0010011100010000
0010010101110110
0010000100111010
0001010110001100
0000100111100000
0000100110111000
0000000111100010
1111101110100100
1111111010101111
0000011000011110
0000100011010110
0001001110001110
0001001001101110
0001001001101110
0000001110100100
0000000111110110
0000000001011100
0000011010000100
0000100011101010
0000101011111110
0000101010011000
0001000111001010
0000101010000100
0000101010101100
1110100100010110
1111010110101100
0000001000000000
0000001010101110
0000100110100110
0001011011010100
0001100100110100
0010010011011010
0010001001100100
0010011000001010
0010011100010000
0010011010001110
0010001001111000
0001100100011110
0001001011010100
0001000010110100
0000110011001100
0000111110110000
0001100001110000
0001110000010111
0001111100010010
0001100111110111
0001000101001100
0000100101111010
0000010010111000
0000010011111010
0000011110110010
0000011111110010
0000110111100110
0000111111000100
0001000001001000
0000111000010010
1110100111000111
1111010010001110
0000010000010110
0000001100101100
0000111011000100
0001111100110100
0010010110100110
0010011001110110
0001100101011010
0001000010010110
0000111101100000
0001011101110000
0001101101000011
0010000011101010
0010010110100110
0010011100010000
0010010110001100
0010001101101110
0010010101110100
0010001011010100
0010010111011010
0010001111010110
0010000110011110
0001011110001010
0001000001001000
0000111110010100
0000101110001010
0000101000000111
0000101001010110
0000110111110110
0000101111110010
0000111101000110
1110111001011100
1111111001111100
0000101110111000
0000110011111010
0001011000101110
0001110100011100
0001011100010000
0000101111011000
1111101101110110
1111010000101000
1111100010110010
1111101110010110
1111100000010000
0000010100001010
0000011011101110
0000001110000111
0000100111010100
0001100100110100
0010011100010000
0010001000000110
0010000001100010
0010000010000010
0010001110001000
0001110111111110
0001101000010101
0001001010100110
0000010111101100
0000000100100010
1111111001111100
1111111100011111
0000000100000010
0000000111100100
0000011010111100
0010010001011110
0010011100010000
0010000110101100
0001111011111100
0001100110011000
0001000110000010
0000010000001010
0000011010111100
0000110000100000
1111111010101000
0000010000001010
0000110000100000
0000000101011000
0001011011100110
0001010000110100
0000010000001010
0001011011100110
0001000110000010
0000110000100000
0000110000100000
0000011010111100
1111000100101110
0000010000001010
0000100101101110
0000011010111100
0000010000001010
1111111010101000
0000010000001010
1111100101000100
0000110000100000
0000000101011000
0000000000000000
0001101101011000
0010010100011100
0010011100010000
0001111101000000
0000011111010000
0000000000000000
1111111000001100
0000001111101000
1111011000111100
1111110000011000
1111010001001000
1111101000100100
0000000111110100
0000010111011100
0000010111011100
0000001111101000
0000000111110100
0000010111011100
0000010111011100
1111001001010100
1111010001001000
1111101000100100
1111110000011000
1111101000100100
1110111001101100
1111011000111100
1111101000100100
0000011111010000
0000101110111000
0000000000000000
0000000000000000
1110111000000010
0000000101010001
0001000100011110
0001011001100001
0010010001101110
0010011100010000
0010000000001010
0001101110100110
0010000000001010
0001100100000100
0000010110110100
1111101100101100
1111110000001100
1111011011001000
1111001101000110
1111010100001000
1111011011001000
1111101100101100
0000111101011100
0000110110011100
0000110110011100
0000011101110110
1111111010101111
1111011011001000
1111011110101010
0000000001110000
1111111010101111
0000001000110010
0000111101011100
0001010110000010
0000101011111000
0000001000110010
1101100011110000
1101100011110000
1101100011110000
1101100011110000
1101100011110000
1101100011110000
1101100011110000
1101100011110000
1101101010100010
1101101101111100
1110100000011100
1111001110110100
1111111111000100
0001111011110110
0001011100001010
0000011001011100
1111100110111101
1111010111000111
1111010010111110
1111000101000000
1111000010000000
1110100011000110
1110010101100000
1110000010010010
1101110010011100
1101101100110100
1101101011101010
1101101011010010
1101100011110000
1101100011110000
1101100011110000
1101100011110000
1101100011110000
1101100011110000
1101100011110000
1101100011110000
1101100011110000
1101100011110000
1101100011110000
1101100011110000
1101100011110000
1101101001010100
1101101001101010
1101111101001110
1110001110011000
1110011111110000
1111110011111100
0001110110000110
0010010011010100
0001101100000100
0001001101111000
0010000101011100
0000110001000010
1111000110100010
1110001010000010
1101111101111100
1101111010100100
1101110011010100
1101101110110110
1101101100001100
1101101010001010
1101100011110000
1101100011110000
1101100011110000
1101100011110000
1101100011110000
1101100011110000
1101100011110000
1101100011110000
1101100011110000
1101100011110000
1101100011110000
1101100011110000
1101100011110000
1101110011011000
1101101111001100
1101111111010110
1101111011100010
1110000010110000
1110000100101010
1110011010100010
1110101000101110
1110101100000110
1110100010101101
1110101011110110
1110111010001000
1110100000001110
1110011110111000
1110001101111100
1111000100000110
1111000010000000
1110011000111000
1110001011010100
1101110101011100
1101100011110000
1101100011110000
1101100011110000
1101100011110000
1101100011110000
1101100011110000
1101100011110000
1101100011110000
1101100011110000
1101100011110000
1101100011110000
1101100011110000
1101100011110000
1101110101100110
1110010100110110
1110100010010000
1101110001001010
1101111110100010
0001000010111110
0001000010111110
1110100010010000
1110000111011110
1101111110100010
1110001011111100
1110101011001101
1110111000100100
1110011101110010
1110010000011011
1110001011111100
1110101011001101
1110100110101110
1110100010010000
1110000011000000
1101100011110000
1101100011110000
1101100011110000
1101100011110000
1101100011110000
0000111111111100
0000111101101010
0000111010011010
0000111010110000
0000111010101010
0000111111101010
0001010011010100
0001111000011100
0010011100010000
0010011100010000
1110110010001100
1110110100111010
1110111011010100
1111000010011100
1110111110011110
1110111110100100
1111010000101100
1111011000111000
1111011100001110
1111000001011000
1110011110000110
0001100001011100
1110000010110010
1101111011111010
1110010001011010
1110001110111110
1110001110101000
1101100011110000
1111110001000100
0000010000111010
0000001110111100
0001101010100000
0001001110101000
0000011100111000
0001011010100100
0001100000100010
0010011100010000
0010001000010110
0001010000101000
0000100100110100
0000011000111000
0000110110110000
1111110001000100
0000111000101110
0000111010101110
0001000010101100
0001010110100110
0001000100101010
0001011010100100
0000011000111000
0000111110101100
0000110110110000
0000100100110100
0000110100110000
0000110010110000
0000010110111000
1111111001000010
1111011101001010
1111000111010010
1110010101100000
0000101111100000
0000101001011000
0000110111001010
0001110010111000
0001010010101110
0001000001111000
0000110111001010
0001101001101100
0010011100010000
0001101110010010
0001101011001110
0001111100000110
0001101001101100
0001101110010010
0001100000100000
0000110101101000
0001101000001010
0010001100111100
0010000010001110
0001011000110110
0001001011000100
0000110101101000
0001011101011100
0001010001001011
0001100101000110
0001101100101111
0001101001101100
0001100000100000
0001100000100000
0000111101010010
0000100110010010
1111000111010100
0000101010001100
0010011001001000
0010011100010000
0001110000100000
0000110110101100
0000011010100100
0000101110111000
0000111000010000
0001011101110000
0001010010110100
0000101011110000
0000101101010100
0000111011011000
0001000001101000
0000001110000100
0000011100001000
0000110010000000
0001101010010000
0000111110100000
0000110011100100
0000101011110000
0000010010110000
1111101110110100
0000001100100000
0000001001011000
0000110010000000
0000100101100000
0000100010011000
1111111001110000
0000000100101100
1111111110011100
1110011100000000
1101100100000000
0010011100010000
1101100011110000
1101100011110000
1101100011110000
1110000011000000
0000011111010000
1101100011110000
1101100011110000
0000001001101100
0000001110000000
1111111010101000
1111110010000000
1111110110010100
1111001111100000
1111101001011000
0000000111100010
0000100101101110
0010000010011000
0001111001110010
0010011100010000
0010011100010000
0000011101000110
0000001001101100
0000011111010000
0001010111010010
0001001110101010
0000010000001010
0000000111100010
0000010000001010
1111101101101100
1111101011100010
1111110110010100
1111101011100010
0000000101011000
1111110110010100
0000001110000000
1111111110111100
1111011110100110
1111001011001100
1110100010010000