1111010110110100
0000101111111000
0001101101100000
0001110001001100
0000011000111000
1111100100001010
1111000101101110
1110100110100100
1110010010100000
1110101001100010
1110110110001010
1111010100100100
1111010011110110
1111010111100010
1111100110011010
1111111110111000
0000010110101000
0001011010001100
0001101010100010
0010011100010000
0010010001110110
0001110111111000
0010010001001000
0010010010100110
0010001000111100
0001010101101110
0000111101010000
0000100100110000
0000101100001010
0000101100111010
0000100001000010
0000101001111100
1111000010110110
1111111100110000
0001010000101000
0001011100011100
0000001001110000
1111101100001110
1110111110001000
1110101110001101
1110111000001110
1110110110011110
1110101010101000
1110101111111110
1110100111000111
1110110100000110
1111100000011010
1111101010011100
1111111101010110
0000101010110110
0000110000110000
0001100111000110
0010001101011110
0010011100010000
0001110110011100
0001110100101010
0001110101110110
0001101000010000
0001001010101110
0001000101011010
0001000000101100
0000100100010110
0000110110000011
0001000000000110
1111000101110100
0000000100011100
0001010011100000
0001100001011001
0000001000001110
1111011100100100
1111010101101000
1110101011111000
1110100010011000
1110100011000001
1110010111101000
1110011010110010
1110100110110100
1110110111010000
1111001101011011
1111100111111110
1111110111001010
0000011001010100
0001000001110010
0001110001111000
0010011100010000
0010010001100000
0010001110010110
0010010110100100
0010010100000010
0010001001111010
0001100111110000
0001000011000100
0001010000111110
0001001100100010
0001000111011110
0001000110001110
1111010100101000
0000001110111000
0001101011000110
0001110001110010
0000000101001010
1111011110010100
1111010010110010
1110100101010010
1110011000100010
1110011111110100
1110010100010010
1110101001100010
1110110110010010
1111000010011010
1111010000011000
1111010111101010
1111110101011000
0000011000100100
0000101000111110
0001101000000100
0010000111101000
0010011100010000
0010001111100000
0001111111101110
0010000000010110
0001111100101100
0001010100101001
0001000001110110
0001000001001110
0000101100100110
0000101100000000
0000111000001000
1111010011001010
0000010101101100
0010010000010010
0010001001100100
1111101010010100
1111010010011010
1111000000011110
1101111100011010
1101110000011110
1101101011001110
1110000011111010
1110011101010100
1110011010010100
1110101010110010
1110110011000000
1110111110111110
1111011001111000
1111010111101000
0000001101011110
0000111011110011
0010010001110010
0010011100010000
0001101000101001
0001100010101100
0001101111011010
0001110111100111
0001011100101110
0000101001111000
0000110101110100
0000011101111001
0000101110010101
0001000101100010
1111100110110100
0001001010000100
0010011100010000
0001111111100100
0000001001101100
1111010100111110
1110110111100000
1110100101101010
1110010001100000
1101110000111100
1110000100010100
1110011101001000
1110010010010010
1110100001000000
1110110110101110
1110100100001000
1110110111100000
1110111000010010
1111011111110100
0000001000001010
0001010111010000
0001110110010000
0001100101111110
0001011111110010
0001101001110110
0001011110001110
0001001010110110
0000101011110100
0000101011000010
1111110100110000
0000010000101010
0000010101010100
0000010010111100
0001011110101000
0010011100010000
0001110100010000
0000000101111100
1111011001101000
1111010111011100
1111000100000000
1110100001011000
1110000011000110
1101110010111000
1110101011001000
1110110001100110
1110110111000000
1111000100000000
1110011000110000
1110101111011101
1111001111111000
1110111100011010
0000010111001111
0001010001101000
0010001101001000
0010010111111100
0001111000100011
0001011010010010
0001011000000111
0000101010101101
0000100110011000
0000001001001100
1111110000010100
1111100011010110
1111111000111110
1111001001000110
0000111111010110
0001000111110010
0000101110011100
0000001100101010
1111000000101010
1110100111010100
1110011110111000
1110101111110001
1110011110111000
1110100111010100
1111100010011100
0000000100001110
0000000100001110
1111111011110010
0000010101000111
0000110110111010
0001110010000010
0010010011110100
0010010011110100
0010001011010110
0010001011010110
0010010011110100
0010011100010000
0010010011110100
0001100001001000
0000110110111010
0000100110000000
0000110110111010
0000110110111010
0000110110111010
0000111111010110
1111011111010010
0000101111010000
0000111101110001
0001101001011000
0000111101110001
1111111100011001
1111011111010010
1110111010111110
1110001111010110
1111000010001111
1111011111010010
1111011000000010
1111100110100100
1111101101110110
1111110101000110
0000011001011100
0000111101110001
0001100010001000
0001101001011000
0010000110011100
0001111111001011
0010000110011100
0010011100010000
0010011100010000
0001111111001011
0001110000101010
0001001100010100
0001000101000010
0001000101000010
0000110110100000
0000111101110001
0001000101000010
0000000001111000
0001010000111100
0010011100010000
0010001001011100
0000101011010100
0000000101101010
1111101011010010
1111101111000100
1111011000011110
1111000001111000
1110001001011010
1110100111100010
1110101011010010
1111011000011110
1111100000000000
1111001101001010
0000000001111000
1111101111000100
1111111010010110
0001000001111000
0000110010110110
0001110010110110
0001110110100110
0001111010011000
0001110110100110
0000110010110110
0001011000011110
0001010100101110
0001001101001100
1111111110001000
0000111110001000
0000111010010110
1101100011110000
1101100011110000
1101100011110000
1101100011110000
1101100011110000
1101100011110000
1101100011110000
1101101100101010
1101101000000100
1101110100111110
1110011100100110
0001001000011000
0001111111101100
0010000101110100
0001101010110010
0001100100010100
0001100110001010
0001100011000110
0001001001100110
0000011101111110
1111110001101110
1111000000010001
1110000101010000
1101110100101010
1101101110110100
1101101011110000
1101101100000010
1101101010100000
1101100011110000
1101100011110000
1101100011110000
1101100011110000
1101100011110000
1101100011110000
1101100011110000
1101100011110000
1101100011110000
1101100011110000
1101100011110000
1101100011110000
1101101011011110
1101101010001010
1111000111111111
0010011100010000
0000101100110100
0001100101111010
0010000110101100
0010001111001000
0001110010011100
0001000110100110
0000011010010001
1111111001011000
1111010010111010
1110110011010010
1110011100011100
1101111000010010
1101110001111000
1101110000010010
1101101100010110
1101101011111010
1101101010111000
1101100011110000
1101100011110000
1101100011110000
1101100011110000
1101100011110000
1101100011110000
1101100011110000
1101100011110000
1101100011110000
1101100011110000
1101100011110000
1101100011110000
1101101111001100
1101101011000010
1111001011011000
0010010001010100
1110010111100010
1110011011100010
1110110001011010
1110101100100000
1110101100100000
1110011101010100
1110001100110100
1110001000011110
1110001011111110
1110000110001000
1110000111101100
1110001000101110
1110110001111000
1110100111011100
1110010100101100
1101111110110100
1101110110100000
1101100011110000
1101100011110000
1101100011110000
1101100011110000
1101100011110000
1101100011110000
1101100011110000
1101100011110000
1101100011110000
1101100011110000
1101100011110000
1101100011110000
1110010000011011
0010011100010000
0010011100010000
0010011100010000
0010011100010000
0000001101011010
1101101000001110
1101100011110000
1101101100101100
1101110101100110
1101111010000100
1101111010000100
1110011001010100
1110010100110110
1111100101001110
1111001010011100
1101101000001110
1101101000001110
1110000011000000
1110000011000000
1110101011001101
1101100011110000
1101100011110000
1101100011110000
1101100011110000
1101100011110000
1111110001101010
1111110111001000
1111111011101100
1111111110001110
0000000010100110
0000000100111110
0000001001101000
0000001110101110
0000010011001000
1111110011011000
0001001100100110
0001010001101100
0001010100001110
0001010110011010
0001011001010000
0001011110001100
0001100111000010
0001101111100010
0001110111111000
0001111000110000
1110100100010110
1111100110010000
0010011100010000
1111110001010110
0000101111011010
0001001001101010
0001011111001110
0010011100010000
1101111111001000
1111100001001110
1111110101110000
1111111010010100
0000001110110100
1111111100100110
0000010001000110
0000001100100001
0000001010010000
0001000101100100
0000111100011011
0000111100011011
0000110111110111
0000011100100000
0000111100011011
0001000001000000
0001000101100100
0000111110101110
0001100011001110
0001101100010110
0001110101011110
0010001010000000
0010001010000000
0010010101011010
0010010101011010
0010011100010000
0010011100010000
0001111110100110
0001111010000010
0001010111110100
0001000001000000
0000000101101100
1101101111001000
1110100110000010
1110100100001010
1110011110011110
1110011110011110
1111000010011100
1110111100110000
1111001000001001
1111000100010111
0000001110001110
0000000110101000
0000000100110000
0000010111101100
1111101110000000
0000000000111100
0000001100010100
0000101000101110
0000111111011100
0001010000100000
0001001010110100
0000101100100000
0001001010110100
0010010100101100
0010010100101100
0010011000011110
0010010010110010
0010011100010000
0010011000011110
0010001011001110
0001010100010010
0001010000100000
0000101110011010
1111010111010100
1111101100011110
1111100101111110
1110100100110110
1110110000010000
1111000000100010
1111010101101100
1111010010011100
1111101100011110
0000101010010100
0000010001111010
0000001000001000
0000111000111110
1111110100100110
1111110111111000
0000000011010000
0000001000001000
0000011110111100
0001100110100010
0000111010100110
0001001110001000
0001100110100010
0010011100010000
0010000111000110
0001110101001100
0001101110101100
0001110011100100
0001100001101010
0001010011000000
0000110111010110
0000111010100110
0000100010001100
0010011100010000
1101100011110000
1101100011110000
0010011100010000
1101100011110000
1101100011110000
1110000011000000
1110010111110110
1101100011110000
1111000100101110
1111111010101000
1111110111000010
1111111110001110
1111101111110110
0000001000111110
0000110111101100
0000101001010100
0001001001101000
0000100101101110
0001111011111100
0010010101000100
0010011100010000
0010000110101100
0000110100000101
0001101101100100
0001110100110000
0001100110011000
1111111110001110
0000110000100000
0001011011100110
0001001001101000
0000110111101100
0000010011110000
0000010000001010
0000001000111110
0000010111010110
0000101100111010
0000100010001000
0000010011110000
1111101111110110
1111100001011110