0000000000000000
0001101010101110
0010001100111000
0010011100010000
0001000000000010
1111101011100000
1110100001001110
1110000111101000
1110010100011010
1110001010001100
1110001000011110
1110100010000110
1110111101011010
1111000010100010
1110110100111000
0000000000110110
0000101000111110
0001101000001010
0001110000101110
0001101101010010
0001010100100010
0001010011101100
0001111110011000
0010001010010100
0001101110001010
0001011101111010
0000110001100010
0001010101011000
0001010110010000
0001110101110100
0001110100001000
0001001001011100
1111110001111100
0000110011010100
0010011100010000
0010011010101110
1111010001010000
1110110011100110
1110110000100010
1110000000101011
1101110111100010
1101111011010100
1110010110101100
1110000010001010
1110011101100010
1110111111110000
1111001000111000
1111011010011000
0000010100001010
0001001001011000
0001101010110100
0001011010111000
0001011010000110
0001101000100010
0001110010011100
0001110000111010
0001101011100110
0001000001000000
0000101000101100
0000110100000101
0001001000101000
0001001101111100
0001011010000110
0000101100011110
1111101001010110
0000101101010010
0010011100010000
0010010000111100
1110111101100100
1111000010110110
1110110110000010
1110011000100110
1101110010110110
1110001011000000
1110011101111000
1110011001010110
1110010001110010
1110101001111100
1111000100011000
1111010001001100
0000000111100100
0001000010011100
0001101110001110
0010000001000100
0001011111000110
0001011010100110
0001110100010000
0001110100010000
0001100101111010
0000110100000101
0000101000000000
0000011011001011
0001000000001010
0001010101010001
0001001101000000
0000001001110100
1111011100011100
0000011100011000
0010011100010000
0010010001111000
1110110011101100
1110101001010010
1110011001010100
1110011010111010
1110000010111010
1110001110000110
1110011101010010
1110001101010100
1110101100011110
1110110010111000
1111000010110110
1111011101001110
1111110100011010
0000011110110010
0010000111011110
0010001100010000
0001001110101110
0010000011011110
0010000011011110
0001000011100010
0001010010101110
0001000101111100
0000001011100110
0000100011100100
0000110001111100
0001011001111010
0001000111100010
0000100111100100
1111100111100010
0000101010101000
0010010110101110
0010010100010110
1111101001001000
1110110001111000
1110100100011110
1110010111000011
1110010000101110
1110010001100010
1110100001010100
1110011111101110
1110010100101100
1110101110101110
1111000011010000
1111100000011100
0000010010111100
0001010100011100
0001110001101000
0010011100010000
0010000101011000
0010000110001010
0010000101011000
0001111011000101
0001000110001110
0000100101111000
0000011101001100
0000011010110110
0000101100111110
0001010000100000
0001010010111000
0000101110100100
0000000000110010
0001011011001110
0010001010000000
0010011100010000
0000001111000100
1111011111011110
1110101010010110
1110010010100010
1110001100001100
1101110000011100
1110000101110110
1110010101101110
1110100000110100
1110101001100100
1110110011110110
1110101010010110
1111010001001110
0000011011110000
0001000101000000
0001001111010100
0001001110100010
0001010111010000
0001000001110110
0000001111000100
1111011111011110
1111011101000110
1111000011101111
1111001110110100
1111100101110100
0000001110010010
0000010111000000
1111100001000100
1111111010010000
0001010100100010
0000111100101010
0001010001111000
0000010000011000
1111101001011100
1110111100010010
1111000110111010
1110111000110000
1110110101001100
1110111111110100
1111011011010000
1111000110000001
1110011111111100
1111000101001000
1111011010011000
0000011011000000
0001011101011010
0010011100010000
0010010110000100
0001111000110110
0010001100010100
0001100101011000
0000001101101110
1111111010010000
0000000100111000
1111110011001010
1111100100001000
1111001001100100
1111101001011100
1111101110110000
1111110100111100
0000001001110000
0010001000101110
0010010010100000
0001111110111100
0000011101010100
0000000000000000
1111100010101100
1110000001000100
1110001010110100
1110101000001000
1110010100100100
1111000101011010
1110011110010110
1111001111001100
1111011000111100
0000001001110000
0000100111000100
0010001000101110
0010011100010000
0010001000101110
0001001110001000
0001111110111100
0001110101001100
0001110101001100
0001101011011100
0001010111111000
0000000000000000
0001010111111000
0001000100011000
0001101011011100
0001111110111100
0001001110001000
0000100010010100
0001100110111010
0010000101011000
0010011100010000
0001010111101010
1111100101010100
1110001001111000
1111000110110110
1111101100111100
1111100101010100
1110101000010110
1110101111111110
1111101100111100
1111110100100100
0000000011110100
0000101001111010
0001000000110010
0001100110111010
0001111101110000
0001110110001000
0001100110111010
0001100110111010
0001100110111010
0001110110001000
0001101110100010
0001110110001000
0001110110001000
0001101110100010
0001110110001000
0001110110001000
0001010000000010
0000111001001010
0000000100010110
0001010010011110
0010010111111010
0010011100010000
0000011010000010
1111011000111100
1110100100110110
1101110101001000
1110101101100010
1110100000100000
1110100100110110
1110101101100010
1110110001111000
1110111110111010
1111010000010000
1110100000100000
1110111010100100
0000000000000000
0001011011001010
0001010110110100
0001010110110100
0001101000001010
0001011011001010
0000101011011010
0000001000101100
1111010100100110
1111110111010100
1111111011101010
0000011010000010
0001000001000110
0001000001000110
1111101010010100
1101100011110000
1101100011110000
1101100011110000
1101100011110000
1101100011110000
1101100011110000
1101100011110000
1101100111001010
1101100110110010
1101110110000100
1110100100111100
0000110010000000
0010000011010100
0010011001001110
0001110011011010
0001000000000110
0000010000110100
1111110010001110
1111100011001000
1111010111000100
1110110100000010
1110001001100110
1101111000101100
1101101110000000
1101101001011000
1101101000100110
1101101001011000
1101100011110000
1101100011110000
1101100011110000
1101100011110000
1101100011110000
1101100011110000
1101100011110000
1101100011110000
1101100011110000
1101100011110000
1101100011110000
1101100011110000
1101100011110000
1101101011100110
1101101011110010
1110000111111011
1111100100000010
0000110011001110
0010000101100000
0010010101111000
0001110110001000
0001000100100100
0000010111011010
0000000001011110
1111101001100110
1111010101110010
1111100001010000
1110001100101010
1101111100010010
1101110100001000
1101110001010110
1101110001000000
1101101111101100
1101100011110000
1101100011110000
1101100011110000
1101100011110000
1101100011110000
1101100011110000
1101100011110000
1101100011110000
1101100011110000
1101100011110000
1101100011110000
1101100011110000
1101100011110000
1101110011011000
1101110001010010
1110010111110101
1110011001111010
1110000010100010
1110000111111011
1110000001000010
1110000001011100
1110000101010110
1110000110100000
1110001001101000
1110001000000101
1101111111111000
1110010101110000
1110000110100000
1101111110010100
1110100000101100
1110100001001100
1110011100100000
1110001111100000
1101100011110000
1101100011110000
1101100011110000
1101100011110000
1101100011110000
1101100011110000
1101100011110000
1101100011110000
1101100011110000
1101100011110000
1101100011110000
1101100011110000
1101100011110000
1101111010000100
1111001010011100
0010010011010100
0010011100010000
0010010111110010
1111110111000100
1101100011110000
1101100011110000
1101111010000100
1101111110100010
1101100011110000
1110111000100100
1111000001100000
1111000001100000
1111010011010110
1110000011000000
1101111010000100
1101111010000100
1101100011110000
1101110001001010
1101100011110000
1101100011110000
1101100011110000
1101100011110000
1101100011110000
1101100011110000
1111001110110110
1111001101001010
1111001100010000
1111000111010000
1110111110101100
1110111100011000
1110111011001000
1110111110001100
1110110111011000
1111000100000011
0001010011111000
0001010100000001
0001010010101110
0001001110110110
0001010001011000
0001010010001110
0001010100011110
0001010101000100
0001010101100000
0000111110000100
1110101100101010
1111101111011110
0000010000110110
1111011000100100
0001010010011110
0001010001001010
0001111111011110
1110001000001111
1111110110011100
0000111100100110
0000111100100110
0000100011000100
1111110110011100
1111110000000101
0000100011000100
0000110110001101
0001111100011000
0010001111100000
0010001111100000
0010011100010000
0010011100010000
0001111100011000
0001111100011000
0001111100011000
0001010110000110
0000010110010100
0000101001011110
0000110110001101
0000101111110110
0000101001011110
0000001001100100
1111110110011100
1111111100110100
0000001111111011
0000101111110110
0001000010111110
0001000010111110
0000111100100110
0000011100101100
1111000011011010
0000001111110100
0001110101101000
0001000000111110
0000011101110110
1111001101000110
1111101100101100
1111110000001100
0000000001110000
0001111100101001
0010011100010000
0001101110100110
0010010101001110
0010010001101110
0000101111011010
0001101110100110
0001111001001000
0000110010111010
1111100101101010
0000000101010001
0000001111110100
0000100100111000
1111110011101110
1111111110010000
0000011010010110
0000011010010110
0000001111110100
0000111001111100
0001010010100000
0001100100000100
0001011101000100
0000100001010110
1111100101101010
0001000101011100
0010010111111010
0010000110100100
0000011110011000
1111110111010100
0000010101101100
0000000100010110
0000011110011000
0000100111000100
0010011100010000
0010001111001110
0001101100100000
0001101100100000
0001011111100000
0001011111100000
0001001110001000
0000110100000101
0000011110011000
0000101111110000
0000101011011010
0000101111110000
0000111000011100
0000001000101100
0000011010000010
0000100010101110
0000011110011000
0001111001100010
0010000010001110
0010001111001110
0001111101111000
0000001101000010
1110110110001110
0010011100010000
1101100011110000
1101100011110000
0010011100010000
1101100011110000
1101100011110000
1110000011000000
1101111101110010
1101100011110000
1111000111101000
1111111110011000
1111110111111100
1111100100101000
1111101011000100
0000010001101110
0000010100111100
0000010001101110
0001101011111100
0001101011111100
0010011100010000
0010011100010000
0001011000100101
0000110001111100
0000000001101000
0001010010001010
0000110001111100
1111110001100001
1111110001100001
0000010100111100
1111111011001010
1111110100101110
1111101011000100
0000011000001001
1111101011000100
1111111011001010
0000100001110100
1111001010110110
0000010100111100
0000000100110110
1111010100100000
1110110001000100