1110111100000110
1111101011100100
1111111011100110
0000000010001100
0000100110000010
0001100110110100
0001101101101110
0010011100010000
0010001100100010
0001101011001110
0001001101000010
0001000000110000
0000010011001100
0000001101001110
0000001101110110
1111110101111100
1111101001011000
1111101101011100
1111111010000010
0000000001111000
0000010010010000
0000100110010110
0000101010011100
0001000100110110
0000101100000000
0000100001000000
0000010011001100
0000011000110110
0000100101011010
0001000000001000
0000111110111000
0000100011001110
1110111101011010
1111101011110110
0000000000011110
0000000101010100
0000100111001100
0001101100100010
0001110110001100
0010011100010000
0010001101011010
0001111010101110
0001001011010100
0001000110001010
0000100001000100
0000001001110110
0000001100011010
1111111100010010
1111101010100100
1111101110110000
0000000000110100
0000001011011100
0000100010010110
0001001110110110
0001001100100110
0000100011101000
0000001011110010
0000010100011110
0000001010001010
0000100000101110
0000110011001000
0000111001100100
0000110100011001
1111100100011100
1111000000101110
1111101111011000
0000001111111011
0000010000111110
0000101011000100
0010000110010010
0010001001011000
0010011001100000
0010010110000100
0010011100010000
0001111010111110
0001100111011100
0001000001101100
0000011111011000
0000011010010000
0000101001010110
0000010110001000
0000011011111110
0000110110000010
0001011111001100
0001011001000010
0000101100011100
0000010111001010
0000001010110100
0000000100101000
1111111110110100
0000000101101010
0000101010011000
0000101111100000
0000101101011100
0000010000101000
1111100100101110
1110111010100110
1111011111010000
0000001111101010
0000010010111000
0001001101111100
0010000011010110
0010010101110110
0010011010001000
0010010010010010
0010011011100010
0010011100010000
0010011000010110
0001100011101010
0001010010001110
0001001100001010
0001010110110110
0001011000101000
0001100001100010
0001101010000100
0001010100000000
0000011101001100
0000010001011100
0000001000111010
1111111101100000
1111111011101110
0000000101101100
0000001100011110
0000101011011100
0000101111101100
0000110001011110
0000100001000110
1111110111110100
1110111011111010
1111011011101100
0000000010101010
0000010000010010
0001100001100110
0001110110000010
0010010011100100
0010000010100010
0001111100011110
0001111000101100
0010011100010000
0010010010000010
0001111110110000
0001101110000110
0001100110100010
0001110001111000
0001111001011100
0001100100101000
0001001001110010
0000011001010110
1111110100010010
1111100111000010
1111010110011000
1111001101010100
1111000100001110
1111000011000110
1111010000010110
1111100010111000
1111111011000110
0000010100110100
0000001001011110
1111000000110100
1111001001100010
1111101110011100
1111111011110010
0000100101001000
0001100111010110
0001111101100100
0010010001100110
0010000111110100
0001111110011110
0001101000010000
0010001011110100
0010001110000010
0010001011010110
0010011100010000
0001111101100100
0010011000101100
0010010011011000
0001101100010000
0000001110000000
1111110010111000
1111100100001110
1111010011110011
1110110110111000
1110110010000000
1110101010011100
1110011111010100
1110011111010100
1111001001000110
1111110011110010
0000010001001000
1111101011010110
1110101000001110
1111111101111000
0000111011101000
1111111111101100
1111000000101110
0000010111100010
0001010000011001
0000110110001000
0001011000011000
0001111101000100
0001001110100110
0001010111110000
0000111011101000
0001101010000110
0010011100010000
0010000111011110
0001100000010011
0001101001100000
0000101111111111
1111010010011100
1111010011000100
1110101011111010
1110000111110110
1110000110100110
1101110111010100
1110000111001110
1110000001000110
1101111010011000
1110101000110110
1111101111001100
0000000101110011
1111110000011010
1110001110100100
1111100110011100
0000110000010010
0000101010101000
0001000111000010
0000111011101001
0001111010001010
0010000101100010
0010011100010000
0010011100010000
0001111010001010
0001110100011101
0001001100101110
0000110101111110
0000010011111000
0000011111010000
0000001110001110
0000010011111000
0000001000100010
0000010011111000
0000001110001110
0000011111010000
0000011111010000
0000101010101000
0000001000100010
0000110000010010
0000011111010000
0000100100111100
0000000010110110
0000011111010000
1111110111011110
0000011001100100
0000000010110110
1110110110010100
1111011111100100
1111110111001010
0000001110110000
0000110010000111
0001100001010010
0001111110110010
0010011100010000
0010010110010110
0001100111001100
0001010101100000
0001000011110100
0000001110110000
0000010100101000
0000001110110000
1111111101000100
1111111101000100
1111110001010000
1111110111001010
0000001110110000
0000100000011100
0000101100001101
0001000011110100
0001001111100110
0001000011110100
0000100000011100
0000010100101000
0000001110110000
0000100000011100
0001001001101100
0001001001101100
0000111000000000
1110101110101000
1111011100001100
1111111100110000
0000000011010000
0001001010111000
0001101000001010
0010000101011110
0001111011101100
0001111000011100
0001111011101100
0010010010100000
0010011100010000
0001001010111000
0001011011001010
0001010111111000
0001010111111000
0001101000001010
0001010001011000
0001010111111000
0000010110110010
0000001001110000
0000000110100000
1111100101111110
1111101111101110
1111101001001110
1111101111101110
1111101001001110
0000000011010000
0000000110100000
0000101101100100
0000010110110010
1111100010101100
1101100011110000
1101100011110000
1101100011110000
1101100011110000
1101100011110000
1101100011110000
1101101011110110
1110010010000000
1101101000111000
1101101000101100
1101111010111000
0001101111001100
0010001010110110
0010000110101110
0010001000111000
0010011010000100
0010001010110110
0001011010000010
0000110011100000
0000000111101000
1111001111011110
1110101111011110
1110010110100100
1101100011110000
1101100011110000
1101100011110000
1101100011110000
1101100011110000
1101100011110000
1101100011110000
1101100011110000
1101100011110000
1101100011110000
1101100011110000
1101100011110000
1101100011110000
1101100011110000
1101100011110000
1101100011110000
1101100110011110
1110001010110000
1101100111000100
1101101000000000
1101101101101110
0001101000111100
0001111101110010
0001101010010110
0001100011111110
0010010100111000
0010001000001110
0001001101101010
0000000111101000
1111010110011010
1110011111100011
1101111001000100
1101110010111110
1101100011110000
1101100011110000
1101100011110000
1101100011110000
1101100011110000
1101100011110000
1101100011110000
1101100011110000
1101100011110000
1101100011110000
1101100011110000
1101100011110000
1101100011110000
1101100011110000
1101100011110000
1101100011110000
1101101111101000
1101111100110000
1101111011101100
1110011010011100
1110010101001110
1110001110011100
1110010010010110
1110010011001000
1110001100011000
1110010011011011
1110010110010000
1110011101100100
1110010001110110
1110001010110100
1110011100100000
1101110101100010
1101110100011010
1101100011110000
1101100011110000
1101100011110000
1101100011110000
1101100011110000
1101100011110000
1101100011110000
1101100011110000
1101100011110000
1101100011110000
1101100011110000
1101100011110000
1101100011110000
1101100011110000
1101100011110000
1101100011110000
0001100110101100
0001000010111110
1110101011001101
1110011001010100
0010011100010000
0010011100010000
1110000011000000
1110010000011011
1101111110100010
1101111010000100
1101111010000100
1110010100110110
1101110001001010
1101110001001010
1111011100010010
1111010011010110
1101111110100010
1101100011110000
1101100011110000
1101100011110000
1101100011110000
1101100011110000
1101100011110000
1101100011110000
1101100011110000
1101100011110000
1101100011110000
0010011100010000
0010011100010000
0010011100010000
0010011100010000
0010011100010000
0010011100010000
0010011100010000
0010011100010000
0010011100010000
0010011100010000
0000111010010000
0000111001101011
0000111001101110
0000110110101000
0000110100111000
0000101111101110
0000100101010100
0000001000001010
1111000101001110
1101100011110000
1110110010111010
0001000101110110
1101101110000000
1111101000101100
0010000101000100
0001110000100001
0001101111010100
0010011100010000
0000011001111100
0001000010110100
0000110101100100
0010011100010000
0010010001001110
0010000011111110
0001010111110010
0001000101000000
0001010100011110
0000011100001010
0000110011010110
0001101001011110
0001100111010000
0000110111110000
0000110101100100
0001101011101001
0010011011001010
0001011000111001
0000111110011000
0001010110101100
0001001110111110
0000111100001100
0001000101000000
0001010100011110
0000010101100010
0001001000010100
0000101000010100
0000111100001100
0000100000100100
0000100101000000
0000011000110110
1111110011010100
1111100011010100
1111110101001000
0001000000010010
0010011100010000
0010011100010000
0010000010100010
0000110000011101
0000110100011001
0000100101100110
0000000110111100
0000100011100110
0001101101110010
0001101000110011
0000110001011100
0000100101100110
0001010100000100
0001110100101100
0001001001001100
0000111010010110
0000010000110100
0000111001010110
0000000001000000
0000010110110000
0000010001110100
1111100111010010
1111111100000010
0000001011111000
0000100100100110
1111101100001110
1111101010010000
1110101010111100
1110000011011010
1111000110010101
1111010010010100
0000010010011100
0010000001110100
0010011100010000
0001101000111101
0000011111010000
0000001000000000
0000010000110100
0000010000000010
0000101110011110
0001110111011010
0001111001110010
0000011001101010
0000011010011100
0001011011010110
0001100000001001
0000011111010000
0000010111001111
1111100111001010
1111101000110001
1111101101100100
0000011100110101
1111110100110010
1111011111111100
1111110011001100
1111100111111110
1111010110010110
1111100110010110
1111100111001010
1111100111001010
1110000111110100
1110001000011100
0010011100010000
1101100011110000
1101100011110000
1101100011110000
1101100011110000
1111100000110000
1101100011110000
1101100011110000
0001000101101010
0001000001111000
0000101011010100
0001011111111111
0001000001111000
0001011000011110
0010001101001100
0001110010110110
0010011100010000
0001111110001000
0001001101001100
0000011100001111
0000101011010100
0000110110100110
0001000101101010
0001100111100010
0000001101001100
1111110010110100
0000001001011010
0000010000111100
0000000101101010
0000010000111100
0000101111000100
1111100011110001
0000010100101110
0001001101001100
0000011100001111
0000010100101110
0000100111100010
0000001001011010
0000000001111000
1111000101101010