1110101110111010
1111111011011000
0000011000011010
0001010001000110
0001011001000000
0000111001010110
1111101110001100
1111100010010110
1111110011011111
0000000101111100
0001000001010010
0001111111010000
0010011100010000
0010010000011000
0001010001000110
0000110101011010
0000100010111100
0000101110110100
0001100110001100
0010001000011110
0010010001101100
0001110000110000
0000111111111100
0000110110101110
0000101000001110
0000111010101100
0001000101001110
0001100010001110
0001100110001100
0001010010011010
0000011100010110
1110111000001000
1110110101100010
0000000011101010
0000100100101000
0000111101000010
0010010110001010
0010001001111100
0001010101011011
0001001011101100
0000110010000100
0000110100100000
0001110011111110
0010011100010000
0010000110010010
0001100001101010
0000111010100110
0000110011010010
0000101111100110
0000111110001111
0001100100000101
0010000001011010
0010000001011010
0001011001001000
0001100010111000
0001011111001110
0001011100110010
0001001010011110
0001000000101100
0001000101100110
0001011011100100
0001010100001110
0001000011001000
0000000110000110
1110110010001100
0000000000101000
0000100111001110
0000110001001100
0010010100110010
0010011100010000
0010000000111000
0001110001111010
0001100100001110
0001110100011010
0010000011010110
0001011010010000
0000011100000000
0000100111001110
0000010000110100
0000001010100110
0000001000000110
0000011110100000
0001000000001000
0001110000101011
0001110110111010
0001001111000100
0000011101010000
0000001001010110
0000000110110110
0000001011110100
0000000100010110
0000010100100010
0000110010011011
0000110011101010
0000101000011110
1111001001110110
1110101011100001
1111101100101010
0000011001000010
0001000010100100
0001111111111100
0010010000111010
0001011001001101
0001100111011000
0010001111000010
0010011100010000
0001010110011000
0000011011110110
0000010011010110
1111111110100110
1111110001011000
1111011110011110
1111011110011110
1111101001110101
0000010001011110
0000110000100111
0000111011000000
0000001100110000
0000000110001000
0000000000011110
1111111110100110
0000010001011110
0000010101010000
0000010011010110
0000011001111101
0000101010000000
0000011100110010
0000001000111110
1111000001111011
1111101010010010
0001000011010000
0010001000100110
0010001011101100
0010011100010000
0001110100111011
0001101101101100
0010000000010100
0001010111111101
0000110000100111
1111101010010010
1111011010110000
1110111101110010
1111000001111011
1111010111101010
1111011011110010
1111100010000000
0000000110001110
0000101000010110
0001000011010000
0000110001101010
0000011001111000
0000010011101010
0000001011011000
0000000011000110
0000010011101010
0000110101110100
0000110000100111
0000000111001111
1111111011111000
1111110111101110
1111010011000100
0000101010001111
0000111111101110
0010001100001010
0010011100010000
0001101010101000
0001001101001000
0001000010011000
0000001100110000
0000100011100010
0000001100110000
1111011001110010
1110101010110110
1110110001100010
1110000001010000
1110110000001100
1110011000000100
1110011010110000
1110011110110001
1111011101110100
1111111000101000
1111110100100110
1111001111000010
1110100010110010
1111001001101100
1110111101101000
1110111101101000
1111111100101010
0000000011010110
1110110000001100
1110011010110000
1110010110101110
0000001111010100
0000111110110100
0001000001111000
0001100011100100
0010001100111100
0010011100010000
0000101100011100
0000101101111110
0001000011011010
0001000100111100
1111101111001010
1110110011011010
1110101110110101
1110010111110110
1110101011110000
1110101110110101
1110100100000111
1110101000101100
1110110011011010
1111001000110110
1111001000110110
1111010000100000
1110001000100000
1110010111110110
1110010110010100
1110000110111110
1110001101001000
1101111010101110
1101101100111100
1110000010011000
1110010110010100
1110110011011010
1111000011111010
0000010100000010
0000001100000010
0001010100001000
0000101100000011
0000000100000000
0000000100000000
1110110011111000
1111011011111100
1111111100000000
0000101100000011
0001100100001010
0010010100010000
0010011100010000
0001100100001010
0000010100000010
0000011100000010
0000011100000010
0001010100001000
0001100100001010
0010010100010000
0001010100001000
0000101100000011
0000000100000000
0000001100000010
0000001100000010
0000000100000000
0001010100001000
0010001100001110
0010000100001110
0000101100000011
1111000011111010
1110111110111010
0000001101000010
0000110100000101
0000110100000101
0001100001101010
0001001110001000
0000100000100100
0000011010000010
0000100111000100
0000111010100110
0001101110101100
0010001000101110
0010011100010000
0001111011101100
0001011011001010
0001001110001000
0001001110001000
0001100001101010
0001110101001100
0010000010001110
0010000010001110
0010000010001110
0001100001101010
0001011011001010
0001001110001000
0001011011001010
0001011011001010
0001011011001010
0001001110001000
0001000001000110
0000101101100100
1111010010011100
1111000100101110
0000000101011000
0001011111001100
0010010101000100
0010011100010000
0001000110000010
0001111111011111
0001111011111100
0000010011110000
0000011010111100
0000010111010110
1111001111100000
1110110110011000
1111000001001010
1110000111101010
1110110110011000
1110110110011000
1110101011100110
1111011101111000
1111100101000100
0000101001010100
0000011110100010
1111101100010000
1111101000101010
1111110111000010
1111101111110110
1111111010101000
0000011010111100
0000100101101110
1111100101000100
1110111001111110
1111001000010100
1101100011110000
1101100011110000
1101100011110000
1101100011110000
1101100011110000
1101100011110000
1101100011110000
1101100011110000
1101100101001010
1101101000001100
1110010110100100
0000000000010111
0000101000010100
0000111111111000
0000111001001100
0001011110100000
0001111110110000
0001111111101100
0010010011100000
0001101011011111
1110011111110010
1101111111001000
1101110111110010
1110100111111110
0000101110010100
0001000101011010
0000100001000100
1111010110101100
1110101010001010
1110011000010100
1110010110111010
1110100000101010
1110101001111110
1101100011110000
1101100011110000
1101100011110000
1101100011110000
1101100011110000
1101100011110000
1101100011110000
1101100011110000
1101100100111110
1101111001011000
1110100101101100
0000001010001000
0001110100000110
0001100101010000
0000110110011100
0001011000000000
0010010011010110
0001100100000000
0000110101001000
1111111101100010
1110000010011000
1101110001110010
1101101101011110
1110001110111100
1111110100101100
0000000100110100
1111111111000010
1111001001001010
1110001101110010
1101111101100110
1101111010010000
1110000011111010
1110001010001000
1101100011110000
1101100011110000
1101100011110000
1101100011110000
1101100011110000
1101100011110000
1101100011110000
1101100011110000
1101101100000100
1101110111000000
1111001110100000
1110011011001110
1110011100110010
1110001110101110
1110000111101100
1110001001010000
1110010100001101
1110001110101110
1110000000101011
1110000110111010
1101111111111000
1101111110101000
1101111011101100
1110011011011110
1110000100100100
1110010011001000
1110011110100111
1110100111111110
1110001011010100
1101111110110100
1110000110101000
1110001111011000
1110010111011110
1101100011110000
1101100011110000
1101100011110000
1101100011110000
1101100011110000
1101100011110000
1101100011110000
1101100011110000
0000111010000010
0010011100010000
0010011100010000
0010011100010000
0001110100000100
1111100000110000
1111101110001010
1110011001010100
1110010100110110
0000011010110010
0010011100010000
0010011100010000
0010011100010000
0010000001011110
0010011100010000
0010011100010000
0010011100010000
0000111110100000
0010011100010000
0010011100010000
0010011100010000
1110110100000110
1101111110100010
1110010000011011
1110100110101110
0001101001101010
0001110001110110
0001110001110110
0010000001000000
0010000100110100
0010010100011010
0010011100010000
0010011100010000
0010011100010000
0010011100010000
1101110011001000
1101110000011010
1101110000011010
1101111010101010
1101111101000000
1110001010111000
1110010100010111
1110100101110100
1110110110101000
1111011101110110
1110111111011010
1110100101111100
1110010001001000
1111100001110000
0001000000100000
0001111000101101
0001110100011101
0010011100010000
1110111100010000
1111100000001100
1111111011110110
0000000001011000
0000000110111010
0000100010100100
0001001100000100
0010000011011000
0001111101110110
0001111011000100
0010000000100110
0010001000111010
0010011001100000
0010011100010000
0010001110011100
0001100100111100
0010001000111010
0010000000100110
0001101101010000
0001000001000000
0001001001010010
0000100101010110
0000011101000010
0000100101010110
0000001111001110
0000001001101100
0000110011001010
0000110011001010
0000101101101000
0000110101111100
0000110011001010
1111101000100000
1111011001111100
0000011110000011
0000110110000110
0000101110000100
0000010000000010
0000011010000010
0001110110001100
0001101100001100
0001001010001000
0000111110000101
0001100010001010
0001011110001010
0001111100001011
0010011100010000
0010011000010000
0010001100001110
0001110000001100
0001010000001000
0001011000001010
0001100000001001
0001011010001010
0000101110000100
0000101110000100
0000101110000100
0001000010000110
0001010000001000
0000101100000011
0001000110001000
0001011000001010
0000111000000110
0001000100000110
0000010100000010
0000110010111000
0001101001011000
0001110110000110
0000111101110001
0001000011001110
0001101101000000
0010011100010000
0010001011111010
0001100011111011
0010001101101110
0010010110110100
0001111111001011
0001110010011110
0001110111111010
0010001000010000
0010000001000000
0000011011010000
0000010100000000
0000110100101100
0001000110110110
0000110110100000
0000111000010100
1111111010100100
1111011101011110
0000000111010010
0000100010100010
0000001110100010
0000011001011100
0000001110100010
0000010100000000
1111110101000110
1111010010100110
0000000100100110
1101100011110000
1101100011110000
0010011100010000
1101100011110000
1101100011110000
0010011100010000
1110001101011010
1101100011110000
0000101111111010
0001011011111000
0000101011001100
1111110010101010
0000000010010110
0000000010010110
0000110100100110
0001111001101100
0001111100110110
0010000011001000
0010011100010000
0001110000010010
0001111000001000
0001110001110110
0001101101001000
0000101111111010
0000010000100000
0000011000010110
1111110101110010
1111100100100010
0000011110101000
0000101000000010
1111010111111110
1111010000000110
1111101111100000
0000100110011110
0000101001101000
0000001110111010
0000000111000011
0000000111000011
1111010011010000
1111000011100010