1110111110111010
0000100000001010
0000011110101000
0001010101110010
0001010001001011
0010010010010010
0010001011011010
0000100101100010
0000010110001110
0000111000101100
0000110000010000
0000110111001010
0000110001110010
0001001011110100
0001000110011110
0001011111110000
0001011000110110
0010000101010010
0010000100100000
0010010000110000
0001111110011000
0010000100100000
0001110100011010
0010011100010000
0010001001111000
0001110011101010
0001011111110000
0001001111101010
0000111100100000
0000111001011100
0000100111110110
0000110111001010
1111000001111110
0000011011101000
0000010111101110
0001001011101100
0001010001100010
0010001111111010
0010000100111000
0001010111011000
0001001001110000
0001001011101100
0000111101011010
0001010010001100
0001000001010010
0001010000110111
0001001101101000
0001110010101010
0001110010000010
0010010101110000
0001111110011000
0010001110100110
0001110110100100
0010001100000000
0001111111000000
0010011100010000
0010000001101000
0001101010001110
0001001111100110
0001001010011000
0000101100100000
0000111111010110
0000100111111110
0001000000000000
1111001011101110
0000011101011010
0000010111001110
0001001000101110
0001010101101110
0001111111001010
0001101010001000
0001111100000100
0001100010101100
0001010110010100
0001000100011000
0001010110010100
0001010000001000
0001011111000000
0001110111110000
0010000010010000
0010010101011100
0010011100010000
0010000100001000
0010000110100110
0010000101111110
0010000011100000
0010001111111000
0010000110100110
0001110011011010
0001101000010010
0001010011001110
0001000011001010
0000110010011011
0000100110000100
0000110001001100
0000100100001100
1111001100101110
0000010000101100
0000010100010010
0000110101000100
0001010001101110
0001100100001100
0001111100000001
0010000111011000
0001001111111010
0001001100111100
0001000000011010
0000111001010000
0001011011010000
0001010111000100
0001110011000110
0010001010111110
0010011100010000
0001110011101011
0001100111110010
0001100011100110
0001100101111110
0001110100010010
0001101111100010
0001110011101011
0001100111110010
0001000111100100
0000110000111010
0000011100000010
0000010100111000
0000011011011100
0000001010110000
0000011100000010
1111001011000100
0000000111011000
0000100001000010
0000110100111100
0001011010110100
0001011100000110
0010001100110110
0001111111011000
0001001010110000
0000110010011000
0000111101010010
0001011100000110
0001011000111000
0001101000111010
0010001000010110
0010011100010000
0001110011110100
0001011011011100
0001010101000010
0001001101010100
0001100001110110
0001110001111010
0001110110011010
0001011010110100
0000111000110010
0000101110100010
0000100011101000
0000001011001110
0000001011111000
0000000111011000
1111111101110000
0000000110000110
1111010000010000
0000001010100010
0000110111000100
0000111110010110
0001100110000000
0010001100111000
0010011100010000
0001100001111110
0001010101110100
0001001010011110
0001010100001011
0001011001111000
0001111001011100
0010000110011010
0010011000001100
0010010000000110
0001111000101000
0001000110011100
0001000101101000
0001000011001100
0001101110000110
0001111010010000
0001101001010000
0001001011010010
0001000011001100
0000100110111000
1111111010010110
1111111011001010
1111100110111010
1111000101101110
1111011100011000
1111011110110100
0000010100001000
0001101000111000
0010000100101000
0010000011010000
0010000111011010
0010011100010000
0010010001001000
0001110101011000
0000110110111000
0000100111100110
0000011101111000
0000100111100110
0000101010011000
0001011010111110
0010010110101100
0010011000000110
0001101101000010
0000110010101100
0001000000100110
0001000110001000
0001101101000010
0010000000011110
0001101110011010
0001010110110100
0000101011110000
1110111100101000
1111000110011000
1110011001111010
1110110111000110
1110111001111000
1110101011111111
1110100101000010
1111001001111010
0000100100000100
0000100100000100
0001010100001000
0001011010001010
0010000100001110
0010001010001110
0001001000001000
0000011000000010
0000100100000100
0000101010000100
0000100100000100
0001000010000110
0000111100000110
0001010100001000
0001001110001000
0001110010001100
0001100110001010
0010011100010000
0010010110010000
0010000100001110
0010010000001110
0001111000001100
0010001010001110
0001111000001100
0010000100001110
0001100000001001
0000110110000110
0000110110000110
0000110000000100
0000101010000100
0001000010000110
1110110001111000
0000010010000010
0000001100000010
0001001000001000
0001011010001010
0010001010001110
0010000100001110
0000011110000011
0000001100000010
0000110000000100
0000100100000100
0000101010000100
0000100100000100
0001001000001000
0001000010000110
0001011010001010
0001100000001001
0001111110001100
0001100110001010
0010001010001110
0001111110001100
0001111000001100
0001101100001100
0010011100010000
0010010000001110
0001101100001100
0001011010001010
0001001110001000
0001000010000110
0000110000000100
0000100100000100
0000100100000100
1111000010011100
1111111000000110
0000100100010100
0000110000111100
0001011001111110
0001110000000011
0010000110001010
0001100011011100
0001001101010110
0001000000101110
0001000011111000
0001010110110100
0001101001110000
0001110110011000
0010011100010000
0010001100011110
0001100110100110
0001010110110100
0001010110110100
0000111101100100
0001101100111001
0010000011000000
0001100000010010
0001000000101110
0001000000101110
0000100111011110
0000001011000100
0000010100100010
0000001011000100
1111011110110110
1111101011011110
1111110100111100
1101100011110000
1101100011110000
1101100011110000
1101100011110000
1101100011110000
1101100011110000
1101100011110000
1101101001001110
1101100111011110
1101101000110010
1110010111100001
0001001000010000
0010000101101010
0010011010000100
0010010000001100
0001111111000110
0001110000101000
0001111010000010
0001110011000010
0001001000010000
0000001100110110
1111010000100010
1110001110010010
1101101101101000
1101101100010100
1101101110100000
1101101100100010
1101101010010110
1101101010001000
1101101010100100
1101101001111000
1101101011101010
1101101010100100
1101100011110000
1101100011110000
1101100011110000
1101100011110000
1101100011110000
1101100011110000
1101100011110000
1101100110001010
1101100110000010
1101100110101010
1110000001000010
1111111001110010
0000011111000100
0001001110101010
0001100010001110
0001110001010010
0010001001001100
0010001111111000
0001011101111110
0000011010001110
1111000001110100
1110001010011110
1110000111010011
1110110111101100
1111100110101110
1110111110101000
1111100001101000
1110110000101000
1110110100001110
1111001010111000
1111010110001000
0000011011010100
1111111001011100
1101100011110000
1101100011110000
1101100011110000
1101100011110000
1101100011110000
1101100011110000
1101100011110000
1101101011001100
1101101111001100
1110000011000000
1110110101100000
1110011011011000
1110010010101000
1110001110111000
1110011101111000
1110011111001000
1110100100110110
1110111010001100
1110110110100100
1110110001111000
1110010001000100
1110001101111100
0000110001011110
0010011100010000
0010011100010000
0010011100010000
0010011100010000
0010011100010000
0010011100010000
0010011100010000
0010011100010000
0010011100010000
0010011100010000
1101100011110000
1101100011110000
1101100011110000
1101100011110000
1101100011110000
1101100011110000
1101100011110000
1110111000100100
1110100110101110
0010011100010000
0010011100010000
0010011100010000
0010000001011110
1101111110100010
1110000111011110
1101110001001010
1101101100101100
1101110101100110
1110101011001101
0010011100010000
0010011100010000
0010011100010000
0010011100010000
0010011100010000
1110000111011110
1101111110100010
1110101111101010
1110110100000110
1101110101100110
1101101100101100
1110000011000000
1110000111011110
1110101011001101
0010011100010000
0010011100010000
0010011100010000
0010011100010000
0010011100010000
0010011100010000
0010011100010000
0010011100010000
0010011100010000
0010011100010000
0000100111001000
0000100111001000
0000100101010000
0000100000111000
0000100010110000
0000011100111010
0000011000011010
0000001101101110
1111110001111001
1110110100110110
1110001101011010
1111000011010110
1101110010001010
1111100001010110
0000000010111001
0000011001000011
0000110000011100
0010011100010000
1111001111001100
0000000100111000
0000011000011010
0000110000110100
0000110000110100
0000100111000100
1111100111100110
0000100111000100
0001001001010000
0001101011011100
0010010010100000
0010011100010000
0001110101001100
0000101011111100
0000001001110000
0000011101010100
0001010011000000
0001100001101010
0000111111011110
0000100010001100
0000111010100110
0001100001101010
0001100110100010
0001001110001000
0001100110100010
0000100111000100
0000111111011110
0000001110101010
0000000000000000
0000001110101010
1110101000001000
1110011001011110
1111100010010000
0000000010011110
0010010010010110
0010001010111000
0001001100111000
0001000111111100
0001000000011110
0000111001000010
0001010100010100
0010010010010110
0010001010111000
0010001010111000
0001110111000100
0001010100010100
0000111110000000
0000100010101110
0001001010011010
0010010010010110
0010010111010010
0001000000011110
0001001010011010
0001111100000000
0010000000111110
0010011001110010
0010011100010000
0010000011011100
0001111110100000
0001101000001010
0001001010011010
0000100000010000
1111101110101000
1110111010100100
0000100000000100
0000111110000101
0001111010001100
0001101100001100
0000111000000110
0000111110000101
0001010110001000
0001010110001000
0001111000001100
0010011100010000
0010011000010000
0010010010001110
0010001100001110
0001111110001100
0001100110001010
0001001110001000
0001011000001010
0001010000001000
0001011010001010
0001000110001000
0001111010001100
0001011100001010
0001111010001100
0001011000001010
0001100100001010
0000111000000110
1111101111111110
1111111010000001
1111101001111111
1110110111111000
1110110111111000
1110100001110110
0001001001111110
1101100011110000
1101100011110000
0010011100010000
1101100011110000
1101100011110000
1110000011000000
1110001101011010
1101100011110000
1101110001110000
1110000010110110
1110011010001010
1110011010001010
1110101110011000
1110101001101110
1111001101011110
1111000010100110
1111010101010000
1111010101010000
1111001010011000
1111100100110010
1111111001000000
1111110101111010
1111101111101100
1111110001001110
0000000010010110
1111110101111010
0000010101000000
0000001000100100
0000001101001110
0000111101011010
0001011110000100
0001011111101000
0001100001001010
0001100101110110
0001101100000100
0001110010010010
0010011010101100
0010011100010000
0001110101011000
0000101100010100