1110011100000110
1111100000101000
0000001011100111
0001000110111000
0001100000011100
0000111110001010
0000001100001100
1111101111001010
1111111010110010
1111011100100100
1111110110101110
0000000000000000
0000010100010110
0000111001100000
0001111101011110
0010010100001000
0010010111100110
0001101111100010
0001100011010100
0001101100101000
0010001110111000
0010010010111110
0001100011111010
0001010111101110
0001010000001010
0001000110010010
0001111011101101
0010011100010000
0010010111000010
0001110000101011
0001110111101010
0001100011111010
1110011011100100
1111100000111001
0000010001101000
0001000100001000
0001010001000100
0000011111000111
0000000101111000
1111110000101110
1111101111100100
1111011000101010
1111110011000100
0000000010010110
0000010010110100
0000101110011010
0001100100011100
0010010110011000
0010011100010000
0001111000011001
0001100101101000
0001110110101010
0010000011100110
0010000000101010
0001110011001000
0001100111011000
0001011101011010
0001001111111000
0001110001111110
0010011011000100
0010010011011100
0001101011011111
0001101011011111
0001011110100100
1110001010111110
1111011111101000
0000101001101110
0001001011111100
0000111111100000
1111111111011000
1111111001110010
1111101010110110
1111100010110000
1111001100010110
1111011101110000
1111110110000010
0000000011110000
0000010101001010
0000110101100010
0001110000000011
0010011100010000
0010010110101010
0001011000011010
0001100111010110
0001101001001110
0001110000101011
0001101011101100
0001100101011110
0001001101110100
0001000000001000
0001011000011010
0010000000111000
0001101001110100
0001010010001010
0001001100100100
0000100100000110
1110001001000100
1111101001110110
0000111110101000
0001100011111011
0000101110001011
1111110010101110
1111110011111110
1111001110101010
1111001010001110
1111000000110000
1111001100001000
1111101000100110
1111110010101110
0000000000000000
0000100100000100
0001010000010110
0010000110000110
0010011100010000
0010000100110110
0001111011010110
0001111010000110
0010010000111000
0010010111110100
0010001010100010
0001111001011110
0001011001110100
0001110101101010
0010001011001010
0010001011001010
0001110001001110
0001101110000100
0001010000111110
1110001110011010
1111101111110010
0000011101100110
0001000100011010
0000100001011010
1111010101101100
1111000100100000
1111000111000010
1111000111000010
1110011101000010
1110100101010100
1111000110011010
1110111100110110
1111011110100110
0000000001100110
0000010111001110
0001011111001010
0010001110111000
0010010010000100
0001111101000100
0001110010111000
0001111101000100
0010011001101110
0010011100010000
0001111101101100
0001101001010110
0001110000010110
0010010010101110
0010010010000100
0001111011110010
0001110110101100
0001010110111000
1111011110110100
0000100001001100
0000101111000000
0001001110110100
0000110110101000
1111011110110100
1111001100001010
1110110100101000
1110101011101011
1101110110011010
1101100100011100
1110001011001010
1110100110110100
1110110001111000
1111010011000100
1111010111111010
1111111011110110
0001001111100000
0010011100010000
0010010001001100
0001100100111100
0001011010100100
0010001101101110
0010001100010110
0001011001111000
0000110110101000
0000111010000100
0001010111110100
0001011001111000
0001100000000110
0001011001001100
0000110101010000
0001001110100110
0001100100001000
0001010010010110
0000010110011110
0000000110100100
0000000110100100
0000011000010011
1111110111100110
1111101000100110
1110100011011000
1110101111100010
1110001101110110
1110001100111010
1110101010110110
1111000010010000
1111100100111000
0000011011001000
0000111100110100
0001101000110010
0001101101011110
0001011111011100
0001110110110100
0010010111100100
0010011100010000
0001100100001000
0000101000001110
0000101100111010
0000110001100110
0001001111100010
0001001100101110
0000101101110110
0000001100001001
1110100110010000
1111101000101110
0000011101111001
0001011001110000
0001011001110000
0001001100011110
0000100100100100
0000001001111110
0000001001111110
1111111100101100
0000001001111110
0000011101111001
0000110001111000
0001010011001000
0010001000010100
0010010101100110
0010010101100110
0001110100010110
0001100111000100
0010000001101010
0010010101100110
0010010101100110
0010000001101010
0001101101101110
0001100000011010
0001011001110000
0010000001101010
0010011100010000
0010011100010000
0010001000010100
0010001000010100
0001111011000000
1110100011100010
1111101001101100
0000010110010100
0001010110000110
0001100010110110
0001000010111110
0000001111111011
0000001001100100
0000000011001100
1111111100110100
0000000011001100
0000010110010100
0000101001011110
0001000010111110
0010000010110000
0010001111100000
0010001001001000
0001101001001110
0001100010110110
0001111100011000
0010001111100000
0010001111100000
0001111100011000
0001100010110110
0001011100011110
0001001111101110
0001111100011000
0010011100010000
0010010101111000
0010000010110000
0010000010110000
0001111100011000
1110110101000110
0000001110111110
0000110101100000
0001000010010110
0000100100011000
1111011011101000
1111001110110010
1110111001011000
1110110101000110
1110001010010010
1110001010010010
1110101100100010
1111001010100000
1111010111010110
1111110101010100
0000001110111110
0001000010010110
0001110101101110
0010010111111110
0010001111011010
0001111010000000
0010000010100100
0010010111111110
0010011100010000
0001111010000000
0001100000010011
0001011100000010
0001111010000000
0001110101101110
0001110001011100
0001110001011100
0001001111001100
1101100011110000
1101100011110000
1101100011110000
1101100011110000
1101100011110000
1101100011110000
1101100011110000
1101100011110000
1101100101110000
1101100101110110
1111000001111000
0001101111101111
0010000100010100
0001111100110100
0001110101011010
0010000100101100
0010011000001000
0001011111100000
0000101000001110
1111110111001110
1110100111011110
1110001011100000
1101100011110000
1101100011110000
1101100011110000
1101100011110000
1101100011110000
1101100011110000
1101100011110000
1101100011110000
1101100011110000
1101100011110000
1101100011110000
1101100011110000
1101100011110000
1101100011110000
1101100011110000
1101100011110000
1101100011110000
1101100011110000
1101100011110000
1101100100101100
1101100100100110
1110011010110000
0000110011101010
0001101011011100
0010000010110110
0000011101010000
0000011011001010
0000101010101101
0000101011001010
1111101100000110
1110011100001100
1101110110011010
1101101101010100
1101100011110000
1101100011110000
1101100011110000
1101100011110000
1101100011110000
1101100011110000
1101100011110000
1101100011110000
1101100011110000
1101100011110000
1101100011110000
1101100011110000
1101100011110000
1101100011110000
1101100011110000
1101100011110000
1101100011110000
1101100011110000
1101100011110000
1101101101001000
1101101100000100
1110010011101010
1110110000100010
1111001001000100
1110111111001010
1110101000100000
1110010110001000
1110011110101110
1110101011001110
1110101000000110
1110011000011110
1110010001000100
1101101111110110
1101100011110000
1101100011110000
1101100011110000
1101100011110000
1101100011110000
1101100011110000
1101100011110000
1101100011110000
1101100011110000
1101100011110000
1101100011110000
1101100011110000
1101100011110000
1101100011110000
1101100011110000
1101100011110000
1101100011110000
1101100011110000
1101100011110000
1101110101100110
0010011100010000
0010011100010000
0010011100010000
1101111010000100
1110100110101110
0000000100011110
1101110101100110
1101110001001010
1110000011000000
0000111110100000
0010011100010000
0010011100010000
1111010011010110
1101100011110000
1101100011110000
1101100011110000
1101100011110000
1101100011110000
1101100011110000
1101100011110000
1101100011110000
1101100011110000
1101100011110000
1101100011110000
0010011100010000
0010011100010000
0010011100010000
0010011100010000
0010011100010000
0010011100010000
0010011100010000
0010011011100010
0010001110000100
0001001100000010
0000000111110000
0000000101000101
0000001000100110
0000000111111010
0000001100100100
0000001110010000
0000001111110110
0000010011000000
0000011100101100
0000111001111110
0000100011011010
1111101111011110
1110101100100000
0000000101010001
0000101010001000
0001010010001000
0001011001110000
0010011100010000
0000100100000100
0001001110001000
0001100110001010
0001100000001001
0000111100000110
0000101010000100
0001011010001010
0010010000001110
0010011100010000
0010010110010000
0010010000001110
0001111110001100
0001000010000110
0001100110001010
0010000100001110
0010000100001110
0001110010001100
0001110010001100
0001101100001100
0001011010001010
0000101010000100
1111100111111110
1111110011111110
1111110011111110
1111110011111110
1111100111111110
0000000000000000
1111110011111110
1111010101111100
1111011011111100
1111010101111100
1111000011111010
0000100010011100
0001010010000110
0001111001110100
0001010010000110
0000111010010000
0001000111100000
0001011100101011
0010000111000100
0010011100010000
0010000111000100
0010010100010100
0010011001100110
0001110100100010
0001111111001000
0010010001101010
0010010110111110
0010000100011010
0001110111001100
0001011111010110
0001010100110000
1111110010110000
1111110101011010
1111001000011000
1110101101111010
1110111101110010
1111100000001110
1111010010111110
1111010000010110
1111010010111110
1111110000001000
1111101000001010
1111000101110000
1111111010111000
0001011100001101
0001110101110100
0001001010010010
0000110000101010
0000110000101010
0001010100100010
0010001111011100
0010010100100100
0010000010101000
0010011100010000
0010001111011100
0001100110011110
0010000010101000
0010010100100100
0010000111110000
0010000010101000
0001110101110100
0001001100110110
0001000101001010
0000001010010000
1111110000101000
1111000101000110
1111001100110010
1111011100001000
1111010111000010
1110110000100110
1110100011110011
1110110101101110
1111101110000100
1111100110011000
1111000010100010
0000011101111110
1101100011110000
1101100011110000
0010011100010000
1101100011110000
1101100011110000
1101100011110000
1101111101110010
1101100011110000
0010010111111110
0001010111110000
0000010111100010
0001011100000010
0001110001011100
0000110101100000
0001000110101000
0001100000010011
0010000110110110
0001110101101110
0001010011011110
0010000110110110
0010000110110110
0001111010000000
0010000010100100
0001111110010010
0000111001110010
0000001010101100
0000100000000110
0000110101100000
0001000110101000
0001100100100110
0010011100010000
0001001111001100
0000011011110100
0000100100011000
1111110001000010
0000000010001000
1111111001100110
0000100000000110
0000100000000110
1111111001100110