1110101110011110
1111011011011010
0000000001001000
0000000010101010
0000011001010010
0001001011111000
0001101101110100
0010011100010000
0010011001100110
0010010011111100
0010001100110010
0010001111110010
0001111100100100
0001010110000100
0000110100110110
0000011111101100
0000011001101010
0000011011100100
0000010010100000
0000100110001000
0000101011011010
0000101111111100
0001010110000100
0001100010111000
0001011100011110
0001001011011110
0000100011000110
0000011101000100
0000011110111100
0000011011001011
0000100010010110
0000101100001010
1110111110111110
1111110101100100
1111111111011100
0000001010000100
0000110000001100
0001000101110010
0001011111110100
0010010101010010
0010011100010000
0001100011011110
0001011111000100
0001111000101101
0001011001001101
0000110000100010
0000100011101110
0000011000101110
1111101111101100
0000000111111000
0000010010001000
1111110100110100
1111111101010000
0000001011100010
0000011110001101
0000101010101100
0000100101111010
0000011010001100
1111110111000010
1111111001111110
1111111110101110
0000001101110000
0000000011011110
0000011010111100
1111000010110110
1111111000000000
0000001011011110
0000001111010110
0000101110111010
0001010011001110
0001100010010110
0010011100010000
0010000111000100
0010001110000000
0001110010110000
0001100111100010
0001001010100100
0000110101011000
0000011100010100
0000100001100000
0000000110010010
0000010101110100
0000100110101100
0000010001111100
0000011010100110
0000110100111100
0001001000110110
0001011001010000
0001010111111101
0000111101001010
0000100100000110
0000100111100100
0000010000001110
0000011010001010
0000001110000100
0000010000001110
1110111010001010
1111100100010010
0000000101110011
0000000001011111
0000001101001000
0001000001100100
0001011010000100
0001110010001000
0010011100010000
0010010110001110
0000100000000010
0001010100000001
0001001101001010
0000010110100100
0001000010110110
0001000000010000
0000010111110110
0000010101101110
0000100000011110
0000100111110000
0000000110101010
0000101001011110
0000111000111110
0000110011011000
0000110010000100
0000110001101010
0000011010110111
0000000100000110
1111110100100110
1111111001010110
1111101111000010
1111110110110000
1111001010111010
1111111001000000
0000100100100100
0000011000000010
0000101100000011
0001100000101010
0010010100110000
0010011100010000
0010001101101110
0001101011101100
0000001100000010
0000100001100100
0000001011100010
1111111010100000
0000100011000100
0001001001101000
0001001001001000
0001101011101100
0001101101001100
0001011001101010
0001000011100110
0001001000101000
0000110001000110
0000111010100110
0001100001101010
0001101100101100
0001001110001000
0000110110100110
0000011100000010
0000101111000100
0000100000100100
0000001000000000
1110111110001010
0000010001111110
0001010101000000
0001000100010000
0010011010011110
0010011100010000
0001101100111110
0000111010101010
0001000001110110
0000000000000000
1111010000101110
1111001110010100
1111010111010010
1111010000101110
1111011111000100
1111110101110101
1111110011011100
0000110101111000
0001010110110100
0001111000111100
0010001001000110
0010010010000100
0001111101001000
0001111000010110
0001100010110010
0001100011011000
0001110011100001
0001111011010100
0000111011111000
0001001111000010
0001011000100101
0000100000010100
1111001001110100
0001001100101110
0001001000100000
0000001110110010
0000010011000000
0000000110010110
0000000001011010
1111111111010010
1111001001110100
1110011110001010
1110010111001000
1110010010111010
1110100101001110
1110011110111000
1110101001011100
1110111101110110
1110110010100110
1111010111001100
1110111101001000
0000011001010110
0000111000010100
0001110000101000
0010001110001100
0010011100010000
0010010011110100
0001100110110000
0001101010111110
0001010111010010
0000011010110000
0000100011001100
0000010111111100
1111101101000000
1110100000111010
1110111100000100
1111111001001110
1111101011101001
0000000110110010
0001001010101110
0001001010101110
0010000001000100
0010011100010000
0010011100010000
0001111010010010
0001110011100000
0010000001000100
0001011000010100
0000101000101111
0000101111100100
0000100001111110
0000011011001011
0000100001111110
0000101000101111
0001000011111100
0000110110010110
0001011111000110
0010000001000100
0001011000010100
0001010001100010
0000111101001010
0000011011001011
0000100001111110
0000110110010110
0000101111100100
0000110110010110
1110010011110100
1111011011111100
1111111010000001
1111110011111110
0000011000000010
0000111100000110
0001101100001100
0010011100010000
0010010110010000
0010000100001110
0010001010001110
0010010000001110
0010001010001110
0001001000001000
0000101010000100
0000101010000100
0000011000000010
0000011000000010
0000011000000010
0000011110000011
0000011110000011
0000110000000100
0001010100001000
0001100110001010
0001100110001010
0001000010000110
0000110000000100
0000110000000100
0000011110000011
0000110000000100
0000110000000100
0001000010000110
1111001011111011
0000000000000000
0000100100000100
0000011100000010
0000111100000110
0001100100001010
0010011100010000
0010011100010000
0001011100001010
0000100100000100
0000011000000010
1111101011111110
1111010111111100
1111111100000000
0000001100000010
0000110000000100
0001011100001010
0010000100001110
0001101000001010
0001101100001100
0001010000001000
0000110100000101
0000001100000010
1111101111111110
0001001100001000
0001011100001010
0001010000001000
0000011100000010
0000110000000100
0000111000000110
0000000100000000
0000100100000100
1101100011110000
1101100011110000
1101100011110000
1101100011110000
1101100011110000
1101100011110000
1101100011110000
1101100011110000
1101101010111000
1101101001101100
1110011011011110
0000101110000001
0010000111010100
0010010011001010
0001110001111110
0001001110110100
0000110100010110
0000110000110010
0000101111100110
0000101101101000
1111100111010100
1110110001111110
1110011001111000
1111000111010100
1111010000110010
1110100100001010
1101100011110000
1101100011110000
1101100011110000
1101100011110000
1101100011110000
1101100011110000
1101100011110000
1101100011110000
1101100011110000
1101100011110000
1101100011110000
1101100011110000
1101100011110000
1101100011110000
1101100011110000
1101100101111010
1101100101111000
1110010001101110
0001100100011110
0010010001011010
0000111010110000
0000010010001100
1111011011001110
1111100101001100
1111010000011100
1110111011011100
1110011110110010
1110000000111100
1101110100111110
1101101101101010
1101110011100000
1101110100011000
1101101101111000
1101100011110000
1101100011110000
1101100011110000
1101100011110000
1101100011110000
1101100011110000
1101100011110000
1101100011110000
1101100011110000
1101100011110000
1101100011110000
1101100011110000
1101100011110000
1101100011110000
1101100011110000
1101100101110100
1101100101110100
1110011000111000
1110101010000100
1110100011001100
1110100101000100
1110100110101001
1110100111010001
1110100101011000
1110101100100100
1110100111010110
1110100001111100
1110011011001001
1110010100010100
1101111001000110
1110000110001000
1101111010001000
1110000100100100
1101100011110000
1101100011110000
1101100011110000
1101100011110000
1101100011110000
1101100011110000
1101100011110000
1101100011110000
1101100011110000
1101100011110000
1101100011110000
1101100011110000
1101100011110000
1101100011110000
1101100011110000
1101110001001010
0010011100010000
0010011100010000
0010011100010000
1110000111011110
1110011001010100
1110001011111100
1110000011000000
1110000011000000
1110011001010100
1111100000110000
1111101001101100
0000011010110010
1110100110101110
1110010100110110
1101101000001110
1110000111011110
1111001010011100
1101100011110000
1101100011110000
1101100011110000
1101100011110000
1101100011110000
1101100011110000
1101100011110000
0010011100010000
0010011100010000
0010011100010000
0010011100010000
0010011100010000
0010011100010000
0010011100010000
0010011100010000
0010011100010000
0010011100010000
1111010011101010
1111010000010100
1111000100001110
1110110110101110
1110101101000110
1110101110110000
1110100011111110
1110101111111100
1110111100000010
1111111011101110
1110101100101010
0000100010111100
1110011000001100
0000000011111010
0001100011011100
0010000100100110
0001110111111010
0010011100010000
1111011101010010
1111110111010100
0000011010000010
0001111001100010
0010011100010000
0010011100010000
0001111001100010
0001011111100000
0001011111100000
0001101000001010
0001011111100000
0010001010111000
0010010011100100
0001010110110100
0001111001100010
0001111001100010
0001010110110100
0001110000110101
0001110000110101
0000111100110000
0000011010000010
1111101110101000
0000101011011010
0000110100000101
0001000101011100
0000011010000010
0000010001011000
0000110100000101
0000110100000101
0000110100000101
0000010001011000
1111001011111011
1111110110010000
0000010000010010
0001001010111000
0001110001111100
0010011100010000
0010001011111110
0001111110111100
0000101010010100
0000010000010010
0000101101100100
0000100011110100
0010001000101110
0010000010001110
0001000100011000
0001000111101000
0001010001011000
0001000100011000
0001101000001010
0000110100000101
1111111100110000
0000000110100000
1111101001001110
0000000011010000
0000100111000100
0000100111000100
0000010110110010
0000001001110000
0000100111000100
0000100000100100
0000111101110110
0001000001000110
1111010101101100
1110110100010010
1111110111111100
0000011011011000
0001111111010000
0010011100010000
0001101011111100
0001100010010000
0000001011010010
0000001011010010
0000011000001001
0000101110101110
0001100010010000
0001011111000010
0000111110110100
0000101011100000
0000110001111100
0000111000011000
0000110001111100
1111111011001010
1111011110001100
1111010100100000
1111010100100000
1111011010111100
0000000100110110
0000010100111100
1111110001100001
1111111110011000
0000000001101000
1111100111110111
0000010100111100
0000010001101110
1111001010110110
0010000011110010
1101100011110000
1101100011110000
0010011100010000
1101100011110000
1101100011110000
1101100011110000
1101111101110010
1101100011110000
0000011010111100
0000110000100000
1111110011011100
0000001100100100
1111101111110110
1111011010010010
1111011101111000
0000011110100010
0000000001110010
0000010011110000
0001100110011000
0001101001111110
0001101101100100
0001111000010110
0000111011010010
0001000010011100
0001111000010110
0010011100010000
0001111011111100
0000110100000101
0000111110110110
0010010001011110
0000111110110110
0000101001010100
0000000101011000
1111100001011110
0000000001110010
0000010000001010
1111101111110110
1111010011000110
1111011010010010
1101111100111010