1111011110101110
0000110011000000
0010001110110100
0010011100010000
0001001011101110
0000000101111010
1111000100111100
1110101111011110
1110110111100000
1110101101110110
1110101011001010
1110100111011011
1111001110000100
1111100000110110
1111111010000110
1111111101010100
0000011110100110
0001000001100000
0001100110000010
0010001100101100
0010000110110010
0001110010111010
0010001000011000
0010010000111110
0010000110010000
0001111000010010
0001011100010110
0001000110111000
0001010011110000
0001011111000010
0001011110100000
0001110101100110
1111010011111110
0000010011011010
0010001110000110
0010011010001010
0000100101001110
1111001111010000
1110101100101000
1110101111010000
1110101010100010
1110010101100100
1110100111111010
1110110010111100
1111000011101100
1110110111101010
1111001010000000
1111101100000100
1111101010100000
0000010010010110
0000111111011100
0001010110000000
0010010110011110
0010010100111010
0001101011011111
0001101001011000
0001110010110100
0010011100010000
0010010001010000
0001100100101010
0001011010101110
0001010010110110
0001110001010000
0001110000101110
1111010001101000
0000001010000110
0010001101001110
0010001111110100
0000000001010010
1110110100000100
1110111000001110
1110101011010010
1110010011111100
1110010001010110
1111000101101101
1110111010110100
1110101010110000
1110101100010100
1110110100100110
1111011111000110
1111011101100010
1111110001110000
0000101110111010
0001010011001100
0001101000011100
0001111100001000
0001110111111110
0001111011000101
0010010111000100
0010011100010000
0001111101101100
0001101001011110
0001101000111100
0001100001101100
0001100000001000
0001110100010110
1111001111001100
0000001001110110
0001110110110010
0001111101001100
1111111110100010
1111001000010100
1110101100101100
1110101110001101
1110100001011000
1101111110011000
1110100100110100
1110100100010100
1110100011010110
1110011010011110
1110100100110100
1111010011001010
1111100000111100
1111110011001100
0000100001000010
0001001110011000
0001101110111010
0001110010110110
0001110110110010
0001101100111100
0010001111011100
0010011100010000
0001100010100110
0001000101000000
0001000101000000
0001011000101110
0001011001001101
0001100101000001
1111010110100010
0000011111101010
0001101000010000
0001111001011010
0000101101011000
1111100110010000
1110111001100110
1110100010000100
1110100101111110
1110000100001001
1101110010111110
1110011101101000
1110010010010110
1110010111110000
1110101101110100
1111001000110100
1111100111001110
1111111000011010
0000001111111011
0001000101011010
0010000101101100
0010011100010000
0010000100001110
0001110011000010
0010010000011110
0010001000101000
0001101000010000
0000111110100100
0000110010110010
0001001000110110
0001001110010000
0001010110100110
1111100110011110
0001011001010110
0001010011110000
0001110000010110
0001100010000010
1111110000001010
1111011110010100
1110100111001010
1110011010111010
1110001110001000
1110001000000000
1110010100110010
1110001101001000
1110010001001100
1110100010000010
1110110011011010
1110111101101000
1111011000001010
0000000110101000
0000111000101100
0001100001100010
0010011100010000
0010011000101100
0010011000101100
0010010000000000
0001100101101000
0001010100010000
0000011010000010
0000010000110110
0000011010100100
0000010101011100
0000011101000110
1111000101010000
0010010010010010
0010011100010000
0000111100010001
0001000111000010
1111001000010110
1111001110011110
1111001010101000
1111001010101000
1110001111100000
1110100001001100
1110011011110100
1110101011111100
1110101110001110
1111001100111100
1110110111011100
1111010011000110
1111010011110110
1111111010010000
0000010011100110
0000001011111010
0000001001100110
0000010101111000
0001000111110010
0001001000100100
0000010101000111
1111011010000000
1111010001100100
1110111000001110
1110111010100000
1110011111101000
1111010110001010
1111100011111110
0001011100001010
0010000100001110
0001111100001011
0001001100001000
0000010100000010
1111100011111110
1111101011111110
1111001011111011
1111000011111010
1111010011111101
1110101011111000
1111011011111100
1111111100000000
1111111100000000
0000101100000011
0001010100001000
0001111100001011
0010011100010000
0010011100010000
0010010100010000
0010000100001110
0010001100001110
0010010100010000
0001101100001100
0001010100001000
0001010100001000
0000011100000010
0001000100000110
0001001100001000
0001011100001010
0001100100001010
1111010010111000
0000100110001100
0001100100101100
0001111001100010
0001001000111010
1111110101100110
1111000100111110
1110110111000110
1111000100111110
1110110000001000
1110010100011000
1110010100011000
1111000100111110
1111011001110100
1111101110101000
0000000011011110
0000100110001100
0000110100000101
0010000111011010
0010011100010000
0010000000011110
0001001000111010
0001011101110000
0001011101110000
0001101011101000
0001100100101100
0001001000111010
0000111011000010
0000111011000010
0001010110110100
0001100100101100
0001110010100110
0000000110110010
0001001101011100
0001000010100100
0001110011100000
0001100000011101
0000000001010110
1111101011101001
1111101110010110
1111100110001100
1111101110010110
1111000101100100
1111000010110110
1110100111101100
1111001000010011
1111011000100110
1111100011011110
0000001100001110
0000000110110010
0000110101000000
0001000101010010
0001101011010110
0010001110101010
0010011100010000
0010000011110010
0010001110101010
0001111110010110
0001100101111010
0000101100110110
0000111101001010
0000111010011100
0001000010100100
0001000010100100
1101100011110000
1101100011110000
1101100011110000
1101100011110000
1101100011110000
1101100011110000
1101100011110000
1101100011110000
1101100110011000
1101101000000000
1110010110100100
0001010000100011
0010001011011100
0010010110011000
0010011010110110
0010010111110100
0001101011111000
0001000011001100
0000100101000010
0000000110011110
1111100101010010
1110100000010010
1101101100000100
1101100111001100
1101100011110000
1101100011110000
1101100011110000
1101100011110000
1101100011110000
1101100011110000
1101100011110000
1101100011110000
1101100011110000
1101100011110000
1101100011110000
1101100011110000
1101100011110000
1101100011110000
1101100011110000
1101100011110000
1101100011110000
1101101000110110
1101101001001000
1110110010010000
0001011000001100
0001111110000000
0010010001111100
0010010000110110
0010001000000010
0001110101011110
0001011001100100
0001000011010100
0000011000110100
1111100111000010
1110010100010010
1101101100110100
1101101001110100
1101100011110000
1101100011110000
1101100011110000
1101100011110000
1101100011110000
1101100011110000
1101100011110000
1101100011110000
1101100011110000
1101100011110000
1101100011110000
1101100011110000
1101100011110000
1101100011110000
1101100011110000
1101100011110000
1101100011110000
1101100110111000
1101101010000000
1110101000100000
1110001101011010
1110001101110000
1110011100101100
1110010101011000
1110010001001110
1110001110010000
1110011110001100
1110101100010000
1110100100011100
1110010100001101
1101111001000000
1101110101011100
1101110000110000
1101100011110000
1101100011110000
1101100011110000
1101100011110000
1101100011110000
1101100011110000
1101100011110000
1101100011110000
1101100011110000
1101100011110000
1101100011110000
1101100011110000
1101100011110000
1101100011110000
1101100011110000
1101100011110000
1101100011110000
1101110101100110
0010011100010000
0010011100010000
0010011100010000
1110000011000000
1101101100101100
1101101000001110
1101100011110000
1101100011110000
1101100011110000
1101101100101100
1110101111101010
0010010011010100
0010011100010000
1110110100000110
1101111110100010
1101100011110000
1101100011110000
1101100011110000
1101100011110000
1101100011110000
1101100011110000
1101100011110000
1101100011110000
1101100011110000
0000010101010001
0000001110111010
0000000111011010
0000000011110010
1111111111010001
1111111001110100
1111110101001100
1111110010111101
1111101100111010
1111110011110100
0001010011100100
0001011001010111
0001011001101010
0001011111001000
0001101000100010
0001110010111110
0001111100000110
0010000110100010
0010010011001100
0010000010110000
1110100010010000
0000010010011000
1111001010101110
0000010001101010
0001010111111010
0001100011111000
0001111000111010
0010011100010000
1111101011110011
0000111001000000
0000110101010100
0000011111010000
0000010100001101
1111011001011010
0001001111000010
0001111110110110
0010011100010000
0001111110110110
0001111110110110
0001101000110010
0001011010000100
0001001011011000
0001010110011010
0001010110011010
0001101000110010
0001010010101110
0001100001011100
0001101000110010
0001101100011110
0001011010000100
0001001111000010
0001010110011010
0001110000001000
0001101000110010
0001101000110010
0001000111101100
0001001011011000
0000110001101000
0000010100001101
1111001110011000
1111100000000100
0000001000011010
0000000101000010
1111100110110100
1111100000000100
1111001000100100
1111101101100010
0000100110101010
0010011100010000
0010001110110100
0001011001000010
0001010010010100
0001001110111110
0000101101011000
0001000001100010
0001100011001000
0001101001110110
0000011111111100
0000011001001100
0001111010101010
0001110111010010
0001011001000010
0001011111110010
0010001110110100
0010001011011100
0001001000010000
0001100110100000
0000111110001010
0001000001100010
0001000100111000
0000100110101010
0000000101000010
0001001111000110
0010000001010000
0001000111011000
0000010001011000
1111011111001110
1111110110010110
0000011100111100
0000101000100000
0001100010011000
0010011100010000
0001101010000110
0001100010011000
0001100010011000
0000111111101010
0000111011110011
0001010010111100
0000111011110011
0000100000110010
0000101100010111
0000110100000101
0000110111111100
1111011011010110
1111110110010110
0010000101000110
0001101010000110
1111110010100000
0000011100111100
0000101100010111
0000001001101010
0000000001111100
0000110000001110
0000010001011000
0010011100010000
1101100011110000
1101100011110000
0010011100010000
1101100011110000
1101100011110000
1101100011110000
1110000011000000
1101100011110000
0000101000001100
0010011100010000
0001101011001010
0000111110100000
0000011010110010
0000110101100100
0001111000100010
0001010100110011
0001111000100010
0001111000100010
0001011101110000
0001110100000100
0001110100000100
0010001110110110
1111101110001010
0000100011101110
0000000100011110
0001010100110011
0010000101111100
0010010111110010
0000101100101010
0000110001000110
0001010100110011
0000010110010100
0000010110010100
1111111011100010
0000110101100100
0000011010110010
1111011100010010
1111111011100010
1111101110001010
1110100010010000