1110110110111110
1111110101011000
0000000111101010
0000011011001011
0000001000111010
1111011000100000
1110111001100010
1110011011011000
1110000001000100
1110001111111010
1110010011010100
1110010010011110
1110110011001010
1111011010101000
0000011111000000
0001101110110100
0010010101000010
0001110001011000
0001000110011110
0001100000110100
0010010110010100
0010011100010000
0001110001110010
0001010101110010
0001001000001100
0001010100000100
0000111010001001
0001010001111100
0000111111101100
0000111011011100
0000100100100000
0000000000011100
1110111111011110
1111111111000010
0000001111100010
0001010010100000
0001100111110110
0001010010000000
0000011000010000
1111001000101100
1110101111011101
1110110101110000
1110110000111010
1111101001101100
0000010111010010
0001110000100100
0010001011010010
0010010101011110
0010011100010000
0001011011001110
0001100110011000
0001110100111011
0010011010110010
0010001011010010
0001000011011100
0000110000100010
0000010100010111
0000010010111100
0000010000111110
0000111001010000
0001000001100000
0000110111010100
0000011000110000
0000000010111001
1110111101000010
0000000101001010
0000010001011010
0001000000100000
0010000101001100
0010011100010000
0000111100000110
1111110110011100
0000000111100110
0000000100101010
0000110111101100
0001010100001000
0001010010001100
0000110011110000
0000010010111000
1111110000100010
1111100110110000
1111111001011000
0000000101001010
0000010100010110
0000111000101010
0001000001111110
0000100010100110
1111110110011100
1111100000010110
1111011011111100
1111100010010100
0000000001001110
1111110010000011
1111100100010010
1111000110110110
1110101010111001
0000000111101000
0001011001010010
0001100111111110
0001111101101110
0010001111010100
0010010101110010
0001100111011000
0001000010111110
0010010100101000
0010011100010000
0010010001101100
0001101100101010
0000111110001111
0000110110000010
0000111011111010
0000001011001010
1110110011101000
1110110110000000
1111000111000010
1111010001000000
0000010110010100
0001010100000000
0001010010010000
0000000111101000
1111010110010010
1111110011101010
1111111010101111
0000101001001000
0000100110001100
1111111100011111
1111011010011010
1110000101001110
1111111111101100
0000101001011000
0001000000100110
1111111010010110
1110101110110000
1101111100110000
1111001111100000
0000010110111010
0000110110011110
0000011010100000
0000011011101100
0000010011111100
1111111101010100
0000010011010110
0000100010110100
1111110111111110
1110111101101000
1110110100101100
1111011100000000
0000100010110100
0001000001110010
0001011111100010
0001100101100000
0000001110100110
1111001001100010
1110111111011010
0001000111001000
0010011100010000
0001111001001000
1111110111011000
1111100100111010
1101100101100010
0000001011000010
0000100111100010
0000111000110000
1111111111101110
1101111011011010
1101101101011100
1111101000000100
0000111010111010
0000010011101000
1111110001001110
1111111011111110
0000101011010100
0000101000100101
0000101100111010
0000111011111101
1111110010110100
1110101000000100
1110110001001100
1111011110011000
0000010000111100
0000110011011000
0001010101010000
0001011110111100
0000011101110110
1111110000001000
0000001110010000
0001001111010110
0010011100010000
0001111010111010
0001000011100000
0000111011111101
1111100000000000
0001101010100000
0010011100010000
1111101001000000
1110101010001000
1101100110100100
1110111000001110
1111110000100010
0000000100001110
0000100101000100
1111111011110010
1111111011110010
0000001010110010
0000011010110000
1111111111100010
0000111010101010
0000001111011110
1111011110101100
1111010111001100
1111000110010010
1111100101010000
0000001101100101
0000010001011000
0000101001110000
0000001010110010
1111101001111100
0000011010110000
0000001000111010
0000011101100100
1111110011010110
1111110000100010
0000000111111101
1111011010000000
1110111101000010
1111100000110000
0000010110010100
0000101000001100
1111111011100010
1111100000110000
1110111101000010
1111001110111010
1110100010010000
1110111101000010
1111001110111010
1111010111110100
1111100000110000
1110010000011011
0000010110010100
0001010100110011
0010000001011110
0010001010011010
0000111010000010
0001011101110000
0001100110101100
0010011100010000
0010011100010000
0001001011111010
0001011101110000
0001101111100101
0000101000001100
0010001010011010
0001111000100010
0010000001011110
0010000001011110
0000110001000110
0000000011001100
0000110110001101
0000101111110110
0001000010111110
0000001111111011
0000010110010100
0000010110010100
1111010110100010
1111010110100010
1111000011011010
1111101001101100
1111011100111100
0000000011001100
0000001111111011
0001001001010110
0001011100011110
0010000010110000
0001010110000110
0001101111100101
0001111100011000
0010001111100000
0010011100010000
0001110110000000
0001101111100101
0001100010110110
0001110110000000
0001111100011000
0001101001001110
0001100010110110
0001101001001110
0001010110000110
0001011100011110
0000100000010000
0001011011110010
0001101111100101
0001101111100101
0010010010010110
0001100101101100
0001011011110010
0000111110000000
0010011100010000
0010010010010110
0001100101101100
0001101010101010
0000110100000101
0001000111111100
0001011011110010
0000000111011100
1111010000111000
1111011111110000
1111000010000000
0000110100000101
0001001100111000
0001110100100100
0001101111100101
1111110011100110
1111010000111000
0000000111011100
0000000010011110
1111101001101100
1111111000100100
0000100000010000
0000011011010010
1110111000000100
1101100011110000
1101100011110000
1101100011110000
1101100011110000
1101100011110000
1101100011110000
1101100011110000
1101100011110000
1101101010111000
1101101010011110
1110100101010010
0000111110100110
0001110111101110
0010001111101010
0010000111010000
0010000000000110
0001011101010000
0000000000000000
1111110011110100
1111100101111110
1110111111010100
1110010010110010
1101110001001100
1101101010111000
1101100011110000
1101100011110000
1101100011110000
1101100011110000
1101100011110000
1101100011110000
1101100011110000
1101100011110000
1101100011110000
1101100011110000
1101100011110000
1101100011110000
1101100011110000
1101100011110000
1101100011110000
1101100011110000
1101100011110000
1101101011110100
1101101011101000
1110010000110010
0001000101010100
0010000001011100
0001101100011010
0001101100011010
0001100001100010
0000001100111000
1110110110001000
1110110001001110
1110101000010010
1110010010011000
1101111011011010
1101101101100100
1101101010110000
1101100011110000
1101100011110000
1101100011110000
1101100011110000
1101100011110000
1101100011110000
1101100011110000
1101100011110000
1101100011110000
1101100011110000
1101100011110000
1101100011110000
1101100011110000
1101100011110000
1101100011110000
1101100011110000
1101100011110000
1101101110001010
1101101011000010
1110000110001000
1111000000000010
1111000000100010
1110100011011100
1110001110110000
1110001111111110
1110001010001000
1110010101010010
1110100100000010
1110011001100010
1110000100110010
1101111010010010
1101111010101010
1101100111111010
1101100011110000
1101100011110000
1101100011110000
1101100011110000
1101100011110000
1101100011110000
1101100011110000
1101100011110000
1101100011110000
1101100011110000
1101100011110000
1101100011110000
1101100011110000
1101100011110000
1101100011110000
1101100011110000
1101100011110000
1101110001001010
1111101001101100
0010011100010000
0010011100010000
1101110101100110
1110001011111100
1110100110101110
1110000111011110
1110100110101110
1110101011001101
1101101000001110
1101100011110000
1110101011001101
1110000111011110
1101110001001010
1101110001001010
1101100011110000
1101100011110000
1101100011110000
1101100011110000
1101100011110000
1101100011110000
1101100011110000
1101100011110000
1101100011110000
0000011100010010
0000100011110110
0000100111011000
0000101111001110
0000110100011000
0001000001111100
0001010100000001
0001101011001100
0010000100010000
0000111110011010
0000111000110110
0000110100110110
0000101111001010
0000100101010000
0000011101001110
0000001011100110
1111110011100010
1111001101011100
1111000110000001
1111010100010110
1111101101010000
0001100011010000
1110001110010110
1111100111111010
0000100001001110
0001010000100010
0001110110000010
0000110001011110
0000100011011010
0000001110100110
0001000100110000
0001111111000110
0001011101110000
0001011001100110
0010000001001010
0010010110000000
0001111111000110
0001110110110000
0010001111110000
0001001101000110
0010011100010000
0000111000010000
0000111010010110
0001001000111010
0001101010010000
0001100100000000
0001001000111010
0001101100010110
0001110000100000
0010000111011010
0010000011010000
0001100110000110
0000100101100000
0000111010010110
0001001111001010
0001100110000110
0001011001100110
0001001111001010
0001001011000000
1111110001011010
0000100101111010
0000100000011000
0001001001000010
0001111100110100
0001001010111000
0001110011100100
0010000110000100
0001010101111110
0001011011100010
0001101100001100
0001111010111110
0010011100010000
0001110101011010
0001110011100100
0001100100110010
0010001011100110
0001110011100100
0001101000011110
0000111000011010
0000110010110110
0000111100000110
0001101100001100
0001111010111110
0001100100110010
0001011001101100
0000111100000110
0001001001000010
0000111111110010
0000010111001000
0000111111110010
0000111100000110
1111101000111000
0000101110011111
0000101100111110
0000011001001010
0000011111010000
0000010110000110
0000001110011110
0000101000011010
0001010001100100
0010011100010000
0001111101110000
0010000000110100
0001110011000110
0001110111101010
0001001110100000
0010001001111110
0001111010101110
0001101011011110
0001001001111100
0001001100111110
0001000110111000
0000110001100010
0000110001100010
0000101100111110
0000010011000100
0000001110011110
0000111111010000
0000110000000010
0000101001111010
0000011111010000
0000001110011110
1111110011000010
1110000011110000
1101101001010110
0010011100010000
1101100011110000
1101100011110000
1101100011110000
1101100011110000
1101100011110000
1101100011110000
1101100011110000
0001011010010010
0001000001111110
0001100001001110
0001100100101100
0001001111111000
0001100100101100
0001111001100010
0010011100010000
0001100100101100
0000110100000101
0000110111100100
0001110010100110
0001011010010010
0001101111001000
0010000011111100
0001010110110100
0001010110110100
0001101011101000
0000101101001000
0001010011010110
0001001111111000
0000111110100000
0001100001001110
0010000000011110
0000110000100111
0000110111100100
0001101000001010
0001000001111110
0001000001111110
0000110000100111
0000011000010011
1111000100111110