1110101100110000
1111011101011010
0000010011001110
0010010111001000
0010011100010000
0001101111011011
0000001111011000
1111110000101000
1111101011100000
1111111100001010
0000000110011010
0000110100100000
0001011001101010
0010001100111000
0010001110001010
0000110011001110
0000110000101010
0001011101100000
0001110000101110
0001101100111000
0001000000000010
1111101111010110
1111101111010110
1111010101110001
1111010101110001
1111101000111100
0000011110110000
0001000000000010
0000111010111010
0000010101110010
0000011001101000
0000010111000100
1110010010010110
1111010011001110
1111110101111100
0001011101001100
0001100011100110
0001001010111100
0000000011101010
1111110101111100
1111101111100100
1111101010111110
0000000100100100
0000011111000100
0001101111011110
0010011100010000
0010011001100000
0000110111110000
0000111011011010
0001010110110100
0001100011100110
0001000001110010
0000011111111110
1111111001100110
1111111101010000
1111101010111110
1111111001100110
0000000001110011
0000100111010010
0000111111111110
0001001110100110
0000101110100110
0000101101101100
0000111111111110
1110100100101010
1111100001100100
1111011101100100
0001100100010110
0001110110010100
0001101011010110
0000000110100000
0000000010100000
1111111000100000
1111111000100000
0000011001011110
0000111001011010
0010001110010010
0010011100010000
0010010000010010
0001000010011010
0000111000011010
0000111111011010
0001111001010100
0001101011010110
0000010111011110
1111111110100001
1111101111100010
1111011110100100
1111011111100100
1111111101100000
0000011000011110
0001001100011000
0000111101011010
0000100101011100
0000101000011011
0000110001011010
1110011011010100
1111011010101100
1111110110011100
0001100100101100
0010000110100100
0001101111001000
0000010100110110
0000000100010110
1111101111100000
1111110100101110
0000011111010000
0001011100000000
0010011100010000
0010010001110110
0001011100000000
0000101110111000
0000100110001100
0001011011001010
0001110000110101
0000111010001001
1111110100101110
1111010110010110
1111000001100000
1111010000010000
1111100111101101
1111110111010100
0000101110000000
0000110001011110
0000110010010110
0000001101000010
0000011010111010
0000101100010010
1110101001000110
1111100000111100
0000000100000100
0001011001100110
0010000010001000
0001101101011010
0000101100100110
0000000100111110
0000001110111000
0000010000101010
0001000110101100
0010001101110110
0010011100010000
0001110100100111
0000111001001100
0000100000111000
0000101110011000
0001010101000110
0001001011001100
0000011010100100
1111110111011100
1111100000111100
1111010000101110
1111001110111010
1111011011100010
1111111100110110
0000000010010000
0000011100011000
0000001001011110
1111101100101000
0000000100111110
0000110111011000
1110011101100000
1110111111011010
1111100101111001
0001011111110010
0010001010110110
0001111101000110
0000100100001100
0000000111110001
0000000011001110
0000100000100010
0001111110000000
0010011100010000
0010001010110110
0000111000011000
0000000100001000
1111111101101110
0000101111001100
0001000001100010
0000111110110010
1111111010111110
1111001100001111
1111000110101110
1111001100001111
1111001111111000
1111011100101110
0000000000011110
0000011110101100
0000100101001000
1111100110110100
1111100001010100
0000001101010010
0000011100111000
1110100100100100
1111000001010110
1111111000000110
0001101011010010
0010011100010000
0001011111110010
0000101110110100
1111101001101100
1111110110101000
0001001011100110
0010000010010110
0001110101011000
0000110001101100
1111101001101100
1111000101101101
0000101010011110
0000101011111100
0000111101001110
0000001101101100
1111010001001100
1111001110010100
1111001000100100
1110111101000010
1111000010110010
1111111001100010
0000101110110100
0000101001000010
1111101000010000
1110100100100100
1110100110000000
1110000111110001
1110101110101000
0000000000000000
0000101111100100
0000111101001010
0001111010010010
0010000001000100
0001011111000110
0001001010101110
0000111101001010
0000111101001010
0000110110010110
0001011000010100
0001010001100010
0010001110101010
0010000111111000
0010011100010000
0010001110101010
0001101100101100
0001101100101100
0010000001000100
0001010001100010
0000111101001010
1111011110000010
1111100100110101
1110111100000100
1110101110011110
1111100100110101
0000101111100100
0000101000101111
0000010100010111
0000100001111110
0000101111100100
0000110110010110
1111000000010110
0000010001011000
0001100010011000
0010011100010000
0010010000101100
0010010000101100
0000110100000101
0000011100111100
0000010001011000
0000011100111100
0000011100111100
0000111111101010
0001010110110100
0010000101000110
0001001011001110
0000010001011000
0000111111101010
0010010000101100
0010011100010000
0001111001100010
0001111001100010
0001001011001110
0001010110110100
0001010110110100
0001010110110100
0001101101111110
0010010000101100
0010011100010000
0010011100010000
0001101101111110
0001010110110100
0001100010011000
1110001111111010
1111011010101000
1111101011101001
0001011011101110
0001110110111000
0001100101111010
0000010111110010
0000000110110010
0000000110110010
0000000011011010
0001101001010100
0010011100010000
0010011000110110
0001001010101110
0000100001111110
0000001010001011
0001000011111100
0001011011101110
0001011000010100
0000010000111110
1111101011101001
1111110010011011
1111100001011100
1111011010101000
1111010111010001
1111111100100110
0000010000111110
0000010000111110
1111010111010001
1111010111010001
0000010000111110
0000101111100100
1101100011110000
1101100011110000
1101100011110000
1101100011110000
1101100011110000
1101100011110000
1101100101000100
1101100100111000
1101100101101000
1101101111001010
1110101000001100
1111011110000100
0000010011100010
0001000110001100
0001110010100010
0001111111101000
0010001000100100
0010011000101100
0010000100100010
0001101101111100
0001001010000100
1111011101111000
1101111101011110
1101101011000110
1101100110111100
1101100111001110
1101100110100100
1101100110011000
1101100110101010
1101100110100100
1101100110001100
1101100110101010
1101100101101000
1101100011110000
1101100011110000
1101100011110000
1101100011110000
1101100011110000
1101100011110000
1101100101001010
1101100101010110
1101100110001010
1101101101001010
1110010000110110
1110110100101000
1111101010100010
0000101001011100
0001000111010110
0001000101000000
0001011010111000
0001110001101010
0010001100111110
0010000000101110
0000110111001110
1110100111010010
1101110011001000
1101101101111100
1101101101100100
1101101010110100
1101101010001000
1101101001101100
1101101001110000
1101101001001110
1101101000011110
1101101001010010
1101101001010110
1101100011110000
1101100011110000
1101100011110000
1101100011110000
1101100011110000
1101100011110000
1101110100011010
1101110010010100
1110000111101100
1111011110001000
1110010001000100
1110001101000000
1110010111101000
1110110010100000
1110010111101000
1110001111100000
1110010010101000
1110010001100100
1110001010110100
1110001010110100
1110000100000010
1110000010011110
1110010011101010
0000000111110100
0000100100111110
0000100100011100
1111111010010000
0000001110100100
1111111011110100
0000000100001010
1111100011111000
1111110001011010
1111111100111000
1101100011110000
1101100011110000
1101100011110000
1101100011110000
1101100011110000
1101100011110000
1110000011000000
1110010000011011
0010011100010000
0010011100010000
0010011100010000
0010011100010000
0010011100010000
1111001010011100
1101100011110000
1101110001001010
1101101100101100
1110000111011110
1110000011000000
1111001110111010
0010011100010000
0010011100010000
0010011100010000
0010011100010000
1110100110101110
1110000011000000
1101101100101100
1101110001001010
1101100011110000
1101101000001110
1101100011110000
1101101000001110
1110101011001101
0010010000010100
0010010000010100
0010010110110100
0010010110011100
0010011011011000
0010011011111100
0010011100010000
0010011100010000
0010011100010000
0010011100010000
1110000010000110
1110000010000110
1110000110100010
1101111000101100
1101110001100010
1101101100000100
1101100100101110
1101100011110000
1101100011110000
1101100011110000
0001001000111010
1110111111101010
1110010111001010
1110101011010100
1110111000111100
1111100000000110
0000000101111110
1110110101110010
1111110111000000
1111100011011000
0000110001111010
0010000110111110
0001011010110100
0001001101101110
0001110001101110
0010011100010000
0001001010011100
0001011111101110
0001001101101110
0010000110111110
0010001011111000
0010000010000100
0000111010000110
0000111010000110
0001001010011100
0001000111001010
0001001000110100
0001000111001010
0000101101000000
0000000000110100
0000011011000000
1111110101011000
0001001101101110
0000110101001100
1111100110101000
0000000111011000
1111100000000110
0000101000000110
0000001001000000
1111001010110100
1111100101010110
1111000011011100
1111111001111100
0001101010100110
0001000101000010
0000101110000001
0001101000001010
0010001011010010
0001011000011010
0001101001011000
0001011101010000
0000111000111100
0001110011000100
0001001001111000
0001101101000000
0000100101100100
0000110001101010
0001100101110000
0001100101110000
0010011100010000
0010000010110100
0000000000000000
0000000110000100
1111110110010100
1111101100101000
1111100100001010
0000000011100111
0000101111010000
0000001111110000
0000010101110100
1111001111100100
1110010011000000
0000000101000000
0000111101010000
0001010110111000
0000111100000000
0000010101111000
0001000010111000
0001101001101000
0010011100010000
0001011011111000
0010000010101000
0001100001100000
0000100001001000
0000100001110000
0001001101100000
0001100100000000
0001011000000111
0001011010000000
0001011010000000
0001010110010000
0001011000101111
0000101110010000
1111110001000000
1111000001100000
1111000101010000
1110110110010000
1111011000000000
0000110000110000
0001000001000000
0000110000110000
0000001100100000
1111000100101000
1110011101010000
1101100100001110
0010011100010000
1101100011110000
1101100011110000
1101100011110000
1101100011110000
1101100011110000
1101100011110000
1101100011110000
1110100100001010
1110110100110110
1111100010001100
0000100000001110
0000100100111110
0001000001100110
0000110011010010
0000111010011100
0001000001100110
0001000110011000
0001001101100010
0001011011110110
0010011100010000
0010010111011110
0001111010110110
0001110001010100
0010001101111100
0001101110111100
0001111111101000
0010010000010100
0010011100010000
0001101100100010
0010010000010100
0001111101010000
0001111000011110
0001110001010100
0001100101011000
0001100101011000
0001100000100111
0001010100101100
0000111000000100
0000010001111010