1111110101100110
0001100011011100
0010000110011110
0000111011101001
1111011111110100
1111001000001001
1110110011010010
1101111000100110
1110000011000000
1101110100110010
1110010100000011
1110100100001010
1110110001011010
1111011011000100
1111110011101100
0000100110110100
0001110100011101
0010011100010000
0010011000011110
0010000111011010
0010000110011110
0010011001011010
0010011100010000
0010001001010100
0001010010011000
0000001110001110
0000000111100100
0000000010110110
0000010100110110
0000111000110100
0001110001101000
0010001011001110
1110111110110100
0001000100010010
0001100011001010
0000010010001000
1111011001000010
1110111000101000
1110011100110110
1110100001011110
1110000000010100
1110001110111110
1110011000001110
1110011100000101
1110110110010100
1111001010011000
1111011101101010
1111111110110110
0001001111000110
0010001111001000
0010001011010010
0001111011110110
0001100000000100
0010000010000000
0010011100010000
0010000011100100
0001001000111010
0000100000110010
0000001111110100
0000010000100110
0000100100101010
0000110001000000
0001011101110000
0001010110110100
1110110101000000
0000110101110010
0001001000000110
0000000111101100
1111001101001000
1110011101100100
1110010000011011
1110000001000010
1110001001110100
1110001000010110
1101111111100100
1110100100001010
1110101011011110
1111000001011100
1111011100100000
1111111001110010
0000111011101001
0001110111101010
0010011100010000
0010001100111000
0001100101011000
0001111011010100
0010001100111000
0010001101101000
0001100001101100
0000111010001100
0000101101000000
0000110100010100
0001001000000110
0001100011111010
0001111111101110
0001111100000100
1110110011101010
0000011101100100
0000101010100011
0000011010111110
1111010000111010
1110100010001000
1110011011101000
1110001011011001
1110001010101110
1110000001101000
1110010011110100
1110011010010100
1110011110001110
1110110011000000
1111010010001100
1111101000111100
0000011011101000
0001100011000100
0010011100010000
0010011000010110
0001011101111000
0001101110001000
0010000000111110
0010001001011010
0001100101000001
0000111111010110
0000101110011100
0000101111110000
0001000010100110
0001100011101110
0010000010111010
0001110111001110
1111001101100101
0000101011010100
0001001101011010
0000011101001000
1111000000000111
1110011110101100
1101111011001100
1101110100000110
1101101100010010
1101101111001000
1101111101010100
1110011000010100
1110010100110000
1110100100011000
1110110001111000
1111000111001100
1111110100101000
0001010011000110
0010011100010000
0010011011100010
0001101001110100
0001100110010010
0010000010101100
0010000111101010
0001101000011010
0000111111111001
0000011010010001
0000011011101100
0000100111110010
0001010010011000
0001111001011100
0010000001111110
1111010100011110
0000011101011110
0000101010001111
0000010100100000
1110110001010000
1110010001001110
1110000110010110
1101111001100010
1101111111111100
1101111000111000
1110000110111110
1110001100000110
1110011000010000
1110011100110000
1110101100110000
1111000101000110
1111011100110010
0001010011111000
0010011100010000
0010010111001000
0001010110011100
0001001110001000
0001100110011110
0001110001010110
0001011110110010
0000110010100101
0000011111011000
0000100000000010
0000101000111110
0001001111011010
0010000010101000
0010000010101000
1111010110100100
0000001011011010
0000100100111000
0000001100101110
1110011011001110
1110011111001000
1110001011100011
1110000101101100
1101111000101000
1101111001111100
1101110010000110
1101111101001100
1110010011011000
1110101011100001
1111000011101010
1111001100001000
1111110011010010
0001011011000000
0010011011100110
0010011100010000
0001001010000100
0001001011010110
0001100101011100
0001101011111101
0001010101110010
0000101000000111
0000010101001100
0000010111001010
0000101100000010
0001101000101110
0010010010011110
0010001000101100
0001101110010010
0010001001111000
0010011100010000
0010000000101100
0000010010011000
0000100100110000
0000010010011000
1110010001101110
1111011011010000
1110101101010010
1111001000110110
0000000000000000
0000001001001100
0000000000000000
0000110111001010
0001001001100010
0001100101000110
0010001001111000
0010010011000100
0010000000101100
0001110111100000
0001010010101110
0010001001111000
0001100101000110
0001010010101110
0000101101111110
0000101101111110
0000011011100100
0000011011100100
0000101101111110
0010001001111000
0010010011000100
1111101110101000
0001100010011000
0001101101111110
0000011100111100
0000000101110010
1111001011111011
1110101001001100
1110000110011110
1110010010000010
1110000110011110
1110000110011110
1110011101101000
1110101001001100
1111100011000100
1111101110101000
0000011100111100
0001100010011000
0001111001100010
0001111001100010
0001111001100010
0010000101000110
0010010000101100
0010011100010000
0001001011001110
0000101000100000
1111111010001110
1111100011000100
1111010111100000
1111101110101000
0000010001011000
0001001011001110
0001010110110100
1110111000010100
0000010111111010
0000111100101010
0000011111010000
1111000111000000
1110110000111110
1110010111001110
1110001100001100
1110010011100010
1110001111111000
1110000100110110
1110010011100010
1110100010010000
1110011110100100
1111000111000000
1111011101000100
0000001001001100
0001000111101100
0010011100010000
0010010001001110
0001001011011000
0001011101110000
0001111011001010
0001111011001010
0001011010000100
0000101101111110
0000100110100110
0000101010010010
0000101101111110
0001000111101100
0001110111100000
0001101000110010
1101100011110000
1101100011110000
1101100011110000
1101100011110000
1101100101101110
1101100101011100
1110001010001110
1111001110000100
1110010110100000
1110000011110110
1110010000010110
0001000100011110
0010010111100100
0010000000010110
0001000011100100
0000011110001000
0000010000011100
0000011011011000
1111110011111000
1111001001111000
1110111001100100
1110100111010100
1110001111010101
1110000010111010
1101101100110000
1101101011111110
1101100011110000
1101100011110000
1101100011110000
1101100011110000
1101100011110000
1101100011110000
1101100011110000
1101100011110000
1101100011110000
1101100011110000
1101100011110000
1101100110011110
1101100110001010
1110101110110110
1111000010100110
1110100000110100
1110001101001100
1110000110011100
1111110001110010
0001010110000110
0000111110110100
0001010001011010
0001001001001000
0001111000100000
0000110101010100
0000001000011000
1111010111010110
1111010011010000
1110110100010010
1110000000001110
1110001111100010
1110000101101010
1110001001100010
1101100011110000
1101100011110000
1101100011110000
1101100011110000
1101100011110000
1101100011110000
1101100011110000
1101100011110000
1101100011110000
1101100011110000
1101100011110000
1101101110001010
1101101000111100
1111011101101000
1110101110110000
0000001100100000
1111100100111010
1111111011010100
1110000001001100
1110001110100110
1110000110100000
1110010101110000
1110011110010110
1110111111111100
1110101111111011
1110011001101010
1110100000010010
1110100101011000
1110011110101110
1101111100110000
1111000010100010
0000000101001100
1111111110111100
1101100011110000
1101100011110000
1101100011110000
1101100011110000
1101100011110000
1101100011110000
1101100011110000
1101100011110000
1101100011110000
1101100011110000
1101100011110000
1101101100101100
0010011100010000
0010011100010000
0010011100010000
1111010011010110
1111110111000100
0000110001000110
0010011100010000
0001001011111010
1110010100110110
1110011001010100
1101101100101100
1110111101000010
1111010111110100
1110011101110010
1101111110100010
1101101000001110
1111100101001110
1111010111110100
0000011111010000
1111000101111110
1111001110111010
1101100011110000
1101100011110000
1101100011110000
1101100011110000
1101100011110000
1101100011110000
1101100011110000
1110101010101100
1110101110001000
1110110001110110
1110111010011100
1110111110110010
1111000100100010
1111001010101100
1111000110110010
1111000011011000
1110101011100001
0000001000101110
0000010000100000
0000010100100100
0000011011001011
0000011110110011
0000011111101110
0000100011001100
0000101110010100
0000111111100101
0001001110111100
0000010110111010
1111101111011110
1101111101111000
1111000110010000
1111101110101000
0000100000011000
0001010010100110
0010011100010000
0000000010110010
1111110010111000
1111100010111110
1111100010111110
1111101100100010
0000001101111010
0000001110101110
0001010100101100
0001000111001010
0001001011111100
0010011001000100
0001110100100000
0001011111110100
0001000000110100
0001011011110110
0001100111110010
0010000011100110
0001110110000110
0001010011111000
0001011111000010
0010010101000110
0010011100010000
0001111110000010
0010000111100100
0010011001000100
0010010101111000
0010011000010010
0010010000010100
0010000000011010
0010000000011010
0001110111101100
0000110100111000
1111010001101000
1110111011000010
1111000000100000
1110110001101100
1110110111111010
1111010000110110
1111100101001001
0000110100100110
0000110011000010
0000100000010110
0010011100010000
0010000111001110
0000101111001010
0000010100101010
0000010001100010
0001000101110000
0001000000010010
0001000011011010
0000101111111100
0001000111010100
0001011101001000
0001110001011000
0001010110001000
0001011101111010
0001110010001010
0001011001001101
0001001001101010
0001010111101010
0001011101001000
0001010001011100
0000111010000100
0000010111000000
0000001000001110
0000010100100100
1111111111001100
1111101001110010
0000010010111010
0000010001010010
0000011000101010
0000111100110110
0001011011010010
0001100101001010
0010011100010000
0010011010100110
0001001110001000
0000100110101010
0000101011100110
0001110110011010
0010000110111000
0001101111000010
0010000110000010
0001100111101000
0001011000000000
0010010101101010
0001111111011110
0010000011100110
0001111010100010
0001011000000000
0001011101110000
0000111100000010
0000101001001000
0001001110111100
0001000000111110
0000000101110000
0000001001100010
1101100011110000
1101100011110000
0010011100010000
1101100011110000
1101100011110000
1110100010010000
1111111010110010
1101100011110000
1110101100110110
1110100010110000
1110101010010100
1110111001011100
1110111011111110
1111111101011110
0000101101011000
1111100100010010
1111101110010110
0000000101000010
0001001001000110
0010001111101010
0010000011000100
0001101001110110
0000111001111110
0001111011100000
0010001111101010
0010010100101100
0010011100010000
0010000000100010
0001111110000000
0001100100110100
0000101010110110
0000001100100110
0000110100111100
0000111111000000
0010001010100110
0001101110111000
0001100010010010
0001010101101100
0001011111110010
0000111100011110