1111000111100010
1111111011010010
0000101000011110
0001010111100010
0001111000011110
0001011000011110
0000110100101110
0000011111000100
0000001011010010
1111110011110000
1111111011010010
1111110011110000
0000000110100110
1111111000011110
0000000011110000
0000011010010110
0000011111000100
0000100011110010
0001010011110010
0001100000111011
0001110100101110
0010010010110110
0010011001011100
0010011100010000
0010010001111010
0010011001011100
0010010110100110
0010001001011100
0010010101101010
0001111011010100
0001101111000100
0001110010110110
1110111100100010
1111101000111011
0000100111111100
0001001011011110
0001100100010100
0000111100011000
1111110000000010
0000001111000110
1111110010101100
1111011010101110
1111101010101100
1111100000111100
1111101011100110
1111111100011100
0000000100011100
0000010100011010
0000010110001011
0000101010101000
0000111110001010
0001001001101100
0001101000110000
0010000011011010
0010011011011000
0010011011011000
0010001100010010
0010001100010010
0010011100010000
0010001100010010
0001110010100010
0001111110000100
0001110001101000
0001100001101010
1110111100100000
1111100111000010
0000110001000000
0000111101000010
0001010000011100
0000011001111000
1111101000111000
1111111010011100
1111000011111010
1111000011111010
1111010010101100
1111001101001010
1111011000010000
1111100111111110
1111111000100110
1111110001001110
1111110101110110
0000011101100110
0000010100010110
0000010111001000
0001011011100010
0001100110101000
0010000001011100
0010011100010000
0010011000100100
0010010110101100
0010000111000000
0010000110000100
0010010100110110
0001100101101100
0001010101111110
0001010100001000
1111000111101110
1111111001001010
0001010011101010
0001001000000100
0001000101111110
1111111011010000
1111100010000000
1111100011000100
1111000001011010
1111000100100100
1111001001110100
1110110101110100
1111011010101010
1111011111111010
1111100100001000
1111101110101000
1111110001110010
0000000000100010
0000010011011110
0000011110000000
0000111000010010
0001101001110000
0001110100010010
0010010011110110
0010011100010000
0010010111000000
0010010011110110
0010001101100010
0010000101000110
0001011110001010
0001000010110100
0000100010001100
1111000111011100
0000011101101110
0001101011011000
0001011011000100
0000100100011100
0000000110101101
1111100010010010
1110011110001110
1110101010101100
1110100000001011
1110100011000010
1110100001000110
1110111100111010
1110111011111100
1111000010101010
1111010011111010
1111001111001000
1111010110110010
1111110101011110
0000000101110000
0000010011001010
0000101110111110
0001010010011100
0001111110100010
0010011100010000
0010010000110000
0010001010000010
0010001101111000
0001011111110101
0001001011101110
0000111000100100
0000001110011000
1110111000110100
0000101111000000
0001100010111100
0001001000000110
1111110011000010
1111110011111010
1111001011101000
1110101000101100
1110100000101000
1110110011011100
1101111011000010
1110100110000000
1110110011011100
1110100110000000
1110101111111000
1111000100011110
1111001000000010
1111011111010100
1111101011110110
1111110110100110
0000000101110011
0000101000101111
0001010001000001
0001111010001110
0010011000101010
0010011100010000
0010001000100100
0010001100001000
0001111100000000
0001011011110010
0001000000111010
0000011001100010
1110111111010100
0001011001110110
0001110100001100
0000111001110100
1111111001101110
1111011101000110
1110111000011110
1110110000011100
1110000011110101
1110010011110100
1110001001100010
1110111000011110
1111000110001100
1111000110001100
1111011101000110
1111010010110010
1110111011111010
1110111010110000
1111100000100010
1111100000100010
1111111100000000
0000111100000110
0001001101010010
0010010110100010
0010011100010000
0010011000110100
0010010000110100
0001111100001011
0001010111100100
0000101101001110
0000001100000010
1111111111011100
1110111111101010
1111100100011100
0000011011100100
0001001100100110
0001011110111110
0001000000010110
0000100111110110
0000001111010100
0000000011000100
1111100100011100
1111110000101100
1111110110110100
1111110000101100
1111110000101100
0000001111010100
0000010101011100
0000001001001100
1111110110110100
0001000000010110
0001011000110110
0001011000110110
0010001001111000
0010010110001000
0010001001111000
0001111101101000
0001110001010110
0010010110001000
0010011100010000
0001110111100000
0001100101000110
0001110001010110
0001011110111110
1110111010001100
1111101111011000
0000001001111110
0001001100011110
0001100111000100
0000110001111000
0000101011001110
0000001001111110
0000001001111110
1111100010000111
1111100010000111
0000000011010100
0000001001111110
1111100010000111
1111101111011000
0000010000101000
0000101011001110
0000011101111001
0000101011001110
0001100000011010
0001111011000000
0001111011000000
0001100000011010
0010011100010000
0010011100010000
0010001000010100
0001110100010110
0010001000010100
0010010101100110
0001001100011110
0001100000011010
0001100000011010
1110110011011110
1111101100111000
0000101001011110
0000101100101010
0000111111110010
0000001001100100
1111100011010100
1111110011010000
1110110110101010
1110111101000010
1111001100111110
1110111101000010
1111010011010110
1111100011010100
1111100011010100
1111100110100000
1111110011010000
0000000110011000
1111111100110100
0000001001100100
0001001001010110
0001001001010110
0001011100011110
0010011100010000
0010010101111000
0010000010110000
0010001100010100
0010001111100000
0010010010101100
0001011001010010
0001011001010010
0001001100100010
1101100011110000
1101100011110000
1101100011110000
1101100011110000
1101100011110000
1101100011110000
1101100111010110
1101100110110010
1101100110111000
1101100111001010
1111000100010111
0001000101101100
0010000011110100
0010011000100100
0001111000001110
0001010010010100
0001001100000100
0001011101010010
0001011111111000
0001001011110010
0000010111001000
1110011111011010
1101111100011000
1101100111100010
1101101000000110
1101100111101000
1101101001110000
1101101010000010
1101100111011100
1101101000000110
1101101011000010
1101101001001100
1101101010011110
1101100011110000
1101100011110000
1101100011110000
1101100011110000
1101100011110000
1101100011110000
1101100110010100
1101100101011100
1101100101101000
1101100101100110
1110111110101110
0000001010000100
0001011000001010
0010001110111100
0001110100001001
0000100101110010
1111011110001100
1111001101011000
1111000110000110
1110111101100000
1110110100101010
1101111000001010
1101101100101100
1101100101110010
1101100101111010
1101100101110010
1101101010101100
1101111011000110
1101111010101100
1110101011110000
0000001101001000
0000011110000110
0000000100100110
1101100011110000
1101100011110000
1101100011110000
1101100011110000
1101100011110000
1101100011110000
1110001110011100
1101110111100010
1110001011110111
1110000110101000
1110101101101100
1110110110100100
1110101110110000
1111000001100000
1110100100110000
1110101001001000
1110010110011000
1110000101100000
1101111111111000
1110000111011000
1110000100010000
1101110101111000
1110010001100100
1110001101111100
1101111001101000
1110001001010000
1110001010010010
0000100101100000
0001001001111100
0001010101011010
0001100010011100
0001010010010010
0001101001001100
1101100011110000
1101100011110000
1101100011110000
1101100011110000
1101100011110000
1101100011110000
1110011001010100
1110001011111100
1101111010000100
0010011100010000
0010011100010000
0010011100010000
0000011111010000
1101111110100010
1111011100010010
1111100101001110
1111001010011100
1110111101000010
1110011001010100
1111001010011100
0010011100010000
0010011100010000
0010011100010000
0001000010111110
1101100011110000
1110100110101110
0010011100010000
0010011100010000
0010011100010000
0010011100010000
0010011100010000
1101110001001010
1101100011110000
0010011100010000
0010011100010000
0010011100010000
0010011100010000
0010011010111100
0010010111001000
0010010000010110
0010000111000010
0001111000000100
0001000110010010
0010001001101010
0010001001101010
0010000100110010
0010001011000010
0010001100010010
0010011000111000
0010010100011010
0010011100010000
0010011100010000
0010011100010000
1110110000110110
1110110000111110
1111001100111110
0000011011111110
0000001000110000
0001101010110110
0010010011011000
0010011100010000
1111101000110110
0000101110010010
0001101101111110
0001101101111110
0000101110010010
0000011100111100
0000100010101110
0000100010101110
0001010001000001
0001010001000001
0010000101000110
0010011100010000
0010010110011110
0010010000101100
0010011100010000
0001111111010100
0001011100100110
0001101000001010
0001100010011000
0010001010111000
0010010110011110
0010000101000110
0001001011001110
0001001011001110
0000101000100000
0000001011100100
0000001011100100
1111111010001110
0000010111001010
0000010111001010
1111000110001000
1110101110111111
0000100110110010
0001010011011010
0001110001111110
0001101010111010
0000110111001110
0000011000101010
0000110100111000
0001001100011000
0001010001000100
0001110110101010
0010010010110110
0010011100010000
0010010000100000
0010001110001010
0010010111100100
0001111011010110
0001101101010000
0001110110101010
0001101000100100
0001110110101010
0010001110001010
0001100110001110
0001001110101110
0000110000001001
0000101011011110
0000010011111110
0000100010000100
0000011000101010
0000100100011010
0000100110110010
1111110101011101
1111010110111000
0000001101001110
0000111101100111
0001100000110110
0001010101110100
0000100001000000
0000011000001110
0000100101011010
0000011110110011
0001000100001110
0001101110000010
0010000001110110
0010011100010000
0010010011011100
0010010001010000
0010001010101010
0001111011001111
0001111011001111
0010000100000010
0010001010101010
0001111001000010
0001111011001111
0001100101001110
0001000010000010
0000100101011010
0000001101001110
1111110101000000
1111100111110010
0000000010001100
1111101110011010
1111111011100110
1111110000100111
1111010100000000
0001101101000110
1101100011110000
1101100011110000
0010011100010000
1101100011110000
1101100011110000
1101100011110000
1101111101110010
0010011100010000
1110000100101010
1110100101100010
1110100100000010
1111001001011100
1111010101011000
1111100010110111
1111110001110010
0000001001101110
0000100110001000
0001001110100000
0001100100111100
0010000001010110
0001110010011000
0001110101011000
0010001110110010
0010010000010010
0001110010011000
0001110110111000
0001110011111000
0001110011111000
0010010011010010
0010011100010000
0001111000011000
0001111011010110
0001110110111000
0001100100111100
0001100000011100
0001011101011100
0000111111100010
0000111001100100
0000110010000110
1111110100110010