1111010101100100
0000100010001010
0001011110001010
0010010111011010
0010010110101110
0000110100110010
0000101101001100
0000100011100010
0001010010011100
0001100000001110
0010011100010000
0010001011000000
0001111011001000
0001101011111101
0001001101100110
0000110010000000
0000010111110100
0000100000000100
0000100101100110
0001001001011110
0001101001111010
0010000110001100
0001110010001010
0000111011101001
0000001000101000
0000011110000000
0000111100011000
0001000110000010
0000100110010010
0000100101100110
0000010010111110
1111101111000110
1111011110101010
0000010011101000
0001110100011000
0001100010000100
0001000100000000
1111111110101100
1111011011011000
1111010111011110
1111101001110010
1111100011111000
1111011010110000
1111111010110010
0001000000101110
0001001000100100
0010000010110000
0010010110011000
0010001011111010
0010000000001000
0000111101011110
0001100110101010
0001110001110000
0010011100010000
0001111000010010
0000100110100100
1111100101001100
1111101111000000
1111110110001100
0000100000000010
0000110101100110
0001011110001010
0001101011001110
0001010001101110
1111011011100000
0000001010111000
0001100011111010
0000111111011010
0001000000000010
1111100101110000
1110111111111110
1110110101000100
1111000111101011
1111000110011000
1111001110101100
1111100011001100
1111110111000010
1111111010010000
0000111101011110
0001011100001101
0010001011100110
0010001110110100
0010000011010010
0001110101001100
0010011100010000
0001111011100110
0001101110001010
0000110001010100
0000001100110100
1111110111000010
1111111110000110
0000010001111100
0001001000011000
0001001101100000
0001101100111000
0000110111000100
1111001100110010
1111110110011010
0001001101100000
0001011001101010
0001010111000110
1111111011100010
1111011100110010
1111011100001000
1111011111111110
1111101000010100
1111101001100110
0000000011110110
0000010011110110
0000100111000100
0001101001101010
0001111111011100
0010001100010000
0001010110011100
0000110101001010
0001111100001110
0010011100010000
0001100001111110
0000100101001010
0000001001100110
1111111100110100
0000001010010000
1111111111011000
0000100000000010
0001011110001000
0001010111101110
0001000010100110
1111101110000100
1111101100110100
0000110000100100
0001110010110110
0010001011101100
0010011001010000
0000111001100110
0000011101110000
0000010011111110
0000011100111111
0000111101011000
0001010110001110
0010000010101010
0010001011101100
0001101010100100
0000111011111000
0000010000001100
0000000100001010
0000001010001010
0000010100101110
0001000001111000
0010011100010000
0010010101011110
0000111011111000
0000010000111100
1111111110001000
1111111100101000
0000010011001100
0001010100101110
0001011100010000
0000101010100010
0000000001001000
1111001101111100
0000011000110110
0001010110001000
0000001000111000
0010010111110100
0010011100010000
0010001001100110
0001111110111100
0001101010100010
0001110110111110
0010010000101110
0001101110111110
0000110011100000
0000010100011010
1111011100100000
1110111111001100
1111000101011010
1110110101011100
1110110011101010
1111001001110110
1111101000000010
1111101010101100
1111011101011000
1111101101010110
1111100100011110
1110110010110000
1111000001110110
1111010001110110
1111111000000000
1111100110010000
1110101111001110
1101111001111100
1101110111010010
0001001100111100
0010011100010000
0010000101011010
0001011100100100
0001001011101110
0000100100000100
0001011110111100
0010000001110100
0010010011110110
0010001100101000
1111101011100100
0000000111001110
0000110000000100
1111111010000001
1111100101100100
1111010010010100
1111000110010101
0000011011101010
0000101110111000
0001001111010100
0000111000011111
1111111011001100
1111110000011000
1110111101111010
1110101010101010
1111011010110000
0000110110000110
0000000111001110
1111010100101110
1110011100010000
1110010110001110
1111001101100010
1111001000110110
0000010010011000
0000100100110000
0001100101000110
0001011011111001
0000100100110000
0001000000010110
0000110111001010
0001100101000110
0001100101000110
0010011100010000
0001001001100010
0001001001100010
0000010010011000
0000000000000000
0000000000000000
0000000000000000
0000000000000000
0000001001001100
0000101101111110
0001000000010110
0001100101000110
0001101110010010
0000001001001100
0000101101111110
0000010010011000
0001011011111001
0010000000101100
0000001001001100
0000010010011000
0000001001001100
1110111111101010
1110110111100110
1111110100100100
0001001000011010
0001101110100010
0001100110111010
1111111100001100
0000001011011100
0000001011011100
0000110001100010
0001101110100010
0010011100010000
0010010100101000
0000111001001010
0000001011011100
1111110100100100
1111100101010100
1111110100100100
1111110100100100
1111101100111100
0000110001100010
0001010111101010
0001010111101010
0000111001001010
0000011010101100
0000001011011100
0000001011011100
0000101001111010
0000100010010100
0000001011011100
1111110100100100
1111011101101100
1110111111001110
1111100001110110
0000101110100110
0001111011010110
0001101010111010
0010000000110110
0000101001001000
0000011000101010
0000011000101010
0000011000101010
0000110100000101
0010001011110100
0010011100010000
0001110101111000
0000111111000100
1110111011011110
1110101011000011
0000001101101110
1111110111110010
1111110010010010
0000111001100100
0010010001010010
0010010001010010
0000011000101010
1111001011111011
1111001011111011
1111011100011000
1110111011011110
0001001111100000
0001001111100000
1111101100110100
1111010110111000
1110010101000110
1101101001110110
1101100111011110
1110010111111000
0010000100010000
0010011100010000
0010011100010000
0010011100010000
0010011100010000
0010011100010000
1110010100011000
1110011111111100
0001100101000100
0001001010010000
0000001101001100
1111110111100110
1111101100101100
1111100100101000
1111101010111110
1111100000000100
1110110110001100
1110100101100110
1110010000011110
1101100011110000
1101100011110000
1101100011110000
1101100011110000
1101100011110000
1101100011110000
1101100011110000
1101100011110000
1101100011110000
1101100011110000
1101100011110000
1101101010110100
1101101000101100
1111010101110110
0001001011010100
0010011100010000
0010011100010000
0010011100010000
0010011100010000
0010011100010000
1110001010011110
1110010011110000
0001011010011110
0000110001000000
1111101011010100
1111011000000100
1111010101111100
1111010101001110
1111001111100011
1111001100001010
1110100100111010
1110011001000000
1101111111110000
1101100011110000
1101100011110000
1101100011110000
1101100011110000
1101100011110000
1101100011110000
1101100011110000
1101100011110000
1101100011110000
1101100011110000
1101100011110000
1101110110100000
1101101110001010
1111001111000010
1110100100110110
1110010010101000
1110100010110000
1110100101111000
1110110100011110
1110011000111000
1110001001010000
1110001010010010
1110001100101110
1110001010101000
1110100001111000
1110100011010010
1110010010111110
1110001001111100
1110001000111100
1101101111000000
1101101001101100
1101101010000000
1101101010000000
1101100011110000
1101100011110000
1101100011110000
1101100011110000
1101100011110000
1101100011110000
1101100011110000
1101100011110000
1101100011110000
1101100011110000
1101100011110000
1101101000001110
0010011100010000
0010011100010000
0010011100010000
0010011100010000
0010011100010000
1111110010100110
0010011100010000
0010011100010000
0010011100010000
0010011100010000
0010011100010000
1110111000100100
1110011101110010
1101111110100010
1110000011000000
1110010100110110
1110011101110010
0000011111010000
1111000101111110
1110100010010000
1110010100110110
1101100011110000
1101100011110000
1101100011110000
1101100011110000
1101100011110000
1101100011110000
1101100011110000
1101100011110000
1101100011110000
1101100011110000
1101100011110000
0010000000001010
0001111100110010
0001111000001100
0001110111011000
0001110000111110
0001100111011100
0001010101110100
0001000110010100
0000110110000110
0001001101110110
1111010001100110
1111001001010010
1110111010001010
1110110010000000
1110101000000000
1110011110011100
1110011100011110
1110011110000010
1110101101001100
1110101010101100
1110111011010000
0000010000100010
1110001110010010
1111100000000100
0001010111011010
0010011100010000
0001110000000010
0010011100010000
1110101110001010
0000000111011100
0001000000000000
0001001000111010
0001001000111010
0000101110001000
0000110100000101
0001110101100100
0001101100101000
0000111101000000
0001101001101010
0001110101100100
0001111000100010
0001101001101010
0001001110111000
0001010111110100
0001110101100100
0001111011100000
0010010011010100
0010011100010000
0001110101100100
0001100011101100
0001111000100010
0001111011100000
0001001011111010
0000100010001110
0000010000011000
0000011100010010
0000110100000101
0000111010000010
0000011001010100
1111011101110010
1111000101111110
1111110010100110
0000011100010010
0000011001010100
0000100010001110
0000010110010100
0000011001010100
0001110101100100
0000111101000000
0000011100010010
0001010001110110
0010000111011010
0001010100110011
0001010100110011
0001010001110110
0001111110100000
0010001010011010
0001011101110000
0001010001110110
0001111011100000
0010011100010000
0010001010011010
0001110010100110
0010000001011110
0001001110111000
0000111101000000
0001001110111000
0001100000101110
0001010100110011
0001010111110100
0000111010000010
0000001010011010
0001011110100000
0010001101010010
0010000101110010
0001010111000000
0001011000111000
0001011010110000
0010010100110000
0010011100010000
0001111010100100
0001100000011000
0010010001000010
0010001001100010
0001100101111110
0001011100101000
0001100101111110
0010000010000100
0010010100110000
0001111100011100
0001001111100010
0001101011100110
0001110110110100
0001100111110110
0001100010010000
0001110001001110
0001011010110000
0001010001011010
0001011110100000
0001001011110010
0000110111001100
0000101111101110
0001000010011100
0000101101110110
0001111011101101
0010011100010000
1101100011110000
1101100011110000
1101100011110000
1101100011110000
1101100011110000
1110001000001111
1101100011110000
0010010001001110
0010000110001100
0000110101010100
0001010010101110
0001110000001000
0001101000110010
0010001101100010
0001100101000110
0001110000001000
0001110011110100
0010010100111010
0001000111101100
0001000000010110
0001000111101100
0001001011011000
0001011010000100
0000101101111110
0000111100101010
0000111001000000
0000110101010100
0010011100010000
0001110111100000
0001111011001010
0000100010111100
0001010010101110
0010001001111000
0010011000100100
0010010001001110
0010000110001100
0001101100011110
0001011010000100
1111000011010110