1111011000011000
0001010000110000
0010011100010000
0010011010000000
0001101101001010
0001001000100010
1111001010111010
1110110000000000
1110100100110010
1101111010111100
1110010101110110
1110100100110010
1110101111010000
1110011000110110
1110111000001110
1111000101101101
1111010001101011
1111010010011010
1110110011000000
1110000001101010
1110011001100100
1111011101101000
1111101011110100
1111001011101010
1111010110001000
1111001000101100
1111101010010100
1111111001010011
1111101010010100
1110110010010000
1110110000000000
1110110110110000
1110100110111000
1111101010100010
0001111010011100
0010011100010000
0010010101010010
0001110101000100
0000110000111000
1111010010011000
1110011100001000
1110001101101000
1110000101000010
1110000101000010
1110000101100100
1101101000000010
1110011010100010
1101111100011100
1110011011000100
1110011100101010
1110001010111100
1101110101011110
1110000000110000
1111000001001100
1111010101100111
1111110111111100
1111111100110010
1111101100001000
1111100011000001
1111101101001110
1111011111110010
1111001001001110
1111010010111010
1111000110000001
1110010100111010
1111011011101100
0000001111100011
0001001111001000
0010010011001110
0010010011001110
0010011100010000
0010010011001110
0001010110110100
0000010100111110
1111010001110010
1110111101000010
1110110000011010
1110011110110100
1110100111011011
1110010110010000
1110100100001110
1110111101000010
1110101111111110
1110111110110110
1111110100111100
0000000111011100
0000111100001100
0001010101111010
0001010000111100
0001000110100100
0000111110000000
0000111011110000
0000101101010100
0000011001000010
0000100100110000
0000010100100010
1110011001100100
1111010001001010
1111110110110100
0000100001011010
0001110011000000
0010011100010000
0010011011010110
0010001001111000
0010001001011010
0010000001110100
0000100100100010
0000010010001010
1111100101110010
1111010101001100
1111011100010110
1111001001111110
1111000000001000
1110111111101010
1111000100100110
1111001110000000
0000000000001110
0000100000000100
0001010111001110
0001010111001110
0001011010110010
0001000010100110
0001010001011000
0001100110011100
0001100001111110
0001000111000100
0001000010100110
0001001010101010
1110010110101000
1111000100011100
1111010010000000
1111100111101000
0000100101100010
0001101100101111
0010011100010000
0010011010001000
0001101111101110
0001100011000000
0001011001010000
0001001100111110
0000110100011000
0000011110010100
0000010111100010
0000000000101000
1111110100110000
1111111011111110
0000000100000010
0000100101000110
0001010111001000
0001100110110100
0001100100101101
0001001000010010
0001100010100110
0001001000101110
0001011111001100
0001110101010000
0001100000000010
0001010000110010
0001001100001000
0001001100111110
1110011101110010
1111000000101100
1111001010000111
1111111110101000
0001011101001000
0001111111010000
0001111000111110
0001010110000100
0000101010111100
0000100101011100
0001000100000010
0001010101101100
0001010001011000
0001101010110110
0001101000011111
0001001101011100
0001010100000110
0001011010110010
0001101110110010
0010000111011110
0010011100010000
0001111101101010
0001100011000000
0001010111010000
0001100100111110
0001100000010000
0001100110111100
0001111001110000
0001100010101000
0001101011101000
0001100110111100
0001000001101100
1110011000010011
1111000001000100
0000011001110100
0001101100010000
0001110011100000
0000011010101110
1111111110001101
1111011001100000
1111100110101000
1111011001100000
1111100100011000
1111100110001100
0000000010101110
0000001110000010
0000110101011100
0001010110000100
0001111001011000
0010000111111000
0001110001101100
0001101000101000
0010000110100000
0010011100010000
0010010000111100
0001101110100000
0001101010011100
0001100000111010
0001111101000000
0010000111011010
0001110011000010
0010001010100110
0010000010011100
0001101111011010
1111000010011100
0001010000100000
0010011100010000
0010010010110010
0001101100111001
0001101100111001
0000001110001110
1110100110000010
1111001011111011
1110111000111110
1111010101011000
0000000100110000
0000000100110000
1111011110110110
1111110001110010
1111101000010100
1111101000010100
1111110001110010
1111111011010000
1111000010011100
1110101111100000
0000001110001110
0000100001001010
1111001011111011
1111111011010000
1111011110110110
1111011110110110
1111111011010000
1110101111100000
1111000010011100
1110111000111110
1111111011010000
0000010111101100
0001110110011000
0010011100010000
0010010010110010
0010001001010100
0001100011011100
0001000111000010
0000100001001010
1110100110000010
1111000010011100
1111010101011000
1110100110000010
1111001011111011
1111101000010100
1111101000010100
1110111000111110
1111001011111011
0000100001001010
0000100001001010
1111101000010100
1111110001110010
0000100001001010
0000110100000101
0000010111101100
1111101000010100
1111111011010000
0000111101100100
0000111101100100
0000110100000101
1111111011010000
1111000010011100
1110010011000111
1111100001100000
1111111000011000
0001011011011110
0010011000011100
0010011100010000
0010000101011000
0001111001111100
0000101101101110
1111110100100100
1111101100111100
1110100100100010
1110101000010110
1110110011110010
1110000010010000
1110101100001010
1110111011011010
1111001110011110
1111001110011110
1110111011011010
1110010101010010
1111100101010100
0000001111010000
1111110000110000
0000111100111110
0001001000011010
0000011110100000
0000000111101000
0000000111101000
1111110000110000
0000101101101110
0000100110001000
0000000000000000
1101100011110000
1101100011110000
1101100011110000
1101100011110000
1101100011110000
1101100011110000
1101100011110000
1101100011110000
1101111110101000
1101101011110110
1101111111000100
1110101011001110
1110111110011010
0000100010000010
0001110111010110
0010010010001110
0001100111010110
0000100101000000
1111101111010000
1111100101101010
1111011011110110
1110111011000000
1110101011000000
1101111011000000
1101101111011110
1101101011110110
1101101010100100
1101100011110000
1101100011110000
1101100011110000
1101100011110000
1101100011110000
1101100011110000
1101100011110000
1101100011110000
1101100011110000
1101100011110000
1101100011110000
1101100011110000
1101100011110000
1101100011110000
1101101111001010
1101101000001110
1101101110111010
1101111101111100
1110000101000000
1110110110101100
0000011010110110
0001101010110000
0010000000101010
0010000111111100
0001101110010100
0000100011011110
1111100101000010
1110101100011100
1110010100101100
1101110000111000
1101101011110010
1101101000001110
1101100111101100
1101100011110000
1101100011110000
1101100011110000
1101100011110000
1101100011110000
1101100011110000
1101100011110000
1101100011110000
1101100011110000
1101100011110000
1101100011110000
1101100011110000
1101100011110000
1101100011110000
1101110100100110
1101111001101000
1101101110001010
1101101111011000
1101110001101010
1101111110101110
1110000101010000
1110001110001100
1110010001000100
1110010001100100
1110011001101010
1110011001111010
1110010110000000
1110011010101100
1110010110110010
1110110101100000
1110100010010000
1101111100001110
1101101101001000
1101100011110000
1101100011110000
1101100011110000
1101100011110000
1101100011110000
1101100011110000
1101100011110000
1101100011110000
1101100011110000
1101100011110000
1101100011110000
1101100011110000
1101100011110000
1101100011110000
1111100000110000
1101101000001110
1110100110101110
1110000111011110
1110000111011110
0000011111010000
0001001011111010
1110110100000110
1110100110101110
1110010000011011
1110011101110010
1110001011111100
1110011001010100
1111000001100000
0010000101111100
0000111010000010
1111001110111010
1110111000100100
1110011101110010
1101100011110000
1101100011110000
1101100011110000
1101100011110000
1101100011110000
1101100011110000
0000011100100000
0000010111110100
0000011010010000
0000011011001000
0000011011100110
0000100010110000
0000111000011010
0001100010100010
0010011100010000
0010011100010000
1111101101100010
1111101000011100
1111110000010110
1111110011100110
1111110110100110
1111111100100100
0000001100001110
0000101011001110
0001010111001100
0001000011101100
0001000000100110
0000111100101010
1101101111011110
1101111100000110
1101111100000110
1101111110010000
1110000000010010
1101100011110000
1111100010000010
0010001001000000
0010011100010000
0000100110100010
1111111011101110
0000000110011010
0000010011010000
0000111011111100
0000010001001000
0000001100110110
1111111101111000
0000001110111110
0000101100111100
0000000010001000
1111111101111000
0000000010001000
1111110001000010
1111100100001100
1111100100001100
0000100010010000
1111111001100110
0000001000100100
1111010111010110
1111110001000010
1111100110010100
1111110101010100
1111001110110010
1111100010000010
1111010101001100
1110111011100000
1110101100100010
1101111101011100
0000011111101100
0001100011100111
0010010011001100
0010000011010110
0001001010101110
0001110001001110
0010000101100110
0010010000111100
0010010111101110
0001101110111110
0001100011100111
0010001010001000
0010000101100110
0001011000010100
0010000111111000
0001111000000010
0000111111011010
0001001101000000
0001011010100110
0010011100010000
0010000111111000
0001110101110000
0001001101000000
0000111000101000
0000111000101000
0001010110000100
0001011000010100
0000011111101100
0000101000101111
0000110001110011
0000001011010100
1111110100101100
0001010000101000
0010011010010000
0010010000010100
0001011100100100
0010000010011000
0000111100101110
0001011000100100
0001110000011110
0010001000010110
0010010100010010
0001100110100000
0010011100010000
0010001110010100
0001100000100010
0001101100011110
0001100010100010
0001011110100010
0000110110110000
0001000010101100
0001011100100100
0001011010100100
0000100010110110
0001100110100000
0001101100011110
0000101010110010
0000010110111000
0000110100110000
0001010000101000
0000111000101110
0000110000110010
0000111010101110
1111100111001000
1101111000111010
0010011100010000
1101100011110000
1101100011110000
1101100011110000
1101100011110000
1101100011110000
1101100011110000
1101100011110000
1111000110000010
0000000101000010
1111110011011010
1111100110110100
0000000101000010
1111111010111110
1111101110010110
0000010001101010
0000111100011110
0001100111010100
0001001110001000
0010011100010000
0001111110000000
0001010011001010
0001000100000010
0001011111110010
0001010011001010
0001000100000010
0001010101101100
0001001110001000
0010001111101010
0010000000100010
0001011010101110
0001110001011010
0001000001100010
0000001111001000
1111000011100010
1111110011011010
1111010111101100
1111101110010110
1111010101001010
1110011101101110