0000100111011100
0010000010111110
0001011101000010
0000101010011100
1111001101001000
1110111110101010
1111000001000110
1111001110010100
1110100111001100
1101111100011100
1110001000011110
1110011110001010
1110101101110100
1110110000001110
1110101010110100
1110101101110100
1110111011000100
1111001101001000
1111100011011010
0000101000101010
0001110101101110
0010011100010000
0001101010010010
0000110001101100
0000010011100100
0000111101101110
0001100001001111
0010000100001010
0010001110011010
0001111000001000
0001101010111000
0001010111000000
0000000001000100
0001101000001010
0001010001101000
0001001101110110
0000010001101110
1111001110000100
1110010011100010
1110011001111110
1110011001111110
1110001110001010
1110011100001000
1110100000011100
1110100001100000
1110101111011110
1110111100111000
1110111010001100
1110111100111000
1111111011001010
0000011100111111
0001001000100000
0010000011100100
0010011100010000
0010010000011100
0001110111001100
0001111110001100
0010000101101100
0010001101001110
0010000110110010
0001110001110110
0001100010010000
0001100110100100
0001111000110100
1111100000111010
0001000101000110
0001000010001000
0001101100001100
0001100010001010
1111111111000100
1111110000100010
1111101110010100
1111011100110100
1111011000010110
1111000111100100
1111110000100010
1111100111100110
1111110101011000
1111101101001100
0000011000110010
0000010111101010
0001001000110100
0001100011010000
0010010011010100
0010011100010000
0010001111111110
0010000011010010
0010011010110000
0010011011111000
0001011100100100
0001001001111100
0000111011011010
0000111000011100
0001000000101000
0001000011001110
0001100000010010
1111011110010110
0001000100101100
0001001111100110
0010011100010000
0010010100011110
0000010100110100
0000000101101010
0000001001001010
1111110111101000
1111111000110100
1111101000011110
0000010111001010
0000000001011000
0000101000010001
0000111100111010
0001100110111100
0001110001000100
0010011000110000
0010000001000000
0001111000011100
0001101101100100
0001111111011100
0001101111100000
0001111111000100
0001101001010010
0000110011100100
0000011110111100
0000100100011000
0000011011110100
0000101110111010
0000101111101100
0001000111000010
1111100000101010
0000101110000100
0001111111001110
0010011100010000
0001110000000110
0000110111010100
0000011011001000
0000001110000110
1111110010110000
1111111101010010
0000010001011110
0000011011111110
0001000100110010
0001011010101000
0001101110110100
0001011100010100
0001010011111010
0000111001110101
0001000001011010
0001000100010110
0001011000100010
0001110011000010
0001111010100110
0001010001011000
0000101111110000
0000010011111110
0000000010101110
1111111100011100
1111111100110110
0000000110000110
0000010001011110
0000101011100010
1111011101101110
0000110011101110
0010011100010000
0010010010101100
0010001011011000
0000110011101110
0000101110000110
0000101100111110
0000100111010110
0001000110110100
0001010011110000
0001100100000010
0001001001101000
0000011001010010
0000001101100000
1111111110111000
1111010001010111
1111011011011110
1111100011111011
0000000100100000
0000111101010000
0001011110011100
0001011100110000
0000010111100110
0000000100100000
1111101011001110
1111010010011110
1110111111111100
1111000011111001
1111100010001110
1111101010101010
0000010000010100
1111100011111011
0000111001110000
0010001100011110
0010011100010000
0010001110011000
0000011110000000
0000100011101010
0001011101110000
0001010011000010
0000011000111100
1110110101110100
1111000100111110
1110110010101010
1110010110010000
1110101010011110
1110000010101100
1101111100011000
1101110100001010
1101111110111010
1110001010010000
1110101110010000
1111001111101110
1111011001001100
1110110010101010
1110101011101110
1110011100100100
1110001111111101
1110000101110110
1110000010101100
1101111101000000
1110001100001011
1110100001000000
0001011101110000
0010011100010000
0010000100110100
0001010101111100
0000011111010000
0000000111110100
0000100111000100
0000110110101100
0000011111010000
1111110000011000
0000011111010000
0000100111000100
1111100000110000
1111110000011000
0000000111110100
0000010111011100
0000100111000100
0000100111000100
0000001111101000
0001000110010100
0001100101100100
0001111101000000
0001111101000000
0001101101011000
0001000110010100
0000011111010000
0000111110100000
0001111101000000
0010001100101000
0000110110101100
0001110101001100
0010000100110100
0000111101110001
0001110111111010
0001100010001000
0000100000101110
1111011111010010
1111100110100100
0000000011100111
0000001010111010
1111101101110110
1110011101111000
1111011000000010
1111100110100100
0000000011100111
0000001010111010
1111101101110110
1111100110100100
1111101101110110
1111101101110110
0000000011100111
0001001100010100
0001101001011000
0001111111001011
0001100010001000
0001000101000010
0001000101000010
0001010011100100
0001010011100100
0001110000101010
0010010100111110
0010011100010000
0001101001011000
0001101001011000
1111101010001100
0001000001011010
0000110110100000
0000110110100000
0000010101110100
1110110011101100
1110010011000000
1110010011000000
1110011010010000
1110011010010000
1110100101001010
1110101000110010
1110101100011100
1110101100011100
1110111110100110
1111000101111000
1110110011101100
0000000011100111
0000001010111010
0000111101110001
0010000010110100
0010011100010000
0001111011100010
0001000101000010
0001100101110000
0001110000101010
0001110111111010
0001110000101010
0001010011100100
0001001100010100
0001010111001110
0001100101110000
1101100011110000
1101100011110000
1101100011110000
1101100011110000
1101100011110000
1101100011110000
1101100011110000
1101100011110000
1101100111100010
1101100111001110
1110000100110110
1110011011001110
1110101101100000
1111001111001100
1111111011110010
0000110111001010
0001110111111110
0010010100010000
0001001011010000
1111101100100000
1111011001000000
1110110100110000
1110000110001110
1101110000110000
1101101011111010
1101101001100000
1101101000100110
1101100011110000
1101100011110000
1101100011110000
1101100011110000
1101100011110000
1101100011110000
1101100011110000
1101100011110000
1101100011110000
1101100011110000
1101100011110000
1101100011110000
1101100011110000
1101100011110000
1101101001011000
1101101001101010
1101111101010000
1110010001101100
1110101010001100
1111011100111000
0001000010011100
0001110101110010
0010001111001010
0001111110100000
0000100101100100
1111100001011100
1111000011100000
1110100110000010
1110000000010111
1101110101000110
1101110101001100
1101111010010100
1101110101100110
1101100011110000
1101100011110000
1101100011110000
1101100011110000
1101100011110000
1101100011110000
1101100011110000
1101100011110000
1101100011110000
1101100011110000
1101100011110000
1101100011110000
1101100011110000
1101100011110000
1101110101011100
1101111001101000
1101111111111000
1101110010110000
1101111011001100
1110010111101110
1110111110011000
1110110011100100
1110000111110100
1101111001000010
1101111001111010
1101101111101010
1101101110010000
1101101001101100
1101101010000000
1110010111110101
1111000110101100
1111110010111110
0000010010110000
1101100011110000
1101100011110000
1101100011110000
1101100011110000
1101100011110000
1101100011110000
1101100011110000
1101100011110000
1101100011110000
1101100011110000
1101100011110000
1101100011110000
1101100011110000
1101100011110000
1110000011000000
1111000101111110
0000110101100100
0000101000001100
1110101011001101
1111000101111110
1111000101111110
1110010100110110
1101110101100110
1101110001001010
1110011001010100
0000001101011010
0000100011101110
1110101111101010
1111011100010010
1111100101001110
1111101110001010
1110110100000110
1110000111011110
1101100011110000
1101100011110000
1101100011110000
1101100011110000
1101100011110000
1101100011110000
1110101000101100
1110100100110110
1110101000011000
1110100111000111
1110101000011000
1110101100111100
1110101010111010
1110111110011010
1111101010000100
0000100101101100
0001011101111010
0001100001011100
0001100010011000
0001101101100000
0001101111111100
0001111010001100
0001111110111100
0010000110001000
0001101011101110
0000010001011000
1110000000111010
0000101100001000
1110000001100110
1110001000111110
1110001101101110
1110010010010110
1110011110111110
1101100011110000
0000000010000100
1111110101101110
0000001000001110
0000110011011010
0001000111111110
0000101111010010
0001010110010110
0000111001100100
0000110001010110
0000111111101110
0010000111101100
0001101111000010
0001001100000100
0001011110100100
0001000111111110
0001011100100001
0001011100100001
0001011010011110
0001111001010100
0001110001000100
0010000011100110
0010010110000110
0010011100010000
0001100010101100
0000110101011110
0000000100001000
0000011110110110
0000110111100000
0000000110001010
0000010100100100
0000101001001000
1111001000100000
0000010010001000
0000100001111110
1111011110000010
0000001101100101
0000001001000100
0000010110101010
0000011011001011
0000101011000010
0000001011010100
1111100010100100
0001000001101010
0000100110100000
0000100001111110
0000100001111110
0000101111100100
0000111010111000
1111111101110000
0001000011111100
0000110110010110
0001101010011100
0001100001011000
0001010110000100
0010011100010000
0001010011110010
0001011000010100
0000101101010010
1111101101111000
1111110100101100
1111100000010100
1111001001101010
0000011011001011
0000010110101010
0001111100110000
0010010100111110
0000010010001010
1111110010101100
1111011000000010
1111100001101110
1111101011011010
1111111110110010
1111110000010000
1111110111100010
0000100111111110
0000101010011001
0000110110100000
0001001100010100
0001001110101110
0000011001011100
0000100101100100
0010001101101110
0001001100010100
0000011110010010
0001110000101010
0001110101100000
0010011100010000
0000011001011100
0001001110101110
0000000001001110
1111011010011100
1111000100101010
1111000100101010
1110101010000000
0000001111110000
1111100100001010
1101111111101010
1101100011110000
1101100011110000
0010011100010000
1110000011000000
1101100011110000
1110000011000000
1110100010010000
1101100011110000
1110011011111011
1111001010010010
1111101010000010
1111000101011010
1111100010101100
0000101001100000
0001011111001110
0000101001100000
1111111011001000
0000010001000110
1111110001010110
1111011101110100
1111111011001000
0000100100101000
0000001001110000
0000001110101010
0001000110110100
0001001110001000
0001101011011100
0010011100010000
0010001101100110
0001110111100111
0001000001111010
0001100110100010
0001101011011100
0001000100011000
0000100100101000
0000101001100000
0000011000011010
1111101010000010
1111111101100100
1111100111100110