1111011101011110
0001100100100110
0001110111111000
0000101000011110
1111100111001000
1110111111110010
1110010000010010
1101111111001110
1101111010110000
1110000000101100
1110100010000110
1110011011011010
1111000000100010
1111011000010010
1111101100010110
0001000011111010
0001111010000110
0010011100010000
0010010100000110
0010000100100000
0010001100101010
0010010110010100
0010001000001110
0001111010110110
0001111101110100
0010010001001000
0010000101010000
0001101001110010
0000101110011010
0000110010000110
0000110101110100
1111110101010000
1111110000010000
0001100011010100
0001100110111110
1111111011001010
1111011001010000
1111000100000011
1110011001101010
1110101000001100
1110000010101000
1110000010000010
1110010010011000
1110011000011101
1110111000100010
1111001000010011
1111011110000110
0000000001001110
0000101101011010
0001111101011000
0010001010101100
0001101101101000
0001010110100110
0001001111010110
0010001100100000
0010011100010000
0010011000000000
0010010111011010
0010001000111000
0010000100101000
0000111111100101
0001011101010000
0001100011111011
0000111010110000
1111110010110000
0001100001011001
0001100010000000
0000000001011110
1110110111010100
1110100100100000
1110010001000100
1110001100111100
1110000001110000
1101110000000110
1101111010001000
1110011000001001
1110100000011000
1110110110001010
1111000000110000
1111010100001010
0000000000010010
0000110110011100
0001100010100100
0001101110010110
0001000011011000
0000111000110010
0001011010010110
0010000010111100
0010011100010000
0010010011011100
0010001111010100
0010000011100010
0001010110001110
0001000110010100
0001010011010010
0000111110101100
1111101111011100
0001010011011100
0001001111010100
1111101000010100
1101111001101010
1110000010100010
1101111100100110
1101101010110110
1101110110000110
1101101001101010
1101110111111000
1110000100010100
1110001100000001
1110100101011100
1110101001100110
1111001000111110
1111010001010000
0000100101010010
0001001001011000
0001001111010100
0000111001011010
0000011111111110
0000111110001010
0001100000011101
0010011010011110
0010011100010000
0010010010001100
0010001000001000
0001001011110000
0000101000010000
0000110000100010
0000100010111010
1111111000100000
0001010000001010
0001000110010110
1111011101111110
1110010110100000
1110000100101000
1110000010111000
1101111101001000
1110000001001010
1101101000111100
1110000010111000
1110010001010100
1110001001110100
1110100000111000
1110101010101010
1111000111100001
1111011000110010
0000100010000010
0001010000001010
0001001111100100
0000110101101000
0000100110101000
0000110111111100
0001011101111110
0010010100001100
0010011100010000
0010010011000010
0010000001101110
0001000011011110
0000101111110110
0001000010010100
0000101000011000
1111111010101111
0001000001101010
0000110100000101
1111010111000000
1110111001010100
1101111100011010
1101111101011010
1101101110110100
1101110100010110
1110000001011100
1101101010110010
1110001001000000
1110001011100000
1110110010110000
1110110011010000
1111000111111010
1111100000000010
0000101001000000
0001100111111010
0001100100111010
0000010111111010
0000011111011100
0000111110101010
0001100010011000
0010010011101100
0010011100010000
0010000010000110
0001101110011110
0000100010111110
0001000011001100
0001000000101010
0000100000111110
1111101010101010
0000110011001010
0000100010010010
1111001000010110
1110100011110100
1110010010111110
1110001000110111
1101111011111010
1101101111000000
1101101001111100
1101110101001100
1110010000001010
1110010100101010
1110011101101010
1110100011010000
1111000001101000
1111100011111011
0000111000110010
0001110110000010
0001101101000010
0000010101111010
0000010100110010
0000111011000000
0001100111111110
0010011000111000
0010011100010000
0010000110111010
0001011110011100
0000110000010110
0001001111110100
0001010100111000
0000101100011010
0000101001111010
0001001000011010
0010000101011000
0001101110100010
0000010011000100
1111001110011110
1110101000010110
1110110111100110
1110111111001110
1110110111100110
1111000110110110
1110101111111110
1111110100100100
0000010011000100
0000100010010100
0001110110001000
0001110110001000
0010001101000000
0010001101000000
0010001101000000
0010011100010000
0001101110100010
0001101110100010
0001101110100010
0001011111010010
0001100110111010
0001001000011010
0001011111010010
0000000011110100
0000010011000100
0000001011011100
1111011101101100
1111011011111100
0001010100001000
0001100100001010
0000001100000010
1111110011111110
1111001011111011
1110011011110110
1110000011110101
1110000011110101
1110001011110100
1110101011111000
1110110011111000
1111000011111010
1111100011111110
0000001100000010
0000110100000101
0010000100001110
0010000100001110
0010000100001110
0010010100010000
0010011100010000
0010010100010000
0010011100010000
0010000100001110
0010000100001110
0010000100001110
0001110100001100
0001011100001010
0000111100000110
0000110100000101
0000110100000101
1111101011111110
0000000010111111
0001010111001000
0001010111001000
0000000000000000
1111010010111100
1110111101111010
1110010011110100
1110010000110100
1101111110110010
1101111011110010
1110011100110110
1110011111110111
1110110111111000
1110111101111010
1111000011111010
1111101010111110
0000011011000001
0001011101001001
0001101111001100
0001010111001000
0001010001001000
0001000010000110
0001110010001100
0001111011001100
0010011100010000
0010011001010000
0010000100001110
0001111000001100
0000110110000110
0001010100001000
0001010111001000
0000100111000100
1101100011110000
1101100011110000
1101100011110000
1101100011110000
1101100011110000
1101100011110000
1101100011110000
1101100011110000
1101100101001000
1101100101001100
1110010011110010
0010000010010110
0010000101111100
0001110000001101
0001010000000100
0000100101011110
0000001010000110
1111110111011010
1111100101010010
1111010111010110
1110110011011110
1110011001110100
1110010000011100
1110000011001100
1101110000010110
1101111001100000
1101110111011010
1101101011110010
1101101000101110
1101100011110000
1101100011110000
1101100011110000
1101100011110000
1101100011110000
1101100011110000
1101100011110000
1101100011110000
1101100011110000
1101100011110000
1101100011110000
1101100011110000
1101100101110100
1101100101110110
1110010111100100
0001100101110000
0001110101100000
0001001010000010
0000011100011100
0000000110010000
1111110011010000
1111100011000010
1111010100100000
1111100000100110
1110111010100100
1110100010011110
1110010111000000
1110001110010000
1101110000111110
1101110010100010
1101110010111100
1101101110011110
1101101100011000
1101100011110000
1101100011110000
1101100011110000
1101100011110000
1101100011110000
1101100011110000
1101100011110000
1101100011110000
1101100011110000
1101100011110000
1101100011110000
1101100011110000
1101101110001010
1101101101001000
1110001110111110
1110011001110000
1110011110001110
1110011101010100
1110011101010100
1110011001110000
1110011110101010
1110101100000100
1110100111100110
1110011111001000
1110100000010010
1110101100000000
1110011100000000
1110011010011100
1110011000111000
1101101100100110
1110000010011110
1111001110100000
1111010010101100
1101100011110000
1101100011110000
1101100011110000
1101100011110000
1101100011110000
1101100011110000
1101100011110000
1101100011110000
1101100011110000
1101100011110000
1101100011110000
1101100011110000
1110000011000000
0010011100010000
0010011100010000
0010011100010000
0000001101011010
1110010000011011
1110011001010100
1101111010000100
1101111010000100
1110000111011110
1101110101100110
1101110101100110
1110001011111100
1111100101001110
0001000010111110
1110001011111100
1111010111110100
1111010011010110
1110100010010000
1110100010010000
1111000001100000
1101100011110000
1101100011110000
1101100011110000
1101100011110000
1110011100111110
1110011000000010
1110011000000000
1110010010100110
1110010100000000
1110001011100000
1110000101001100
1101111001101110
1101100101111010
1101100011110000
0000111001100110
0000111111011010
0001000000101100
0001001010101110
0001010000001110
0001010011001100
0001011110001100
0001101111010000
0010000001110110
0010001101111100
0000001110100110
1111100010100110
1110101011000100
1111111010011000
0001110101111010
0010010101100110
0001111110111100
0010011100010000
0000000000000000
0000100111000100
0001000110010100
0001000110010100
0001000110010100
0001001110001000
0001100101100100
0001100101100100
0000111110100000
0000111110100000
0000010111011100
0000111110100000
0001010101111100
0001011101110000
0010000100110100
0001111101000000
0010000100110100
0010001100101000
0010011100010000
0010010100011100
0010010100011100
0010001100101000
0001111101000000
0001101101011000
0001100101100100
0001100101100100
0001011101110000
0001010101111100
0001001110001000
0000110110101100
0000010111011100
1111100000110000
0000101000011000
0000111101011100
0001000111111110
0000101111011010
0000100001010110
0000110110011100
0010001010101100
0010011100010000
0001100000100100
0001100100000100
0001001111000000
0000110110011100
0000100100111000
0001011101000100
0001100111100110
0001100111100110
0000111101011100
0010001110001110
0001111001001000
0001110010001000
0001110101101000
0001101110100110
0001100000100100
0001100100000100
0001010110000010
0000101111011010
0001101110100110
0001101011000110
0001000100011110
0000111001111100
0000101011111000
1111111110010000
0001011001010010
0001011100011110
0001001001010110
1111111001101000
1111011100111100
1111110000000101
0000011100101100
0010010010101100
0010011100010000
0010001100010100
0010000010110000
0001001111101110
0001000010111110
0000111100100110
0000100011000100
0000100011000100
0000010110010100
0001001001010110
0000011100101100
0000000110011000
0000010011001000
0000011111110111
0000010011001000
1111101100111000
0000011111110111
0000101100101010
0001000110001010
0000101111110110
1111110011010000
1111010110100010
0000000110011000
1111110000000101
0001011100100001
1101100011110000
1101100011110000
0010011100010000
1101100011110000
1101100011110000
1110000011000000
1101111101110010
0010011100010000
1111011100111000
0000011001011100
0000101111010000
0000010111000000
0000010111000000
0000010100100110
0000101111010000
0000111000111100
0010011100010000
0010011100010000
0010010010100100
0010010100111110
0001100100100010
0000111101110001
0001011000011010
0001111010010110
0001010001001010
0000000110000100
0000110110100000
0001010011100100
0001010011100100
0001100010001000
0000100111111110
0000001111110000
0000110001101010
0010010000001000
0010001011010010
0010000100000010
0001011000011010
0001110101100000
0000111011010110
1111011000000010