1110100010011000
1111101101011010
0001001010000100
0010001000000010
0010011100010000
0000110011111000
1111110010101000
1111010000101100
1111000001000010
1110111011001010
1111000011101010
1111100111100010
0001000010111000
0010011001000000
0010010001110100
0000010010100110
0000100000111100
0000110110011110
0001100111011010
0001100000111000
0000111100010110
0000100010010000
0000101100101011
0000001011011010
0000110101110100
0001111001101100
0010010000100000
0010001111110110
0001011000011010
0000011010011100
1111101110101110
1111001000001110
1110100011111000
1111100101111010
0001101011110110
0010011000011110
0010011100010000
0000110000101110
1111101110000110
1111011000000100
1110101111001100
1110101111110110
1111100010110000
1111101111111110
0000101100111110
0001111001000010
0001111111111101
0001100011000010
0000110111000010
0000110001010110
0001100110001100
0001101101000110
0000111001100010
0000011011111110
0000001111011001
0000010101000100
0000100110000010
0001111001101010
0010010110100110
0010010010110100
0001010111000110
0000010000101010
1111011111000000
1110010111111100
1110011001010000
1111010100110110
0001011101101000
0010011100010000
0010011001110100
0000000101011110
1111100101010000
1111000011110100
1110101111110001
1110110111101010
1111001010100000
1111100001100110
1111110011110111
0001001000010110
0001111100101000
0001110110100100
0000011101001100
0000011110011010
0000111110000000
0001001001100100
0000110111111100
0000000000100110
0000001110100110
1111111000101110
0000000100010000
0001000101010100
0001110101010110
0001100110001000
0000101101100110
0000000100010000
1110110110011100
1101111010010000
1110110010111010
1111011010110100
0001101100000010
0010011100010000
0010001100110010
0000010101101110
1111011100100110
1110111110001110
1110110100000110
1110100101110100
1111001101000110
1111100110000110
1111110010000000
0000111000010000
0010000101101000
0010010110010100
0001000100110000
0001000011100100
0001011110111100
0001101100101000
0001011001000000
0000011010100000
0000110001000110
0000100110011010
0000100111000000
0001100000001000
0001101110011010
0001010000101010
0000001000000010
1111011100100110
1110101111111100
1101110011001110
1110110101000010
1111100011110001
0001011100110100
0010011100010000
0001111110010010
0000000011011110
1111000011011110
1110111101001000
1110101011110101
1110110001000000
1111000010111000
1111011100010000
1111110110110010
0000100100111010
0001110010110000
0010000110010110
0001100000111000
0001010000101101
0001011111101110
0001110101101000
0001100001011100
0000101111010010
0000100111001110
0000100101011110
0001010100110000
0001011011000110
0001011010100010
0000110011111010
0000010101010110
1111100000010010
1110011101011010
1101111001101010
1110010110001000
1111010111101010
0001110110000010
0010011100010000
0001100101000001
1111101110101110
1110111001111010
1110100010010000
1110011100001100
1110100010010000
1110111100111100
1111001100001000
1111011000010000
0000001100011100
0001111100000110
0010010011001010
0001111000011100
0001011100100001
0010000111101000
0010001001011100
0001110011100110
0000110010000100
0000101111101000
0000010110001010
0001011000111001
0001110000100100
0001110101011010
0001010001101000
0000001111011110
1110100101010010
1101111111000100
1101101011101000
1110001001000110
1111101111110110
0001111100101001
0010011001011000
0000111100101110
1110111001010000
1110101100010100
1110100000110100
1110010000010010
1110001001110100
1110100000110100
1111001001110000
1111000011010010
1111101100111110
0000110010101010
0010000000001110
0001111011111100
0001100100001110
0001111100101001
0010000011000110
0001100111000110
0000011100011000
0000011000000100
0000010010010100
0000100101101110
0001111011111100
0010011100010000
0010001000001000
0000011010111100
1111000010100100
1110000100000100
1101110101101110
0000000100110000
0000111101100100
0001100011011100
0001110110011000
0010010010110010
0001101100111001
0000101010101000
1111011110110110
1111101000010100
1111001011111011
0000010111101100
0000001110001110
0000111101100100
0010010010110010
0010011100010000
0001011001111110
0001110110011000
0010010010110010
0001111111110110
0010010010110010
0000100001001010
0001000111000010
0001010000100000
0000111101100100
0000110100000101
0001100011011100
0010001001010100
0010001001010100
0010010010110010
0001000111000010
0000110100000101
1111110001110010
1111000010011100
1111110001110010
0001000111000010
0001010000100000
0001111111110110
0000001110001110
0000001110001110
1111010101011000
1111001011111011
1110111000111110
1110011100100100
0000000100110000
0000010111101100
0010011100010000
0010010010110010
0000000100110000
1111010101011000
1111111011010000
0010011100010000
0010010010110010
0001101100111001
0001000111000010
0000100001001010
0000001110001110
0000010111101100
0001100011011100
0001010000100000
0001110110011000
0000001110001110
0000001110001110
1111000010011100
1110101111100000
1110110110100110
1111100111100010
0001101011010100
0010011100010000
0010010100101110
0000001101001100
1111100111100010
1111001101001010
1111100000000000
1111001101001010
1111010100101100
0000000101101010
0000100011110010
0001011111111111
0010001101001100
0010001001011100
0001000101101010
0000011000011110
0001100011110001
0001100011110001
0000101011010100
0000101011010100
0000110010110110
0000100111100010
0000100011110010
0001011100010000
0010001001011100
0010000101101010
0001000101101010
0000100011110010
1111011100001110
1110010000111100
1101100011110000
1101100011110000
1101100011110000
1101100011110000
1101100011110000
1101100011110000
1101100011110000
1101100110111100
1101100111011000
1101110000000000
1110011100111110
0000110110000011
0001110100111110
0001111101001000
0001101111111110
0001110011100110
0001001110100110
0000101001000110
0000010011010100
0000000001100110
1111100001010110
1111001101010110
1110011101111000
1101111100100000
1101110011011010
1101101101010010
1101101011101100
1101101010000110
1101101001101010
1101101001111000
1101101001011100
1101101001111000
1101100011110000
1101100011110000
1101100011110000
1101100011110000
1101100011110000
1101100011110000
1101100011110000
1101100011110000
1101101001100000
1101101001011000
1101110100000100
1110011011111011
0001010110011100
0010001001001000
0010001011011010
0001111110101100
0001111101000110
0001010001111010
0000110010011110
0000011101111000
0000001110011111
1111101011011110
1111001110100110
1110011111111100
1110000010011000
1110000011110110
1101101111100010
1101110010100110
1101101110011100
1101101101011000
1101101101101010
1101101100101110
1101101100111110
1101100011110000
1101100011110000
1101100011110000
1101100011110000
1101100011110000
1101100011110000
1101100011110000
1101100011110000
1101101011100100
1101101101101000
1110001011010100
1110001001110000
1110001111001000
1101111110110100
1101111111001010
1110000101000100
1110000100101110
1110000000100001
1110000000001101
1110000110001000
1110001011110000
1101110100010100
1101111111100100
1110011101000010
1110111011110000
1111010010001010
1110010011001000
1110011100100000
1110001110011100
1110010100101100
1101111001101000
1101101110001010
1101111000100100
1101100011110000
1101100011110000
1101100011110000
1101100011110000
1101100011110000
1101100011110000
1101100011110000
1101100011110000
1110010000011011
1110010100110110
0010011100010000
0010011100010000
0010011100010000
1110001011111100
1101100011110000
1101111010000100
1110010100110110
1101111110100010
1101110101100110
1101110001001010
1101111010000100
1101110101100110
1110101011001101
0000000100011110
1111001110111010
0001010100110011
0000000100011110
1110000011000000
1101111110100010
1101100011110000
1101100011110000
1101100011110000
1110010000011011
1101100011110000
0001110010001110
0001110010010010
0001110110000000
0001110101110000
0001110111011010
0001110111110100
0001110110010000
0001110001111000
0001101011111000
0001001011101100
1111110100100010
1111110000010010
1111110001101100
1111110011100100
1111110011110010
1111110011101100
1111110000110000
1111110010010000
1111101101100000
1111110110001100
0010001001100000
0000010010011000
1110011111110010
1111101010010010
0001010110001100
0010000000110110
0010000001110010
1111000110101110
1111100100001110
1111100100001110
0000101001101010
1111110101100110
0000001101111000
0001011101110000
0001100100101100
0001011010010010
0001011101110000
0010011100010000
0010000011111100
0001011010010010
0001001100011000
0010011000110010
0010011000110010
0001010011010110
0000010100110110
0000100110001100
0000100010101110
0000011000010011
0000100110001100
0001010110110100
0001010011010110
0000010100110110
0000111011000010
0000011111010000
0001110110000100
0010001010111000
0001101111001000
0000101001101010
1111101110101000
1111001000011100
0001011100000011
0001011110111000
0010000011001000
0001010110100000
0000110010001110
0001010011101110
0010010011111000
0010000101111100
0001111101100100
0010001011100000
0001011001010010
0001001011010110
0001011110111000
0010000000010110
0001110101001100
0001001110001000
0000010000110000
0000101001110110
1111111101001110
0000100100010010
0001100001101010
0010011100010000
0001001011010110
0001001000100010
0001001000100010
0000111101011000
0010001011100000
0010010011111000
0001110101001100
0001011110111000
0001001000100010
0000101001110110
0000011100001111
0001100000011010
0001101100000010
0000010011111100
0000010111010010
0000101011001110
0001011011011100
0001011000000110
0010000100111110
0010011100010000
0001111100101001
0001010001011100
0001101101101110
0001101100000010
0001110001000010
0001010001011100
0000010111010010
0000010101100110
0000011111100110
0000001101010100
0000011100001111
0001001110001000
0001100101011010
0001011011011100
0000100111111010
0000100110001110
0001100010000100
0001111110010110
0010001000010100
0001011110110000
0000011000111100
1111011101000110
1110101111011101
1101100011110000
1101100011110000
0010011100010000
1110000011000000
1101100011110000
1110000011000000
1110010111110110
1101100011110000
1110111000111110
1111100000110000
1111010010100010
1111010010100010
1110110000011110
1110110110001000
1111011000001110
0000010110101110
0010011001011010
0010010000111000
0010001000011000
0000001011011000
1111100011100110
0000110101111110
0000001011011000
1110111110101010
1111110111011110
0001001111100010
0001001111100010
0000001000100010
0000111110100000
0010011100010000
0010011001011010
0001101011111101
0000001011011000
0000111110100000
0000011001100100
0000010110101110
0000110000010010
0001011101110000
0001000001010110
1111010101011000