1111000100101010
0000000001111110
0000001110010000
0000010111010110
0001000001010010
0001001111100000
0001110101011110
0010010000011000
0010011100010000
0010010111100000
0010010100010110
0001011111010110
0000111110100000
0000100111001010
0000001111110100
0000010001011010
0000000100110000
1111110101010100
0000000110010110
0000010010100110
0000011001101110
0000110011011100
0001001000011000
0001011110100010
0001000010000100
0000110001000100
0000000100110000
0000000000110010
0000001011011110
0000011100000101
0000101000010110
0000011011010010
1111001001010010
0000000011110010
0000001111011110
0000011111101100
0000111100011000
0000111010111000
0001101000100010
0010001010100000
0010011100010000
0001110111101010
0001111001100010
0001010011000010
0001000000111010
0000010000111110
0000001000101100
0000001011101100
1111110111101100
1111101110010000
1111110000111010
1111110010110010
1111111110001000
0000010001011000
0000100011110110
0001001011111000
0000111001000000
0000100000000110
0000000000010111
1111111110111000
1111110111101100
0000000000101111
0000010110101010
0000001010001011
1111000110010101
1111111110110100
0000010101101000
0000100000000100
0000100111101010
0001010111010110
0001110000100110
0010010111110110
0010011100010000
0010001100101000
0001111010100110
0001110010100110
0001100010100100
0001100001010110
0000011101101010
0000010011001110
0000100000011100
0000000010000000
1111111100000000
0000011111101010
0000001100000010
0000011111010000
0001010100111100
0001001010111010
0000000010110100
1111111110011010
0000000101001110
1111110110011000
1111111000000000
1111111000110010
1111110000110010
1111111010110010
1111001010101110
1111110111100110
0000011111000100
0000011011000000
0000101011110010
0001111001010100
0001111110010100
0010011100010000
0001110100110001
0001011010111100
0000111001110101
0001001011000100
0001100100011110
0001100010001100
0001110111000100
0001110111000100
0001011011110110
0000111011001100
0001000110111110
0001000000001100
0001001000010110
0001110001101000
0001101110000000
0000111000011110
0000011110001010
0000010111110100
1111110110101100
1111111000100010
1111111000100010
1111110001101110
0000000011011010
0000000111011110
1111000001111100
1111111101110010
0000101110100010
0001001101000010
0010001100001100
0010011100010000
0001110010001000
0001010100001110
0000010000000100
0000001001011010
1111110110000010
1111011000000110
0000000000100100
0000011101111001
0000100100100100
0000111011010010
0001101000101110
0001110111001000
0001110101011110
0001101001010010
0001101100000010
0001111010011100
0001111110111000
0001011101000110
0000111111101110
0000011010100110
1111110110000010
1111101111011000
1111101010011010
1111100000111110
1111100110100000
1111110101011110
1111011110110110
0000101100101010
0001011101010110
0010010110001010
0001111111110110
0001000010010010
0000011010011000
1111110010011110
1111000001000110
1110110010001110
1110101110110110
1110010111110110
1110110101100110
1111001111010100
1111001000100010
1111001110101000
1111101001101100
0000001000110010
0001100110110100
0010001010101010
0010011100010000
0010011010111010
0001110000111110
0001100100110010
0001000101101010
0000010010111100
1111001001111000
1110111111000100
1110110111101000
1110011001001100
1110100001010100
1110100101011000
1111111101110110
0001011111111111
0001100001101110
0000101100010110
1111011100010010
1110101100111100
1110110000011000
1110011110010010
1110000010110000
1101101110111100
1110000111000010
1101111001010010
1110100110111010
1110011010000000
1110110001001110
1110110100101100
1110101101110010
1111101010000100
1111101000010100
0001100000110110
0010001010001010
0010011100010000
0010010101011000
0001111111110110
0001011110010010
0000001100011110
1111000000101110
1110010111011010
1110010101101100
1110011111001010
1110011010110110
1110101111100000
1111110010111110
0001000001000110
0001000001000110
0001000001000110
0001011011001010
0001010100101000
0010001111001110
0010001000101110
0010010101110000
0010011100010000
0001101000001010
0001111011101100
0001000001000110
0000110100000101
0000100111000100
0000100000100100
0000000110100000
0000011010000010
0000100000100100
0000001101000010
0000101101100100
0000000110100000
0000100111000100
0001000001000110
0000110100000101
0000101101100100
0000100111000100
0000100000100100
1111111001100000
0000001101000010
0000000000000000
0000001101000010
1110111001100010
1111110110110100
0000001111010100
0000100001101100
0000111010001110
0001100101000110
0010000011110000
0010010000000000
0010011100010000
0010011100010000
0010011100010000
0001011110111110
0001000110011110
0000101101111110
0000100111110110
0000001001001100
0000000011000100
0000001001001100
0000001111010100
0000001111010100
0000100111110110
0001000110011110
0001101011001110
0001110001010110
0001001100100110
0000101101111110
0000010101011100
0000001111010100
0000010101011100
0000010101011100
0000011011100100
0000010101011100
1110111111000110
0000000010011010
0000110111010010
0001111010100110
0010011100010000
0010010010101000
0001001111010100
0000010101101000
1111101010011000
1111001000101110
1111010111001000
1110111010010010
1110111111000110
0000000111001110
1111101111001100
1111110011111110
0000001100000010
0001110000111110
0010001101110100
0010001001000010
0010010010101000
0010010010101000
0001110000111110
0001000101101110
0001001010100010
0000011010011100
1111000011111010
1111101010011000
1111100101100100
1111001000101110
1111001000101110
1110110000101100
1101100011110000
1101100011110000
1101100011110000
1101100011110000
1101101110111010
1101110010111010
1101101100000100
1101110011001110
1110001000101010
1110001110101100
1110000000000110
0001111001111010
0010000101101010
0001110110110000
0001101101000010
0001100101111000
0001101001100110
0010000110001110
0001110111010110
0000110101110100
0000001101011011
1110100110101110
1101101110101000
1101100011110000
1101100011110000
1101100011110000
1101100011110000
1101100011110000
1101100011110000
1101100011110000
1101100011110000
1101100011110000
1101100011110000
1101100011110000
1101100011110000
1101100011110000
1101100011110000
1101101011111000
1101110100001110
1101101110110010
1101110010010110
1110010010101000
1110100110011100
1110001101110110
0001110101100100
0001100011000110
0000111111000100
0001010011100110
0001100010010000
0000100110101000
1111111101000111
1111000001110001
1110011100111110
1110001010010000
1101110010010110
1101100111100100
1101100011110000
1101100011110000
1101100011110000
1101100011110000
1101100011110000
1101100011110000
1101100011110000
1101100011110000
1101100011110000
1101100011110000
1101100011110000
1101100011110000
1101100011110000
1101100011110000
1110100000101100
0000111000010000
1110111111111100
1110010101110000
1101110011111000
1110010100001101
1110000000111010
1110100100110000
1110101000001100
1110100111111001
1110011111011100
1110100010100100
1110011110110100
1110101011101000
1110011001110100
1110000011101000
1110001100111100
1101111111100100
1101110011011000
1101100011110000
1101100011110000
1101100011110000
1101100011110000
1101100011110000
1101100011110000
1101100011110000
1101100011110000
1101100011110000
1101100011110000
1101100011110000
1101100011110000
1101100011110000
1101100011110000
0010011100010000
0010011100010000
0010011100010000
0010011100010000
0010011100010000
1110111101000010
0010011100010000
0010011100010000
1101111110100010
1110000111011110
1110010000011011
1110000111011110
1110101111101010
1111001010011100
0000101000001100
0000011010110010
1111000001100000
1111001110111010
1111010011010110
1101100011110000
1101100011110000
1101100011110000
1101100011110000
1101100011110000
1101100011110000
1101100011110000
1101100011110000
1101100011110000
1101100011110000
0010011100010000
0010011100010000
0010011100010000
0010011100010000
0010011100010000
0010011100010000
0010011100010000
0010011100010000
0010011100010000
0010011010111010
1111100110000011
1111100101110000
1111101001011000
1111101001010110
1111100110110011
1111100100001010
1111100101000110
1111010100100100
1110100111010110
1111010001110000
1110101000100000
0000011111010000
1110011010101110
1111110101100110
0010000100010110
0010011100010000
0010000010110010
0010011100010000
0000011100101010
0001000011100000
0010001001110000
0010010011000000
0001110011100100
0001101000011110
0010010110101100
0010011100010000
0010010110101100
0001110011100100
0001100001000101
0001110011100100
0010001111010100
0001101000011110
0000111101111011
0010001101011110
0010000111111010
0010000100001110
0001101110000010
0001001100110000
0001001110100110
0001000011100000
0001100100110010
0001110011100100
0001101010010100
0001011001101100
0001010101111110
0001001100110000
0001101100001100
0001000101010110
0000111010010000
1110010111100010
1101111011011110
1111011010011010
1111001101010000
1111001110100100
1110111110101110
1110110100001100
0000010100011100
0000001001111000
1111011010011010
1111101100111000
0000110101011010
0001011001000000
0001010110011000
1111111011011000
0000011011000001
0001100011100100
0001000011111010
0010001111000100
0010000011001100
0001010110011000
0001001001001100
0001001111110010
0010010100010110
0010001101110000
0001101110000110
0001110000110000
0010000011001100
0010011100010000
0010001000011110
0001011100111110
0001100100110111
0001001110011110
1111001010000000
1111100001000011
0000000111111010
0000110011001000
0000101001000010
0001111110000000
0001100101100010
0001010010110100
0001011100111000
0001011000100100
0001110110110100
0010001100011010
0000111011110000
0001010111001000
0001100101100010
0001101111100101
0010010011101000
0010010011101000
0001000001100010
0001101011010010
0001111111011100
0010001000000110
0010011100010000
0001101001110110
0001110010100000
0001001110100000
0001100101100010
0001101011010010
0001101001110110
0001101011010010
0001001101000010
0000011100000101
1110001011000010
0010011100010000
1101100011110000
1101100011110000
1101100011110000
1101100011110000
1101100011110000
1111010001001000
1101100011110000
0000011010000010
0001101010110010
0000011111010000
0001000001000110
0000101001101010
0001010000101101
0001011011001010
0001010000101101
0001011011001010
0001101000001010
0010011100010000
0010011100010000
0001101101011000
0001100000010110
0000111011111010
0000111110100000
0000110001011110
0001001011100010
0000110001011110
0000110100000101
0000101110111000
0000110110101100
0000111011111010
0001001000111010
0000100111000100
0000110100000101
0001000011101110
0001000110010100
0000110110101100
0001000011101110
1111111101011010
1111000001100000