1111011010001000
0000111111111110
0000101100111000
0001000101101100
0000011001001000
1111001010110110
1110110101001110
1110110111110000
1110110110100000
1110100101111100
1110110011010100
1110100111001110
1111000001111100
1110111011100110
1111000011001110
1111010101101100
1111001110000011
1111011000001110
1111111111101100
0000011101100110
0001001010001010
0001010101100101
0010010011111110
0010010010101110
0001111110111110
0001101001010110
0001111110111110
0010010111110010
0010011100010000
0010001001110010
0001110010010000
0001000111100110
1110111001111000
1111111011101110
0000000011001000
0000011011101010
1111110010110000
1110111100100110
1110101001100000
1110100011010000
1110101010101010
1110011001001000
1110100110011000
1110100111100101
1110110000001000
1110111000101100
1110110110110000
1111010010110100
1111000100110010
1111011111010010
1111111110011100
0000001011101100
0000110010101010
0001000000010010
0001101101000110
0001101111000100
0010000010100010
0001110100001000
0001111111011010
0010010110000000
0010011100010000
0010010000100100
0010000011010100
0001011111000100
1110111000010010
1111110010011011
0000000111110110
0000011000101010
1111100011100000
1110110110011000
1110101000100110
1110011010000100
1110101001110000
1110100010011110
1110101000100110
1110110000101000
1110101001011000
1110111011010110
1110110111100010
1111000110000100
1111011011110110
1111011101011000
1111101111011000
1111111111110101
0000010111111010
0001000010011000
0001001100101100
0010000100100010
0010000011000000
0001111001000100
0001111010111110
0010001101010110
0010011000011100
0010011100010000
0001111110000010
0001110100110110
1110110101100010
1111101111101110
0000010100010110
0000100100001110
1111100011111100
1110110111100100
1110010000000111
1110001101101010
1110011011111011
1110010110001110
1110010010100010
1110011011000110
1110100101010000
1110111000011000
1110101010100101
1110101100001100
1111010000110100
1111000101000000
1111011011011000
0000000001101000
0000000101101100
0000111000100100
0001010010100110
0001101101111000
0001111110111100
0010001000101110
0010000010101000
0001111100000110
0010011100010000
0010000001011010
0010001111101000
0001101101111000
1111000001101100
0000000100000000
0000100101011010
0000110101011010
1111101110001100
1111001011011110
1110010111110110
1110011101001100
1110101001001100
1110000110000010
1110001000010000
1110100011011010
1110010111011000
1110110010100010
1111000101101101
1111000100110010
1111000010001000
1110111101001110
1111010001101110
1111110001110000
1111111011100100
0000111100100010
0001001111101100
0001110100001100
0010001100001110
0010010110011110
0010000010011100
0001111101111110
0010011100010000
0010000000001110
0010000100001110
0001100001000010
1111010111000100
0001000011011010
0000101111010000
0001010000101010
0000010110101100
1110100000001110
1110100010001000
1110011101101110
1110010001001000
1101111100010100
1110000011111000
1101111110001110
1110100000001110
1110001100000100
1110110001010000
1110011110111110
1110011001111100
1110001101010110
1110100100101010
1111001001001100
1111111110001000
1111111100001110
0000111111000000
0010000000100010
0010010110100110
0010000010011010
0010010011011100
0010010001100010
0010011100010000
0010001000101110
0001011101111000
0001001100111000
1110010100100001
0000111001101000
0000100001010000
0000000011010100
1110110110111000
1110000110000110
1110111001000100
1111000101010010
1110001010100010
1110000101000000
1110011010000100
1110100101001000
1110111100011010
1110110111111110
1110101011110010
1110000111001110
1110111101100000
1111000011000100
1111100011001100
0001000110111100
0010000011111000
0010011100010000
0010001110111100
0001011101000110
0001111110010110
0001101110110100
0010000010110000
0010001011101000
0001101101101110
0000010000101000
0000001101010100
0000001101010100
0000101010101000
0010000110111100
0001111000110000
0001001110001000
0001001110001000
0000010101010100
0000010101010100
0000010101010100
1111100011100110
0000110001101110
0000111000110100
0000011100011010
1111101010101100
1111110001110010
0000010101010100
0000011100011010
0000011100011010
0000010101010100
0001001110001000
0001101010100010
0001011100010110
0001010101001110
0010010101001010
0010001110000010
0001010101001110
0001000111000010
0001111111110110
0010010101001010
0010011100010000
0010011100010000
0001111111110110
0001100011011100
0000101111010000
0001111111001011
0001011010110110
0001111111001011
0001010011100100
0000010010001010
0000010010001010
0000001010111010
0000001010111010
0000001010111010
1111110101000110
1111101101110110
0000001010111010
1111110101000110
1111110101000110
0000101111010000
0000110110100000
0000010010001010
1111110101000110
0001010011100100
0000110110100000
0010001101101110
0010000110011100
0010010100111110
0001101001011000
0010001101101110
0001110000101010
0010000110011100
0010010100111110
0010011100010000
0001110000101010
0001101001011000
1111001010100110
0000010101110000
0000100001101000
0000111101010100
1111111110000010
1110100011000010
1110010011001110
1110001011010100
1110010111001101
1110001011010100
1110001011010100
1101111111011100
1110101010111100
1110001111010000
1110101010111100
1111000010101100
1110110010111000
1111000110101010
1110100111000000
1111011010011010
1111110110001000
0000011101101010
0000110001011100
0010000000100100
0001111100100110
0010001100011100
0010000100100010
0010011100010000
0001111000101010
0010001100011100
0001101100110010
0001100100110111
1101100011110000
1101100011110000
1101110000110010
1101101100011100
1110001110101000
1110001000011010
1101110111000000
1101111001100000
1101111000010000
1101111010001000
1110000111001010
0001011001110010
0010000010110010
0010010110000010
0010000001100010
0001111010101100
0010001111001110
0001111001011110
0001010111111010
0000111011111100
1111100100010110
1110001010111000
1101110010101010
1101110011010010
1101110010000010
1101100011110000
1101100011110000
1101100011110000
1101100011110000
1101100011110000
1101100011110000
1101100011110000
1101100011110000
1101100011110000
1101100011110000
1101101001000010
1101101000100010
1111101000001000
0000000000010000
0001110101111000
0001100110000100
1111111000101100
1110110010010010
1110000001110110
1110101001001100
0000110110010100
0010001101110000
0010001100111010
0001101011110011
0001011100100100
0000101010001110
1111011100101000
1110101101111110
1110001101100110
1101110000010110
1101101010010110
1101101110100010
1101101110001100
1101100011110000
1101100011110000
1101100011110000
1101100011110000
1101100011110000
1101100011110000
1101100011110000
1101100011110000
1101100011110000
1101100011110000
1101110100011010
1101110001010010
0001101101111000
0010011100010000
0010011100010000
0010011100010000
0010011100010000
0001111010111010
0000111011011000
1110010110011100
1111101001110000
0000001101111000
0000001000010100
0000001001011000
1111111101001110
1111111011101000
1111011011011100
1110101101001100
1110000101100000
1110100010010000
1110001000001100
1110001001010000
1101111100110000
1101100011110000
1101100011110000
1101100011110000
1101100011110000
1101100011110000
1101100011110000
1101100011110000
1101100011110000
1101100011110000
1101100011110000
1101101100101100
0010011100010000
0010011100010000
0010011100010000
1111101001101100
0000000000000000
0000110001000110
0010011100010000
0010011100010000
0010010111110010
0001100010001110
1110000011000000
1101100011110000
1101110101100110
1101100011110000
1101100011110000
1110100010010000
1110111101000010
0000000100011110
1110101011001101
1110010100110110
1101110101100110
1110101011001101
1101100011110000
1101100011110000
1101100011110000
1101100011110000
1101100011110000
1101100011110000
1101100011110000
1101100011110000
1111101110111000
1111101111010100
1111101100101000
1111101010100000
1111101010110010
1111101110101100
1111110100010000
1111110110100010
1111110110101100
1111110000111111
0010011100010000
0010011100010000
0010011100010000
0010011100010000
0010011100010000
0010011100010000
0010011100010000
0010011100010000
0010011100010000
0010011100010000
1110010111110110
0000010000100010
1110000000001010
1110000101001110
1110011110011000
1110110110000000
1111101011000000
1110001101011010
1101101101101100
1110010101011100
1110011101100100
1110101001010010
1110101100011110
1110101011100100
1110101101110100
1110110000100010
1110110010110010
1111001001010110
1111100000011000
1111100000011000
1111100101110100
0000000111101100
0000000110010100
0000000100000100
0000100011101100
0000101101101000
0001001011111000
0001001100010100
0000110110101010
0001001100010100
0001110000000000
0010000001100110
0010010111101110
0010011100010000
0001110001010110
0001101010100100
0001101000010100
0001100110100000
0001011101011101
0000100001111000
1101101101010100
1101110101101100
1110010101111110
1110100101001000
1110101001000110
1110101010010100
1110110000010010
1110111000010000
1111010000100100
1111101111010000
0000010101000111
0000010010010110
0000000110011000
0001001011101110
0001001001110000
0000001001001010
0000011111110111
0000110111000000
0001100010110110
0001101000110110
0001011100011110
0001100000000100
0001111001111110
0010011000101010
0010011100010000
0001111110010110
0001100101101010
0001101010011100
0001001101101110
0000110011110100
0000111101011000
0000010111001000
1110001010001000
1110111001111100
1110111000010010
1111001000011010
1111000000000100
1111000010110110
1111000000000100
1111011100111110
0000000011010110
0000101011011000
0001011111101000
0001110101010100
0000111011100000
0001111000000101
0010000100111010
0000111110010010
0001000011110110
0001100000110000
0010010011010110
0010011100010000
0001110110011100
0010000110000000
0010000011110010
0001101100011011
0001011111000110
0001100100101010
0001000100111100
0000110010100101
0000110101111100
0001001011101000
0001011100111000
0000100101010000
0000000001110011
1101100011110000
1101100011110000
0010011100010000
1101100011110000
1101100011110000
1101100011110000
0000111001010010
1101100011110000
1111010000101100
1111110101111111
1111111110100100
1111110101111111
1111101101011000
0000001010000001
1111111110100100
0001010111011100
0001111100101110
0001001110110110
0001001011111110
0001010100100100
0001011010010100
0000000111001010
0000100011110110
0001011101001100
0001101110011000
0010010000110010
0010011100010000
0001111111100110
0000110101000010
0000110101000010
0000111010110010
0000010101100000
0000001100111010
0000101100011100
0000001010000001
0000000001011100
1111100100110000
0000001100111010
0000001010000001
1110100010110100