1110111111111010
0001000000000110
0000111111011100
0001101100110110
0001001111011110
0000111010110000
0000000010000000
1111100101010010
1110111110100100
1110111001111000
1111110000101010
1111110010101010
1111001111111100
1111001010100110
1111100101010010
0000100111011010
0001000111011100
0001011110110100
0001101011011111
0001101010110110
0001110011100001
0010011100010000
0010001000001110
0001010110110100
0000010010000010
0000010110101100
0000001100101100
0000011110000011
0000011011011000
0001100000001001
0001011010001010
0001011000001010
1111001011101110
0000101000111000
0001000001100110
0001011001101100
0010011100010000
0010011000011100
0001011001101100
0000101111110110
0000000001100110
1111111000000100
1111110000011110
1111000111010010
1111100110010100
1111101101111100
1111111011010000
0000001100011000
0000111010101000
0001100100011110
0001110011000100
0001101000111010
0010001000100110
0010000010010000
0001101010001100
0001001111100100
0000001011000101
0000000011100000
0000000111010010
0000001011000101
0000100101000110
0000111101001010
0001101111111000
0001110101100110
1110111101100100
0000001000000000
0000100110110000
0001010001001011
0010011100010000
0001111111010101
0001110011101010
0000011011101100
0000010001001110
1111100100111100
1111010011101110
1111011011101110
1111000110001100
1111011001111000
1111111001001110
0000010011000100
0001000011000100
0001111000100011
0001110011000010
0001010010011100
0010000001001100
0001101101100000
0001100110101110
0001000010011100
0000110001001110
1111111010011110
0000011101100010
0000011011101100
0000011110001010
0000110100111010
0000111111011000
0001011001001100
1110111010000010
1111110111100100
0000011101100100
0001110000110100
0010010101101000
0001101000111101
0001100000100010
0000011000001000
1111011101000000
1110111000110100
1111100001001110
1111001001000110
1111000000101010
1111010100100100
1111111111011010
0000001010010000
0000010101000111
0001001111000010
0001110101000010
0001101000011000
0001111011000100
0001111110101100
0010011100010000
0010010000110010
0000100001001100
0000111011001000
0000110101101100
0000100010011000
0000101010110110
0001100001001000
0010000101111100
0010000111110000
1110100101100100
1111011101111010
0000010010000110
0001010010101110
0001101111001100
0000111001001110
0000101111110000
1111011111101100
1110010011110010
1110100000110100
1110110110001100
1110111101111000
1110110010000010
1110101101010010
1111001111000110
1111010111011000
1111010010101000
0000001100110000
0001010000111100
0010001100110110
0010010101001000
0010000000111110
0010000110010100
0010011100010000
0001100000010110
0000001110100010
0000010010000110
0000011000000010
0000001000100110
0000101100001100
0001010010101110
0001010011111010
1110110101110110
1111111010010110
0001000011011010
0000111110001000
0001101001000010
0000100110110010
0000011100111111
1111001001011010
1111000001111000
1110110111010110
1110110100010100
1110101100110010
1111000111001010
1110110010110100
1111001010111010
1111000010101000
1110111100100110
0000000110011010
0001010011111110
0010001010001100
0010010110001110
0010001111011100
0010011011100000
0010010111101110
0010011100010000
0001100100100010
0001010101011110
0000110000100100
0000111010010110
0001011010000000
0010010010011110
0010010000111110
1110011110100000
1111110101000110
0000101111000100
0000110010110110
0000011111010000
1111111111101001
1111111010010110
1110111110001000
1110010010011100
1110100011000001
1110100110110011
1110010000001100
1110100011110000
1110100000110000
1110111111101000
1111001100011010
1110111011110110
1111001110101100
1111111011000110
0001110000100100
0010010011111110
0001110010110110
0010000001111010
0010011100010000
0001111010011000
0001000000011000
0000111011001000
0000000000010111
0000100001100000
0000111011111000
0010001101111100
0010010000111110
1111100101111110
0001010110110100
0001011111100000
0000111100110000
0000110100000101
0000100010101110
0000000000000000
0000010001011000
1111101110101000
1111011101010010
1111010100100110
1111001011111011
1110010111110110
1111010100100110
0000010001011000
0000111100110000
0000101011011010
0000001000101100
0000111100110000
0001110000110101
0000111100110000
0001111001100010
0001011111100000
0010000010001110
0001010110110100
0000001000101100
1111101110101000
1111101110101000
0000101011011010
0010001010111000
0010011100010000
0010010011100100
1111001001000110
0000100110000000
0000110110111010
0001100001001000
0001010000001111
0000011101100100
1111011010000000
1101101100001100
1110111000001110
1110101111110001
1111011010000000
1111011010000000
1110100111010100
1110111000001110
1111001001000110
0000000100001110
0000011101100100
0001110010000010
0001110010000010
0001010000001111
0001011000101100
0010011100010000
0010000010111010
0000011101100100
1111111011110010
1111001001000110
1111101010111001
0000001100101010
0000110110111010
0001100001001000
0001000111110010
0000000100001110
1110110101000110
1111101100110000
0000001010101100
0001100100100110
0001111110010010
0001011100000010
0001001111001100
0000011011110100
1111011011101000
1111011011101000
1111110001000010
1110110101000110
1111000110001110
1111101100110000
1111001110110010
1111110001000010
1111110101010100
1111110101010100
0001100000010011
0001100100100110
0010000010100100
0010010011101100
0001111110010010
0001111110010010
0000010011010000
0000110001001110
0001000010010110
0000001110111110
0000010111100010
0001001010111010
0010000010100100
0010011100010000
1101100011110000
1101100011110000
1101100011110000
1101100011110000
1101110100100000
1101101111100110
1101110001000000
1101110101001100
1101101111100110
1101110001101100
1101111000101100
0001001111100010
0001010111001100
0001011000100101
0001011000100101
0001101000101000
0000101000011110
0000010001011100
1111110010110000
1111001100011000
1111000101011010
1110111010010000
1110011011100100
1110000100100010
1101110101111000
1101110011000110
1101110100100000
1101100011110000
1101100011110000
1101100011110000
1101100011110000
1101100011110000
1101100011110000
1101100011110000
1101100011110000
1101100011110000
1101100011110000
1101111000000010
1101110110000000
1110001101111010
0000011010001010
0010011100010000
0010011100010000
0000010001101000
0000101011100100
0001001111101010
0001101010110100
0010000010010100
0010000001100000
0001010001101001
0001000110101110
0000010010110110
1111011101010110
1111011000011110
1110111100111010
1110100100001100
1110010111001110
1110001100101100
1110001001000010
1110001000001111
1101100011110000
1101100011110000
1101100011110000
1101100011110000
1101100011110000
1101100011110000
1101100011110000
1101100011110000
1101100011110000
1101100011110000
1101110100101100
1101110010010100
1101111110110100
0001001100000010
0001101100010100
0001011000000000
0000101001001000
1110100101000000
1110100111010001
1110101100010000
1110011100101000
1110110001100100
1110111000001000
1110111110101100
1110110101010100
1110101110001000
1110011110001100
1110010110000100
1110101111010000
1110111010001100
1110011001111010
1110011101000010
1110001010010010
1101100011110000
1101100011110000
1101100011110000
1101100011110000
1101100011110000
1101100011110000
1101100011110000
1101100011110000
1101100011110000
1101100011110000
1110101111101010
1101101100101100
0010011100010000
0010011100010000
0010011100010000
0010011100010000
0010011100010000
0010011100010000
1110010100110110
1110001011111100
1101110001001010
1101100011110000
1110001011111100
1110001011111100
1101101100101100
1101101000001110
1101110001001010
1101101000001110
1101111010000100
1110010000011011
1110100110101110
1110100110101110
1110101111101010
1101100011110000
1101100011110000
1101100011110000
1101100011110000
1101100011110000
1101100011110000
0000111100000000
0001000110100000
0001001010000110
0001010001101100
0001011100010111
0001100101101100
0001110100100100
0010000110110010
0010010110110100
0010001101001110
0000011000010010
0000010110000001
0000010011101110
0000010100101100
0000010001101100
0000001110011000
0000001010111100
0000000100010100
0000001110010000
0000110011000010
1110101100101010
0000011001110000
1111100001011010
1111010011101001
0000101001001000
0001010101101110
0001010110111100
0010011100010000
1110100010110000
1110110110011000
1110110010010010
1111010110010010
1110111110100100
1111010010001100
1111010011000000
1111011111010010
1111100001101110
0000000010011110
0000010000011000
0000001100010010
0000110101001100
0000100001100010
0001011110000100
0010010000110100
0010011100010000
0010001010010000
0001110100001001
0001011110111010
0001010010101000
0001001000000000
0001010100010000
0001000011111010
0000101001101110
0000110111101000
0000111101010110
0000111110001100
0000111110001100
0000101001101110
0000011011000000
1111001011101010
1110101101011110
1110011110001110
1110101100110110
1110111101111010
1111010000110010
1111010001011010
1111001101001000
1111101100110100
0000001110010100
0000111000010101
0000101101011000
0001110000111111
0001111111000000
0001000000111000
0001110110011110
0010011100010000
0010010100111100
0010000011111000
0010000010101010
0010010001010010
0001110111000110
0001111111101000
0001101000011110
0001110101111000
0001100011000000
0001101111110010
0001100111110111
0001101010111010
0001101100101111
0001110000010111
0001010100011000
0000101101011000
1110011011011010
1110100101011000
1110111010000110
1111010100011110
1111000000100000
1110101011110101
1111001100101000
1111111010010010
0000010011111110
0000111101010110
0000101111110100
0001011010101000
0001101010010100
0000101010000101
0010000100000000
0010011100010000
0001111001010010
0001000010010110
0000110000100010
0000110110001101
0000101111110100
0000101010000101
0000100100011000
0000101100010000
0000101010110100
0000101100111100
0000100111010000
0000110010101010
0000100100011000
0000010110110110
0000111101010110
0000011101010000
0010011001011010
1101100011110000
1101100011110000
0010011100010000
1101100011110000
1101100011110000
1101100011110000
1111101011001010
0010011100010000
1111101101110010
1111110101100110
1111110010111110
1111110101100110
0000000000000000
1111110101100110
0000011010000010
1111111010110010
0000000111110100
0001010011010110
0001110101001100
0010011100010000
0001111101000000
0000110100000101
0001000110010100
0001010000101101
0001011011001010
0001001011100010
0000100100011110
0000100100011110
1111111000001100
1111110010111110
0000010100110110
1111100011010110
1111101000100100
1111111101011010
0000001010011010
0000010111011100
0000010100110110
0001000001000110
0001110101001100
0001001110001000