1111011000010110
0001010111001110
0001101100101100
0000111101000110
1111011000010110
1110101101011100
1110100100001000
1101111100111100
1110001101101110
1110000000101011
1110001111100110
1110001111100110
1110101011100110
1110111010100000
1111011110111000
0000001001110010
0001011100110100
0010011100010000
0010011010011000
0001011010111100
0001110010010010
0010001111001100
0010010100110010
0010000011000100
0001011110101100
0001001101111010
0000011010100110
0000000101001000
0000110000111110
0000111110111110
0001111001110000
0010000110110010
1111000011101111
0001000010101000
0001000001110110
0000101100011010
1111010001001110
1110100001101000
1110100001101000
1110011011010011
1110010010100010
1101111101001000
1101110010000010
1110011010011110
1110100100110010
1110111000101000
1111011101000110
1111101011011000
0000110111100010
0001110100100110
0010011100010000
0010001100011000
0001011100110100
0001110011110100
0010000010111000
0001111010001010
0000110011100100
0000100111101010
1111110100000110
1111110010100010
0000000001100110
0000000011111110
0000001111000100
0000100001010100
1111000110010010
0001001101010000
0001011000110010
0000111111111001
1111101000000010
1110101000001000
1110010001111010
1110001110011000
1101101011110000
1101101111010010
1101110110011010
1110001001111100
1110011101011110
1110101000001000
1110110010110000
1111011101011000
0000010000111000
0001100110111110
0010011001100110
0010011100010000
0001101010100010
0001110000110000
0010000100010010
0010000011011010
0001001110001000
0000110011100000
0000010101010100
1111100111001010
1111011110010000
1111111101010110
0000100110001100
0000101100010111
1111011010001000
0001000011111000
0001011110101100
0000101110100100
1110111000111110
1110010010010100
1110001111111101
1101101110110100
1110001000110111
1110000010100010
1101101101001110
1101110101001000
1101110110101100
1110011110111100
1110110001000110
1111000011010000
1111111000111010
0000111011111101
0010010001001100
0010011100010000
0001110011001110
0001011101001000
0001101000111101
0001100101000000
0001000001100000
0000100010101110
0000000001100110
1111110010100110
1111110010100110
1111110100001010
0000100010101110
0000111000000001
1111110111011000
0001101010001100
0010001001010000
0000111001110101
1111000001110110
1110000001000110
1110010100000110
1110001111110011
1101101101010000
1110000001111110
1110011000011010
1110100001000010
1110100101010110
1110100101010110
1110111101100010
1111000100011100
1111110010001100
0001000001100110
0010001111010100
0010011100010000
0001111010100110
0001111101001100
0010000000101000
0010000011001110
0001101010001100
0000011110001101
0000010101100110
0000000000111000
0000010011110110
0000011001000010
0001000101111100
0001010100100110
1111101101100000
0001001000001000
0001100010111100
0000011001111000
1111000100110110
1101101111110010
1101111010111000
1110000101000010
1110000101111110
1110000101111110
1110010111100010
1101111010111000
1110001000101110
1110000100001001
1110100101011010
1110110101001000
1111000101110000
0000011001111000
0010000000100000
0010011100010000
0001010100001000
0001110000110010
0001110100100000
0010001001110000
0001011110010100
0000110111011110
0000000010110010
1111110100111011
1111101110011100
1111101101100000
0000001010001010
0000100011001000
0000000011010010
0001111010011000
0010001001101100
0000111001111010
1110111101010110
1101111011110010
1110010110000000
1110010000100101
1101110111011010
1110011000001100
1101110011000100
1110010001101010
1110010110000000
1110011101101010
1110101010110010
1110101010110010
1111011000101010
0000010011101010
0010001001101100
0010000111100000
0001011100111000
0001111001010010
0010011000111110
0010011100010000
0010010001010100
0000110110101000
0000000001000110
0000001101001000
1111110110001010
1111111010100010
0000011011010100
0000011110100110
1111101001101100
0001000010111110
0001001011111010
0000111010000010
1111101001101100
1111000101111110
1110101011001101
1101101100101100
1110011001010100
1110011001010100
1110000111011110
1101110101100110
1111001110111010
1111111011100010
0000010110010100
0001001011111010
0010000001011110
0010011100010000
0010011100010000
0010001010011010
0010000001011110
0010010011010100
0010010011010100
0001101111100101
0001011101110000
0001001011111010
0000101000001100
0000010110010100
0000110001000110
0001010100110011
0001101111100101
0001111000100010
1111001001010100
0001010101111100
0001110101001100
0001001110001000
1111011000111100
1111001001010100
1110100010010000
1101111011001100
1110011010011100
1110011010011100
1110101010000100
1110100010010000
1110100010010000
1110010010101000
1111010001001000
1111110000011000
0001000110010100
0001101101011000
0001101101011000
0001001110001000
0001011101110000
0010001100101000
0010010100011100
0010000100110100
0001100101100100
0001011101110000
0000011111010000
0000001111101000
0001001110001000
0001110101001100
0010011100010000
0010011100010000
1111100100001110
0001001111111000
0001011101110000
0000101001101010
1111000001100000
1110100010010000
1110110011101000
1110011011010100
1110111110000010
1110100010010000
1110101100101010
1110100101101110
1110101001001100
1110110011101000
1111000001100000
1111001011111011
1111100111101101
0001000101011100
0010010101010100
0010011100010000
0001011010010010
0001011010010010
0001101011101000
0001010011010110
0001000001111110
0000101101001000
0000011000010011
0000000011011110
1111111001000100
0000001010011010
0000001101111000
0000100010101110
1101100011110000
1101100011110000
1101100011110000
1101100011110000
1101100111011100
1101100110000000
1101111110101010
1110001100110110
1101110110011100
1101101111010000
1101111100000000
0001111011100110
0000110010001110
0000010111010100
0000000010001010
1111111100110100
1111111101011100
1111111000010010
1111100010010100
1111001001101010
1110110111001010
1110101011101011
1110011111100011
1110010001011000
1101111001010100
1101101010111100
1101101001000110
1101100011110000
1101100011110000
1101100011110000
1101100011110000
1101100011110000
1101100011110000
1101100011110000
1101100011110000
1101100011110000
1101100011110000
1101101001100100
1101101000111010
1111000111011100
1111101001010010
1110111010001100
1110101100000000
1110010010101100
0010000000001000
0000111101011010
0000111000000000
0000011000101000
1111111100010110
0000000101100010
1111011100010010
1111001110111010
1110111010010110
1110101001111110
1110011111100011
1110011001000100
1110001111011100
1110000011100010
1101111100101010
1101110010111010
1101100011110000
1101100011110000
1101100011110000
1101100011110000
1101100011110000
1101100011110000
1101100011110000
1101100011110000
1101100011110000
1101100011110000
1101101110001010
1101100100110010
0000000110110000
0001000000100100
0001100000111000
0001100100100000
0000110000111100
1110010000011000
1110000111111011
1110010011000100
1110001000110010
1110000110001000
1110001100110100
1101110001001000
1110000011011000
1110000100001010
1101111110101100
1101101100101110
1101110011011000
1110100010010000
1111111001001110
0000000000100000
1111010001101000
1101100011110000
1101100011110000
1101100011110000
1101100011110000
1101100011110000
1101100011110000
1101100011110000
1101100011110000
1101100011110000
1101100011110000
1101101000001110
0010011100010000
0010011100010000
0010011100010000
1111001010011100
0000000000000000
0010011100010000
0010011100010000
1111010111110100
1110010000011011
1110000111011110
1101111010000100
1110010100110110
1101111110100010
1101100011110000
1101101100101100
1101110101100110
1101111110100010
1101101100101100
1110011001010100
1110101111101010
1111001110111010
1111101001101100
1101100011110000
1101100011110000
1101100011110000
1101100011110000
1101100011110000
1101100011110000
1110101110100110
1110110101110010
1110110100000000
1110110100001100
1110110010011010
1110110100100010
1110110111011000
1110110010110000
1110100011110000
1110010110011010
0001001011100110
0001000111101000
0001000011001000
0000111110100110
0000111100010000
0000110110111100
0000111000011000
0000111010001110
0000111111100010
0001000110100000
0000111000010000
1111100110010000
1110001110111010
0000011000001110
0010010111101010
0010000000110010
0000111000001010
0010011100010000
1111011010010000
1111011100110000
1111100110001000
1111110111100110
1111110110010110
0000001001000010
0000001110000010
0001101110000110
0001100111001110
0000111111111100
0010000011010100
0001110001110110
0001011111110000
0000110010001110
0000101010101101
0001101100110110
0001011100000000
0001010011010010
0001100101011000
0001100001000000
0010001010001010
0010001100000010
0010011100010000
0010011001110000
0010010110101000
0010000000110100
0010001001100010
0001110111011100
0001110101100100
0001101000011110
0000111000011100
0000001100110010
1110011101011110
1111001011111011
1111001100101010
1111000111011010
1111010011011010
1110111111111100
1111110010001000
0000110101100110
0000110100110110
0000110100000101
0001110110000010
0010000100010010
0001010110100100
0000101010010110
0000011000010110
0001110111100010
0001111001000010
0001010010110100
0001011000110100
0001110001100010
0010001010010000
0010011100010000
0010011011100000
0010010101100000
0010001110110000
0001110111100010
0001101010110010
0001100001110010
0001100000010011
0001001111110100
0000111011100100
0000011001110110
1110110010101010
1111001010011000
1111000111010100
1111011110010100
1111011001101110
1111101001110010
1111111110011110
0000010110111110
0000111111100100
0001100101000110
0010000100100000
0010011100010000
0010000010001110
0001010110100100
0000011010000010
0001110011101010
0001110101001100
0001010101110010
0001001110001000
0001111101101000
0010000011110000
0010000010001110
0010000001011100
0001110100011010
0001111100000110
0001110001010110
0001111111111010
0001000110011110
0000011111011010
0000111100100000
0000100100110000
0000001011100000
0000110011010010
1101100011110000
1101100011110000
0010011100010000
1101100011110000
1101100011110000
1110100010010000
0000000000000000
1101100011110000
1110000101100110
1110110111000110
1110100111011110
1111001110100010
1110101111010011
1111110010111110
1111111010110010
0000001101000010
0000010010001110
0001101010110010
0001101010110010
0001110010100110
0000111110100000
0000111001010010
0000111110100000
0001000011101110
0001001011100010
0001110010100110
0001101010110010
0001100000010110
0001100000010110
0001101010110010
0010011100010000
0001111101000000
0000111011111010
0001010000101101
0010000010001110
0001100000010110
0001011000100010
0000110001011110
0001010000101101
1111111010110010