1111001011011010
0001000011011110
0000111101100000
0000111110000000
0000110101100100
1110111011100100
1110101100101010
1111000010000000
1110110010001000
1111000001100000
1110110001101000
1111011010010100
0000000110111100
0000100100001110
0000100100001110
0000111111100000
0001010010010110
0001100101101100
0001110001000110
0001111110000000
0001110001100110
0010000001011110
0010011011110000
0010011100010000
0010001100011000
0001000110111100
0000101001001010
0000101100101010
0000010101010110
0000010110110100
0000010011010110
0000101000101100
1110101011100110
1111111010101000
0000000010100110
0000100011010100
0000000100001100
1110111101100100
1110011011101000
1110100001101000
1110100010000000
1110011010000010
1110101010000000
1110011110110100
1111000000010110
1110111101001010
1111010110010010
1111100001111000
1111101101110110
1111110111000010
1111111001000010
0000111010111000
0001010110000000
0010000111100000
0010000010010100
0010011100010000
0010000110010100
0010000001001000
0001000111010000
0001000101101010
0000101010100000
0000100110111010
0000101000111001
0000011001110000
1110101010001010
1111101111011000
0000011000001000
0000110000010000
0000000001100110
1111000000101110
1110100110001110
1110011111000110
1110001100111000
1110011110010010
1110110000111000
1110101110001000
1110111001100110
1111001100111110
1111000111011100
1111101111110010
1111100001111101
1111100011111011
1111111010000100
0000010000101000
0001000000011110
0001100100000101
0010010100101110
0010011010101010
0010011100010000
0010010000000000
0001101101111110
0001010101000100
0001000101001110
0000101001111100
0000101101000110
0000111000001010
1110100001101010
1111101001101100
0000101000110110
0000111000000000
1111100101011110
1110110110101110
1110011000011010
1110010101000010
1110010010111010
1110100011010110
1110100000011010
1110100101011100
1110110011110010
1110111101111000
1111000100001101
1111010001101100
1111001110010100
1111001011110010
1111011011110010
1111110110010100
0000100101000100
0001001101111010
0001111100101001
0010010011000000
0010011100010000
0010000011110100
0001110001101110
0001001001101100
0000110111001010
0000100110110000
0000110010111110
0000110010111110
1110100101101100
1111100101100010
0001001110011000
0001011001010010
1111010000010000
1110101100011100
1101111111110010
1110100110001100
1110101010111001
1110001001101010
1110011110111100
1110100110101110
1110100010000010
1110010111001010
1110011000001100
1110010001011100
1110100010000010
1110011100010110
1110010011100000
1110111111001000
0000000111110001
0000110101011110
0001110100110100
0010010001111000
0010011100010000
0001111111001011
0001101010111100
0000110011111010
0000000011001000
0000001001111000
1111111101011010
0000000011100111
1110100101101010
0000100010000110
0001010011100010
0001001100001000
1111011101111010
1110010000101000
1110011010111000
1110101001000100
1110100110001110
1110000001010010
1101111000001110
1110011010010010
1110101011010111
1110101110110000
1110010011011110
1110101110001101
1111000011001110
1110101111010100
1110110110101110
1111101110011000
0000011000011100
0001000011000010
0001111110101110
0010000111110010
0010011100010000
0010010001011110
0001011100101000
0000110011001000
1111111001110000
1111101011100010
1111111010111000
0000001001000110
1111010010111110
0001010101110000
0001000001011010
0001001111100000
0000001000001110
1111000000111100
1110111101110100
1111000001110001
1110111001001000
1110011001110010
1110101011000011
1101111010011110
1110111011011110
1110101010010000
1110010101000110
1110110111100100
1111011111100000
1111001101011110
1111011111100000
0000010010011010
0000101001001000
0000111101011110
0001000110111000
0001111001000000
0010011100010000
0001111000001110
0001000110000110
1111101011010000
1111100011011010
1111011010000000
1111010100100010
1111011101111100
1110100110101110
0001101111100101
0001101111100101
0000000000000000
1111101001101100
1110110001111000
1110110001111000
1110110001111000
1110100110101110
1110100110101110
1111001000001100
1111010011010110
1110110001111000
1111110100110110
0000100001011110
0001111010110010
0010011100010000
0010011100010000
0010000101111100
0001101111100101
0000101100101010
0000110111110100
0010000101111100
0001011001010010
0001111010110010
0000110111110100
0001111010110010
0001100100011100
0000101100101010
0001000010111110
0000110111110100
0001100100011100
1111101000101110
0001011001110000
0001010011001000
0001011001110000
0001000101110100
1110010010010010
1110001011101010
1111000111011110
1111110110000010
0000010111010010
0000111000100010
0001011001110000
0001100111000100
0001110100010110
0001101101101110
0010010101100110
0010001110111100
0001100000011010
0001100000011010
0001110100010110
0001111011000000
0010001110111100
0010011100010000
0001101101101110
0001110100010110
0000111111001010
0000101011001110
0001001100011110
0001000101110100
0000110001111000
0000100100100100
0000111000100010
1110100101100010
1111101010101000
0000101001001000
0000101100011010
1110111100100100
1110100010010000
1110011000011000
1110011011101010
1110011000011000
1110011110111110
1111000011001010
1110111100100100
1110101111011010
1111000011001010
1111000011001010
1111011010001010
1110111100100100
1110111001010010
1111000110011100
1111111011000100
0000010101011000
0000111001100100
0001111110101010
0001111000000100
0010011100010000
0010011100010000
0001101110001100
0000010101011000
0000100101110110
0000010101011000
0000101001001000
0000100010100010
1111100000010010
0001000001001010
0001010100110000
0001011011101100
0001011001111100
0001001001110100
0000101100111110
0000000000000000
1111011001111100
1110100100111010
1110001001110100
0001110110110010
0001100011110000
0000110001100110
0000111001000110
0001010011100110
0001001101010000
0000011111000111
1111111001000110
1111111101101100
0000011111101110
1111001000101010
1101110100011110
1101110111010110
1101110010110000
1101110101000100
1101100011110000
1101100011110000
1101100011110000
1101100011110000
1101100011110000
1101100011110000
1101100011110000
1110000111101110
1110100100101100
1110110000001110
1110110101100110
1111000011010000
1111011110110100
1111000101000110
1110101011101011
1110011100110000
1110011010010100
1111011110110100
0000000100110000
0001011001011110
0001101111010110
0010000100001110
0001111001001010
0001001111101010
1111011101100010
1110100100001000
1110111011100100
1110100100011010
1110000101011100
1101101101100100
1101101110111110
1101101100010010
1101101101100100
1101100011110000
1101100011110000
1101100011110000
1101100011110000
1101100011110000
1101100011110000
1101100011110000
1101111011001100
1101110100011010
1101111001101000
1110011100000000
1110100000001011
1111001101011110
1111001010111000
1111110000011000
0000001101000000
0001001011000000
0010011100010000
0000010100111100
0000110100001100
0001010100101100
0001011001010111
0001000110010100
0000100111010100
1111010101101010
1110111000101100
1110110011010010
1110001101001110
1110000000101110
1110001001010000
1110010000100010
1110000111001010
1101111001101000
1101100011110000
1101100011110000
1101100011110000
1101100011110000
1101100011110000
1101100011110000
1101100011110000
0010011100010000
0010011100010000
1111110010100110
1110111000100100
1110011001010100
1110000111011110
1110010000011011
1110010100110110
1101111110100010
1111000001100000
0000100011101110
0010011100010000
1111001110111010
1110010000011011
1101100011110000
1101100011110000
0000010001110110
0001001011111010
1101111010000100
1101111110100010
1110111000100100
1111110010100110
1110011001010100
1101101000001110
1101101100101100
1110001011111100
1101100011110000
1101100011110000
1101100011110000
1101100011110000
1101100011110000
1101100011110000
1101100011110000
1111100100000010
1111101000010110
1111101111001100
1111110011010110
1111110000100000
1111110101110010
1111110110010110
0000000001011111
0000000010010100
1111111000100100
1111110010000110
1111111000001100
0000000101010100
0000010000100000
0000100011100010
0000110100110110
0001001011000010
0001100100001010
0010000010001110
0010000010011000
1110011001111010
0000100100110000
1111100101110010
0000000111000010
0000000011001100
1111111111000100
0000101011100100
1110011001001000
0000001010001000
0000010110111110
1111000011010110
1110101001100110
1110100001010110
1110110000000010
0000000100100110
1111111101010000
1111100000110000
1111100101010110
0000010001011110
0000010110111110
1111101001111100
1111010111100101
1111010011111000
1111100110010000
1111010101101110
0000101011001100
0000001100111000
0000001011111100
0000010011010100
0000101111110010
0001100010010110
0001110001111110
0000110011011110
0001101111001110
0001101101011000
0010011100010000
0001001110001000
0001110001000100
0001101010101000
0000101010010010
0000000000000000
0000010000010000
1110111110111110
1110100111100000
1110010111001110
1110110000100010
1111011010111110
0000010101101100
0000100010010100
0000000000111001
0000000111001110
1111101011001110
1111111010100110
0000001001111100
0000000000111001
0000000011100111
0000010101101100
0000101110000100
0000011000011000
0000101100010000
1111111111000111
0001010110101110
0001111111010101
0001111101100010
0001001101101100
0001110000111010
0010010000100000
0010011100010000
0010000001001010
0001011110110110
0010000111011110
0001101100011000
1110111000110000
1111000100011000
1110100101110100
1110100000010010
1110111000001010
1110100101110100
1111000101000000
0000011000001001
0000011001011000
1111111010001101
1111110101111010
1111101010010010
1111111111101100
1111110010110110
1111110001101000
1111110100000100
0000000000010100
0000101111011010
0000110101100000
0000011000001001
0000000010001000
0000110001110110
0001001011100010
0001101010000110
0001000111010000
0001000111010000
0010010001110110
0010011100010000
0001001111110100
0000100000101110
0000011101000100
0000000000111001
1101100110010100
1101100011110000
0010011100010000
1101100011110000
0010011100010000
0010011100010000
1101100011110000
1111101011001010
1101100011110000
1111011110101010
0000101000011000
0000100100111000
0000101011111000
0001001111000000
0000111001111100
0001111100101001
0001001111000000
0001011101000100
0001101110100110
0001010010100000
0000001111110100
0001000100011110
0001001011100000
0001101110100110
0001010010100000
0001101011000110
0001000000111110
0010011100010000
0010000111001100
0001000000111110
0000110010111010
0000100100111000
0000001000110010
0000101111011010
0001010010100000
0001010110000010
0000011010010110
0000000101010001
1111111110010000
0000000001110000
1111000010100100