1111000000011000
1111110011011111
0000110010111000
0001001001101100
0001111011011001
0010001101001100
0010011100010000
0010000111101110
0001111011110111
0010001111011110
0001100101000100
0001001100111000
0000100001000100
0000010110001000
0000011110110010
0000001011001100
0000000100110010
0000010100010100
0000011110010110
0001000000100100
0001110001110100
0001100111110010
0001001011000010
0000100111011110
0000100101001100
0000101010101010
0001000101001000
0001001110010000
0001101000101100
0001101101010000
0001100111010110
0001001110010000
1110111001101010
1111100110111010
0000101101011100
0001010111110010
0010001001001010
0001110110100000
0010000000011100
0010001110111110
0010001000010110
0010011100010000
0001111100010010
0000100100101110
0000011110000110
0000001111100011
0000010101110010
0000001111001010
0000001011110100
0000011000010010
0000101111111100
0001011110011010
0010010111101100
0010001011010000
0000110011101010
0000101000000100
0000101000000100
0000110010011011
0001011011111100
0001100111100010
0010000000111000
0001111000001010
0001010001001000
0001011101100110
1110111001110000
1111100011101100
0000110011011000
0001110100011010
0010010100101100
0001111000001100
0001110001111000
0010011100010000
0010001000001000
0010000011100000
0001000010000100
0000100000111100
0000010101001100
0000001011001000
0000000110000110
1111101100111010
0000001111010100
0000001111101110
0000011111010000
0001100110111110
0001110100110100
0001011111110101
0000101110110010
0000011010101000
0000100100101100
0000101000000100
0001000100100110
0001101111110010
0001110110111010
0001010100100010
0001010111111000
0001011101010110
1110110001000000
1111110001010100
0000111011100100
0010001110000000
0010011100010000
0001001100110110
0010000011101010
0010001001010000
0001010101000010
0000111010101100
1111111110101110
1111100011100000
1111100000000100
1111011001100110
1111010000111100
1110111010100000
1111001010000010
1111010111011100
1111110010001100
0000101011001010
0001000011110010
0000110101111110
1111111111001000
1111100110000110
1111101001001000
1111110010101000
0000011111000100
0000111110100110
0001000010000010
0000010001010000
0000010001010000
0000010011110110
1110101101000000
0000010110000001
0001000100101010
0010011100010000
0010010011100010
0001110001001110
0010010010000000
0001101010000010
1111111110011110
1111001000101100
1110100100110100
1110100011110011
1110011110001010
1110001110110010
1110001100001110
1110000101000100
1110000100100010
1110011001100010
1110110001000110
1111101000011100
0000011010000111
0000010000111010
1111001100110010
1110101000011010
1110110110001110
1110101110100010
1111010111100010
1111110110110010
0000001011010010
1110111111111110
1110101000011010
1110100111011000
1110111101110110
0000111001100110
0001100000111011
0010001100110110
0001101100111001
0010001000111000
0010011100010000
0001000000011100
1111011010011000
1111001010111110
1101111010100100
1101101110000000
1101110111001000
1101111101111110
1110000010100010
1101110100110110
1110000110100010
1110000001011010
1101110010000000
1110011001010110
1111000110111110
1111010001010000
1110101101111000
1110000000010000
1101110111001000
1101110110100100
1110010110100000
1111011001110010
1111010000101010
1110100111000010
1110010100110010
1110010001011000
1111110101001010
0000110010001110
0001001000101100
0010011100010000
0001111010100000
0000100100100100
0001000011000110
0001100101101000
0001010111111101
1111110101001010
1110110000111000
1110001100101110
1110000001011110
1110000111111011
1110100011001110
1110000111111011
1110011110011010
1110011001100100
1101110010001110
1110101111010000
1111111100011001
0000100010001010
1111010101000010
1110110001101100
1110010000110000
1110001101100010
1110101000000011
1111101100010100
1111110100010110
1110111100111010
1110101111010000
1110011111001100
1111011000111100
0000000000000000
0001000010111110
0000110010001110
0001111010110010
0010011100010000
0010011100010000
0010001011100000
0001101010000010
0010000101111100
0001110101001100
0001011110111000
0000111101011000
0000100111000100
0000100001011110
0000010000110000
0000011011111010
0000100111000100
0000100111000100
0001010011101110
0001111010110010
0010000000010110
0001101111100101
0000101100101010
0000111101011000
0001000010111110
0000111101011000
0001101010000010
0001101010000010
0010001011100000
0001111010110010
0001011001010010
1111000101110010
1111110000101100
0000110100000101
0001000110011110
0001110111100000
0010010110001000
0010011100010000
0010000011110000
0001111101101000
0001111101101000
0001011110111110
0001011000110110
0000100111110110
0000011011100100
0000011011100100
0000001111010100
0000001111010100
0000100001101100
0000010101011100
0001000110011110
0001011110111110
0001011000110110
0001001100100110
0000011011100100
0000010101011100
0000100001101100
0001000000010110
0001011000110110
0001100101000110
0001111101101000
0001111101101000
0001000110011110
1110110010101010
1111101110101000
0000110111010000
0010001100011110
0010011100010000
0001010110110100
0010000011000000
0010001001010100
0001101100111001
0001010110110100
0000011010110110
1111011011101100
1111101110101000
1111111000000110
1111100010000000
1111010010001110
1111001111000100
1111100010000000
0000001011000100
0000111101100100
0001011001111110
0000110111010000
0000010100100010
1111110100111100
1111100101001010
1111111011010000
0000000111111010
0001101001110000
0001101100111001
0000100111011110
0000100111011110
0000100100010100
1101100011110000
1101100011110000
1101100011110000
1101100011110000
1101100011110000
1101100011110000
1101100101101100
1101100101011010
1101110100100110
1110101101111000
1111001001101010
1111100010110000
0000010000001100
0000111100100110
0001101110010010
0010001010110010
0010000100000100
0000101110110100
0000000000000000
1111001111110100
1110101110111111
1110000111011101
1101110110000100
1101100011110000
1101100011110000
1101100011110000
1101100011110000
1101100011110000
1101100011110000
1101100011110000
1101100011110000
1101100011110000
1101100011110000
1101100011110000
1101100011110000
1101100011110000
1101100011110000
1101100011110000
1101100011110000
1101100101001010
1101100101010000
1101110110101110
1110111010110100
1111100110110011
1111111101010000
0000111000011111
0010000001000100
0010010000110110
0001101011111100
0000100000000110
1111100000100000
1110111100101110
1110100000000010
1110000111101110
1101110100100100
1101101100110000
1101100011110000
1101100011110000
1101100011110000
1101100011110000
1101100011110000
1101100011110000
1101100011110000
1101100011110000
1101100011110000
1101100011110000
1101100011110000
1101100011110000
1101100011110000
1101100011110000
1101100011110000
1101100011110000
1101110001010110
1101110010110110
1101110011011000
1110100100010100
1110100111111110
1110011100010110
1110101001001100
1110100100101010
1110010100010111
1110010111001000
1101111010010100
1101111000100100
1101110111001100
1101110011011000
1101110011000100
1101110000111000
1101101001011110
1101100011110000
1101100011110000
1101100011110000
1101100011110000
1101100011110000
1101100011110000
1101100011110000
1101100011110000
1101100011110000
1101100011110000
1101100011110000
1101100011110000
1101100011110000
1101100011110000
1101100011110000
1101100011110000
1111010111110100
0000001000111100
0010011100010000
0010011100010000
1111101001101100
1101110101100110
1110001011111100
1110101011001101
1110010100110110
1111010011010110
0000101000001100
1111100101001110
1111001110111010
1110000111011110
1101111010000100
1110010000011011
1110011101110010
1101100011110000
1101100011110000
1101100011110000
1101100011110000
1101100011110000
1101100011110000
1101100011110000
1101100011110000
1101100011110000
1101100011110000
0010011100010000
0010011100010000
0010011100010000
0010011100010000
0010011100010000
0010011100010000
0010011100010000
0010011100010000
0010011100010000
0010011100010000
0000100100011000
0000100111000110
0000100101011010
0000101110011000
0000110010101000
0000111001101000
0001000011000000
0001001011101100
0001001010001000
0000110001000010
1110110111000110
0000001100111000
1111100110110011
1111101110101010
1111110010001100
0000000101101000
0000101000000100
0010011100010000
0000000100111000
0001011010010110
0010011100010000
0010010011101110
0010001011001010
0010010110001010
0001101011011100
0000111110001111
0000011101010100
0000111011110011
0010010110001010
0010001001111100
0001001010011110
0001011001001000
0010000101000100
0010010000000010
0001111101101110
0010000000001100
0001111000110110
0001100101010100
1111110010100101
1111100001011110
1111010010110110
1111011100100110
1111000101011010
1111010111101111
1111101000110100
1111101100011110
0000000000000000
1111110011110010
0000010010010100
1111110010100101
0000000010010100
0001001111010010
0010000000101100
0010011100010000
0010010001111010
0010010101010110
0001011101000100
0001000100111100
0000011111000010
0000111111001100
0001110111100000
0010000001110100
0001001100111110
0001001100111110
0010000100001000
0010000101010010
0010000101010010
0010000111100100
0010000001110100
0001100101000110
0000000101110000
1111011110101100
1110110110011110
1111000000110100
1110101110011100
1111010100010110
1111010111110010
1111101010001010
1111100100011100
1111111110110110
0000001010010110
1111010100010110
0000010000011000
0001001110111000
0001111111011110
0010011100010000
0010001100011000
0001111100011111
0001010111110100
0001000000000000
0000110111000100
0001000100111100
0010001011011000
0010001011011000
0001001100111000
0001100001101110
0010000110011100
0001111111011110
0001101111100101
0001111100011111
0001110101100100
0001100000101110
1111101010101010
1111101110101000
1111010000111000
1110111110000010
1110110011001000
1111001001111101
1111100100101110
1111100110101100
1111100010101110
1111101101101010
1111111111100000
1111011111110000
1111011001100000
1101100011110000
1101100011110000
0010011100010000
1110000011000000
1101100011110000
1101100011110000
1110110001111000
1101100011110000
0001100100101000
0001001111011100
0001010111011010
0001101111001110
0001111111001000
0001011111010110
0000010101001100
0000001111111000
0000000000000000
0000111100111010
0001000100110110
0001011111010110
0000011010011110
0000011010011110
0001000010001110
0000110010010100
0000000010101010
0000000111111100
0010011100010000
0010000001110010
0000000111111100
1111101101011110
0000000111111100
0000001111111000
0000000000000000
1111101101011110
0000000010101010
0000101010011000
0000010010100010
0000010111110110
1111101000001010
1111000011000110