1111000100001000
1111001111110100
1111110001111100
0000101000110110
0001101101100100
0010000110001110
0010011100010000
0010001011110100
0010000011001100
0000101110000001
1111110111001000
1111000101011100
1110110001111110
1110101001110010
1110100001001000
1110010001100100
1110001111110110
1110100110110000
1110100111101000
1110011011111100
1110101000000011
1110101001010110
1111111011000010
0000001110111010
0000011010001010
1111011011111010
1111100101110110
1111100011010000
1111011000011100
0000000110010010
1111111000111000
1111110011101100
1110110001001010
1111010000000010
1111100100110110
1111111110100010
0001001110100010
0001011101110100
0001110111100000
0010010110000100
0010010000100010
0010011100010000
0001110110001110
0001010001110010
0000011100011110
0000010001101110
1111110011011111
1111100001010010
1111101001000100
1111110010001100
1111101100111110
0000000000110100
0000000000100000
0000011000001110
0000111011010110
0000011110011010
0000101100101110
0000110000010010
0001001001111110
0000111010101100
0000111001101110
0000111111111001
0000110111110010
0000100000101100
1110111100110000
1111011011011000
1111101001100110
1111111110011010
0001010100111010
0001011111000000
0001101101100010
0010010010001010
0010001001101000
0010001100001010
0010011100010000
0001110011100001
0001000110101110
0000110100000101
0000011010100000
1111111101011110
1111111100001110
0000000000111100
0000000010100010
0000010001101100
0000010100001100
0000110100000101
0001000011111000
0000111001001000
0001011111000000
0001011011110110
0001001000100110
0000110111110111
0000101111101010
0000110001010000
0000111001011100
0000100001110010
1110100010110100
1111000001001000
1111001000101100
1111101011110110
0001000001010010
0001000011000000
0001001111000100
0010000111111100
0001111110111110
0010000110100010
0010011100010000
0001111000011001
0001011000101110
0000110010011110
0000100110110000
1111110111111010
0000001010001010
1111111110011100
1111111100000010
0000001111010110
0000010101111000
0000011101110100
0000110110111110
0001001000001100
0001001111000100
0000100000111010
0000011001010100
0000000111110000
1111101011100000
1111110110001100
1111110100011110
1111111100101110
1110110101000100
1111010011011111
1111010111010110
1111011001001000
0000111111101000
0001001101000100
0001100001100100
0010001001100000
0010001000110100
0001111100011100
0010000101101000
0010010011000100
0010011100010000
0010000111000010
0010000011001010
0001011100101000
0001000010011110
0001001011101010
0001101001010110
0001101010011010
0001101011001000
0000011110000011
0001000001011010
0001011000000010
0001011111110100
0000110000110010
0000010000101000
0000000110011000
1111111000100100
1111110101011010
1111111111010010
1111101100100100
1110101101011000
1111010011000010
1111001001011010
1111101011010010
0001010001110010
0001011101111010
0001101001001110
0001011001101110
0000110101010110
0000011111100110
0000100010100000
0000110111000000
0001001010101100
0001101010000100
0010001001110110
0010011100010000
0010011000100000
0010001000100110
0001111101010010
0010001101001100
0010000110100000
0001110100100000
0000101111011110
1111010110011000
1111110100100000
0000110011101010
0000111000010010
0000110100111010
0000001001011010
1111110000010100
1111101001101000
1111100100100110
1110110001000110
1111011011010100
1111011000001110
1111110010100110
0000100101100110
0001000111111000
0000001011001110
1111100110101110
1111011100101000
1111001001101110
1110111110010010
1111001110001000
1111100111001010
1111111110011110
1111110111111000
0000100010111100
0001010001111110
0010011100010000
0010001011100100
0001110101100100
0001100100110111
0010001000111010
0001111111101100
0000101001000110
1111011001100010
1111010011011000
1111100001000000
0000010110001011
0000011111000000
0000010110101000
0000010000000010
1111110101101010
0000111111010110
0001000111110010
0000110110111010
0010000010111010
0010011100010000
0010010011110100
0001110010000010
0001000111110010
0000111111010110
1111111011110010
1111011010000000
1111100010011100
1111001001000110
1110111000001110
1111010001100100
1111110011010110
1111101010111001
1110100111010100
1110100111010100
1110101111110001
1110101111110001
1110000101100010
1111000000101010
1110111000001110
1111100010011100
1111100010011100
1111100010011100
1111010001100100
1110011110111000
1111101010111001
1111111011110010
0000000100001110
0000110001111000
0000110001111000
0000110001111000
0001110100010110
0010001000010100
0010011100010000
0001101101101110
0001101101101110
0001100000011010
0000011101111001
1111111100101100
1111001110001000
1111000000110110
1110110011100010
1111001110001000
1111000111011110
1111001110001000
1111101000101110
1111010100110010
1111011011011100
1111001110001000
1111000111011110
0000000011010100
0000101011001110
0000010000101000
1111010100110010
1111110110000010
1111011011011100
1111000111011110
0000000011010100
0000001001111110
1111101111011000
1110100110001010
1111000001100000
1111001001010100
1111011000111100
0000101010111110
0000110110101100
0001001010001110
0001110001010010
0001110001010010
0001101001011110
0001001010001110
0001100101100100
0010000100110100
0010011100010000
0010011100010000
0001011101110000
0001001010001110
0001010010000010
0001110101001100
0001110001010010
0001101101011000
0000100011001010
0000011011010110
0001000010011010
0001000110010100
0000110010110010
0000000011111010
0000000011111010
1111111000001100
1111101100011110
1111111100000110
1111100000110000
1101100011110000
1101100011110000
1101100011110000
1101100011110000
1110000001100000
1110001001011000
1110010111110110
1110011101111110
1110100110101110
1110111100001010
0000001100101100
0001000111110010
0000010010110100
1111111100000100
1111101101001100
1111100100011100
1111011001111100
1111000110101010
1111000000111110
1110111101011110
1110110001001110
1110011011110010
1110010100010111
1110010011011110
1110001110101010
1110000111001100
1110000000101000
1101111011110100
1101111000110000
1101110011000100
1101110101101100
1101101110010000
1101100011110000
1101100011110000
1101100011110000
1101100011110000
1101100011110000
1101110001001010
1101110011011000
1101111000000000
1101111010110110
1101111111000000
1110001001000000
1110101010101010
0000010010010100
0001110001111100
0001110000010100
0001101000111000
0001101100000000
0001101001010100
0001100011111011
0001001000000110
0000001010101110
1111010000010110
1110011101010000
1110001101110000
1110000111010110
1110000000111100
1101111001111100
1101110011110110
1101110100101110
1101110001010100
1101101111100010
1101101111100010
1101101110000010
1101100011110000
1101100011110000
1101100011110000
1101100011110000
1101100011110000
1101110010010100
1101101000111100
1101101110001010
1101110011011000
1101110111100010
1101110011011000
1101110100111100
1110000000000110
1110011011110001
1110011110101010
1110100001010110
1110100011110100
1110100101110100
1110100011100100
1110011010101011
1110010001010010
1110010110101000
1110110100010100
1110101100101010
1110100110011010
1110010011101010
1110100001001100
1110010111110101
1110001001010000
1110011110100111
1110001100011000
1110010001000100
1101111010101010
1101100011110000
1101100011110000
1101100011110000
1101100011110000
1101100011110000
1101111110100010
1101101000001110
1101101000001110
1101101000001110
1101110001001010
1101111010000100
1111101110001010
0001110100000100
0000000000000000
1101111010000100
1101101000001110
1101100011110000
1101111010000100
1101111010000100
1110011001010100
1110010100110110
1110011001010100
1101110101100110
1110011001010100
1110011001010100
1110000011000000
1110100110101110
1101111010000100
1101101100101100
1101101000001110
1110000011000000
1101110101100110
1101110101100110
1101100011110000
0010011100010000
0010011100010000
0010011100010000
0010011100010000
0010011100010000
0010011100010000
0010011100010000
0010011100010000
0010011100010000
0010011100010000
0000101101001100
0000101110100110
0000110101001110
0000111001010010
0000111001101110
0000111101011110
0001000000001100
0001000001011010
0000101010101010
1111011100101000
1111000111110000
0001101100011110
1110110000100110
1111010101100100
1111110011110010
0000000010001110
0000111000010100
1101100011110000
0000111111101010
0001110001110100
0010011100010000
0001100110010000
0000101100010111
1111110110010110
0000000001111100
1111100011000100
1111111010001110
1111001000000100
1111110110010110
1111101010110010
1111110110010110
1111111110000100
1111101010110010
0000000001111100
0000000001111100
1111011111001110
1111011111001110
1111100110111101
1111111010001110
1111110010100000
0000000001111100
1111110010100000
1111110010100000
0000000101110010
1111110010100000
1111001111110010
1111010111100000
1111111110000100
1111111110000100
1110100001011110
0001000000110010
0001101010101110
0010011100010000
0001100110111010
0001000100100110
1111101001001000
1111111000011000
0000000111101000
1111100101010100
1111110000110000
1111100001100000
1111111100001100
0000000111101000
1111110100100100
0000000000000000
0000010011000100
1111010010010010
1111010010010010
1111010010010010
1110110111100110
1111111000011000
1111100101010100
0000000000000000
0000000111101000
1111111100001100
1111111100001100
1111110100100100
1111110000110000
1111010010010010
0000000011110100
0000000011110100
1110101000010110
0001010011011100
0001101011101110
0010011100010000
0001111101111010
0001001101011000
0000000100100100
0000011111110110
0000010011101110
0000011100110100
1111111110011110
1111110010010110
1111111110011110
0000011100110100
0000100010111010
1111110101011000
0000010000101100
0000010000101100
1111111110011110
1111111110011110
0000000001100010
0000000100100100
0000011001110010
0000100010111010
0000010110110000
0000001101101010
0001001010010110
0001001101011000
1111101001010000
1111101001010000
0000000001100010
0000010011101110
1111101001010000
1110101011010000
1101100011110000
1101100011110000
0010011100010000
1101100011110000
0010011100010000
0010011100010000
1110000011000000
1101100011110000
0000000010100010
0000000010100010
0000101111111000
0000101101011000
1111100001110000
1111010000001000
0000010001101010
0000000010100010
0001011101010000
0010010100101100
0001110001011010
0010011100010000
0001000110100100
1111110011011010
0000110111011100
0001001011100110
0000110010011010
0000010001101010
0000000101000010
0000010110101100
0001011010101110
0001110110011100
0001011000001110
0001000001100010
1111101011110110
0000100101110100
0000111100011110
0001001011100110
0000011001001100
1111110000111000
1111111101011110
1111100110110100