1111000010111110
0000011101001000
0000011000100100
0000110000111000
0000100011101110
1111111010001101
1111100101011010
1111001110001000
1110111001110110
1111001101000110
1111000100100000
1111011000010000
1111011110010100
1111110011100110
0000011110001000
0000110101111100
0001010011010100
0001101001100110
0001110101010000
0001111010110100
0001101111101100
0001111100110110
0010010010001000
0010011100010000
0010001110000100
0010000000111010
0001101100000111
0001010111011000
0001000111001010
0001001101110000
0001000011101000
0001000000000100
1111001000110110
0000010000010010
0000101011000000
0001001010100110
0000101101011100
0000001010111100
1111100011100100
1111100111011110
1111011100010010
1111010101111110
1111011001011000
1111001111001010
1111101101110010
0000001101011000
0000011101111000
0001010010011000
0001011110000010
0010011100010000
0010011000011000
0001110010011110
0001110101011000
0010010011100000
0001111001010000
0001101110100100
0001100101010101
0001101010001100
0001001110111110
0001001111111100
0000111000001000
0001001010100110
0001000110101110
0000110111001010
1111000000011100
0000001001000000
0001010010101000
0001101100100101
0001000010001110
0000001001000000
1111110011010010
1111101110100010
1110111100101110
1111000111110110
1111100010010110
1111100001110100
1111110000101000
0000101110000110
0000111010110010
0001111000001110
0001111110000100
0010011100010000
0001111011111100
0001101111101111
0001111101100010
0010000000001100
0001010010101000
0001001100110100
0001100000111011
0001001011110000
0001010010101000
0001000000000110
0001001000000010
0001100000011010
0001011111010110
0000010111110110
1111001100010100
0000100101011010
0001111000110110
0010011100010000
0001110101011010
0000110010100100
0000001110100100
0000010100010010
1111011010000000
1111010100010010
0000000110100100
0000010100010010
0000110001011010
0010000001111110
0010001110100010
0001101100110110
0001101111001000
0010000111101100
0001111111101100
0010000001111110
0001101100110110
0001011001111110
0000101100110110
0000111011101100
0001001111001000
0001010110100100
0001010110100100
0001001110100100
0001010001111110
0001101000010000
0010000101011010
0001011011101100
1111001001000100
0000110110111100
0001010110111000
0010011100010000
0010000100010100
0001010010100100
0000101011111010
0000110000110100
0000001011010110
0000100000110110
0001010110010000
0001100000101100
0001011110110110
0001011101101000
0000100101001010
0000100011010100
0000110110010110
0000111000001011
0001100011001010
0001010111100000
0001111011101101
0001100101000000
0000110100100000
0000100001011110
0000110000001100
0000101010000100
0001000010101000
0000110101000110
0001000001011000
0001100001010100
0001110100010110
0001010011001100
1110110101001010
0000110111011100
0000110110110100
0010011100010000
0010010011011110
0001011001010000
0001010001101110
0000000000111100
1111110111100010
0000101100110010
0000011101110000
0000011111101000
0000000011011100
1111110000101010
1111100110101000
1111111101110100
1111111011010100
1111011000001110
1111010000101110
1111001011101110
1111101000100000
0000000010001100
0000001010111110
1111111111101100
1111111111000100
1111100001101000
1111100111010000
1111111010000100
0000010100111110
0001010110110000
0001011011110000
0000111000000100
1110110100010010
0010001111011000
0010001101001110
0010011100010000
0010010010100110
0001001000100000
0001001100110010
0000110101001010
0000111011100110
0010010001100000
0010010110111000
0000100010111010
0000100010111010
1110111111000010
1111010010011000
1111101110010010
1111111010000110
0000000011110000
0000011100011110
1111000100011010
1110110101011000
1111111001000010
1111110110111000
1110110100010010
1110101110111010
1110111100111000
1110001011011110
1111001010110110
1111010101100111
0001000101010000
0001010010001010
0000100000110000
1110111100000100
0000101000101111
0000101000101111
0000100001111110
0000011011001011
1111100100110101
1111011110000010
1110111100000100
1111000010110110
1110110101010010
1110110101010010
1111010111010001
1111011110000010
0000000000000000
0000000000000000
0000111101001010
0000110110010110
0001110011100000
0001101100101100
0001101100101100
0001100101111010
0001101100101100
0001101100101100
0010011100010000
0010001110101010
0001111010010010
0001100101111010
0001001010101110
0000111101001010
0001000011111100
0000110110010110
0000101000101111
1110111110101010
0000010011111000
0000001110001110
0000011111010000
0000011001100100
1111101100001000
1111100000110000
1111000100010111
1110111000111110
1111001111101110
1111000100010111
1111010101011000
1111010101011000
1111101100001000
0000011001100100
0000110000010010
0001001100101110
0001011101110000
0001011101110000
0001110100011101
0001100011011100
0001101110110010
0010001011001110
0010011100010000
0001101001000111
0001111010001010
0001010010011000
0001011000000100
0001000001010110
0000111011101001
0000010011111000
0000110101111110
1111000001000110
0000101110101100
0001000111000010
0010011100010000
0010001100000010
0001011011010100
0001000111000010
0000000010000010
1111111001111010
0000010110010100
0001001011000110
0001011011010100
1111111101111110
0000100010100000
1111111001111010
0000000010000010
1111110001110010
0000000110000110
1111111001111010
0000100110100100
0000101110101100
0000101110101100
0000001010001010
0000001110001110
0000000010000010
0000001110001110
0000011010011000
0000101010101000
0000100110100100
0001001011000110
0000111110111010
0001000111000010
1101100011110000
1101100011110000
1101101000111110
1101101001111110
1101111010000110
1110000011110010
1101101111011010
1101101000111110
1101101001111110
1101101010011100
1111100111000100
0000000110010110
0000100001001000
0001010010110010
0001111011111110
0010011001100010
0001101110000110
0000100011111000
0000011101011010
0000010111011110
1111000010110100
1110001110011100
1101110101111000
1101101101111100
1101101010011100
1101100011110000
1101100011110000
1101100011110000
1101100011110000
1101100011110000
1101100011110000
1101100011110000
1101100011110000
1101100011110000
1101100011110000
1101101000010000
1101101000011000
1111010000110010
1111001011010110
1110100110101110
1110010100101010
1110010111010000
1110001111001000
1111000101010010
0001010011101000
0010001011001000
0010001111111100
0001101111001000
0001000100111110
0000001101110010
1111100110000110
1111011111010110
1111010101101100
1110011000011110
1101111011011100
1101101111100010
1101101011100010
1101101001100110
1101100011110000
1101100011110000
1101100011110000
1101100011110000
1101100011110000
1101100011110000
1101100011110000
1101100011110000
1101100011110000
1101100011110000
1101110101011100
1101111010101010
1111011100100100
0000110010100000
0001010010010010
0001101011110011
0001001110001000
0001010001010000
1111000111110000
1111011110000000
1111110101011101
1111010101011010
1110111001010010
1110001100011000
1101111011001100
1101111100110000
1101111111000110
1110000011110010
1110000011000000
1110000000101011
1110000000111010
1101110111100010
1101101100000100
1101100011110000
1101100011110000
1101100011110000
1101100011110000
1101100011110000
1101100011110000
1101100011110000
1101100011110000
1101100011110000
1101100011110000
1101101000001110
0010011100010000
0010011100010000
0010011100010000
1111010011010110
1110001011111100
1101101100101100
0001101111100101
0010011100010000
0010011100010000
1101110101100110
1101110101100110
1101111010000100
1110100010010000
1110100010010000
1110001011111100
1111000001100000
1111110111000100
0000000100011110
1110101011001101
1110011001010100
1101101000001110
1110111000100100
1101100011110000
1101100011110000
1101100011110000
1101100011110000
1101100011110000
1101100011110000
1101100011110000
1101100011110000
0000111000101110
0000111011001000
0000111101110100
0000111111100000
0001000010111100
0001000110001110
0001001000101100
0001001011111100
0001010000110000
0001011111000010
0001011100111010
0001011101010011
0001011011111110
0001011100001010
0001011000001010
0001010011010110
0001001100110110
0000111110110100
0000011110001000
1111100111010110
1110001111100000
1111110011001000
1111010100001010
0000000000000100
0001001111101000
0010001100000010
0010010101011110
0000000001010100
1110010000000010
1111101000001000
1111110000100000
1111101110100010
1111111011010100
0000000000010000
0000001101000010
0000010111011000
0000011001010110
0000111000110110
0001001101100000
0001011101010000
0001111000110100
0010010011111000
0010011100010000
0001111011010010
0010000111100110
0001101111111110
0001110010011010
0001111000110100
0001111001010100
0001011110101110
0001101100100000
0001010010111100
0000110111011000
0000100010001100
0000101010100011
0001000010001100
0000101110000000
0000100010001100
0000010101111010
1111111000111000
1110010001110110
1110010110000100
1110101011110010
1111000100101100
1111000111110110
1111001001111110
1111011010011010
1111011110101000
1111110000001000
0000000011001100
0000100100100010
0001000100010100
0010001000101010
0010011011001100
0010001111100010
0010010111011110
0010001000101010
0001110000110100
0010001001101110
0010011100010000
0010010111011110
0010000110100010
0010000011010110
0001111001010010
0001100110001110
0001000100010100
0001000011110010
0001100000111011
0001001110011000
0001010001000001
0001000100110110
0000100001111010
1110110110101010
1111101001101100
1111100010110010
1111011111100110
1111001100111110
1110111101100100
1111011010110100
1111101101111100
0000001011101100
0001001000010010
0001001110001000
0001011101100010
0010011100010000
0010001110011100
0010001001101010
0001111000101010
0001101101011110
0001010000001111
0001100011011000
0001110011010100
0001110001101110
0001010001110110
0001011010010110
0001001001010110
0000111000111000
0000001000100000
0000001001100100
0000001000100000
0000000101110110
0000011001100000
0000100011100110
0000010010100110
0001001110101000
1101100011110000
1101100011110000
0010011100010000
1110100010010000
1101100011110000
1101100011110000
0000111110100000
1101100011110000
0001000101101010
0001110110100110
0001011111111111
0001111110001000
0010000001111010
0010011100010000
0001110110100110
0000011000011110
0001000101101010
0000100011110010
1111111010010110
0000000101101010
0000010100101110
0000101111000100
0000101111000100
0000010000111100
1111111010010110
0000000001111000
0000101011010100
0000000001111000
0000010000111100
0001100111100010
0001101111000100
0000001101001100
0000100000000000
0000000001111000
1111110010110100
1111110110100110
1111101111000100
1110100000000001
0000001001011010
1111100000000000