1110110000011100
0000110101001110
0001000110111110
1111101111111110
1110111001100110
1110010100111110
1110110011010100
1110100001000000
1110010110001000
1110010001100010
1110100110001010
1110111110001100
0000001000100110
0001000011100010
0010011001111110
0010011100010000
0001011000101110
0001101100101111
0001101001111000
0001100001111000
0001000001010000
0001011000001010
0010000111000100
0001110111100111
0001110001111010
0001010101110110
0000001100000010
1111100011011000
1111001011010110
1111010010001110
1111011111111100
1111011010001110
1110110110000000
0001000110101110
0001100101111110
0000101100111110
1111010011000010
1111000100110010
1110110001100110
1101111010001110
1110011111100000
1110001010101100
1111000000011011
1111000001100000
0000001000110010
0000101101100000
0001111001001010
0010011100010000
0010011010000100
0010000101001110
0010000100001000
0001001100110000
0000110111011000
0000011010010100
0001101101000110
0010001110100010
0001101000001010
0001100010101100
0000110100101000
1111100011100000
1110110001100110
1110110100010110
1110101101001110
1101111000000010
1111000100000110
0001010010011010
0001101111101111
0000110111000010
1111011100000100
1111010011010000
1111010011010000
1110001011110111
1110101000001110
1110010000110000
1111000001101010
1111011011000100
1111111111010010
0000111010111100
0001111101111100
0010011000010110
0010011011110000
0010011100010000
0010000110010000
0001100000000110
0000111110010110
0000100110011000
0001010011011000
0010001100001000
0010000100110010
0001010010111010
0001000010110000
0000011100100110
1111011100100010
1110101101100110
1101110001011100
1101110000011110
1110111000111110
0000111111011100
0001000111000010
0000000101101100
1111100010101010
1110110110101000
1110110110001000
1110101010110010
1110011101000010
1110101111100000
1110101111111110
1111011001101010
1111110101001000
0000100110110100
0001110101011100
0010010101101000
0010011010110110
0010011100010000
0010010101101000
0001110101011100
0001010011110100
0000111100000111
0000111001110000
0001101111010010
0010000110111100
0001111000001111
0001000110000100
0000111100000111
0000001001011110
1111010110110100
1110011011001010
1101101110101000
1110111010000110
0000011100101100
0000101010111100
0000001001100100
1111001010010010
1110010001011000
1110000100001001
1110000110100110
1110000001001100
1110001011111110
1110010000011011
1110101101010110
1111011011111100
0000001001000100
0001011000000100
0010000111001010
0010011011110000
0010011001010100
0010011100010000
0010000110101010
0001011100011110
0001010011001010
0001010111100100
0001000001111110
0001110000000110
0001110110000000
0001001000011000
0000111111000010
0000001101111101
0000000001101110
1110010010010110
1101100101001110
1111011100110110
0000111010011100
0001001000001100
1111110010000000
1110111100000100
1110001101100010
1110001110100110
1101111111010000
1101110110110010
1110000010011010
1110011100110110
1110110001011110
1111001001110100
1111110011100100
0001000001010100
0010010000000110
0010011100010000
0010011001100110
0010011001100110
0001111101000100
0001100010101000
0001001011111000
0001000110000100
0000111000110110
0001000000010000
0001010101011010
0000110010100000
0000011000000100
1111111010111110
1111011001101010
1110001100011111
1101110001100000
1111000110101110
0000010000110000
0000001010100010
1111101001110010
1110010000001010
1110010111001101
1110000101010000
1110110011010000
1110011100101000
1110000011101100
1101111011111010
1110100110110011
1110011001100010
1111011010001110
0000011010110111
0010001101011100
0010010100011110
0010011100010000
0010011100010000
0010001001100010
0000111010110110
0001000011011010
0000100000010110
0000100001111010
1111111110110110
0001000100111110
0000111101001100
0000011010000110
1111100111011100
1110111011110100
1110010101101000
1110000010001010
1111001011111011
0000111011000010
0001001000111010
0000001010011010
1111001011111011
1111100111101101
1111110101100110
1111000100111110
1110110000001000
1110101001001100
1111010010111000
1111101110101000
0000001010011010
0001010110110100
0010011100010000
0010010101010100
0001100100101100
0000110100000101
0010000000011110
0010000111011010
0001001111111000
0001111001100010
0010001110011000
0001101011101000
0001110010100110
0000101101001000
0000011000010011
0000101101001000
1111101110101000
1111010010111000
0000011111010000
0000011000010011
1111001001000110
0000111111010110
0001000111110010
1111101010111001
1111001001000110
1110101111110001
1111000000101010
1110101111110001
1110011110111000
1110011110111000
1110101111110001
1111000000101010
0000001100101010
0001011000101100
0010000010111010
0010011100010000
0001101001100100
0001111010011110
0001110010000010
0001011000101100
0001011000101100
0001011000101100
0001101001100100
0010010011110100
0010010011110100
0000110110111010
0000000100001110
1110111000001110
1111001001000110
1111000000101010
1111110011010110
0000000100001110
1111011011010000
0001000000010110
0001001100100110
0000001100010000
1111100001011000
1110011101111110
1110000010011000
1110010001101110
1110110000010110
1110011101111110
1110110000010110
1110110011011010
1111100001011000
0000001100010000
0001000110011110
0010010011000100
0010011100010000
0010010110001000
0010010011000100
0001111010100100
0001100010000010
0001000011011010
0000111010001110
0001000000010110
0001001001100010
0001010101110010
0000110100000101
0000100111110110
0000100100110000
0000010101011100
1110001110101010
1101111001001100
1101100011110000
1101100011110000
1101100011110000
1101110110011000
1101101111000010
1101101101010110
1101101100100100
1101110011100010
1101111100011110
1110011010010110
1111001001010010
0000100101110010
0010000011011100
0010011010111010
0010000110101100
0001101001011110
0000100000101110
1111100000111001
1111010000110110
1110110011110110
1110001010111010
1101111011001110
1101110111011000
1101101111011000
1101101011101010
1101100011110000
1101100011110000
1101100011110000
1101100011110000
1101100011110000
1101100011110000
1101100011110000
1101100011110000
1101100011110000
1101100011110000
1101100011110000
1101101110000010
1101101010111000
1101111001110100
1110101101101010
1111100000000010
0000001110110110
1111011001101000
1111010001000100
0000101000010100
0010001001011110
0001011001110000
0000111101011100
0000111101011000
0001001001000100
0000101111000000
0000011000010110
1111000000111000
1110010000110000
1101110111000000
1101110000101010
1101101011111000
1101101001101010
1101100011110000
1101100011110000
1101100011110000
1101100011110000
1101100011110000
1101100011110000
1101100011110000
1101100011110000
1101100011110000
1101100011110000
1101100011110000
1101101110001010
1101101010100000
1111101001100110
0001000100001110
0000110010100000
0001000000100100
0000101010101100
1110111110111000
1110110100010010
1110110010001110
1110011001111010
1110010011101010
1110011101011000
1110101001100010
1110110100101000
1110110111001100
1110100110111101
1110011100010100
1110000110001000
1110000001011100
1110000101000100
1101111101010000
1101100011110000
1101100011110000
1101100011110000
1101100011110000
1101100011110000
1101100011110000
1101100011110000
1101100011110000
1101100011110000
1101100011110000
1101100011110000
1101110001001010
0010011100010000
0010011100010000
0010011100010000
0000111010000010
1110100010010000
0001010000010110
0000011010110010
0000001000111100
1101111110100010
1101111110100010
1101100011110000
1101101100101100
1101110001001010
1110011001010100
1111110111000100
0000111110100000
1110011101110010
1110111101000010
1110101011001101
1101111110100010
1110011101110010
1101100011110000
1101100011110000
1101100011110000
1101100011110000
1101100011110000
1101100011110000
1101100011110000
1101100011110000
1111011001011110
1111011101011010
1111011011001100
1111011011100100
1111011001101110
1111010101000110
1111010011011000
1111010100100010
1111010100011100
1111000100010000
1111010100100010
1111010101000000
1111010011000010
1111010010011110
1111010010111010
1111010101110010
1111010111000010
1111010111111010
1111011110110100
1111101100101010
1111010010001010
0000001110101110
1111001000110010
1111111001100110
0000010110000100
0000111010110110
0001111111111010
0010011100010000
1110000100101010
1110100000101010
1110011001111110
1110101001001100
1110110011100100
1110111111001000
0000000101110010
0000001000001110
0000110011011110
0001110111000110
0001110000111111
0010011100010000
0001110110011110
0001100100110100
0001011111111100
0001000011111010
0001100100110100
0001011100010010
0001011010011110
0001010110110100
0001010110001100
0001111000010100
0010000100100000
0001110000111111
0001111010110000
0010000001011100
0001111100100100
0001011001110110
0001000110111110
0000011100010100
0000011110110000
1111110100101110
1110100010001000
1111000101000100
1110011010000010
1110001111011010
1110100011011000
1111000101000100
0000100101001000
0000101000110110
0001101000011110
0001111101101100
0001110100010110
0010010111111000
0010010110101000
0001101111111110
0001111111100100
0001100101011000
0001100010111000
0001101111010110
0010000010101100
0001110100111110
0001110011101110
0001111011110100
0010011100010000
0001101110101110
0010000101001010
0010000001011100
0001100101111110
0001100101011000
0000111011100100
0001000001001100
0000111110000100
0000011100011000
0000011110100010
0000111000010010
1111110101110101
1111010011101100
1111010000000110
1111110011011100
0001001001000010
0001100100100011
0001011111001100
0010011100010000
0010001001101100
0010011100010000
0010001111000110
0001100010110010
0001001011011100
0001101011110000
0001100001100110
0001010011110100
0001001110011100
0001100001100110
0001001111000010
0001101101100100
0001110010111100
0001101000001010
0001100100100011
0001100111100011
0001001101110100
0000110111101100
0001000010011100
0000111001011110
0000110011100000
0000100000111100
1110110110110100
1101100011110000
1101100011110000
0010011100010000
1111000001100000
1101100011110000
1101100011110000
0000001111101000
1101100011110000
0001011000010100
0001110000000110
0000010000111110
0000000110110010
0000000011011010
0001001110001000
0001011111000110
0001100010100000
0010011100010000
0010011100010000
0010000001000100
0001000011111100
0000111001110000
0001001010101110
0001000111010110
0000000110110010
0000011110100100
0000101000101111
0000110010111100
0001001110001000
0000000011011010
0001000011111100
0001011000010100
0000110010111100
0000000000000000
1111100001011100
1110111000101010
1110111100000100
1110101011000110
0000010000111110
1111111100100110
1111011110000010