1110111001010100
1111100111110000
0000001001101010
1111110001101010
1111011101110110
1110101101010100
1110101000000110
1110101011110000
1110001011011010
1110010011110000
1110011101001000
1111000100010000
1111100011000010
1111110010001100
1111111101001000
0000011100111110
0001011000111100
0001110110101100
0010011100010000
0001111101011110
0001110010000000
0001110110101100
0001110110001010
0001101000000110
0001100011011000
0001000000111100
0000111101110100
0000110100111100
0001001011111010
0001011110101100
0001010101110100
0000100100010000
1110101110101011
1111101000101010
0000010010101110
1111101111010100
1110101101001000
1101110110110000
1110000100000100
1110100100111010
1110011000100110
1110010000011011
1110011001101000
1110110011010010
1111010010100110
1111010100001000
1111011011010100
1111100111001000
0000001111101010
0001011110001010
0010001010110100
0010011100010000
0001101001011100
0001101100000000
0001101100100010
0001011101101010
0000100000000100
0000011010111100
0000001000111110
0000000010110100
0000001001100000
0000101001010100
0000110110101010
0000110100100110
1110101011101100
1111101100111000
0000011000001001
1111101011001110
1101110000001000
1101101000110100
1101111110001010
1110000011001110
1110000001100010
1110010010011010
1110010100101010
1110110101110100
1111000111001110
1110111101001000
1110111111011000
1111000100011100
1111101100111000
0000110001011110
0010000001110110
0010010011110100
0010011100010000
0010001010010000
0001111100001110
0010000000001010
0001010000011000
0000011001110110
0000010100110010
0000001111110000
1111111101001100
0000100001101110
0000100110110010
0000110000111010
1111000011100110
1111111101100100
0000011011111000
1111111010111000
1111001100100000
1110011110100111
1110110101010110
1110101111100010
1110110001110000
1110101111111110
1110101101110000
1111010000100010
1111001100100000
1111001011101000
1111001100111110
1111011111101100
1111110110011010
0000101000110010
0001001010101010
0001100101011010
0010011100010000
0010001110011100
0001100111001100
0001101000111101
0001010110010000
0001001000011100
0000110000110100
0000010010111100
0000000100101100
0000010100101110
0000010111110110
0000100000110010
1110111111111000
1111110110000110
0000100101010100
0000001000110000
1111010000001100
1110011001111110
1110100010101110
1110001111011111
1110011100010100
1110100011111000
1110111010101000
1110111011110010
1110110000101110
1111000100100010
1110111100011000
1110100010101110
1111001111100110
1111101100001100
0000001111110000
0001010110111000
0010011100010000
0010011001010110
0001010111011110
0001010000011110
0001001010000010
0000111101110100
0000100000000100
0000000101010000
1111010100010010
1111011100011100
1111100110010110
1111101111000110
1110101110010100
1111100000110000
0000101100000010
0000011000110110
1110011111011010
1101111011001100
1110010010101000
1110011011110110
1110000010010010
1110100010111110
1110111001101100
1111000011101000
1110110000011110
1110110011010010
1110010011010110
1110100111001110
1110100000001000
1110111111011000
1111101100110100
0001000000101000
0001101111100000
0010011100010000
0010001110000010
0001010001101100
0001010011000110
0001000001010110
0000100111000100
1111111101001010
1111000101110000
1111000111111010
1111001011011101
1111001100001010
1110110101101110
1111111110000100
1111011101010010
1111001111110010
1101111101110010
1110000011100110
1110000000101100
1110100011011010
1110010000001000
1110001011010010
1110011001110000
1110101110000010
1110111110011010
1110101100000110
1110001110001100
1110111001100110
1111011100010100
0000011010000010
0000100011101100
0000101110010010
0001101101111110
0001110110101000
0001111011011110
0010011100010000
0001111000100011
0001101010000110
0000010100010000
1111101111100110
1111110111010100
1111011101010010
1111100010000111
1110100100011000
0000010010100010
0000011101001000
0000110111101000
0000110111101000
0000110111101000
0000010111110110
0000011101001000
0000010010100010
1111100010111000
1111101101011110
0000000111111100
0000100111101110
0000010010100010
0000100111101110
0000100010011100
0001001100110100
0001010010000110
0001101100100101
0010000111000100
0010000001110010
0010010001101010
0001100111010010
0001110001111000
0010001100011000
0010011100010000
0001101100100101
0001100111010010
0001110111001100
0001011100101011
0010001100011000
0010001100011000
0000111100111010
1111000100111110
0000000011011110
0000010001011000
1111110101100110
1111100111101101
1111100000110000
1111010010111000
1110111110000010
1111000100111110
1110001101011010
1110110000001000
1110110111000110
1111010010111000
0000010001011000
0000011000010011
0000111011000010
0001101011101000
0010000111011010
0010011100010000
0010010101010100
0001110010100110
0010001110011000
0010010101010100
0010000111011010
0001111001100010
0001100100101100
0001001000111010
0001010110110100
0001111001100010
0010000111011010
0001111001100010
0001001000111010
1110111110010110
1111110100101100
0000100110100000
0000000110110010
1111100111000111
1110000111111110
1110110101010010
1110011110101000
1110011010000110
1110110000110000
1111100010100100
1111100111000111
1111100010100100
1110111110010110
1110100111101100
1110001100100000
1111010100111110
1111111101110000
0000001011010100
0010001010001000
0010011100010000
0010010111101110
0001111000000010
0001101110111110
0010000001000100
0000101111100100
0000011101011100
0000011000111001
1111101011101001
1111001011111011
0000010100010111
0000010100010111
1101100011110000
1101100011110000
1101100011110000
1101111111010000
1101110110011110
1101111101000100
1101111101000100
1110001010010000
1110001101100100
1110011111001010
1111100001001101
0000111011011010
0001111001000010
0010010100100100
0010001111000010
0001110000010000
0001010011101000
0001000110011100
0000101000101110
1111111100101100
1111100011011010
1110110010111110
1110010110011000
1110001110101010
1110000011101011
1101111010110110
1101100011110000
1101100011110000
1101100011110000
1101100011110000
1101100011110000
1101100011110000
1101100011110000
1101100011110000
1101100011110000
1101100011110000
1101110011111100
1101110010110100
1110001100001100
1111011001110000
0010011100010000
0010011100010000
0010011100010000
0010000101011110
0001111010011100
0001110100001100
0001110111100000
0001100011100111
0001000001011100
0001000001000100
0000011101011010
1111001101010000
1110110011100010
1110101100001100
1110001010010110
1110000101100100
1101111101100000
1101111100000000
1101111001011100
1101100011110000
1101100011110000
1101100011110000
1101100011110000
1101100011110000
1101100011110000
1101100011110000
1101100011110000
1101100011110000
1101100011110000
1101110111100010
1101101011000010
1110001001110000
0000000111010010
0010000001101100
0001111111000100
0010000101010100
0001000101110010
1111011001000110
1111010010110110
1111000110010110
1111011000110000
1111011010100000
1111011010001100
1111001111111000
1110110101111100
1110111001101100
1110111010000000
1110011111001000
1110011111001000
1110000101000100
1101111111111000
1101101100000100
1101100011110000
1101100011110000
1101100011110000
1101100011110000
1101100011110000
1101100011110000
1101100011110000
1101100011110000
1101100011110000
1101100011110000
1111000101111110
1110111000100100
0010011100010000
0010011100010000
0010011100010000
0000001101011010
0000000100011110
0010011100010000
0010011100010000
1110001011111100
1101101000001110
1101101100101100
1101100011110000
1101100011110000
1111010011010110
1111100101001110
1101101000001110
1110101111101010
1110111101000010
1101110001001010
1101100011110000
1101101000001110
1110111000100100
1101100011110000
1101100011110000
1101100011110000
1101100011110000
1101100011110000
1101100011110000
1101100011110000
1111111100101010
0000000011011000
1111111110111110
0000000000010000
1111111101001110
1111110010001100
1111101011010010
1111011001111100
1111010101101000
1111011011010000
0000111010100100
0000111001001000
0000111000000000
0000110111010000
0000110101000110
0000110101111001
0000110101010100
0000111010100010
0001001000001000
0001010000001110
1111000111110000
0000010100001101
0001011010011100
0001111100010000
0001100100011000
0010000100000000
0010000111010010
0001111001000110
1110000010011010
1110010111101100
1110100001000100
1111001010110010
1111000010010010
1111011010000110
1111111111100100
1111111101111000
1111111000110001
0000011100100010
0000101011000000
0001011100010111
0001011001110110
0001110000110100
0001010100101110
0010000101010000
0010011100010000
0010010101011100
0001110101111100
0001101010000000
0010000001110110
0010000101010000
0001111111010100
0001111000100000
0001011111110010
0001011000111110
0001110000110100
0001110001101100
0000111010010011
0000111101101110
0000111110100110
1111111001101000
1101101110010000
1110001110011100
1110001110011100
1110010001101110
1110011011100100
1110100100110000
1111010010101100
1111011001111100
1111110100001100
0000001001001100
0000100010110010
0001110111100000
0010001000100100
0001001100001010
0001111001011110
0010001001111000
0010000101010010
0010000011111110
0001110100001100
0010001001111000
0010011100010000
0010001001001110
0010000001010110
0010001000100100
0001110100001100
0010001100100000
0010001011110110
0010000100101000
0001101111100101
0001111100000110
0001100001110100
0000111111000010
1110101000001010
1111010010010010
1111001101101010
1110111101001110
1110111101001110
1110111011010000
1111100000000110
1111110000100010
0000110100010100
0000111010001110
0001010101001100
0001110010110100
0010000100100100
0000111111100000
0001100011000000
0010011100010000
0001101101100010
0001011101000110
0001100001000010
0001110010001010
0001110100110001
0010000010100110
0001101110110110
0001101000111100
0001110000001010
0001101011100100
0001101001100110
0001011101000110
0001001110101000
0001000101011010
0000111010111000
0000011001010110
0010011100010000
1101100011110000
1101100011110000
0010011100010000
1110100010010000
1101100011110000
1101100011110000
0000000101001110
1101100011110000
0000011011100100
0000001100111000
0000010100001101
0000000101100000
1111101000000110
0000110001101000
0000110001101000
1111101011110011
0010010001001110
0010011100010000
0010000110001100
0001100001011100
0010000010100000
0001100001011100
0000000101100000
0000001001001100
0001000100000000
0000110001101000
0000010100001101
1111010101101110
0000011011100100
0000001001001100
0000010000100010
0000010111111010
0000001001001100
1111011001011010
1111001010101100
1111100000110000
1111100100011100
1111011001011010
1110111000010100
1110111000010100