0000100001011100
0010011100010000
0010010010100010
0001100000000100
0001001010110010
1111010110000100
1110111000111000
1110111000111000
1110010010100100
1110100111010001
1110001011010010
1110010100011000
1110000011011000
1101110100110010
1110011001111000
1110011010011110
1111000000110010
1110111101001000
0000000010011100
0000100010101010
0001011100011010
0001011011001100
0000011101110010
0000000000100110
0000010100000011
0001100111010110
0010000011111100
0001011101101000
0001101100001110
0001000101010100
0001001011011000
0000101001111100
0000011000101000
0010001010001010
0001111010100100
0010010000011010
0001101100001110
1111101000100110
1111000001010100
1111010101010011
1110111110110100
1111001000001100
1110101010001110
1110100100101000
1110111001001110
1110101001101000
1110010101101010
1110111001001110
1111100000100000
0000010101100010
0000110000010110
0010001101010010
0010011100010000
0001101011100110
0001100101111110
0001000001001100
0001000101100100
0001110100010110
0001100111110110
0001011100101000
0001000001110100
0000111111111100
0001001101101010
0001011001100000
1111111110010110
0001011100110000
0001100011111011
0010001010100110
0001100101000001
1111101101001110
1110101001111000
1110011001010100
1111000001101000
1110110101011110
1110101101001100
1110110000100000
1111010100111100
1111001100101010
1111011111111110
1111001001111010
1111001101001110
0000000001101010
0000101110011000
0001111010000010
0001100111010000
0001110000101000
0010000100100000
0010011100010000
0001011110011010
0000101110111100
1111111011000010
1111101001011000
1111101010011110
1111100100111100
0000011001111100
0001000101100100
1111110110010010
0001010001100010
0001110011000000
0010011100010000
0001111010110010
1111101111000010
1110111001101000
1110100101110000
1111000111001110
1111000111001110
1111000011010110
1111001000001100
1111110100110110
0000000100011000
0000011110000110
0000100010011100
0000111101100111
0000010011011010
0000000100110110
0000100101011000
0000100111110010
0001011111100110
0001001101001010
0000101001101110
0000010000100000
0000000011011010
1111011100100100
1111011000001110
1111001000101100
1111000111101110
0000011110100100
0000100011011100
1111111010010010
0001011011010010
0001100001000000
0010011100010000
0010001100000000
0000000010101000
1111101100010000
1111000110000100
1111000110100000
1111100101001110
0000010101100000
0000101001101100
0000111100000111
0000111101000000
0000110101100010
0000001000010110
1111111101011000
1111100010001010
1110111111111010
1111010011101010
1111110110110010
0000100000000010
0000011110010010
1111110100100110
1111110101000010
1111010110110000
1111000011000000
1111001001100100
1111000100110000
1111010111101000
1111111000111110
1111110100001010
1111001101110100
0010001010001010
0010011100010000
0001011101101010
0001110110011110
0000111100100010
1111100100100110
1111010000011010
1111111001010011
0000100001101000
0000011000110110
0000001011011000
1111111010010100
1111101000001100
1111001101110100
1111000001111011
1110110100011110
1110110000010100
1110011111110010
1110011111010000
1110110000010100
1111001101110100
1111010011100000
1110101101001110
1110100101011110
1110101100101100
1110101000000011
1110110010011010
1111001000001001
1111011001101110
1111001011001110
1111001011110001
1101111010100100
0001011010011110
0010011100010000
0010000001101110
0000101010101101
0001000101110010
0000001101100010
0001110101100010
0001111001110000
0000010010110110
1111100100101100
1111011011001000
1110111000000110
1111001000100100
1110110000101100
1110011110101010
1110100111101010
1110010010011100
1110010010011100
1110011110001000
1110100010010110
1110010101000110
1110100000110000
1110110001110000
1110111101111100
1110100001110100
1110000100101010
1110100000001110
1110011101100110
1111000011010000
1110110000001010
1110011001010110
0000110001111000
0010011100010000
0010011100010000
0001000101110100
0000111000100010
0000001001111110
0000000011010100
1111000000110110
1111010100110010
1110110011100010
1110100110010000
1111000000110110
1111001110001000
1110101100111000
1110111010001100
1111000000110110
1110101100111000
1110110011100010
1111010100110010
1111111100101100
0000001001111110
0001010011001000
0001001100011110
0000010111010010
1111110110000010
0000111000100010
0001010011001000
0001011001110000
0001100000011010
0000001001111110
0000000011010100
0000010000101000
0000100111000100
0010011100010000
0010001100101000
0001100101100100
0001010101111100
1111101000100100
1110111001101100
1110111001101100
1110011010011100
1110111001101100
1110011010011100
1101111011001100
1110011010011100
1110100010010000
1111011000111100
1111010001001000
1111100000110000
1111101000100100
0000011111010000
0000011111010000
0001110101001100
0001110101001100
0000001111101000
0000001111101000
0001010101111100
0001001110001000
0010001100101000
0001100101100100
0001111101000000
0001001110001000
0001011101110000
0001000110010100
1111111001110000
0001010100011000
0001011101110000
0010011100010000
0010000110011000
1111111100111000
1111101010001000
1111010100010000
1111011101101000
1111110000011000
0000001100100000
0000011111010000
0001100000111000
0001100100000000
0000101110111000
0000011100001000
1111111100111000
1111110000011000
1110101110110000
1111010100010000
0000001100100000
0000001100100000
0000111000010000
0000011111010000
1111111100111000
1111001110000000
1111001110000000
1111011010100000
1111100111000000
1111010001001000
1111111100111000
1111101101010000
1101100011110000
1101100011110000
1101100011110000
1101100011110000
1101100011110000
1101100011110000
1101100110000000
1101100101110100
1101100110100010
1101101000110010
1110011000110000
0000010000111000
0000101001111010
0001001100001010
0001100010011010
0001110011111111
0010001101001110
0010011001011110
0001010011011000
1111110111011110
1111100000100000
1110110100010000
1101111111000010
1101100111010000
1101100111010000
1101100111100100
1101100011110000
1101100011110000
1101100011110000
1101100011110000
1101100011110000
1101100011110000
1101100011110000
1101100011110000
1101100011110000
1101100011110000
1101100011110000
1101100011110000
1101100011110000
1101100111110100
1101101001000110
1101101001100100
1101101011100010
1110001110011000
1111110100001000
0000010000110110
0001000001011100
0001100111111100
0001110011101011
0001110101000000
0010010011100010
0001000101011010
1111101000010110
1111001100010100
1110110000010010
1110000000010100
1101101101000100
1101101011111100
1101101100101100
1101100011110000
1101100011110000
1101100011110000
1101100011110000
1101100011110000
1101100011110000
1101100011110000
1101100011110000
1101100011110000
1101100011110000
1101100011110000
1101100011110000
1101100011110000
1101101000111100
1110001100011000
1110011110000100
1110111001001010
1110000101000100
1101110100110000
1101110100110000
1101111001010000
1110010001111010
1110010000001100
1110000001111100
1101110101110010
1101110100000100
1101100110111000
1101101010101000
1101101100110100
1101111001000110
1110001000001100
1110100101011000
1110011111001000
1101100011110000
1101100011110000
1101100011110000
1101100011110000
1101100011110000
1101100011110000
1101100011110000
1101100011110000
1101100011110000
1101100011110000
1101100011110000
1101100011110000
1101100011110000
1110000111011110
1110000011000000
1110000011000000
1110110100000110
0010010111110010
0010011100010000
1110100110101110
1110101111101010
1110010100110110
1110101011001101
1110010000011011
1111010111110100
1111011100010010
1111001010011100
1110011101110010
1110111101000010
1111111011100010
1111000101111110
1101111010000100
1101111110100010
1101100011110000
1101100011110000
1101100011110000
1101100011110000
1101100011110000
1101100011110000
1101100011110000
1111000000000100
1111000010001010
1111000100111100
1111001000110110
1111001110101100
1111010010111000
1111010110101000
1111011011111100
1111011101110110
0000001000110110
0010001000110000
0010000011100100
0001111110011110
0010000100111100
0010000111011010
0010000101100000
0010000010101010
0001111011010100
0001100001010110
1111111100101010
1110001011010110
0000001100111000
1110001111011000
1111011110001100
1111110011111110
1111110111100100
1111111111110101
1110001110101110
1111001101001110
1111110100010010
1111010011000100
1111001111001010
1111111100000110
0000001111101000
0000010111011100
0000010011100010
0000011001011000
1111111100000110
0000001111101000
0010000100110100
0001101011011100
0001111001000110
0010011100010000
0001101101011000
0001010111111000
0001010010000010
0000111110100000
0001110001010010
0001010011111110
0000100001001100
1111111110000010
0000001001110000
1111110010010100
0000001001110000
0000010011100010
1111010101000010
1111101110011010
1111110010010100
1111010011000100
1110100010010000
0000001101100101
0000110011101000
1111101100111110
1111110110100000
0000000000000000
0000100001111110
0000010101110000
0000001110111100
0000100111011010
0000100110000010
0001011011000010
0001111101000000
0001101001111110
0001101011010110
0010011100010000
0010001001001110
0001010010111000
0001010101100101
0000110101000000
0001011100011010
0001101001111110
0000111111110110
0000101011011110
0000100111011010
1111101011101001
0000001000001010
0000011101111001
0000011101111001
0000001100001110
0000010011000010
1111011000100110
1110110101010010
0001111111111100
0010011100010000
0000111101001010
1111111011011110
1111111001001110
0000000001001000
0000001011010100
0000001100011110
1111111101110000
0000010110101010
0000101111100100
0001010111001100
0001100010100000
0001100111000010
0001011010100110
0001010011110010
0001100001011000
0001110101110000
0001001001100110
0001001111010000
0001010111001100
0000100001111110
0000011100010100
1111111101110000
1111110110111100
1111110110111100
0000000110110010
0000010100010111
0000000011011010
0000010010001000
1111100111000111
1110111000101010
1101100111001000
1101100011110000
0010011100010000
1101100011110000
1110000011000000
1101100011110000
1101100011110000
1110111100010010
1101100011110000
1110100100011010
1111110011011100
0000001000111110
0001010000110100
0001011011100110
0010010101000100
0010011100010000
0001110100110000
0000011010111100
0001001101001110
0010000110101100
0001100110011000
0001000010011100
1111011101111000
0000011110100010
0000110111101100
0001000010011100
0000100101101110
0001010100011010
0001011000000000
0000000001110010
1111110111000010
1111110011011100
1111010011000110
1111110011011100
0000010011110000
0000010011110000
0000010111010110
1111110011011100
1111110011011100
1110101111001100
1110101011100110