1110101100000110
0001001110111000
0001100001011110
0000100010101010
0000101010001100
0000010001000110
0000000111000010
1111111110100001
1111100001110110
1111101011011010
1111000111101110
1111011011010100
1111000101101110
1111110111011110
1111110010111101
0000001001000010
0000010110100110
0000101001001100
0001001111111000
0001011110011110
0010011100010000
0010011001110000
0001011011111100
0001100010111110
0001100111100000
0001111101000110
0001101000000000
0001000110110110
0001000001110100
0000111100110010
0001000101110110
0001000100010100
1110110111100100
0001000111111100
0001010100000100
0001000001001010
0001010101000010
0000100001001100
0000001000011110
1111101101010110
0000000101100100
1111111001011111
1111011111010010
1111100000010000
0000000110100001
0000010111000000
1111111111010010
0000100000101110
0000100101000100
0001011111001110
0001010010001000
0010011100010000
0010011011110000
0001110111111010
0010000011000100
0001010000101010
0001100000001100
0001000110000000
0000111000111100
0000100100000110
0000010100000110
0000010100000110
0000100101000100
0000101111010000
1111010100110010
0001011011111110
0001100000111110
0010010111010000
0010011100010000
0000100110110010
0000010010110110
0000000110101010
0000010101100110
1111100011001100
1111110010101100
0000010010110110
0000110010011010
0000011000011000
0000111011010010
0001001111001110
0010000011111000
0001110111101100
0010010010010010
0010010101100110
0010010101100110
0010010011011000
0010001000010100
0001110111001000
0001010010100100
0000110100000101
0000100000101100
0000011010000010
0000001111100000
0000011000011000
0000011110011110
0000111011010010
1111100001111101
0000110000000100
0001110100101100
0010011100010000
0010000000101110
0000110100000101
0000101010000100
0000101110000100
1111111111000000
0000000000000000
0000010101000010
0000100101100100
0000110100000101
0001001100101000
0001110000101011
0001111011001100
0001101010001010
0001011011101010
0001010101101000
0001010101101000
0001101101101100
0001111111001110
0001111000001100
0001001001001000
0000100110100100
0000001100000010
0000001001100000
0000000101100000
1111111001100000
0000001010100010
0000010001000010
0000100001100100
1111011111101010
0000011101111001
0010011001001100
0010011100010000
0010001101000000
0001100111001010
0001010001001011
0000111101000010
0000011111000111
0000101110011000
0001100011100000
0010001110110100
0010010110001010
0001100001000010
0001101111101100
0001011010010110
0001000000101100
0000111011110011
0001000011001000
0001011110100110
0010001010100100
0010010111111110
0001101111000110
0000110100100000
0000100010001100
0000000011000100
0000000110101101
1111111110110010
1111111001010011
0000010001101100
0000011101010100
0000111110001111
1111001100111100
0000100010111110
0001111011011100
0010010100001110
0010011100010000
0000110111011000
0001001101101010
0001000110010000
0000111111011100
0001100000001110
0001000011110000
0000111000000000
0000000111001000
1111100011001110
1111011001010100
1111011000000110
1111010001111010
1111011110010010
1111011001111100
0000000011011010
0000110010011011
0000111111011100
0000011010010100
1111101000001100
1111001001110110
1110101000011100
1110101110000000
1110011101111010
1110101011100010
1110110011100100
1111010101000000
1111101101001000
1111101111111010
0001001010101110
0010010011101010
0010011001011000
0010011100010000
0000111011000000
0000111011101110
0001100101001011
0001101100010110
0001000010001010
1111111010101000
1110111111010010
1111001000100110
1110100110010000
1110101000011010
1110011101101100
1110011111110100
1110101001110110
1110011010000110
1110101000011010
1111001111000000
0000010111111110
0000010101000110
1110110010011010
1110111010010010
1110100001111110
1110011100111110
1110000001110010
1101111110001110
1110001100100000
1110000001000100
1101111110001110
1110101111110001
0001101001100100
0010000010111010
0001011000101100
0000010101000111
0000010101000111
1111100010011100
1111111011110010
1111101010111001
1111011010000000
1111001001000110
1110000101100010
1110111000001110
1111110011010110
1111101010111001
0000000100001110
0000010101000111
0000011101100100
0000111111010110
0001110010000010
0001101001100100
0010010011110100
0010000010111010
0010000010111010
0001111010011110
0010011100010000
0010000010111010
0010001011010110
0001110010000010
0001111010011110
0001110010000010
0001100001001000
1110101001111010
0001010110000110
0001101001001110
0000101001011110
0000100011000100
0000001001100100
0000001111111011
0000001111111011
1111001001110011
1111100011010100
1111010000001010
1111111100110100
1111100011010100
1111101001101100
1111111100110100
0000001111111011
0000100011000100
0000100011000100
0001100010110110
0001001111101110
0010001001001000
0010011100010000
0001101111100101
0001101111100101
0001000010111110
0010001001001000
0010001111100000
0001100010110110
0001011100011110
0000101111110110
0001101111100101
0001100010110110
1111001011111011
0000011010000010
0001111001100010
0010001111001110
0010011100010000
0001001001110010
0001000101011100
0001001001110010
0000101111110000
0001100011110100
0001011011001010
0001011011001010
0000100010101110
0000001101000010
1111110010111110
1111110111010100
1111110010111110
1111110111010100
1111110111010100
0000100010101110
0000011110011000
0001010110110100
0000111000011100
1111110111010100
1111011101010010
1110110110001110
1110110001111000
1110111010100100
1111000111100100
1111011000111100
1111110010111110
0000010001011000
1101100011110000
1101100110110110
1101101000000100
1101100110110110
1101100111100110
1101101011000000
1101101000011000
1101101100101100
1101110000011000
1101110010001110
1101111000001110
0000100110000010
0000100000011110
0000001110101000
0000001111110110
0001001010010110
0010001011110010
0000111000001011
0000001101010000
0000001001110110
1111101101101100
1111000010111000
1110001000100011
1101110010011000
1101101010110110
1101101000101100
1101101000001110
1101100011110000
1101100011110000
1101100011110000
1101100011110000
1101100011110000
1101100011110000
1101100011110000
1101101000101010
1101101001010010
1101101001001100
1101110011010110
1110011011110100
1110011111000101
1111000000001110
1111000011101010
1111000101110000
1110010110101100
0000100110110100
0001000111001110
0001001001000110
0000111111010010
0001011101110100
0010001011110110
0000111011100000
0000101010001010
0000001010111110
1111100011100100
1110111010001000
1110000011111111
1101110111011010
1101111000001010
1101110110100100
1101110100010010
1101100011110000
1101100011110000
1101100011110000
1101100011110000
1101100011110000
1101100011110000
1101100011110000
1101110010010100
1101101111001100
1101111010101010
1101101101001000
0000001111000110
0010000010001100
0001100100100000
0001111101000000
0001011010000110
0000111011111000
1110100100001100
1110110101000000
1110111111001010
1110011110010110
1110001010000010
1101111111001010
1110000110011110
1110000011101100
1101111111111000
1101111101000110
1101110010101010
1101110000010000
1110110111100110
0000001000110110
0000101100010000
0000001000010100
1101100011110000
1101100011110000
1101100011110000
1101100011110000
1101100011110000
1101100011110000
1101100011110000
1101110001001010
1101100011110000
1110111101000010
0010011100010000
0010011100010000
0010011100010000
1111010111110100
1101110101100110
0000011111010000
0001111000100010
0010011100010000
1110101111101010
1110101011001101
1110010100110110
1101111110100010
1101101100101100
1110000111011110
1110110100000110
1111100000110000
1111011100010010
1111101001101100
1111001010011100
1111001110111010
1111001010011100
1110000011000000
1111100101001110
1101100011110000
1101100011110000
1101100011110000
1101100011110000
1101100011110000
1101100011110000
0000111111101010
0001000001110110
0001000100010100
0001000111101010
0001001010011110
0001001101011100
0001001111101010
0001001110110010
0001010000110110
0001100101101110
0001110010001100
0001110010000000
0001110001101100
0001101101110000
0001101011010110
0001100100110010
0001011001111010
0001000100100010
0000010011011010
1111010100101010
1110010001100110
1111111110001010
1110010000100000
1111011010011110
0000101100010000
0000111101011010
0001000111001110
0000000001010100
1110011100100000
1110111111001010
1111100001001110
1111011110010000
1111110010100101
1111011110110110
0000000011111000
0000000101101100
0000001001010000
0000010100000010
0000111001101010
0001011000000111
0001110111110100
0010010001100000
0010010110010010
0001110111110100
0001110111110100
0001110110000000
0001111010110010
0010000111111100
0010011100010000
0010011001111000
0010001001101110
0010000011110000
0001011000101110
0001011000101110
0001001010011000
0001001011000000
0000101010101101
0000011010000000
0000011010000000
1111101101110010
1110001110101110
1111001001100010
1111010001001100
1111100000100010
1111011011111100
1111110101000000
1111110101000000
1111111000100110
0000001000011100
0000011001010100
0000111110101010
0001000000101100
0001011001010000
0010001010111000
0010011100010000
0010001101111100
0001110100111000
0001110101111010
0010001000010100
0010000000101000
0010010100000100
0010001101111100
0010000101010000
0010000000101000
0001101111101111
0001100010011110
0001110101011000
0001101101101110
0001001110100000
0000111010000100
0000011000010010
1111111111001110
1110111001001110
1111111001101110
1111110000010010
1111110111101000
1111100011101100
1111100110110110
0000001100000100
0000010010111000
0000100111110110
0000110001010010
0001100001100010
0001010010110110
0001110100011010
0010011100010000
0010010001010000
0001111100010010
0001101100100010
0001110111000010
0001110011010110
0010010111000000
0010011000000100
0010010100011000
0001110100011010
0001110010010100
0001100001100010
0001010110000000
0001101101000011
0001010100011010
0000111010001100
0000100011001000
0000011001001010
1111110111000110
1111100000011010
1101100011110000
1101100011110000
0010011100010000
1101100011110000
1101100011110000
1110000011000000
0000101001101010
1101100011110000
1110110001111000
1110110110010110
1111010111110100
0000001101011010
0000000110101100
0000011111010000
0000110011010110
0000101100101010
0000011010110010
0000100001011110
0000001011001010
1111111101110010
0000101110111000
0000101000001100
1111100101001110
1110110001111000
0000001000111100
0000111010000010
0001011101110000
0010011100010000
0001111010110010
0010010011010100
0001001110001000
0000110011010110
0000110001000110
0000001101011010
0000101010011001
0000111010000010
1111111011100010
1111110000011000
1111001000001100
1110101011001101