1111010011110011
0000101001001010
0000101111101000
0001011000011010
0001110110100010
0010001100010000
0001101110111010
0001001110111000
0000101100100110
0000101110011111
0000100111010000
0000100100100110
0000111111101010
0000111001001010
0001010010010100
0001011101110000
0010000000000100
0010001110100010
0010011100010000
0001111101000000
0001110001111100
0001110000110100
0001110101000000
0001101111101010
0001101111101010
0001100001111100
0001011011000110
0001011011011110
0001000000000010
0000111100001110
0000111010010011
0000111010010011
1111100100100100
0000110100000101
0000100111110000
0001001011111100
0001111011101010
0010010010101110
0001101000001010
0001101100100010
0000111110110100
0001000000110100
0001000010000000
0000111001101010
0001001000011000
0001001010010110
0001101001110000
0010001010110000
0010011100010000
0001101110001000
0001111000011110
0001100101000000
0001100110111110
0001110110000110
0001110001010100
0001101100111100
0001011011011100
0001000011100110
0000110010000110
0000111011101000
0000011011110110
0000100101011000
0000100101110010
0000100110100100
1111011100100010
0000100101100100
0000110001001100
0001001011110000
0001110100110100
0001111101111110
0010011100010000
0010011000000110
0001100010001010
0001001110001110
0001100011011010
0001111010001110
0010000100001100
0010010011100010
0010001110100100
0001011000100101
0001001000011010
0000111101100111
0000101101000010
0001000000100010
0001001111000100
0001011000001100
0001110110000100
0001101111011011
0001000110110000
0000110001100110
0000100010101010
0000001110101110
0000010100001000
0000010101011000
0000010100100010
0000100101100100
1111010000101110
0000010000111110
0000101111101100
0001000010011100
0001110100110000
0001110011100001
0010011100010000
0010001000010010
0001101001001010
0001110011100001
0001110101100010
0001101011111101
0001011110000000
0000111010111000
0000011000001001
0000011000001001
0000001100001100
0000000110001100
0000001101110010
1111111011011010
0000001100111110
0000101101010100
0000110110000110
0001101011111101
0001011110011000
0000101110111010
0000010001011000
0000011010001010
0000001111011000
0000001001011000
0000001110100100
0000011001010110
1111010110110100
0000011101110000
0001000000000010
0001010111010010
0010011000101110
0010011100010000
0010010100110000
0010001000001010
0010001011010100
0001101011110010
0001011111111110
0000010111110110
0000011001011010
1111111111011010
1111101111101010
1111100010010000
1111001100111110
1111011100101110
1111011000011010
1111011000000000
1111100010101010
1111101011101110
0000000010111110
0001000100110010
0001010001011000
0000100011101010
0000011010001110
0000000001000000
1111101100000110
1111111011000100
1111110110010110
0000000010001010
1111101101010010
0001001000010000
0000111010010011
0001011110011100
0010000110111100
0010011100010000
0010000101001100
0010001100100110
0010000011011100
0001111100111010
1111110110000000
1110110100010010
1110111010110100
1110100111101010
1110101001110100
1110011100110010
1110010000100110
1110010101110100
1110011000110110
1110010100000100
1110011101001100
1110101100111000
1111000100110100
1111100001000110
0000000110000110
0000000111011010
1111000011100000
1111000010001100
1110110000110010
1110100101111010
1110101000000110
1110111100000110
0000000111001111
0010010000011110
0010001001100000
0001100110001000
0001011001110010
0001111101101100
0001110100100110
0010011100010000
0001111011100011
0010011001100100
0001100011011100
1111100011110110
1111011001101100
1111101100111110
1111100000000110
1111010100110110
1111000111011100
1110110110110110
1110101110010000
1110110001011110
1111000101010100
1111001010101010
1111100110100010
0000001101101010
0000100000011100
0000000000010010
1111101100011100
1111001111100000
1111001011110001
1111000100110010
1111001101010110
1111010100110110
1111010001101110
0000101110010010
0000101110010010
0001101000001010
0001110011110000
0001111001100010
0001110011110000
0000111001111000
0001000101011100
0000010111001010
0000101000100000
0000100010101110
0000101110010010
0001000101011100
0001010001000001
0001100010011000
0001111111010100
0010001010111000
0010011100010000
0010010000101100
0001101000001010
0001101101111110
0001111001100010
0001101101111110
0001110011110000
0001101101111110
0001101000001010
0001101000001010
0000111001111000
0001000101011100
0000110100000101
0000111111101010
1111110110010000
0000111111011110
0000111010100110
0001101011011100
0001111110111100
0010010010100000
0001111010000100
0001100001101010
0000111111011110
0001001110001000
0000110101101110
0000111010100110
0001011100110010
0001011100110010
0001110101001100
0001110000010100
0010011100010000
0010011100010000
0010011100010000
0010001101100110
0010001000101110
0001110000010100
0010000011110110
0001110000010100
0010000011110110
0001111010000100
0010001000101110
0001101011011100
0001110000010100
0001100110100010
0001101011011100
0001100110100010
1111011010001010
0000100101110110
0000111100110110
0001011010011110
0010010010011000
0010011100010000
0010001011110100
0010000001111100
0010001111000110
0001110001100000
0000011111010000
1111110111110010
0000000100111100
1111000011001010
1110111111110110
1111001001101110
1110110110000000
1111000011001010
1110110010101100
1110111111110110
1111000110011100
1111010011100110
1111110100100000
0000011111010000
0001000000001010
0000010010000110
0000000100111100
1111010110111000
1111011101011110
1111100100000010
1111011101011110
1111110001001100
1101100011110000
1101100011110000
1101100011110000
1101100011110000
1101100011110000
1101100011110000
1101100011110000
1101100110001100
1101100110010100
1101100101011100
1110001110010110
0001111100000100
0010010000001010
0001110011011100
0001011000011010
0001001111100010
0001010111110010
0001101000111010
0001100011001110
0000010100010110
1111101010100000
1110111110101000
1101110011011100
1101101100001000
1101101000111010
1101100111111000
1101100011110000
1101100011110000
1101100011110000
1101100011110000
1101100011110000
1101100011110000
1101100011110000
1101100011110000
1101100011110000
1101100011110000
1101100011110000
1101100011110000
1101100011110000
1101100011110000
1101100101110110
1101100101111110
1101100101111110
1110010010100000
0001111010110110
0001101110001000
0001000000001010
0000110110110010
0001100100011110
0001011001110010
0000111111001000
0000100111110110
1111011000111010
1110110010000000
1110001111000001
1101101111001110
1101101011110100
1101101001000010
1101101001101100
1101100011110000
1101100011110000
1101100011110000
1101100011110000
1101100011110000
1101100011110000
1101100011110000
1101100011110000
1101100011110000
1101100011110000
1101100011110000
1101100011110000
1101100011110000
1101100011110000
1101101001100100
1101101100000100
1101111000100100
1111010011001100
1110110110010000
1110011100000000
1110011110100000
1110010011010001
1110011101100100
1110011010110000
1110010100010100
1110000100001001
1101101101011010
1101101101001000
1101110100100000
1110010100001101
1110010110110010
1110011010111100
1110001111100000
1101100011110000
1101100011110000
1101100011110000
1101100011110000
1101100011110000
1101100011110000
1101100011110000
1101100011110000
1101100011110000
1101100011110000
1101100011110000
1101100011110000
1101100011110000
1101100011110000
1110011001010100
1110001011111100
0010011100010000
0010011100010000
0010011100010000
1110010000011011
1110111101000010
1111000101111110
1110001011111100
1101111010000100
1110111000100100
0000010001110110
1111101110001010
1110011001010100
1111010011010110
1111110010100110
1110001011111100
1110001011111100
1101110101100110
1101100011110000
1101100011110000
1101100011110000
1101100011110000
1101100011110000
1101100011110000
1101100011110000
0010011100010000
0010011100010000
0010011100010000
0010011100010000
0010011100010000
0010011100010000
0010011100010000
0010011100010000
0010011100010000
0010011100010000
0000010001101010
0000010000111110
0000001111001010
0000001110000111
0000000111011110
1111111110001101
1111101110111110
1111001101001010
1110110100001100
1111101000011110
1110010101110000
0000100100110000
1110011111111100
0000001001010010
0001110000101010
0010011011101010
0010001101000000
0010011100010000
1111100100011100
0001000000010110
0001011110111110
0001100101000110
0001000110011110
0000110100000101
0001010010101110
0001110111100000
0010010110001000
0010011100010000
0010010000000000
0010001001111000
0001111101101000
0001111101101000
0001110001010110
0001101011001110
0001110001010110
0010010000000000
0010011100010000
0010010110001000
0010010000000000
0010001001111000
0001110001010110
0001100101000110
0001011000110110
0000111010001110
0000100111110110
0001001100100110
0001000000010110
0000111010001110
0000001001001100
1111011000001010
1111010011010110
0000000000000000
0001101100011010
0001001001010110
0000011001100000
0000001001100100
0000011100101100
0001001001010110
0001111001001100
0010011001000100
0001100110000010
0001101001001110
0001110110000000
0001110010110010
0001110010110010
0001000110001010
0001010010111010
0001111100011000
0010011100010000
0010001100010100
0010010101111000
0010010010101100
0001101001001110
0001100010110110
0001011111101010
0000101100101010
0001000110001010
0001111001001100
0001101001001110
0001011111101010
0001010010111010
1111110110011100
0000100110101100
0001011110011000
0001111010001110
0001110100000010
0000110110001010
0000110110001010
0000101001110010
0001101010110000
0010011100010000
0010011100010000
0010000000011010
0001101101110110
0010000110100110
0010001001101100
0001100001011110
0001010010000000
0001101101110110
0010001100110010
0010011001001010
0010000110100110
0010001100110010
0001111010001110
0001011110011000
0001010101000110
0001011011010010
0001000101101000
0001010010000000
0010000011100000
0001111010001110
0001101010110000
0001011000001100
0000011010010100
0010011100010000
1101100011110000
1101100011110000
0010011100010000
1101100011110000
1101100011110000
1101100011110000
1101111101110010
1101100011110000
1111111010101000
0000111000100100
0001010000110100
0001101001000100
0010001001011010
0010000100000000
0001101011110000
0001110110100010
0001010110001110
0001000011010110
0001010110001110
0000111011010010
0001000000101010
0001010110001110
0001001011011100
0001010000110100
0001100011101100
0001011000111001
0001101110011100
0001011110010010
0000110000100000
0001111011111100
0010010001011110
0010011100010000
0010010100001010
0010000110101100
0001111001001110
0001101110011100
0000110011001100
0000101000011010
0000010000001010
1110101100100000