1111001100111010
0000001011111111
1111111111110010
0000010010010010
0001011110110110
0001101010001100
0000110000100110
0000011011100100
0000000101101100
1111111110111100
1111110110111110
1111110010010110
0000001000001100
0000001000001100
0000010100011010
0000011000001100
0000011010010001
0000101111110000
0000110011111011
0001100000111011
0001110101111110
0010010101000110
0010001101111100
0010010011011010
0010001001110000
0010010000000100
0010011100010000
0010010101111100
0010001000111010
0001110111010000
0001110101100100
0010000100010010
1111000111010100
0000000101110011
1111110111111110
0000010000010010
0001010110101000
0001100100100000
0000110111111100
0000111000101100
0000100101101000
0000011100001111
0000010101111010
0000000111010100
0000011010110000
0000010111011010
0000011111101000
0000101011111110
0000101011100110
0001001111111010
0001011110100000
0001111010100100
0010000110100010
0010010101001000
0001111100110100
0010000011100100
0010001100100010
0010001100001010
0010011100010000
0010010001011010
0010000110100010
0001110001111110
0001110011011110
0001110010010110
1111000100110010
1111111011110100
0000001001101010
0000010101110110
0001000001111100
0001000000101100
0001010001111010
0001000101010100
0001010001000100
0000111011001110
0000111001001000
0000111100011110
0000111101010100
0001000101101110
0001010101010000
0001100110100000
0010000100101110
0010001100101110
0010010101100010
0001110110111000
0001101101101000
0001101011000110
0001101110111000
0001111001110100
0010000111101010
0010011100010000
0010010000100000
0010001110110100
0001111010101010
0001101111010100
0001101110111000
0001110001110100
1110111111001010
1111110111010100
0000110010011011
0000100110000000
0000110000111100
0001011111101000
0001010010101110
0000111011111000
0000110100111010
0000101101111110
0000101010111110
0000111100111000
0001000001110110
0001010000001111
0001110010100010
0010001110010110
0010011100010000
0010010010110100
0001011001101100
0001001010110010
0000110001111100
0000100100100010
0000100010100010
0001000000010110
0001100100100110
0001110101100000
0001110011000000
0001001111010000
0000111111110110
0000101001111110
0000100111100000
0000100011100010
1111100010000111
0001100010000100
0010010100110010
0001001001001000
1111101000101110
1111111101100000
0000000000000000
1111000111011110
1111011011011100
1111100111111010
1111000101000000
1110100101011010
1111001010110100
0000001001111110
0001000111011110
0010011100010000
0010010111010000
0001000110101010
0001011000111100
0000110111101100
0000101110100010
0000001001111110
1111111101100000
0000100011110000
0001000010100000
0001101111011000
0001100110001110
0000011011011100
1111100111111010
1110010110011100
1110000111100000
1101111100101100
1111100110010110
0010000111110000
0010011100010000
0000101100110010
0000011011000000
1111110100101110
0000000010011010
0000001011111110
1111111001100000
0000010110111010
1111110100101110
1110010100111110
1110010111000011
1110111010100110
0000011011101100
0001001111101010
0001100100110111
0001100000110000
0001001010001100
0000110010010000
0000101110110110
0000011000111110
0000001001001110
1111111110111110
0000101010000100
0001110101111110
0001101111110100
0000111001000110
1111110111011100
1110111010100110
1110011000011010
1101110000000100
1111010001101000
0001011100110000
0001101101001010
1111110010011100
1111110111011100
1111001001000100
1111100111000010
1111001011111011
1111011011101000
1111011011101000
1110100001000110
1110010110011010
1110010111110110
1110110101110100
0000001000100100
0001011111100110
0001101010010100
0001100110000010
0001100011001100
0001001010001100
0000111000011000
0000100101110100
0000010110001000
0000100101000110
0001010011011110
0010011100010000
0010001001000000
0001010111000010
0000111011111100
1111010000111010
1110001010010010
1110000000010010
1111010111101100
0000001111001000
1111111010111110
0000010100001010
0001011010101110
0001011010101110
0000011110010000
0000011001001100
0000001010000110
1111101011110110
0000000000000000
0000001010000110
0000001111001000
0000010100001010
0000000000000000
0000100011010010
0000001111001000
0000101000010100
0000110010011010
0001000001100010
0001111110000000
0010010010001010
0010011100010000
0010001101001000
0001111110000000
0010001101001000
0010010111001110
0010010010001010
0010010010001010
0001111000111110
0001101001110110
0010000011000100
1111011101110100
0000011000011010
0000000100111000
0000011101010100
0001100110100010
0001110000010100
0000111010100110
0000011101010100
0000011000011010
0000001001110000
0000001001110000
0000000100111000
0000011000011010
0000011000011010
0000100010001100
0000100111000100
0000100010001100
0000110101101110
0001000100011000
0001010111111000
0001111110111100
0010001000101110
0010011100010000
0010011100010000
0010001101100110
0010001101100110
0010011100010000
0010010111011000
0010010010100000
0001101011011100
0001111010000100
0010010010100000
1110111110100110
0000000000000000
0000111010001000
0000100111111110
0001010111001110
0001110000101010
0001001111111100
0000101111010000
0001000001011010
0000011101000100
0000101111010000
0000110110100000
0001000101000010
0001010111001110
0001111111001011
0010011000101000
0010011100010000
0010001101101110
0001010111001110
0000100111111110
0000011001011100
0000000111010010
1111100010111100
0000101011100110
0001001000101100
0001110000101010
0001001100010100
0000111101110001
0000110110100000
1111111000101110
0000011101000100
0000011101000100
1101100011110000
1101100011110000
1101100011110000
1101100011110000
1101100011110000
1101100011110000
1101100110100010
1101100110111110
1101100110111000
1101100110101000
1110100111011100
0000100111101100
0001111000011000
0010010001111000
0001001101011100
0001001011101110
0001010110100000
0000000101011110
1111111010111100
1111101010001010
1110111011010010
1110011000111110
1101100011110000
1101100011110000
1101100011110000
1101100011110000
1101100011110000
1101100011110000
1101100011110000
1101100011110000
1101100011110000
1101100011110000
1101100011110000
1101100011110000
1101100011110000
1101100011110000
1101100011110000
1101100011110000
1101100011110000
1101100100101110
1101100100111100
1101100100110100
1101100100110100
1110101010010100
0000011001011100
0001001000111110
0010000110111100
0001100101100000
0001100011001100
1111111101001000
1110001100011111
1101111111001110
1101111011111100
1101110100000010
1101101110101000
1101100011110000
1101100011110000
1101100011110000
1101100011110000
1101100011110000
1101100011110000
1101100011110000
1101100011110000
1101100011110000
1101100011110000
1101100011110000
1101100011110000
1101100011110000
1101100011110000
1101100011110000
1101100011110000
1101100011110000
1101101011000010
1110001011110111
1101111110110100
1110000110001000
1111001011011000
1111100111000000
1111010110001100
1111010001010010
1111010010101100
1111001010000000
1110111101001010
1110000110101000
1101101010001010
1101101011111010
1101110101101000
1101111110010100
1101100011110000
1101100011110000
1101100011110000
1101100011110000
1101100011110000
1101100011110000
1101100011110000
1101100011110000
1101100011110000
1101100011110000
1101100011110000
1101100011110000
1101100011110000
1101100011110000
1101100011110000
1101100011110000
1101100011110000
1110000111011110
1101111110100010
1101111010000100
0010011100010000
0010011100010000
0010011100010000
1110101011001101
1110011001010100
1110011001010100
1111010011010110
0010011100010000
0010011100010000
1110011101110010
1101110101100110
1111000101111110
1111000101111110
1101100011110000
1101100011110000
1101100011110000
1101100011110000
1101100011110000
1101100011110000
1101100011110000
1101100011110000
1101100011110000
1101100011110000
1101100011110000
0010011100010000
0010011100010000
0010011100010000
0010011100010000
0010011100010000
0010011100010000
0010011100010000
0010011100010000
0010011100010000
0001101010011110
0010011100010000
0010011100010000
0010011100010000
0010011100010000
0010011100010000
0010011100010000
0010011100010000
0010011100010000
0001110111110110
0000111101110100
1111000101101010
0000000011101100
1111000101100011
1111110011011010
0000011001010100
0000101010110100
0000111100101110
0010011100010000
0000001001100100
0000010110010100
0000011100101100
0000010110010100
0000010110010100
1111010000001010
0000001001100100
0000101111110110
0000001001100100
0000110110001101
0001001001010110
0001110110000000
0001101001001110
0010010101111000
0001100010110110
0001101111100101
0010010101111000
0010010101111000
0010001111100000
0010011100010000
0010011100010000
0010001001001000
0001100010110110
0000101111110110
0000111100100110
0000101111110110
0000100011000100
0000011100101100
0000100011000100
0000001001100100
1111010000001010
1110110000010010
0000000010011110
0000010011110110
0000110100000101
0000100010101110
0000000000000000
1111110110000110
1111111101100010
0000011101110000
0000011101110000
0001011110010000
0010001101011000
0010001101011000
0010001101011000
0010011100010000
0010001111110110
0010001101011000
0001110100100100
0001010110110100
0001001111011000
0001110010000110
0001001100111000
0000110110100100
0000100000010000
1111110110000110
1111111011000010
1111111000100100
1111110011100110
1111010011010110
0000000000000000
0000010110010100
1111000100011110
1110101011101100
0000001111010010
0000100100011010
0001011100110100
0000110100111000
0000010011111110
0000010011111110
0000011011000001
0000100110110010
0000011111101110
0001011100110100
0010010101001100
0010010111100100
0010010010110110
0010011001111010
0010010101001100
0010010000100000
0010011100010000
0010010101001100
0010000010011010
0001110110101010
0001000111101010
0000011011000001
0000011000101010
0000001100111100
1111101100000010
1111001111110111
1111100111010110
1111011001001110
0000010001101000
0000110100111000
0000001000001110
1111001000110010
0000001111001000
1101100011110000
1101100011110000
0010011100010000
1110000011000000
1101100011110000
1101100011110000
1101111101110010
1101100011110000
0001000010000010
0001110010011000
0000110101001010
0000101110101110
0000100001110100
0000001110011111
1111111011001010
0010000010011110
0010011100010000
0010000101101100
0001100101011110
0001011111000010
0010011100010000
0010010101110100
0001111100000001
0000001011010010
0001000010000010
0010000101101100
0001011111000010
0000110101001010
0001001000100000
0001000010000010
0000111011100110
0000001000000100
1111001110000100
1110100100001100
1111001110000100
0000100001110100
0000010001101110
0000010100111100
0000010001101110
1111000111101000