1110001011010110
0000110010011010
0001000010111110
0001001011100110
0001110110110100
0001100011011000
0010000000111000
0001111101010010
0000110110101110
0000111001100110
0000011010101010
0000110011001000
0000001100111110
0001000000000110
0000101110000110
0001010100111101
0001011001010010
0001111111011100
0010011100010000
0001110111100010
0010000111011000
0001111000111110
0001111010011010
0010000011110010
0010000011000100
0010010101000100
0001111110000000
0001111001101100
0001010100111101
0001001111111100
0001000100011010
0001000100011010
1110011101101010
0000011100111110
0000100110100000
0001001010001010
0001011001011100
0001101011010000
0010000100000100
0001100110001010
0000110011111000
0000100101001110
0000100101111000
0000100010000100
0000110001010100
0000110101110010
0000110100100000
0001000110010110
0000111111111110
0001100101100000
0001110000111110
0010011100010000
0010010001011100
0001011011111110
0001011101010000
0001111001010000
0010000110101000
0001110010111000
0001111011001010
0001100010010110
0001001010110010
0000110110011010
0001000110111110
0001000001111000
1110110100110010
0000011101110010
0000100011010100
0001010010100100
0001011000000110
0010001000000000
0010010010011100
0001001110111010
0001000101000100
0000010101110010
0000101101001000
0000010011111110
0000110010000010
0000011000111000
0001000101101100
0000110010101010
0001100100011000
0001011001010110
0010011100010000
0010011011000010
0001111010011110
0001111001111000
0001100110110110
0001110000101010
0001101111011011
0010000011101100
0001010001010101
0001011110110110
0001000110111010
0001010001111110
0000111010101000
0001000000001010
1110111100110000
0000100011001110
0000100011111000
0001100000000100
0001100000101100
0010011100010000
0010011011101000
0001001000011000
0001001010010010
0000100000000010
0000100101001010
0000011110110000
0000100101110010
0000111001101000
0001000101001010
0001010001010100
0001011111011010
0001110101001100
0010001000011010
0010000000000100
0010010101001110
0001110000101110
0001110111110000
0001101000011000
0010000101001100
0001101001101010
0001111100001110
0001100010101000
0001010111101110
0001000011111000
0001010101110100
0001000101001010
1111000100101100
0000100110010000
0000100101101000
0001011111000010
0001011010100100
0010001100010100
0010001011000010
0000111011111100
0000111010000010
0000101010101101
0000101010101101
0000100100010110
0000100101000000
0000111011010100
0000111110100000
0001000101100000
0001001001111110
0001100101011010
0001101101000011
0010010000110010
0010011100010000
0001110110101000
0010000000110100
0001111111100100
0010001110001110
0010000110100100
0010010101010000
0001101011001010
0001101010100000
0001001000000100
0001011010100100
0001000100010000
1111010111100010
0001001101011010
0001001100000000
0001111001011100
0001110100011101
0010000110001110
0001111110011010
0000111100011000
0000110001000000
0000110010011011
0000101001001100
0000011111111110
0000010110101110
0000011101001000
0000011110100010
0000011010010001
0000011000001001
0001001000011100
0001000111000010
0010001011111010
0010001001000100
0010011100010000
0010011010001000
0010000110111100
0010000100110100
0010011000101100
0010011010001000
0001111101000000
0001110010010110
0001010010011000
0001010010011000
0001001101011010
1111000111110010
0001001101011010
0001010001000001
0000010101001100
0000100011000010
0001010110001010
0001011011010010
0000011010010001
0000010101001100
1111100111001100
1111010011011111
1111100010000100
1111011011100000
1111100001010110
1111101010110100
1111011111111000
1111011110011010
1111110011100110
0000101000111000
0001001011111100
0010000001010000
0010000111000100
0010000010101100
0001100111101100
0001100100000010
0010011001010110
0010011100010000
0001110001001010
0001100010100100
0001010100101100
0001001101011010
0001001010011110
1110011001101000
0000110101111000
0001000110000010
0001000110000010
0001111011111100
0001110110100010
0001111011111100
0001110001001010
0000100101101110
0000111011010010
0000010000001010
0000110101111000
0000100101101110
0001000110000010
0001000110000010
0000111011010010
0001010110001110
0001011011100110
0010011100010000
0010010110111000
0001100110011000
0010000001010100
0001010000110100
0010000110101100
0001111011111100
0010001100000110
0010010001011110
0001001011011100
0001010000110100
0000110000100000
0001010000110100
0001000000101010
1110000100010100
0000101101100100
0000111010100110
0001001110001000
0001101000001010
0001011011001010
0010001000101110
0001110101001100
0000101101100100
0000110100000101
0000100000100100
0000101101100100
0000000110100000
0000111010100110
0000100111000100
0001011011001010
0001010100101000
0010001000101110
0010011100010000
0001111011101100
0010001000101110
0001101110101100
0010001000101110
0001111011101100
0010001000101110
0010011100010000
0001010100101000
0001101110101100
0001001110001000
0001011011001010
0001010100101000
0001001110001000
1111000010101110
0000100100110000
0000100100110000
0001001111101010
0001001100100110
0001101011001110
0001101000001010
0000011110101000
0000011011100100
0000011011100100
0000010101011100
0000011000100000
0000011000100000
0000101010111010
0000100100110000
0000011011100100
0000100100110000
0001000110011110
0001001001100010
0010010011000100
0010011100010000
0001110111100000
0010000110110100
0001110100011010
0001110100011010
0001111101101000
0010010000000000
0001111010100100
0001011011111001
0000110001000010
0001000110011110
0000110111001010
1101100011110000
1101100011110000
1101100011110000
1101100011110000
1101100011110000
1101100011110000
1101100011110000
1101100111010010
1101101000101110
1101110100010010
1110110001111100
0000110001111100
0000110000111010
0001001000111010
0001110001101010
0010010010111100
0010010010111100
0001101010000000
0001000000001110
0000011000010011
0000011011011010
1111011000110100
1110000110000110
1101110011000100
1101101110101110
1101101101000100
1101100011110000
1101100011110000
1101100011110000
1101100011110000
1101100011110000
1101100011110000
1101100011110000
1101100011110000
1101100011110000
1101100011110000
1101100011110000
1101100011110000
1101100011110000
1101100011110000
1101100110010110
1101100110100110
1110011011101000
1110011100101100
1111110011111000
0000001101110000
0001000110100000
0010001010000010
0010010011101010
0010001100101010
0001101100001100
0000101001100000
1111010001100001
1111001011010000
1110100011010110
1110000001011000
1101111100010010
1101111010010000
1101110100010010
1101100011110000
1101100011110000
1101100011110000
1101100011110000
1101100011110000
1101100011110000
1101100011110000
1101100011110000
1101100011110000
1101100011110000
1101100011110000
1101100011110000
1101100011110000
1101100011110000
1101101110001010
1101101110001010
1110101000100000
1111100101011100
1110011110100000
1110010110010000
1111000110101100
1110110100011110
1110101111110010
1101111100110000
1110000000011000
1101111111111000
1101101001011110
1101111011101100
1110001000101110
1111000100101000
1111101101010000
1111100111100000
1111100000001110
1101100011110000
1101100011110000
1101100011110000
1101100011110000
1101100011110000
1101100011110000
1101100011110000
1101100011110000
1101100011110000
1101100011110000
1101100011110000
1101100011110000
1101100011110000
1101100011110000
1110000111011110
0010011100010000
0010011100010000
0010011100010000
0010011100010000
0010011100010000
1110110100000110
1101111010000100
1101111010000100
1101111010000100
1110010100110110
0000100011101110
0000001000111100
0000010001110110
0000010001110110
1110111101000010
1110001011111100
1110100110101110
1110101011001101
1101100011110000
1101100011110000
1101100011110000
1101100011110000
1101100011110000
1101100011110000
1101100011110000
0010011100010000
0010011100010000
0010011100010000
0010011100010000
0010011100010000
0010011100010000
0010011100010000
0010011100010000
0010011100010000
0010011100010000
0001001010010110
0001001111001000
0001001101111110
0001001110000010
0001001100001100
0001010010101110
0001010000000010
0001000111111100
0001000111001000
0001100100110110
1101111100110000
1111001000110110
1110010001110010
1111111001000110
1111110000011110
0000000101001010
0000010110011000
0001111010011010
1110011101111110
1111011111111110
0000101011101100
0000110011011100
0000001110100100
1111111001001110
0000000010111001
0000100001111110
0001011000010100
0010001100101110
0010001000110110
0001111011001111
0010011100010000
0010010100100000
0001100011111110
0001010000100011
0001100010000010
0001100111110110
0001101111100101
0001001010101110
0000110011011100
0000111011001100
0000110011011100
0001001100101010
0000111111000110
0000110011011100
0000101111100100
0000110001100000
0000101111100100
0000101101101000
0000001100101000
1111011111111110
1110100000011100
1111010100000000
0001000100010000
0001010011011100
1111110101011000
1110010001010000
1111110101011000
1111111011011100
0000110101000110
0010011001001110
0010011100010000
0010000011111110
0010000000111100
0001111010111000
0010000111000000
0001001101011000
0001101011101110
0001110111110110
0010000111000000
0001010011011100
0001010110011110
0001000001001110
0001000001001110
0001011111100100
0000000001100010
0000101000111110
0000011111110110
0000101000111110
0000110010000100
0000011100110100
0000000100100100
0000000111100110
1111110010010000
0001010010011010
0001101111100101
0001110100110000
0000110001110010
0000001010010100
0000011001110000
0000010100100110
0001001001110110
0010011100010000
0010001110100000
0001111000001100
0010010001111100
0010001110100000
0001001011100100
0001000100101100
0001000100101100
0001100011100110
0001101111100101
0001010010011010
0000101110011000
0001000010111110
0000101010111100
0001000001010000
0000011001110000
0000001100000010
0000000011011100
0000011011011110
1111110011111110
0000100000101000
0000010100100110
1111011000100000
0000101111100110
1101100011110000
1101100011110000
0010011100010000
1101100011110000
1101100011110000
1101100011110000
1110010111110110
1101100011110000
1110110110011110
1111101001000010
0000100100110000
0000101101111110
0000010110111110
0000010010011000
1111110010001110
1111111001000110
1111101111111010
0000110111001010
0001110000100110
0010000101010010
0001111001110010
0010001001111000
0010011100010000
0001000111001110
0001110101001100
0001010010101110
0001001011110100
0001011001101000
0000101101111110
0000001101110010
0001101001101100
0001100010110100
0000010010011000
0000011001010010
0000001001001100
0001101100000000
0001010111010100
0001100101000110
0001000000010110
1111011111110110