1111001001111110
0000111101011010
0001011100010010
0001000100000000
1111110011001000
1111000000011011
1110010001010110
1110010011100010
1110000010101000
1101101100100100
1110001110011010
1110001110011010
1111001010101100
1111110100100110
0000111110111000
0010000011010000
0010000110001100
0000111110001000
0000101111011100
0000110111100000
0001001111000010
0001110100100010
0010001100110100
0001111110110110
0001110011000100
0001101111011010
0010000110001100
0010011100010000
0010001110010010
0001011011100010
0001001111000010
0001000001110100
1111001010111010
0000110101000110
0001110011101110
0001001110111010
1111010011100000
1111011000011010
1110000000000000
1110011010011010
1110000110001000
1110011001001010
1101111101100010
1110010111111100
1110101110000010
1111001010010010
0000010111101000
0001001101101010
0001101100111110
0001011000000110
0000010101001100
0000000010110000
0000010011111110
0000101000110100
0001011001111100
0010000011000110
0010001111010110
0010000011101100
0010001101100000
0010011100010000
0010010110101110
0001111100010100
0000101101110000
0000101101001000
1111010001011100
0000111001110100
0010000110011100
0001100100000101
1110111010111110
1111000111100001
1101111110001100
1110000100110010
1110000101011100
1110001110000010
1101111100110110
1101111111100000
1110010011010100
1110111000010100
1111101111001010
0000011100000101
0001011111011110
0001101010000010
0000110101110110
1111110110011010
0000001011100100
0000011110000011
0001000000011010
0001110100100111
0010011100010000
0010001111000010
0001111111110110
0010010100010100
0010001111101100
0010000111110010
0001010010010000
0000100110101010
1111011000100010
0001001111010010
0001110000011110
0000111101011000
1111101010011100
1111000001111110
1110001001100100
1110001101100100
1110000000010010
1101111100010100
1101101100011000
1110000010010010
1110010111100001
1110110010000010
1111011101001010
0000010110111000
0001010101111010
0001100010100010
0000111010101110
0000010000111010
0000001101100101
0000100101100000
0001000111010100
0001111011110000
0010010100010010
0010011010010000
0010001111101010
0010010011101000
0010011100010000
0010001100010100
0001101101110100
0001000000101100
1111100010010010
0001001010000000
0001001111101110
0001010111010100
1111001010001110
1110110111111000
1110011101010100
1110101000101100
1101101011010110
1101100101101010
1101110000011010
1110001100010000
1110011000111000
1110110101010110
1111001001100110
0000011101101110
0001011001001100
0001101010010010
0000111111010000
0000100000111010
0000000011110010
0000101110001011
0001000011101100
0001110100011010
0010011100010000
0010000110110000
0001111110100010
0010001101000100
0010000010010100
0001110110010010
0001100000110001
0000110010100101
0000001100001100
0001101111100101
0010011000001100
0010010001011100
1111001110101000
1111010110000100
1110110100010000
1110010101110100
1101111010000100
1110001100010110
1110001000010010
1110000110010000
1110000111100111
1111000000011011
1111100011100110
0000001000110010
0001101010001100
0001111011000101
0001011100101010
0001001111110100
0000110100110000
0001001011000110
0001010111111100
0010001001010100
0010011100010000
0001111011110010
0001100000101110
0001101100001110
0001101100111001
0001100111100000
0001001101001000
0000110000101100
0001001010100000
0001011111111000
0010011001001100
0010001100111110
1111111110000110
1111010100000100
1111001011101010
1110100000111000
1110000110001000
1110000110001000
1110000110111010
1110110100110000
1111011010001100
1111101001011110
0000001011110110
0000100110100110
0001111000010110
0010011100010000
0010000100100100
0001010111100000
0001000111011100
0001100010001100
0001110101010010
0001111001000110
0001110100100010
0001100001011001
0001011010100010
0010010010010100
0010001011011100
0010001100001110
0000110100010110
0000101000111000
0000010110010100
0001000010111110
0001011001010010
0001101000001010
1111111000100100
1111101001101100
1110101110001010
1111000100011110
1111100010010000
1111011010110100
1111100010010000
1111011010110100
1111111000100100
0000001110111000
0001100000101110
0010011100010000
0001111110100000
0001010001110110
0000111011100010
0001100000101110
0001110111000100
0010001101011000
0000111011100010
0000010110010100
0001000010111110
0001010001110110
0001111110100000
0001110111000100
0001110111000100
0000101100101010
0001110111000100
0001000010111110
1111110011111110
0001001100001000
0000111100000110
0001001100001000
0000101100000011
1111101011111110
1111101011111110
1111010011111101
1110100011110110
1110101011111000
1111000011111010
1111101011111110
1111011011111100
0000100100000100
0000110100000101
0001111100001011
0001110100001100
0001010100001000
0001010100001000
0001101100001100
0001101100001100
0010011100010000
0010001100001110
0010000100001110
0001111100001011
0010000100001110
0010000100001110
0010000100001110
0001111100001011
0010000100001110
0000101100000011
0001000100000110
1111100100011100
0001000111101100
0001011010000100
0001010010101110
1111011001011010
1111010010000010
1110110000111110
1110111111101010
1101100011110000
1110000001001010
1110001000100000
1110010011100010
1110111100000000
1111010010000010
1111101011110011
0000100010111100
0001100001011100
0001101000110010
0001000000010110
0000101101111110
1111111110001010
0000110101010100
0001000111101100
0001110111100000
0010011100010000
0010010001001110
0001111110110110
0010010001001110
0010011000100100
0001111110110110
0001101100011110
0001011010000100
1101100011110000
1101100011110000
1101100011110000
1101100101001100
1101100101000010
1101100101001100
1101100101110010
1101101010001000
1101111001001000
1110001010010110
1111000011011110
0000110011111011
0010001001101110
0010011000011100
0001101100011000
0000110010010100
1111110010001000
1111001001000110
1110111001111010
1110101111101010
1110100111010001
1110000110111000
1101111000101010
1101101110100010
1101100011110000
1101100011110000
1101100011110000
1101100011110000
1101100011110000
1101100011110000
1101100011110000
1101100011110000
1101100011110000
1101100011110000
1101100011110000
1101100011110000
1101100101101000
1101100101100100
1101100110000010
1101101001011110
1101101111010000
1101111100111010
1110001010100110
1110111000111100
0000111010110100
0010001111000010
0001111111100110
0001001110100100
0000010011101010
1111101000110001
1111001101001110
1110110010110010
1110011011110110
1110010110010110
1110000000100110
1101110011010110
1101101101111010
1101100011110000
1101100011110000
1101100011110000
1101100011110000
1101100011110000
1101100011110000
1101100011110000
1101100011110000
1101100011110000
1101100011110000
1101100011110000
1101100011110000
1101100100110010
1101101000111100
1101111110110100
1111101101110000
0000010010001110
1111011011100010
1111001010111000
1110110011111100
1110001100101110
1110001000111000
1110001011101010
1110001001111100
1110000000111010
1101111100011000
1101110010010100
1101110100000100
1101110000010000
1101101100110000
1101101011101110
1101101011100100
1101111110110100
1101100011110000
1101100011110000
1101100011110000
1101100011110000
1101100011110000
1101100011110000
1101100011110000
1101100011110000
1101100011110000
1101100011110000
1101100011110000
1101100011110000
1110000011000000
1110000111011110
0010010011010100
0010011100010000
0010011100010000
0001001011111010
1111100000110000
0001100010001110
0010000001011110
1110000011000000
1110000011000000
1101101100101100
1101100011110000
1101100011110000
1110100110101110
1110011001010100
1110001011111100
1110000111011110
0001010000010110
1110100010010000
1111010111110100
1101100011110000
1101100011110000
1101100011110000
1101100011110000
1101100011110000
1101100011110000
1101100011110000
1101100011110000
1101100011110000
1111000101010100
1111001100011000
1111010001000110
1111010110111010
1111011001111110
1111011000100010
1111010101100000
1111001011100000
1111000000001000
1110101001010000
0000101111110010
0000110001110010
0000110101011110
0000111001100100
0000111101100010
0001000100001100
0001010000010100
0001011000010110
0001100011100111
0001100000001000
1111011100100110
0000000111010110
1110111110000100
1111101011111010
0000100101011010
0001101001110010
0010000010101010
1110101010000100
1111001011111011
1110101011001010
1111011011001000
1111101111000010
1111011101011110
1111011101011110
0000101110001110
0001010110000010
0001000111111110
0001011011111000
0001100110011010
0001100000100100
0001010001010101
0001100101010000
0001011110001110
0001100111100110
0001100101010000
0000110101010000
0010011100010000
0010010001101110
0001111010010100
0010000100110110
0001101101011100
0001110101101000
0001110000111100
0010010101001110
0001101111110010
0001110110110010
0010001110001110
0001110000111100
0001010111001100
0000001001111100
0000110101000110
0000101001111000
1111111010111011
0000010100011100
1111101100100110
0000001101010010
0001001011100100
0001011010111000
0001100111001010
0001111011100011
0010011100010000
0010001001111000
0001101001001100
0001111000100000
0010000010101110
0001100011000100
0001111001100010
0001010111110100
0010011010001110
0010010100000110
0010001101111100
0010011011001110
0010000001101100
0001111100100110
0010001110111110
0010001101111100
0001111001100010
0001101110010010
0010011010001110
0010000110110100
0010001000110110
0000111000001010
0000111000100010
0001011101000010
0001000110110010
1111111000011100
1111101111100010
1111111100000000
0000111101000000
0010000110000000
0010000001100010
0001111010011010
0010011100010000
0001110001100000
0001100100001010
0001011001011110
0001011111101110
0001100110110110
0001001110110010
0000101001011010
0001001111101100
0001010110110100
0001011100001010
0000111101111000
0001000010010110
0001001101000000
0001001111101100
0001001000100100
0001001101000000
0001010101000010
0001001101000000
0001010011010000
0001000000100100
0000001100111010
1101110001100100
1101100011110000
1101100011110000
0010011100010000
0000000000000000
1101100011110000
1101100011110000
1111101011001010
1101100011110000
0000001110111110
0000010011010000
0001001111001100
1111111101111000
0000010011010000
0001000110101000
0001010011011110
0001001111001100
0010011100010000
0010001011001000
0001110101101110
0001110101101110
0000100100011000
0000101000101010
1111111101111000
1111101100110000
0000100100011000
0000111110000100
0000110001001110
0001000110101000
0000110101100000
0000001110111110
0000101100111100
0000111001110010
0000110001001110
0000111001110010
0001001010111010
0001001010111010
1111110101010100
0000010011010000
0000001110111110
1111101000011110