1110110110101010
1111110101100110
0000111101001100
0001001110100100
0000001011101110
1110111011011100
1110101001101000
1110101001001100
1110110011101000
1111001000011100
1111010010000000
1111100111010000
1111100010100000
1111010010000000
1111110101100110
0000000001010100
0000011111010000
0001100010100010
0010010000000110
0010000011100000
0001010010111010
0001001011100010
0001010001100110
0001101100111100
0001110011111000
0010011100010000
0010001101000100
0001100010111110
0001001000111010
0001001001010110
0001001100011000
0001001100110100
1110101101001100
1111101111101100
0000110111000100
0001001011111000
0000011001010010
1111010011100010
1110110110100100
1110101101001100
1111000000010110
1111000010000000
1111010000010010
1111101010011000
1111101001111111
1111100101111001
1111100000001100
1111111010101100
0000000010000010
0000001111100000
0001011000111100
0001100011100010
0010001110110010
0001111101101010
0001100001000101
0001110000111111
0001111000110000
0010011100010000
0010010101101110
0001101011010010
0001010100000001
0001010101010000
0001011000111100
0001011101011100
1110101000110110
1111101101000000
0000101111010110
0001000010001000
1111111010010010
1111000000101000
1110100001000100
1110100110100100
1110100111000000
1110100001100010
1110110001000100
1111010001000110
1111000100010010
1110111101011100
1111100100010100
1111101010010010
1111101011001100
0000010000010000
0000101111110100
0001110011111111
0010000010101000
0010001100010000
0010000010101000
0001110000010100
0001011110111100
0001110101010110
0010011100010000
0010011010111000
0001010011100000
0001001110000000
0001100010100110
0001010101110010
1110110100110010
1111110100011100
0000101111010000
0000110111111100
1111010000110000
1110100111010001
1110010011000000
1110101000101110
1110100001000000
1110010011111110
1110110010010110
1110110010010110
1110110001111000
1110101100100100
1111000000010110
1111011011110110
1111011010011000
1111110111010100
0000100101101000
0001010001000001
0010010011100100
0010011100010000
0010000000110000
0001100101110000
0001101010000110
0001101101011110
0001111111010100
0010000010101100
0001010011111010
0001000010000100
0001001011001110
0001000101111100
1111000010100000
1111111100000100
0001011111010110
0001010001001110
1111101101111100
1110101010010000
1110010101111100
1110011101110110
1110000001000110
1110100001010000
1110011010011110
1110010111101011
1110101100100010
1110101111010110
1110110100011010
1110101001101100
1111001100000110
1111101111000100
1111111001110010
0001010010111010
0010011100010000
0010011010100100
0001110011101000
0001100111110010
0001011001001000
0001101000111010
0001111110010110
0001111001110110
0001000100110100
0001001000001100
0001011110001100
0001000011101100
1110100111000000
0000100000111110
0001010111000010
0000100000010100
1110111110000100
1110101100010010
1110000110101100
1110000111010110
1110010000100110
1110100011101100
1110010100100010
1110101101100110
1110111100110000
1110111001011110
1110101011101000
1110101010010010
1110101010010010
1111000011010110
1111111110000010
0001011110111100
0010010011000010
0010011100010000
0010001001001000
0010000010100010
0001001001110110
0010010010011000
0010001011000110
0001110011010111
0001001011110100
0001000001010010
0000110111011000
0001101010001010
1110101010100010
0000010010111100
0000010111111110
1111010100110000
1110101001001000
1110011011100010
1110110000111110
1110111010010010
1110000011001110
1110001011110010
1110011111110100
1110011111110100
1110111000110110
1110101111100100
1110101000011010
1110100001111110
1110101010100010
1110110000010010
1111001111000000
0000110010011010
0010011100010000
0010010100011000
0001110111000100
0010000010100000
0001100000111010
0001001010101110
0000111110100100
0000101010100011
1111110011100000
0000001000111100
0000010010010000
0000010010111100
1111111010110010
0000100100011110
0001011101110000
0001100010111110
0000010100110110
1111110000011000
1111010001001000
0000000101001110
0000000000000000
1111101011001010
0000010100110110
0000001010011010
0000010100110110
0000011111010000
0000101110111000
0000100100011110
0001011000100010
0010001100101000
0010000111011010
0001110010100110
0001110010100110
0001101000001010
0001011000100010
0001111101000000
0010000010001110
0010011100010000
0010010001110110
0001101000001010
0001100010111110
0001011000100010
0001100010111110
0001011101110000
1111010110111000
0000010011001100
0001000100100010
0001010100111101
0000001101101110
1111100111010110
1111001011111011
1111011100011000
1111100001110110
1111110010010010
1111101100110100
1111110111110010
1111010110111000
1111100001110110
0000011110001010
0000011000101010
0000101001001000
0010001011110100
0010011100010000
0001110101111000
0001010100111101
0001011111111100
0001001010000000
0001100101011100
0010001011110100
0010001011110100
0010000110010100
0001110101111000
0001001111100000
0001011010011110
0001011010011110
0001100101011100
1110011101100000
1111011110000010
0000100101011000
0000110110010110
1111110101110101
1110101011000110
1110101110011110
1110101110011110
1110001001001000
1110111000101010
1110110101010010
1111011110000010
1111001001101010
1111001101000100
1111010111010001
1111011110000010
1111101000001110
0000010000111110
0000100001111110
0001100101111010
0001110011100000
0010000100011110
0001111010010010
0001101001010100
0001011011101110
0001100101111010
0010011100010000
0010011100010000
0001000000100010
0001010100111010
0001100010100000
0001010100111010
1101100011110000
1101100011110000
1101100011110000
1101100011110000
1101100011110000
1101100011110000
1101100011110000
1101110010011110
1101101101011010
1101110110101000
1110101110010100
0001000011011100
0010001110011100
0001101100011000
0000110001011110
0000000101110000
1111101001101100
0000000100011000
1111101110110000
1111010010001110
1110101100011110
1110010111110000
1110001100101110
1101111100100110
1101111000000000
1101101110010110
1101101101111000
1101100011110000
1101100011110000
1101100011110000
1101100011110000
1101100011110000
1101100011110000
1101100011110000
1101100011110000
1101100011110000
1101100011110000
1101100011110000
1101100011110000
1101100011110000
1101101011010010
1101101010000100
1110110001010100
1111011111010000
0000100010000000
0010001110001000
0001101111111110
0001000000100100
1111111110001110
1111001011101010
1110110111010110
1110101001100000
1110011111000110
1110010010110000
1101111100110110
1101111000011100
1101110010000000
1101101111001000
1101101111010000
1101101100111100
1101100011110000
1101100011110000
1101100011110000
1101100011110000
1101100011110000
1101100011110000
1101100011110000
1101100011110000
1101100011110000
1101100011110000
1101100011110000
1101100011110000
1101100011110000
1101110011011000
1101101110001010
1110101011101000
0001110111010000
1111110001110000
1111101010001000
1111100110011000
1111101111001000
1111110100011100
1111110100011100
1111000111001000
1110110001100100
1110010011010001
1110100011100000
1110000011010100
1110001001110000
1110011010111100
1110001001010000
1110000111001010
1101110000010000
1101100011110000
1101100011110000
1101100011110000
1101100011110000
1101100011110000
1101100011110000
1101100011110000
1101100011110000
1101100011110000
1101100011110000
1101100011110000
1101100011110000
1101100011110000
1110000011000000
0010011100010000
0010011100010000
0010011100010000
0010011100010000
1110101111101010
1101110101100110
1110010000011011
1110000011000000
1101101100101100
1101101000001110
1101101000001110
1101101000001110
0000011111010000
1111110111000100
1101111110100010
1101101000001110
1101111010000100
1110001011111100
1110000111011110
1101100011110000
1101100011110000
1101100011110000
1101100011110000
1101100011110000
1101100011110000
0000000110110010
0000000010010010
0000000000101010
0000000000110100
0000000110011100
0000001110011000
0000001111101010
0000001010101110
0000000110101010
1111110110101000
0001110001000010
0001110111100100
0001110110110010
0001111011101101
0010000100000000
0010001010000010
0010010000010000
0010010001111000
0010010101110100
0010001001101100
1110100010010000
0000011001110000
1111010001001000
1111001111101000
0000100110110010
0001000011101110
0001110110101100
0010011100010000
1110000011001110
1110110011011100
1111010010111010
1111011011010100
1111110100011110
0000001001011100
0000011010001110
0000010011111100
0000011000001000
0000110111100110
0000110011011000
0000110001010010
0001010010110110
0001010100111100
0001010000110000
0001000100001010
0001001010011110
0001010111000010
0001101110000110
0010001011011110
0010000101001100
0010000111010010
0010011100010000
0010011010001010
0010000101001100
0001100101101110
0001011111011100
0001101100000000
0001011011001110
0000100010100110
0000011110011010
1111001110101110
1110100111111110
1110111011110010
1110100111111110
1111000010011001
1110110111011000
1111000000001100
1111000010011001
1111011000011000
1111101100001100
0000000110100110
1111110010110010
1111111011100110
0001000110011100
0001000100001110
0000000110100110
0000100111101000
0000110010101000
0000111111110100
0001100000110110
0001101011110110
0010011010000100
0010011100010000
0010000100000010
0010000110010000
0001111011001111
0010000001110110
0001110110110110
0001100011000010
0001011110101000
0000100011001110
0000011110110011
1111111001011010
1111101101001010
0000011010111100
0000001000000110
1110100100011010
1111001100110100
1111001111100000
1110101100100000
1111101111110110
0000111011010010
0001010011100000
0001011000111001
0001000110000010
0001111110101000
0010011001100100
0000111011010010
0001001000110000
0001101001000100
0010010100001010
0010010001011110
0010011100010000
0010010001011110
0001100000111110
0001101001000100
0001101011110000
0001110110100010
0001101011110000
0000101011000110
0001001000110000
0001000110000010
0001010000110100
0001010011100000
0000101011000110
0010000111111110
1101100011110000
1101100011110000
0010011100010000
1110000011000000
1101100011110000
1110000011000000
1110010010101000
1101100011110000
0000100011000100
0000011001100000
0000000000000000
0000011001100000
0000001100110000
0000001100110000
0000101100101010
0000010110010100
0000110110001101
0010001100010100
0001110010110010
0010011100010000
0010011001000100
0000110110001101
0000011001100000
0000101111110110
0001110010110010
0001100010110110
0001011100011110
0001001111101110
0010011100010000
0010011001000100
0000111100100110
0000010110010100
0000100110010000
0000101111110110
0001001100100010
0001110010110010
0001011001010010
0001101111100101
0000111111110010
1111110011010000