1110100101000110
0000001000010000
0001000101111000
0000111100000110
1111010111011100
1110101000001000
1110011101100110
1110010010010100
1110010101010110
1110010110000110
1110101110001000
1110111100011010
1111100100001110
0000100101100100
0001110111011100
0010010011010000
0010000001001110
0001010011011000
0001110010001100
0001111110001100
0001100101011010
0001000010000110
0000100001110100
0000010101000010
0000101011100100
0001001100101000
0001111000111100
0010010101100000
0010011100010000
0001110001011100
0001110111011100
0001101110011100
1110010010000010
0000000110011110
0001010100000110
0000111111101010
1111001011010000
1110101100100110
1110010000000000
1110001010100100
1110010100000110
1110010010101110
1110011100010000
1110110101011100
1111011110111110
1111111011100100
0001010110110100
0010000011110000
0001111010001110
0000110001011000
0001001100100110
0001011111101010
0001110011011010
0001001101010010
0000100001101100
0000011010001110
0000101000100000
0001000111110100
0001110111100000
0010011100010000
0010010011011010
0001101100100101
0001110000000000
0001100101110010
1110111000000110
0000110001011010
0001110100000110
0001001011001000
1111001101000000
1110101001101010
1110011011001100
1110000111111011
1101111100101010
1110001011111010
1110101101101010
1110111001101110
1111001000111110
1111110100010110
0001011001100100
0010011001110110
0010011100010000
0001001101100010
0001000001011110
0001110010011110
0001111111010101
0001110000111000
0001000011111000
0000111000101000
0000111000101000
0001011111111111
0010000011010110
0010010110101000
0010010001000000
0001101100000100
0001100111001110
0001101101101010
1110111110011100
0001001100111010
0001101010000100
0000101100100001
1110101011000000
1110010000010010
1110001001110100
1110000000000110
1101111000110100
1101111001100110
1110001010101000
1110010011100000
1111000011010010
1111011001001000
0000111111001010
0010001011010000
0010001111010010
0001000011001100
0000111100101110
0001100010110010
0010001110100000
0010000010010110
0001001011010010
0000111001011110
0000110010001100
0001001111010110
0010001100111000
0010011100010000
0010010110100110
0001101110111010
0001110110001100
0010010001101110
1111000101101110
0000100110111000
0001001110100010
0000101100100001
1110110110010100
1110010110110000
1101111110011110
1110000010100000
1110000010100000
1110000010100000
1110011000011000
1110011110000010
1111000000000010
1111101011110000
0000111111111110
0010000100110010
0010011100010000
0001101010111000
0000111000101010
0001011101111010
0010000011111110
0010000011001010
0001011111100010
0001000100000000
0001000101101000
0001011000010000
0010001000110100
0010010101110010
0010010000111010
0001101011101100
0001101001010000
0001110000100001
1111001101000000
0000111111111110
0001100010110010
0000100011101000
1110100100100010
1110011101001110
1110000111011000
1101101000100110
1101110111001100
1101110101100100
1110001000001100
1110001000001100
1110111100110100
1111010111100010
0000101110111110
0010010100001010
0010011100010000
0001011111100010
0000011111100100
0000110110010000
0001111001011100
0001111011110111
0001010100001011
0000100101010000
0000010001110100
0000110001011000
0001110000100001
0010010010100010
0010000001100010
0000111111111110
0001000001100100
0001010100001011
1111101001101100
0000110100011000
0001010001100010
0000001111000001
1110010100000011
1110011111111000
1110100000110010
1110100111001010
1110011000100110
1101111100010110
1110000000000000
1110100110010000
1110110000010010
1111001011101000
0000000011001100
0001000010000100
0001011100011110
0001011110010010
0000001100010100
0000011001000011
0000110110001101
0000110110001101
0000100011000100
0000100000010110
0000010111001110
0000111000000001
0001011001110000
0010010001010100
0010011100010000
0000111111010100
0001011010101010
0001011001110000
1110111000111110
0000001110001110
0001010000100000
0001000111000010
1111111011010000
1111000010011100
1110101111100000
1110100110000010
1110100110000010
1110101111100000
1111010101011000
1111011110110110
0000010111101100
0001010000100000
0010001001010100
0010011100010000
0001111111110110
0001011001111110
0001100011011100
0001110110011000
0001101100111001
0000100001001010
0000010111101100
1111101000010100
0000010111101100
0000010111101100
0000101010101000
0001111111110110
0001111111110110
0001010000100000
0001000111000010
0001011001111110
1110000011000000
0000011111010000
0001001011000000
0000111000010000
1111001110000000
1110101000100000
1110010101110000
1110011100000000
1110100010010000
1110101110110000
1111001110000000
1111000111110000
1111110011100000
0000111000010000
0010001111110000
0010011100010000
0001011101110000
0001010001010000
0010000011010000
0010001111110000
0001110000100000
0000010010110000
0000011001000000
0000011001000000
0000011111010000
0001001011000000
0001110000100000
0010010110000000
0010001111110000
0001110110110000
0001111101000000
0001011101110000
1110001110001100
1111110110010110
0001100010011000
0001001011001110
1111001111110010
1110110100110010
1110011101101000
1110001110001100
1110011101101000
1101111010111010
1110010101111010
1110110000111010
1111101010110010
1111111010001110
0001000111011000
0010010000101100
0001110001110100
0000011001000011
0000111011110011
0001011010101010
0010010000101100
0001000111011000
0000101100010111
0000101100010111
0000100100101010
0001000111011000
0001111101011000
0010011100010000
0010010000101100
0001100010011000
0001110001110100
0001010110110100
1101100011110000
1101100011110000
1101100011110000
1101100011110000
1101100110001110
1101100110010110
1101101111111100
1101111000110010
1101110010101100
1101101100110110
1101111001010010
0001100010100000
0010011000101000
0001111111011100
0001010100000110
0001000001111100
0000011011011000
1111011100110110
1111010101110100
1111001001000110
1110110000100100
1110010110001110
1101111010100110
1101101000101100
1101100111000000
1101100011110000
1101100011110000
1101100011110000
1101100011110000
1101100011110000
1101100011110000
1101100011110000
1101100011110000
1101100011110000
1101100011110000
1101100011110000
1101100011110000
1101100110000010
1101100110011000
1101111011011100
1110000000000000
1110001010100000
1101111110001010
1101111100001010
0001010010001000
0010000110110110
0001001110100000
0000000110000010
1111101101001000
1111011101011100
1111000000110110
1110101110011010
1110100001011000
1110010101110010
1101111101000110
1101101110110110
1101101000110010
1101100111011000
1101100011110000
1101100011110000
1101100011110000
1101100011110000
1101100011110000
1101100011110000
1101100011110000
1101100011110000
1101100011110000
1101100011110000
1101100011110000
1101100011110000
1101101110001010
1101101110001010
1110001111100000
1111010111011000
1111101101110000
0000000100001010
1111101100101110
1110110010010100
1111000001100000
1110100110101100
1110010100110110
1110010000110100
1101111111111000
1110000100010100
1110000111000000
1110001101010000
1110001110001010
1110001010001000
1110010000100010
1110010011101010
1110000110001000
1101100011110000
1101100011110000
1101100011110000
1101100011110000
1101100011110000
1101100011110000
1101100011110000
1101100011110000
1101100011110000
1101100011110000
1101100011110000
1101100011110000
1110001011111100
0010011100010000
0010011100010000
0010011100010000
1110010100110110
1111110111000100
0010011100010000
0010011100010000
1110010000011011
1110101111101010
1110000011000000
1101110001001010
1101101100101100
1101101100101100
1101111110100010
1101111010000100
0000001000111100
0001100110101100
0000001000111100
1110001011111100
1110000111011110
1101100011110000
1101100011110000
1101100011110000
1101100011110000
1101100011110000
1101100011110000
1101100011110000
1101100011110000
1111111000000110
1111101010110100
1111101011110110
1111100001100100
1111100011100100
1111011110010000
1111011100100000
1111010111101100
1111001000000100
1110110010011100
1111100010001110
1111100101001001
1111101100111110
1111110001101110
1111110110101010
1111111110000010
0000000010101000
0000001000110110
0000010010101110
0000011101001100
0001001111001010
1111011110111010
1101110101111000
1111010110110110
0001100111101010
0010001101101010
0010011100010000
0010011100010000
1111001011101000
0000000111001111
0000011000010010
0000010000100110
0000010111011010
0000100110110000
0001100001100000
0010001011001110
0001110011010111
0001101010000000
0001101001001010
0001001101000100
0001101010111000
0010011100010000
0001101111111110
0001011001110110
0001010011000010
0001010110011100
0001101011101110
0001011010101100
0001100100000100
0001010110011100
0000101110011010
0000110010101010
0000110010101010
0000111110100110
0001000010000000
0001000111000110
0000110110000011
0000010001011110
0000101010001010
0000001111110000
1110100100001100
1111100110001110
1111101010010000
0000001000000100
0000001010011110
0000100001110100
0001010110001100
0010010110101000
0010001110100100
0001101111111100
0001110111001100
0001100110010010
0001011000100101
0010001110100100
0010011100010000
0001111000000000
0001110100110001
0010001001101110
0001010010111110
0001010000100010
0000111000011000
0001010000100010
0000101001000100
0000100001110100
0000010100001000
0000010111010110
0000100111011110
0000101001111000
0000100011011100
0000011100001100
0000100101110110
0000001111010100
1111011110110000
0000100010000010
0000100001010000
0000010011010110
0000010010100100
0000001111011110
0000110001100000
0001101110101000
0010001000001000
0010011100010000
0010011001111100
0001001111101100
0001011001101110
0001101100010001
0010010100100000
0001010010000000
0001110000001010
0001110101100100
0001001000101110
0000100111011100
0000110110001010
0000100101001000
0000010100111000
0000000011111000
1111111100001000
1111110000100010
0000000101011010
0000000011000110
0000000110001100
0000000001100100
0000100001010000
0000001110101100
1111000100101000
1101100011110000
1101100011110000
0010011100010000
1101100011110000
1101100011110000
1101100011110000
1111110000011000
1101100011110000
0000000110001010
0000010100111010
1111100011101100
1111111100010100
1111110100111100
1111110000000000
0000011100010100
1111111001110110
0000010100111010
0000101011000100
0001000110001000
0000111001110100
0001000001001110
0001111110101110
0010011100010000
0000101111111110
0001000011101010
0000111110110000
0000011100010100
1111101011000110
1111110000000000
1111111100010100
1111110010011110
1111010111011011
1111110000000000
1111101011000110
0000001101100010
0000010111011000
1111101101100010
1111100001010000
1111110111011000
1110100110001100