1111000111001110
0000001010100011
0000101100010000
1111111001010110
1101111111111100
1101101101001010
1101100110111000
1101110001110110
1101110000010010
1110000011000110
1110000110001110
1110001010111010
1110001101010000
1110010110101010
1110100101100010
1111010010111110
1111110000101110
0000110100111000
0010000000000100
0010011010101100
0001111001000000
0001010000010010
0001100011110110
0001100111110010
0001001101001010
0000110001101110
0000100110000000
0000110110011100
0001000110111000
0001001010110010
0010000011001100
0010011100010000
1111011001000110
0000011100101010
0000110001001000
1111110011000010
1110001111011010
1101110110110110
1101110000000010
1101111111101110
1110010110111100
1110010111100110
1110011001101010
1110101110001000
1110100110101001
1110110100111100
1111000000100010
1111001100001010
0000000110001010
0000000101011110
0001101001110000
0010000011101100
0010000101000100
0001100010111100
0001110011010100
0001100100111110
0001001110011110
0001001111110110
0001000110111110
0001001011000100
0001100110010110
0001011100001000
0010010110000110
0010011100010000
1111000011011110
0000000100001110
0000010101000111
1111000001010110
1101111001100100
1101110111011110
1110001111011000
1110000110111100
1101101110010100
1101111111001100
1110000001010100
1110010101101110
1110100100100000
1110100000111110
1110101110010111
1111000001010110
1111100011110110
1111111000111110
0001000111110010
0010001100110010
0010010001101100
0001101101110100
0001011100111010
0001011111101110
0001000111110010
0001010011110000
0001001100101110
0001011010000110
0001011011100000
0001101000001010
0010010100100000
0010011100010000
1110110110001010
0000000100011110
0000000101001010
1111001110001110
1110111000001110
1110001000110111
1110000011010111
1101100111001100
1101110010111000
1101110101100110
1101111011110010
1110011010000000
1110100000001100
1110010111111100
1110100101101100
1110111111000110
1111011011111100
1111101101001000
0001000010111110
0001111111011010
0010010000100100
0001111110000010
0001101111100101
0001001011111010
0001010101100000
0001010100001000
0001001010100010
0001010110001100
0001100110000000
0001011101000100
0010011001100000
0010011100010000
1110111001101000
0000010001101100
0000001010011110
1111101111110000
1110110111011110
1101110010111010
1101110000000010
1101110000000010
1101110000110000
1101100101111010
1101110110100000
1101111110011110
1110001110010110
1110000100001110
1110010101100100
1110100111100110
1111000000001000
1111011010001000
0000101110100100
0001110011001000
0010011100010000
0010001000110000
0001011110001100
0001000111110100
0001000011011110
0001001100111000
0000111101000000
0001000000100110
0001000010110000
0001010000011110
0010000101001010
0010010001011100
1111001100110110
0000010000001000
0000001000011010
1111110001010010
1110010010101100
1101110000011000
1101111101101100
1110000100101100
1101101101100100
1101110001000100
1101111000110010
1110000000011110
1110000000011110
1110000011010010
1101111100111110
1110010001010010
1110110000001000
1111001111101010
0000011010101000
0001101010100000
0010011100010000
0010010100100010
0001100110010100
0000111011100100
0000110001110000
0000110100100011
0000110101010000
0000101100110110
0000101111101010
0000111000000100
0001100000101100
0001110001100000
1111100010011000
0000011111010000
0000100100001000
1111011010010000
1110110010011110
1101110110011010
1110011000100000
1110100101100000
1110011101011000
1110011010111100
1110100011000100
1110101010011000
1110101100000000
1110011101011000
1110101110011100
1110100111111100
1110100110010100
1110111110101010
0000001010111110
0001110110000110
0010011100010000
0001111001010110
0001110011101010
0001101100011000
0001001101100010
0000111111101110
0000100100001000
0000111101010010
0001010110011100
0000111001001110
0010001011001110
0010001100110100
1110110001111000
0000000111110100
0000010111011100
1111100000110000
1110011010011100
1110000011000000
1101101011100100
1110000011000000
1110000011000000
1110000011000000
1110000011000000
1101110011011000
1101111011001100
1110001010110100
1110110001111000
1111011000111100
1111101000100100
0001001110001000
0001111101000000
0001011101110000
0001100101100100
0001100101100100
0001011101110000
0001100101100100
0001010101111100
0000110110101100
0000011111010000
0000110110101100
0001000110010100
0001010101111100
0001111101000000
0010011100010000
1111101111010000
0000011011111010
0000111101011000
0000010110010100
1111010011010110
1110100001001000
1110110111011110
1110100001001000
1110111101000010
1110110001111000
1111000010101000
1110111101000010
1111011000111100
1111000010101000
1111011000111100
1111111010011010
0000001011001010
0000100111000100
0001111010110010
0010011100010000
0010001011100000
0001100100011100
0001101010000010
0001101010000010
0001011110111000
0000100001011110
0000100001011110
0000101100101010
0000111101011000
0000110111110100
0001110101001100
0010001011100000
1110110000001000
0000010001011000
0000011000010011
1111100111101101
1110111110000010
1101111100000100
1101111000100110
1101101110001010
1101110001101000
1101110101001000
1101101110001010
1101111100000100
1110010100011000
1110011110110010
1110100010010000
1110011110110010
1111000001100000
1111001011111011
0000110111100100
0010000111011010
0010011100010000
0010000011111100
0001001000111010
0000110100000101
0000100010101110
0000101101001000
0000110100000101
0000110000100111
0000111011000010
0001001111111000
0010000111011010
0010011000110010
1101100011110000
1101100011110000
1101100011110000
1101100011110000
1101100011110000
1101100011110000
1101100111011000
1101101001000100
1101101000100100
1101100111011000
1110110010010110
0001011001011110
0010010000111010
0010010111111010
0001111001110010
0001011000010000
0001001001110010
0001000010000100
0000100000110010
1111101110101000
1111000110001000
1110100110100010
1110010100011110
1110001010010110
1110000101100000
1101111101100100
1101110111010010
1101111000101110
1101100011110000
1101100011110000
1101100011110000
1101100011110000
1101100011110000
1101100011110000
1101100011110000
1101100011110000
1101100011110000
1101100011110000
1101100011110000
1101100110110100
1101100111000110
1101100111001010
1101100111111100
1110100001101000
0000100100010100
0001010110101010
0001001100011100
0001111010011100
0010010000111010
0010001110100000
0001111010111100
1111110001111100
1111010000011010
1110101010101000
1110010010010000
1110001001100110
1110000101011010
1110000000001101
1101111001111100
1101111111110000
1101111100001100
1101100011110000
1101100011110000
1101100011110000
1101100011110000
1101100011110000
1101100011110000
1101100011110000
1101100011110000
1101100011110000
1101100011110000
1101100011110000
1101100111111010
1101111011101100
1101111100110000
1101110101011100
1111011110001000
0000100100011100
1111100101111100
1111100101111100
1111110010111110
1111111011100010
1111110001101100
1111110001101100
1111000001000010
1111010100010000
1110101000100000
1110110101011100
1110110011011100
1111011011000000
1111000001100000
1111101001000100
0000011011000100
1111111101111010
1101100011110000
1101100011110000
1101100011110000
1101100011110000
1101100011110000
1101100011110000
1101100011110000
1101100011110000
1101100011110000
1101100011110000
1101100011110000
1110001011111100
1110001011111100
1110000011000000
0010011100010000
0010011100010000
0010011100010000
1101111110100010
1101101100101100
1101100011110000
1101100011110000
1101100011110000
0000001000111100
0000011010110010
1110001011111100
1111100101001110
1110100010010000
1110000011000000
1110011001010100
1101110101100110
1101110001001010
1110000011000000
1111100101001110
1101100011110000
1101100011110000
1101100011110000
1101100011110000
1101100011110000
1101111100001100
1110000100001110
1110000011001100
1110000001011100
1101111001000100
1101110010101000
1101100110110100
1101100011110000
1101110010001100
1110000100010000
0001101001000111
0001101010010010
0001101001001110
0001100111100011
0001101010110010
0001101011101001
0001110000110000
0001111010010100
0010000100001010
0010000000010000
0000000100001010
1111010111100101
1110101100100010
0000001001111000
0000100100011010
0001001010001100
0001011100111000
0010011100010000
0000000000000000
0000001101100101
1111101011101001
0000000000000000
0000000000000000
1110101110011110
1111101011101001
0000001101100101
0000011011001011
0010001110101010
0010000111111000
0001101100101100
0001101100101100
0001001010101110
0000001101100101
0001000011111100
0001010001100010
0001011000010100
0000011011001011
0001101100101100
0001100101111010
0001011111000110
0010011100010000
0010011100010000
0010000111111000
0010011100010000
0010011100010000
0010000111111000
0010010101011110
0001010001100010
0000101111100100
1111110010011011
0000110011001010
0000110101111100
0000001001101100
1111101011010000
1111011010101010
1111010010011000
1111111011110110
0000010111100000
0000110000011010
0010011100010000
0010001110011100
0001100010001100
0001001001010010
0000111000101100
0000111110001110
0001100111101101
0001011111011010
0001011001111000
0000111000101100
0001100100111100
0001011001111000
0001001001010010
0001111000010100
0010010011111110
0001111011000100
0010001000111010
0010000110001000
0010011001100000
0010010001001100
0001011100101010
0001011111011010
0000001111001110
1111011000100010
0000001011000100
1111001011111011
1110110010101010
1110100110000010
1110101001001100
1110110010101010
1111000101100110
1111111011010000
0001100000010010
0000111101100100
0000100111011110
0000111101100100
0000010111101100
0000101101110010
0001110000000011
0010010010110010
0010011100010000
0000110111010000
0000111010011010
0000101101110010
0000010100100010
0000110111010000
0001111001100010
0000110000111100
0000111010011010
0001110000000011
0010001100011110
0001110000000011
0001100110100110
0001100000010010
0000010001011000
1111111110100100
1101100011110000
1101100011110000
0010011100010000
1110000011000000
1101100011110000
1110100010010000
1101111101110010
1101100011110000
1110001100010101
1110011101000000
1110011101000000
1110011010101000
1110101011010100
1111000000110010
1111000011001010
1111011000101000
1111001010010100
0000011101110100
0001010100101100
0001011001011110
0000000001001100
0000000101111110
1111111100011010
1111101110000110
0000001010110000
0000001000010110
1111100110111101
1111000111111100
1111111110110100
0000100010100110
0000111111001110
0001101100100010
0001011001011110
0001001011001010
0001010111000100
0010001001001010
0010011100010000
0000111100110110
0001001101100010
0000011001000011