1111000101001010
0000001101000011
0001110101000010
0001111000111100
1111111101011000
1110111111010010
1110101000011010
1110100101001000
1110000010011110
1101110110000100
1101111101111010
1110100100011110
1110110110110010
1110101101101000
1110100010100000
1110101101101000
1111000100100000
0000000001111110
0000100001010110
0000111110110000
0010000110000010
0010001011010000
0001011010001110
0001000010000010
0001000111010000
0001011100110101
0010000000110010
0010011100010000
0001111100111000
0001110111100111
0001110011000100
0001100110000000
1111011110001110
0000011001001000
0010000101101110
0001111111111100
1111110111101000
1110111001110100
1110110110010110
1111011001000000
1110100100011100
1110011111010000
1110010000110100
1110111000101010
1110110001101110
1110111010011010
1111010101100010
1111010001100001
1111000101011000
0000000100010110
0000011010010001
0000111110101100
0001111110110010
0010000101101110
0001111111111100
0001011000101010
0001000111010110
0001011101111000
0001111110001110
0010001010010110
0010011100010000
0010001100000100
0010000010010000
0001111011010100
1111100010000010
0000100101101100
0010000100011010
0001101011111100
0000001111110010
1110101101110110
1110101110100001
1110110000011100
1101111110110100
1110001101101000
1101111100010000
1110101011111010
1110110100111100
1110100100001100
1110111000001010
1111001010001100
1111000110111110
1111100111110111
0000001011010010
0000110110011100
0001101010101000
0010011100010000
0010000111000000
0000110101110100
0001000101111010
0000111111011110
0001111010000110
0010010111000110
0010010101110100
0010001111011000
0010010100100010
0010001001100100
1111011110010110
0000111111100010
0001100101000000
0001000111001000
0000100100110110
1111101001110010
1111001101110100
1111011101101100
1110111110100110
1110100010101000
1110010110100100
1111001000000110
1111001111000110
1111010100001100
1111111001000000
1111101001001000
1111110111000110
1111111100110100
0000010010011010
0000111101100111
0001111000000010
0010011100010000
0001110100010000
0001011001100100
0001010001111100
0001010111000010
0001111001111100
0010010011010110
0010001110111010
0010000111111100
0010000110000010
0001110100010000
1110111110011000
0000111001101010
0001011001100001
0001011011000000
0000000101011100
1110111111110110
1111000011011110
1110111001010100
1110010010111000
1110011001011010
1110010100010111
1110000100011000
1110100111001100
1110101010000110
1110111100001110
1111000101101000
1111010111110000
1111010110010100
1111010101100111
0000100001000000
0001010011110000
0010000101110010
0010011100010000
0001001011000010
0000111110000000
0000110011110110
0001100000110001
0001010011110000
0001100100011001
0001010111011000
0001010100011110
0001010101001100
1111010100111100
0000100110110110
0000110110000011
0000110011100010
1111110111100100
1110101111110001
1110101000001010
1110100100110010
1110101111110001
1101101111100100
1101110011110100
1110000100101100
1110010111010010
1110010111010010
1111110010100000
1111010101110010
1110101111110001
1111000010010110
1110110111011000
1111111010111100
0000101100110000
0010001101111010
0010011100010000
0001001001011110
0000101101100110
0000110111110000
0010000011110000
0001111101110110
0001001111011010
0000111011111101
0000100100010100
0000100010101000
1111111100010100
0001011011100010
1111111101001110
1111000110101100
1110101011111000
1110101111100100
1110100100011110
1111000010000101
1110001010100110
1110111000110100
1111000010111110
1110000000011010
1110011111110111
1110100011100010
1110011001011000
1110111101011100
1111000001001000
1111010011101001
0000001110110010
0000100100000100
0001101011010000
0010000111000000
0010010001001010
0010000110000100
0010000110000100
0010011100010000
0010000101001000
0001011110010100
0000110101101000
0000100100000100
0000001010001010
1111101100100110
0000101001101010
0001101000001010
0001001000111010
0001111101000000
0000101001101010
0000010100110110
1111010110010110
1111101011001010
1110000011000000
1110010111110110
1111010110010110
1111001011111011
1111110101100110
1111110101100110
0000001010011010
1111100000110000
1111000001100000
0000111110100000
0010000111011010
0001011101110000
0001101000001010
0001111101000000
0001011101110000
0001011101110000
0001010011010110
0001110010100110
0001010011010110
0010011100010000
0001011101110000
0010010001110110
0001001000111010
0001010011010110
0000000000000000
0000111110100000
0010001100101000
0010011100010000
0000111110100000
1111011000111100
0000000111110100
0000000000000000
0000000000000000
1110010010101000
1111010001001000
1111000001100000
0000000000000000
1111110000011000
1111101000100100
0000100111000100
0000011111010000
0000111110100000
0000110110101100
0000100111000100
0010010100011100
0010010100011100
0001111101000000
0001010101111100
0001011101110000
0010001100101000
0010000100110100
0010011100010000
0001101101011000
0001101101011000
0001101101011000
0001011101110000
1111111011001000
0001010011000000
0001110000010100
0001100001101010
0000011000011010
1111100010101100
0000011000011010
0000001001110000
1111000000100010
1110100011001110
1110101101000000
1110011001011110
1111100111100110
0000110000110100
0001000100011000
0000000000000000
1111101100011110
0000000100111000
0000011000011010
0001011100110010
0001111010000100
0001111110111100
0010011100010000
0000111111011110
0001110000010100
0001010011000000
0010001101100110
0010001000101110
0001110101001100
0010010010100000
0010010111011000
0001110000010100
1101100011110000
1101100011110000
1101100011110000
1101100011110000
1101101101100000
1101101100011100
1101110100000010
1110010101101010
1111010000110100
0000000010101110
1110111010100100
0001101001110010
0010010101001100
0001111100010000
0001010011100100
0000001110101010
1111100011010000
1111001111001100
1111011110111010
1111001110000110
1110101101100010
1110100101111100
1110010100100100
1101111110111000
1101110001010100
1101101110000100
1101110001010100
1101101101100000
1101100011110000
1101100011110000
1101100011110000
1101100011110000
1101100011110000
1101100011110000
1101100011110000
1101100011110000
1101100011110000
1101101111110010
1101110000000110
1110011000010100
1110111101111010
1111011001110100
1111100110001010
1110100110011010
0000101001101110
0010000001110100
0000110000001001
0000010100010000
1111110011000100
1111010101011010
1111001110000100
1111000111100110
1110111011010010
1110011111000101
1110011000101000
1110001100100100
1110000100010110
1101111010011000
1101111110001100
1101111010000100
1101110111101110
1101100011110000
1101100011110000
1101100011110000
1101100011110000
1101100011110000
1101100011110000
1101100011110000
1101100011110000
1101100011110000
1101110000010110
1101101100000100
1101101110001010
1110011110100111
1110111011110000
1101111101110010
1101110110100000
1110010010101000
1110011100111100
1110010111010100
1110011000100100
1110011010011100
1110010100110100
1110001011011100
1110011000010000
1110100001111100
1110000010101100
1101110011101010
1110000110101000
1110101010100101
1110100101011000
1110101010100101
1110010101110000
1110010000100010
1101100011110000
1101100011110000
1101100011110000
1101100011110000
1101100011110000
1101100011110000
1101100011110000
1101100011110000
1101100011110000
1111100000110000
1110100110101110
0010011100010000
0010011100010000
0001111000100010
0000010110010100
0000001101011010
0010011100010000
1110000111011110
1101111110100010
1101100011110000
1101100011110000
1101100011110000
1101110101100110
1101100011110000
1101110101100110
1110001011111100
1101101100101100
1101101000001110
1101110101100110
1101111110100010
1101100011110000
1101101100101100
1110101011001101
1101100011110000
1101100011110000
1101100011110000
1101100011110000
1101100011110000
1111100101000010
1111100011110001
1111100001011110
1111011110011110
1111100000000100
1111100000001110
1111100101111010
1111100011011000
1111100100011100
1111101101000110
0010010100100100
0010001101001110
0010001100101110
0010001010111010
0010001111000000
0010001110100000
0010001101011010
0010001001001110
0010000101000100
0001110000101110
1111010110010110
0000100001000110
1110001101011110
1111010000011010
0000011100110010
0001000101111010
0001011111011110
1110101010000100
1111011010000100
1111001111111110
1111010000111110
1111110011010110
1111110000010100
0000000001100010
0000110101000110
0001101100101110
0010010011001010
0010011100010000
0001101110110000
0001010011011100
0001000010010000
0000110101000110
0000110011000100
0000011110110110
0000110100000101
0000101100000000
0000111111001110
0001001110011000
0001001110011000
0001100000100110
0000111111001110
0000110011000100
0000100011111010
0000001000100110
0000010000101100
0000010011101110
0000001100101010
0000000101100100
1111110011010110
1110101001100010
0000011111011010
0000001000111010
1111010001111000
1111011011111100
1111001100011100
1111010101110001
1111101000010110
0000000011100000
0000100011010010
0001001100011000
0001011011001000
0001011000000000
0010000110100010
0001101101101110
0001010100111010
0001000001100010
0010000110100010
0010011100010000
0001011001100100
0001010011010110
0001101110100000
0001111001010110
0001101100111100
0001000000110000
0000110001010000
0000011001001100
0000100010100000
0000111001000000
0000011101110110
0000001011010000
1111100001011000
1111010010101000
0001000011011000
0000001011111100
1111101000100110
0000000000011110
1111101111010010
1111111110100100
1111110110111010
0000011110000110
0000011001010100
0001110010001100
0001100110101110
0001000010011010
0001100000000010
0010010000110010
0010001100111110
0001001111110100
0001101011011111
0010001000001100
0001110101000100
0001001101111000
0010000011011010
0010011100010000
0010011100010000
0001000011011000
0000100101110000
0000001001000110
0000011101001001
0000101011011110
0000110100000101
0000111001110100
0000011000011000
1110011000010100
0001011010011110
1101100011110000
1101100011110000
0010011100010000
1101100011110000
1101100011110000
1111100000110000
1111110000011000
1101100011110000
1111111010000001
0000000010111111
0000011000000010
0000111100000110
0000011000000010
1111111101000001
0000011000000010
0001010001001000
0001100000001001
0001111110001100
0001110010001100
0001010001001000
0001110101001100
0001110101001100
0000100111000100
0000011110000011
0010001010001110
0001010001001000
0000111100000110
0001011010001010
0001111000001100
0010011100010000
0010000100001110
0010001010001110
0001001000001000
0001000101001000
0000110000000100
0000110110000110
0000101010000100
0000110011000110
0000011000000010
1111110111000000