1110110000100000
1111000111001110
0000100010000100
0001101100111110
0001011011001010
1111111001100100
1111010110100100
1110111111110110
1110011001001010
1110010010011010
1110110010111100
1111010101111100
1111011111001010
0000011101001001
0001100001010100
0010001001001110
0001111010011110
0000111101101100
0001010101000010
0001101011110000
0010001001110110
0010011100010000
0001110100111110
0001010010100100
0001011101101000
0001010011001100
0001100101000000
0001100011110001
0001010111100000
0000011011111011
1111001111001100
1110111011100010
1110011111101101
1110111011010110
0000010001011010
0001001101010110
0000110001101100
1111111010011000
1111000111001000
1110101101100010
1110011100101000
1110101000111010
1110111010110110
1111010010111010
1111101000011100
0000101110000110
0001100010111000
0010000100101100
0001111011111110
0001001000001110
0001010100100010
0001110110010110
0010001101111010
0010011100010000
0001110101010100
0001011111110100
0001101000000000
0001110000001100
0001111011111110
0001100000110100
0001000101001010
0000011100001100
1111011110101100
1110100011010010
1110011101111010
1110111010001110
0000011101010110
0000111100101100
0000101000011011
1111101001110000
1110101011100100
1110001110001110
1110011000010110
1110010111010100
1110110011001000
1111000011010100
1111010101000010
0000100001011000
0001011111000100
0010000000011100
0001111101011010
0001001110111000
0001000101010010
0001110100010011
0010011001101110
0010011100010000
0010001000100010
0001100110001010
0001101000101100
0001111101011010
0010001011000100
0001110101110100
0001000101110010
0000110010000100
1111110001110110
1110110001001000
1110011010100110
1111001010010001
0000110110010100
0001001101000010
0000101011001110
1111010100001110
1110011011101110
1110010001001100
1110011010000100
1110011010100110
1110100000001011
1110110101110000
1111010011101100
1111111111011100
0001000101110100
0010001001111110
0010011000011000
0001110001100110
0001010011101010
0001110001000010
0010010101000100
0010011100010000
0010000110000110
0001100011001100
0001001011111010
0010000000000000
0010000011010100
0001110001000010
0001011010010100
0001000000110100
1111111100101100
1111010111000000
1110011111001010
1111011110101110
0001000110000110
0001001110011100
0000101011111110
1111000101110010
1110010101000100
1110010001100000
1110010100011110
1110000010000100
1110010010101100
1110101011101000
1110111111110110
1111100100000101
0000101001100110
0001111010011000
0010010110010100
0010000011111010
0001010001011010
0001010101100100
0010001011000010
0010011100010000
0010001001010000
0001100111011000
0001011111101010
0001110110110100
0010000110111000
0001101111101100
0001100011001110
0001010111111100
0000010100110010
1111011001011000
1110111101011000
0000001111110000
0001101001111110
0001110000000010
0000100000000110
1111001111100100
1110011111101110
1110001111111110
1101101100001110
1101111010110000
1101110100000110
1110010011000000
1110011111000110
1111000101010000
1111111000001000
0001011101010000
0010010011001010
0010011100010000
0001010001001010
0001010001001010
0010001001011110
0010001110111100
0010000010110100
0001010100001011
0001000001011010
0001010101011010
0001100110010110
0001110101100000
0001111101111110
0001011001101000
0000101001001100
0000010100100110
1111011011001010
0000101100001101
0010000000111110
0010000011111100
1111110010000000
1110111001111110
1110001101000010
1110000100111011
1110000001001110
1101101000111010
1110000000100001
1110001010110100
1110011110101110
1110111100111100
1110111100111100
0000000101111010
0001011011011010
0010011000100100
0010001100000010
0001011100001000
0010000011111100
0010011100010000
0001111110110010
0001100100111110
0001010100110000
0000111110101010
0001110001100000
0010000000111110
0010000101011010
0001101101110100
0000100000011100
0000001111011110
0000000000000000
0000010001011000
0000010001011000
0010011100010000
0001000101011100
0000100010101110
0000000000000000
1111101110101000
1110111010100100
1110111010100100
1110101001001100
0000000000000000
0000000000000000
0000100010101110
0001010110110100
0001101000001010
0001111001100010
0001111001100010
0001111001100010
0001101000001010
0010011100010000
0001101000001010
0010011100010000
0010011100010000
0010001010111000
0001010110110100
0001101000001010
0001010110110100
0001010110110100
1110111010100100
1111101110101000
1111011101010010
1110110001111000
1111100010101100
0000000000000000
0001001110001000
0001001110001000
0000010011100010
1111101100011110
1111001111001100
1110111011101000
1110111011101000
1111001111001100
1111110110010000
0000011101010100
0000111010100110
0001001110001000
0010001000101110
0001101011011100
0010001000101110
0001111110111100
0010010010100000
0010011100010000
0010011100010000
0010010010100000
0001101011011100
0001100001101010
0001100001101010
0001100001101010
0001010111111000
0000111010100110
0000011101010100
1111110110010000
1111000101011010
1110110001000100
1111010111101111
0000111000011000
0001001110111100
0000111000011000
1111101011000100
1110110001000100
1110110001000100
1110101010101000
1110110100010010
1110111010110000
1111000111101000
1111100001011010
1111111110011000
0001010101011000
0010010010100110
0010011001000010
0001101000101110
0001011000100101
0001101000101110
0010010101110100
0010011100010000
0001101000101110
0001100101011110
0000111000011000
0010000010011110
0010000101101100
0001100101011110
0001110010011000
0001011000100101
0000000001101000
1111101110010010
1101100011110000
1101100011110000
1101100011110000
1101100011110000
1101100110100010
1101100110011000
1101101100110110
1101110101001100
1101110011111000
1101110111111110
1110000000101000
0001011110101110
0010010010001010
0010010010011100
0001111001110100
0001100000001100
0001001101000000
0000110001011100
0000001111010100
1111110101110101
1111100000101110
1110101010000100
1101111100011000
1101111011010110
1101110011100100
1101101110000000
1101101010001100
1101101000010010
1101100011110000
1101100011110000
1101100011110000
1101100011110000
1101100011110000
1101100011110000
1101100011110000
1101100011110000
1101100011110000
1101100110100100
1101100110000000
1110000001011000
1110000111001100
1101111100000000
1101110101010010
1101110100101010
0000010011001010
0001100011111110
0010000000000110
0010010101011010
0001111010011010
0001000101010100
0000010010110110
1111101011010110
1111001000100110
1110100101011110
1110000010010110
1101101100110110
1101101011111000
1101101001011000
1101101000001100
1101100111011110
1101100110010000
1101100011110000
1101100011110000
1101100011110000
1101100011110000
1101100011110000
1101100011110000
1101100011110000
1101100011110000
1101100011110000
1101111010101010
1101111000100100
1110010111110101
0000110011000010
0000101010101100
1111110111001000
1111000001100000
1110001111001000
1110110110011000
1110111100111110
1110111110011000
1111000111110000
1110111110101100
1110100000000100
1110100001101000
1110010010010100
1101111110000000
1110000010101100
1110000010011110
1101110010110110
1101110100011010
1110000110101000
1110001010010010
1110000000011000
1101100011110000
1101100011110000
1101100011110000
1101100011110000
1101100011110000
1101100011110000
1101100011110000
1101100011110000
1101100011110000
1111001110111010
0010011100010000
0010011100010000
0010011100010000
0010000101111100
0010011100010000
0010011100010000
0010011100010000
1101100011110000
1101100011110000
1101100011110000
1101110101100110
1110010000011011
1110000011000000
1101111110100010
1110011001010100
1110000111011110
1111111011100010
1111101001101100
1110010000011011
1101111110100010
1101100011110000
1101110001001010
1101101100101100
1101100011110000
1101100011110000
1101100011110000
1101100011110000
1101100011110000
0001010101010000
0001011000100100
0001011101110110
0001011111011010
0001100010110110
0001100101000001
0001100100001000
0001011101100010
0001010100010100
0000100001111000
0000011001110110
0000011010110110
0000011011101110
0000011100111100
0000011111000100
0000011101111110
0000100001001010
0000100101111110
0000101100111100
0000110011010000
0000111010010110
0000010010011000
1101110010110100
1110100101000000
0000000110101100
0001000111111110
0001010111001100
0010011100010000
1110001111010000
1111111010000100
1111111100011100
0000001101000011
0000011100111000
0000000111100010
0000100111111100
0000111011101110
0001000010110110
0010001001010000
0010010100010110
0010011100010000
0010000010001010
0001100010100000
0001111100100110
0010001010000100
0010001011101000
0010000010001010
0001111011000010
0001101110011000
0010000000100100
0010000010111100
0001110010010100
0001011110100010
0001011010100110
0001001001001100
0001100001101110
0001100000111010
0001000011101010
0001000101001110
0000101110010010
1111110011110000
1111010001111100
1111101100101110
1111111100011111
1111101111000100
1111100000001001
1111111010000110
1111110110001010
0000010111111111
0001110100000110
0010010010110100
0010000000101100
0010010100011000
0001011111101000
0001011110110110
0001101001000110
0010001011101110
0010000111110010
0010011100010000
0010010101111100
0001111100110000
0001110000001010
0010000111000000
0001011010001000
0001010100101000
0001001011111110
0001100111100000
0001111011001100
0001100111100000
0000111111011000
0000111001110101
0000110000011010
0000000100010110
1111111010100110
0000011111011010
0000101010001110
0000001011111010
1111111101011110
0000001011111010
1111111100110000
0001001111110000
0010011100010000
0010000101001010
0001101101010110
0010010111111010
0001011100110000
0001010010101000
0001010110111110
0000100101001010
0000100101001010
0000010110000000
0000010011110110
1111111010100110
0000011011000100
0000110101000010
0000111000101010
0000101111111111
0000110010111000
0001010100110011
0001011011010010
0000011100100000
0000010110101110
0000010001101100
0000000110001000
1111100110011000
1111010011010000
1101100011110000
1101100011110000
0010011100010000
1101100011110000
1101100011110000
1101100011110000
1111110101100110
1101100011110000
0000000110001000
0000111010001110
0000111101010010
0001001111101010
0001011011111001
0000011000100000
0000000000000000
0000111101010010
0001101000001010
0001100010000010
0001000011011010
0010000011110000
0010011100010000
0001001100100110
0001100101000110
0001001100100110
0001010010101110
0001000011011010
0001000011011010
0001000011011010
0001011110111110
0001010010101110
0001011011111001
0000110111001010
0000100100110000
0000100111110110
0001110111100000
0000110001000010
0000100100110000
1111111100111100
1111111100111100
1111011110010100