1110110110101100
0000110111011010
0001000100000000
0000010010111010
1110010111100001
1110001100001110
1110001000010000
1101111100111110
1110000101100110
1110000110010000
1110011101011110
1111011101110110
0000111001011010
0001111011000100
0001111100011010
0001001001010100
0000101110110010
0001111000011100
0010011100010000
0001111110011010
0001001100101000
0001011001010000
0010000000011000
0010001010010110
0001100001111000
0001011010100100
0001100101110110
0000100001100000
1111001101010000
1111011010100000
1111001001010000
1110010001100010
1110111010001100
0001001100110100
0001010000111010
0000011000110100
1110110111010010
1110001011011110
1110000010101110
1110010101011010
1110011000111010
1110010110100100
1110010110100100
1111000001110010
1111101101000010
0001000000100010
0010010110011010
0010011100010000
0001101010000010
0010001111111110
0010010100101010
0001101011001100
0001001000101110
0000100100100000
0000110111110010
0001101111110110
0010000011101110
0010000111110100
0010000111110100
0001101101100010
1111111100001110
1110101101111100
1110001000100100
1101101100100000
1110110110010100
0001000010100000
0001001100111110
0000000111100010
1110101011110101
1110001011101110
1110001101000010
1110011000110100
1110011010110010
1110000010100010
1110011010110010
1110011110101110
1110101001110110
1111001101111001
0000011011110110
0010000111111100
0010011100010000
0010001010100100
0010000100000000
0010000011010110
0001010100001011
0000110001011110
0000001110110000
0000011011110110
0001101001110100
0001100111110110
0001011001011100
0000100110010100
1111101110101000
1111100110001000
1110110000011010
1110010110001100
1111010011001000
0001110001000010
0010000010100000
0000100100100100
1110001000010100
1110000101000000
1110010010010010
1110001110001000
1110010011001000
1101110101001110
1110000000000000
1110100001010000
1110101011001110
1111000100001010
1111000011010110
0000111101100000
0010010110011100
0010011100010000
0001101110100010
0010000000000000
0010001010110010
0001001000010100
0000101100000011
0000010000101000
0010001001111110
0010001000010100
0001000111011110
1111011111100110
1111101000101110
0000000000000000
1111101001100100
0000001111110010
1110110101110100
0001001101100000
0001101101110110
1111011111010000
1110001101001100
1101101001100100
1110100110000100
1110101010001110
1110100000010000
1110100000010000
1110010010001010
1101111100101000
1110001110110110
1110100100011010
1111000111001110
0001000111101100
0010011100010000
0010010110011100
0000111101110000
0001010001101001
0001100001011001
0001010000110100
0000010110110010
0000101010101100
0001111100110000
0010001010000000
0000110100101000
1110111010110010
1111000011111010
1110110011010100
1111010000010110
1111010000010110
1110011010001010
0000110110110110
0001011101100110
1111110001100100
1110011110010010
1101101010010110
1110111000101100
1111001100011110
1111011111011100
1111000111100010
1110001011010100
1110011011110100
1110101001000000
1111000000111100
1111111000001010
0000110011100010
0010011100010000
0001111111011010
0001100010100010
0001011111001110
0001011111001110
0000101110100110
0000001011111110
0000101100111100
0001001100010010
0000111110001111
1111110010011011
1111110110100010
1111111001110100
0000110111101010
0000110011100010
0000101111011010
1101110100100000
1110111111010010
0000011011111010
0000000011010110
1110101100010010
1110100010010000
1111110001100001
0000000011010110
1111011110100010
1111011111101000
1111010100011110
0000001100010010
0000011001101010
1111110111000100
0000101000001100
0000101101110000
0001010000010110
0001011001010010
0000110011010110
0000001100010010
0000000000000000
1111001010011100
1111011101011010
1111100100000110
0000001111101000
0000010001110110
1111111011100010
0000000000000000
0010011100010000
0010011000111010
0001011010011010
0001010101111100
1110110001111000
0001010101111100
0001011101110000
0000000111110100
1110101010000100
1110111001101100
1110111001101100
1110110001111000
1110101010000100
1110111001101100
1110011010011100
1111101000100100
0001000110010100
0001100101100100
0000101110111000
0000101110111000
1111110000011000
0000101110111000
0001111101000000
0001011101110000
0001011101110000
0001001110001000
0010001100101000
0010011100010000
0001100101100100
0001001110001000
0001011101110000
0000000111110100
0000000000000000
0001000110010100
0001000110010100
1110111001101100
1111001110101010
0001101010111010
0001110011001000
0000100000111010
1110111110001110
1111000110011100
1110111110001110
1110110110000000
1110111110001110
1110110110000000
1110110110000000
0000001000001110
0001101010111010
0010010100000010
0010000011100110
0000100000111010
0000011000101010
0010010100000010
0010011100010000
0010001011110100
0001100010101100
0010001011110100
0010001011110100
0010001011110100
0001000001110010
0001111011010110
0001111011010110
0001000001110010
1111011111000110
0000010000011100
0000010000011100
1111101111100100
1111011111000000
0000011100100110
0000111111110100
0000011100100110
1111000000001100
1110011100111110
1110101010001100
1110110010111110
1110101010001100
1110101110100100
1110100001011000
1110111011110010
1110110010111110
1111001101011000
1111110000100111
0001110000010000
0010011100010000
0010010011011100
0001001000101000
0001010101110100
0000011000001110
1111111101110100
1111111101110100
1111101100001100
0000100001000000
0000101110001110
0000011100100110
1111111101110100
0000100001000000
0000011000001110
1111000000001100
1101111110001010
1101110000000000
1101111110000110
1110101001100110
1110110011011010
1110110111000110
1110110000111110
1110011100001000
1110001010010110
1110010001000110
1110101010110110
1111101110001110
0001111001010100
0001111010100100
0010000000000100
0001011001011110
0000101001101010
0000111110100000
0000001011000010
1111100110111000
1111000000111000
1110011001101010
1110000111111011
1101110101100010
1101110011000100
1101100011110000
1101100011110000
1101100011110000
1101100011110000
1101100011110000
1101100011110000
1101100011110000
1101100011110000
1101100011110000
1101110010010000
1101110111101000
1110001100011000
1110001101001110
1110001111110011
1110010010000100
1110010011110000
1111111000101000
0001110011101000
0010011100010000
0000111111010110
0001001110111110
0010001100111010
0001101000110110
0000110010110110
1111111100000010
1111100110011100
1111010001001000
1110111100000110
1110100010110100
1110001010101010
1101111111010100
1101110110001110
1101110011011000
1101100011110000
1101100011110000
1101100011110000
1101100011110000
1101100011110000
1101100011110000
1101100011110000
1101100011110000
1101100011110000
1101111011001100
1101111110010100
1101111010001000
1101101111001100
1101101001011110
1101101110101100
1101111010001000
1111101011101100
0001001011100000
0000110100000100
0000001001011000
1110100001010100
1110100001101000
1110011011011000
1110010011111001
1110000010011000
1110000010000100
1110010010101000
1110001100011000
1110011000111000
1110101110001010
1110100011011000
1110001000001100
1110001010010010
1101100011110000
1101100011110000
1101100011110000
1101100011110000
1101100011110000
1101100011110000
1101100011110000
1101100011110000
1101100011110000
1101100011110000
1101110001001010
1101101100101100
1101100011110000
1101100011110000
1101101000001110
0010011100010000
0010011100010000
0010011100010000
1111110010100110
0010010011010100
0010000001011110
1110000011000000
1101110101100110
1110000011000000
1111000001100000
1101101000001110
1101101100101100
1101100011110000
1101111110100010
1110000111011110
1110001011111100
1101111010000100
1110000111011110
1101100011110000
1101100011110000
1101100011110000
1101100011110000
1101100011110000
1101100011110000
1101100011110000
1101100011110000
1101100011110000
1110101101011010
1110101110001110
1110101111110001
1110101110011000
1110100111000100
1110100011000010
1110100100100110
1110100101001110
1110100011000001
1111010100010110
1111110001100001
1111101110111000
1111101111001100
1111110000000110
1111110011000110
1111110110100100
1111111010110000
0000000010110100
0000000101000000
1111111001110110
0010001111110000
0000100010111100
0000011001000000
0000101000010110
0001000011111010
0001100010010010
0001101010100010
0010001100101000
1111000000010001
1111011110100100
1111001111000010
1111101011110011
1111100011010000
1111101001011110
0000000100101010
0000100110000110
0001010001101000
0010000001000010
0010011100010000
0010010010001010
0001101100000100
0001011011101110
0001011010001100
0001011011101110
0001100011100000
0001101010100000
0001101011010010
0001111010000010
0010000001000010
0001111101001010
0001101111111100
0000111111101111
0000111101011010
0000011000000110
0000010011011100
0000010111010100
1111101011110011
1111011111010110
1111000111010000
1110101001101110
1110110111010100
1111000110000100
1110110100100000
1111000010100100
1111010000100110
1110111010110110
1111100000000100
1111110111001110
0001010000011001
0001101111010100
0010001010000000
0010011100010000
0001110000101110
0001101111010100
0001101101111010
0001101010011000
0001111001001000
0001101110100110
0010010001101110
0010001101100000
0010011001011100
0010011000110000
0010001100000110
0001010110000010
0001000101111000
0000110101101110
0000110000110100
0000100101100100
0000000010011110
1111100111110010
1111110001100110
1111010010101110
1111111101100010
0000010110001000
1111010000100110
1111001101110010
1111010011011010
1111100100010000
0000110010001110
0000110000110100
0001101001000000
0010010111010110
0001111100101001
0010011100010000
0010010001000000
0001111000011100
0001100110001100
0001101101001100
0001011001100001
0001010010100000
0001101101111010
0001111001001000
0010010100100010
0010010001000000
0001101011000110
0001001010000110
0000100110111110
0001000111010010
0000111000100010
0000100100001010
1111111011011100
1111100111000100
1111100110011000
1110111111000010
0000011110001000
1101100011110000
1101100011110000
0010011100010000
0000000000000000
0001011101110000
1101100011110000
1111100101111110
1101100011110000
1111001011111011
0000011101100100
0000000111000010
0000100011001100
0000011101100100
0000010101000111
0000010111111100
0000100110000000
0000011101100100
0000010111111100
0000010010010100
1111111000111110
1111111000111110
0000000111000010
0000101000110100
0000011010110000
0000100000011000
0001001010100110
0000100000011000
0000100110000000
0000100110000000
0001000010001010
0000001100101010
0000001111011110
0001011110010100
0010010110101000
0000101000110100
0000101110011100
0001101111001110
0010010110101000
0010011100010000
0000000001011010