1111110011101100
0000100011110010
0001000110110010
0000011011000001
1111000011100101
1110001101000110
1110011100100110
1101110000111000
1101110110000010
1110101001010100
1110111010011100
1111001101001000
0000001010010110
0001000001001110
0001001101001000
0001010011111000
0000001001100010
1111111100011010
0000100010001100
0001000010000000
0001010010010100
0001110010100000
0010011100010000
0010010011111010
0001110110111000
0000111101001110
0000001010010110
1111101010111100
1111101100001000
1111011101000000
1111010101011110
1111111111100110
1111100110101110
0000100001110100
0001000000000100
0000001100011110
1110111100000010
1110010111101110
1110011001100000
1101101111100000
1101101000011000
1110010011110100
1110101110110110
1111001001100010
1111100111110100
0000011011011010
0001011000101000
0001100000000110
0000101111010110
1111111101111000
0000010000011000
0000010101000000
0000111001101010
0010000001001100
0010011100010000
0010001100100110
0001100100101101
0000101100110110
1111110000010110
0000000000101110
1111101000100000
1110100100100010
1110001101110000
1110011110011110
1111010011110100
0000010110001011
0000101000101111
1111101100001110
1110100100101110
1110100010010100
1110001101010110
1101101010010010
1101110011111010
1110000010000000
1110100000010000
1110110000000100
1111010101111000
0000010000101100
0001001001011010
0001010110001000
0000101011100000
0000001000011100
0000001101111100
0000011001010010
0001001100100000
0001111110010110
0010011100010000
0010001100000110
0001100111101010
0000100000110110
1111111110000110
0000001001001000
1111110111100100
1111000101101110
1101111011110100
1110001010010000
1111001000101000
0000010000111000
0000010110110000
0000000111010110
1110011010000010
1110100001011000
1101101010101110
1101110011001010
1101100111011010
1110001111011010
1110100111010001
1110110010111110
1111010010100010
0000010001010000
0001001111100110
0001100000000110
0000101011101010
0000000001011110
0000001110010100
0000011010000010
0001001111111110
0010000000110000
0010011100010000
0010011100010000
0001100100001000
0000010001100110
0000000110010000
1111110001010110
1111101011000110
1111011100000100
1110001100000110
1110000010111100
1111001100111110
0000010011110100
0000010001000000
0000000100000010
1110110011000000
1110001110001100
1101100110100100
1101111000000110
1101111100010100
1110000111100010
1110100101000000
1110101110000110
1111010001100010
0000000011101100
0000111111101010
0001001000011100
0000011011111000
0000000100110000
0000000100110000
0000010111101100
0001001000000100
0001110111110001
0010011001000110
0010011100010000
0001101101010000
0000011101101000
0000010100001010
0000000011101100
1111111100010100
1111101111101100
1110011010011110
1101111000011100
1111000111011110
0000010110110100
0000010100000000
1111111010011000
1110101100011100
1110000010101010
1101110000110000
1110000000001101
1110000110001010
1110100100010110
1110100010010000
1110110100001010
1111001011010110
0000010001100100
0000111100000010
0001000010101110
0000000111101110
1111110010010100
1111101110110010
0000010001100100
0000110101000010
0001101001101100
0010011100010000
0010010101100110
0010000000111000
0000110011101000
0000001011100110
0000000000010110
1111100101010100
1111100000000100
1110101000100100
1101111011111110
1111101111100010
0001010100110110
0001100111000100
0001000001000110
1110010110011010
1101110100111110
1110001101110010
1110011011111110
1110001010010000
1110001000001111
1110000100101010
1110011001011100
1110011101100000
1111011010110010
0000010101100010
0000100011101110
1111110111001000
1111001100000110
1111001100100110
1111001110001000
1111101111100010
0001011111011110
0010011100010000
0010011001101110
0001101110001010
0001000000000100
0000001000010110
0000100001101100
0000001111111110
1111001111001000
1110110001110000
1110000001101000
0000101110100110
0000111001100100
0001000100100010
0000101001001000
1111111101010000
1111100111010110
1111100001110110
1111100111010110
1111011100011000
1111010110111000
1111110010010010
0000000010110000
0000011000101010
0001111011010110
0010000110010100
0001101010111010
0000010011001100
0000011110001010
0001001010000000
0010000000110110
0010000000110110
0010001011110100
0010011100010000
0010001011110100
0001100101011100
0001101010111010
0000101001001000
0001001111100000
0001011111111100
0001001111100000
0000011110001010
0000111111000100
0000000011110100
0001000000110010
0001001000011010
0000010011000100
1111010110000110
1110010001011110
1110101000010110
1110101111111110
1110000010010000
1111001110011110
1111110100100100
0000000011110100
0000101001111010
0001010000000010
0001010000000010
0001000000110010
0000010011000100
0000101001111010
0001100110111010
0001110110001000
0010001101000000
0010010100101000
0010010100101000
0010011100010000
0010000101011000
0001010111101010
0000010011000100
0000001011011100
0001000000110010
0000111001001010
0000100010010100
0000110001100010
1111010101000100
0000011001110000
0000100000101000
0000011001110000
1110101000011100
1110101011111000
1101101010101000
1101111111001110
1110000010101010
1110000110000110
1110101111010100
1111001110001110
1111101001101100
0000100000101000
0001101000110000
0001100001111000
0000111100000110
0000001100000010
0000010010111000
0000100111100000
0001001101010010
0010000111101010
0010011100010000
0010010101011000
0001010111100100
0000110001110010
0000100100000100
0000000001101110
1111110111011010
1111101001101100
1110010000011011
1101111111001110
1101100011110000
1101100011110000
1101100011110000
1101100011110000
1101100011110000
1101100011110000
1101100011110000
1101100101011010
1101100101000110
1110000101110000
1110111001011100
0001010100101100
0010011010010000
0001111010110100
0001001110010110
0000010111001000
1111100011111000
1111000001110010
1110110010011100
1110100100001110
1110011000110000
1110010010011100
1110001101001100
1101111100011010
1101110111101010
1101110100110000
1101110010001100
1101101101110000
1101101001001100
1101100111111000
1101100011110000
1101100011110000
1101100011110000
1101100011110000
1101100011110000
1101100011110000
1101100011110000
1101100011110000
1101100011110000
1101100011110000
1101100110100110
1101100110100110
0000110001000000
0000100111011100
0001000110010110
0010001010101100
0001111101100110
0010000011001110
0001101011101000
0000100010010110
1111100010111100
1111011110111100
1111000111110101
1110100010010110
1110001001101010
1110001000011100
1101110110111100
1101110011001010
1101110001001100
1101101111000100
1101101100100100
1101101001110110
1101101000010010
1101100011110000
1101100011110000
1101100011110000
1101100011110000
1101100011110000
1101100011110000
1101100011110000
1101100011110000
1101100011110000
1101100011110000
1101101100000100
1101110001010010
0000101001001000
0000101101110100
1110101101101100
1110100110001010
1110111000010110
1111000100001000
1111001011100111
1111000100001000
1111000000010010
1111000000010010
1110111000010110
1110011011100000
1101101010000000
1101110000110000
1110000111001010
1110000101000100
1101111001000110
1101111001101000
1110001000001100
1110000110001000
1110000111001010
1101100011110000
1101100011110000
1101100011110000
1101100011110000
1101100011110000
1101100011110000
1101100011110000
1101100011110000
1101100011110000
1101100011110000
1101111010000100
0010011100010000
0010011100010000
0010011100010000
0010011100010000
1110100010010000
1101110101100110
1101100011110000
1110000111011110
1110010100110110
1110010100110110
1101101100101100
1101101000001110
1110110100000110
1110110100000110
1110100110101110
1110010100110110
1110011001010100
1110000011000000
1101101100101100
1101110001001010
1101110101100110
1101101100101100
1101100011110000
1101100011110000
1101100011110000
1101110001010100
1101110001101000
1101111000000100
1101111010110010
1101110111101100
1101110011000100
1101110000100110
1101101111010100
1101110100000110
1101110010010100
0000001111011000
0000001111100110
0000001111111110
0000001001100110
0000001001111100
0000000010101010
0000000110001000
0000001101110100
0000010010000100
0000100010100000
1111110111101010
0001010100100100
0000011010101100
0000101010001000
0000110011101000
0001001011000010
0001011011101000
0010011100010000
1110011111110010
1110111011100000
1111000110010010
1111010100001000
1111001100011100
1111011011110100
0000111011010010
0001000010111110
1111111101101100
0000110011100100
0000100101101110
0000100101101110
0000100010101000
0000010111111000
0001010000110100
0001010000110100
0001110100001110
0001110111010011
0010011100010000
0010000110101100
0001111101011110
0001100000001110
0001011101001000
0001101100100010
0001100011010010
0001001100001100
0001001001001000
0000110010000010
0000011100011110
1111100110100110
1111100001111110
1110111001111110
1110110001111000
1110100110010000
1110001011101010
1110110101001100
1101111100101100
1110001001111110
1111110001000010
1111110111101100
1111000111011110
0000011100001111
0000111010001100
0000011111100110
0000010010010010
0000101001100100
0000100111111010
0000010000101000
0000110011100010
0001110111101100
0010011100010000
0010001110111100
0010010011111100
0010001000010100
0001100011101110
0001101100000010
0001011011011100
0001001110001000
0000110101001100
0001000000110100
0000011000111100
0000001101010100
0000100111111010
1111000101110100
0000101010010110
0000011010111100
1111101000001000
1111001101111110
1111001010111000
1111110110000000
0000111110010110
0001000001011100
0000100111010000
0001101110000100
0010000101001010
0010010100100100
0001101100100010
0001100110011000
0010001001110010
0000111000001011
0000111001101110
0001100000001110
0010000000100010
0010000010000110
0010010011000000
0010011001001010
0010011100010000
0001101011000000
0001011011100110
0001010011111010
0001110010101100
0001001111010010
0001001111010010
0000111110010110
0000111111111000
1111111010101000
0010011100010000
1101100011110000
1101100011110000
0010011100010000
1101100011110000
1101100011110000
1111100000110000
1110100010010000
1101100011110000
0000110001000110
0001000000000000
0000000100011110
1111011010110100
1111111011100010
0000001010011010
0001000101111100
0001111110100000
0001101111100101
0001010100110011
0010000001011110
0001100110101100
0001001000111010
0001000010111110
0000110111000100
1111110010100110
1111011101110010
1111101001101100
0010010011010100
0010011100010000
0010011001010010
0001111011100000
0010010110010100
0010001010011010
1111111011100010
1111011101110010
1111111000100100
0000111101000000
0001000000000000
0000101000001100
0000000111011100
1111100000110000