1110101110001101
0000010011101000
0000101100001100
1111110101011000
1110101010111010
1110111110100100
1110011100001100
1110000010000010
1110000000011000
1110010110011110
1111000000001100
1111001000011000
1111101001000110
0000111101010110
0010000001010000
0001111101001010
0000111101010110
0000111100100010
0010001010010000
0010011100010000
0010010011010000
0001011110000100
0001100011000000
0001001100000110
0000111010000110
0000010101010001
0000001000001100
1111110010111010
0000000011010010
1111110001010010
0000000011010010
0000001011011100
1110101100100110
0000010000101100
0001000001110110
0000010011010100
1111001101111110
1110101101100000
1110011011000100
1110010100000011
1101110011100100
1101111110000110
1110101011101110
1110110101011000
1111011000100000
0000110010111010
0010000111001100
0010010101001110
0001101011111101
0001110000010111
0010011100010000
0001110110100000
0001110000010111
0001011101111100
0001101010001110
0001111000001111
0001010111110010
0000001001101010
1111011111100010
1111011000100000
1111001000101100
1111001000101100
0000001000110010
0000000010101000
1110110000000000
0000100011100110
0001000101111110
0000011010011010
1110111101011010
1110110101000010
1110100101111100
1110000000010000
1110000001111010
1110001000101000
1110101101011110
1110110010100000
1111001101010100
0000110001110110
0010001110000000
0010011100010000
0010001000001010
0010000110011110
0010001101001010
0001011101011010
0001100001100110
0001000101111110
0001001101100000
0001110100000010
0001100001100110
0000111000100100
0000000101011100
1111101000111110
1111010101101100
1111010000101010
0000011101110000
0000110010101100
1110100010010000
0000010010011100
0000111000000110
0000100000000000
1110110101110110
1110111100100110
1110100000110000
1110011101101110
1110011010101110
1110010110001100
1110100110110011
1111000011011000
1111010110111110
0000010101011110
0001100011000010
0010011100010000
0001111100101000
0001101111110100
0010000000011000
0001110010000110
0001000111111010
0000011011100000
0000101110010100
0000110110100110
0001001101111100
0001000100111010
0000001101001100
1111100001100000
1111100100100000
1111111001100110
0000001010001010
1111100110000011
1110110110001000
0000110100101010
0001011000010100
0000100011101010
1110110111110100
1110011010000110
1110010111100100
1110100100010010
1101111000111110
1101111011100010
1110011001010000
1110101110011110
1111000111111111
1111111011110000
0001011111111110
0010010000011000
0010011100010000
0010001100001000
0010011100010000
0001111011001000
0001011001001010
0000100010110100
0000011101101110
0000101010011110
0001001010101110
0000111110000000
0000110101100000
0000000011011010
0000000101000101
0000001101100101
0000000110110010
1111001100001100
1111011010111110
0000101001011110
0000111111101100
0001000010101010
1111100001101000
1110110000000010
1110101111010011
1110100111001000
1101100110101110
1101110010100100
1110001101001110
1110011101100000
1111000000010100
1111100111100100
0000101011101100
0001101100000111
0010001011001110
0010000011110100
0010011010110010
0010011100010000
0001101100000111
0000110110000011
0000101001011110
0000101110101001
0001000100111000
0001001001010100
0001010001011110
0001001000100100
0000101010001110
0000110110000011
0000101000000000
1111100111100100
0000110000100000
0010011001100100
0010011100010000
0001000010000000
0000001001011100
1110101100100000
1110110000100010
1110110001111000
1101111010101010
1101101010100000
1101110111111110
1110011111000010
1110001110110110
1111100110011010
0000111100101000
0001100000111110
0001101011110000
0001011100111100
0001101110011100
0010011100010000
0001111010100100
0001000000101010
0000010010110110
0000001101011110
0000001000000110
0000101101110100
0001011100111100
0001001011011100
1111111011111110
1111101010011100
1111111011111110
1111011111101100
0000000010101010
0000011101001000
0000100111101110
0000010010100010
1111111101010110
0000000010101010
1111111000000100
1111011000010010
1111100010111000
1111111000000100
1111111000000100
0000010010100010
0000010111110110
0001000010001110
0010000111000100
0010001100011000
0001101100100101
0001101100100101
0010001100011000
0010011100010000
0010010110111110
0001101100100101
0001100111010010
0001000111100000
0001100010000000
0001100010000000
0001100111010010
0001100010000000
0001100111010010
0001010111011010
0001001100110100
0001011100101011
1110110001111000
0000010001011000
0000101011011010
0000001000101100
1111001011111011
1111001011111011
1111000011010000
1110100000100000
1101100011110000
1111001011111011
1111101110101000
0000001000101100
0000010001011000
0000111100110000
0001010110110100
0001001110001000
0001000101011100
0001111001100010
0010010011100100
0010011100010000
0010001010111000
0001110000110101
0000111100110000
0001001110001000
0000010001011000
0000010001011000
1111011101010010
1110110001111000
0000100010101110
0000100010101110
1111110111010100
0000100010101110
1111101010010100
0000100111000100
0001000101011100
0000100010101110
1111100001101000
1111011101010010
1111010100100110
1111001011111011
1110111010100100
1110101101100010
1111001011111011
1111010100100110
1111101110101000
0001010110110100
0010010011100100
0010010111111010
0001011111100000
0001111101111000
0010011100010000
0001111101111000
0001111101111000
0001011011001010
0001100011110100
0010000010001110
0001101100100000
0000100010101110
0000000000000000
1111011101010010
1111000011010000
1111101110101000
0000011110011000
0000101011011010
1101100011110000
1101100011110000
1101100011110000
1101100011110000
1101100111001110
1101100111011110
1101101011011010
1101110010110110
1110001001011000
1110110111100100
1111110011101100
0000101110011100
0001100001111110
0010001110010100
0010010100100110
0010000010010000
0001101100101010
0001001011101100
0000110111111100
0000001001111110
1111010100100110
1110111011000010
1110100001100000
1101111010010010
1101101001010100
1101101010101110
1101101010000010
1101100011110000
1101100011110000
1101100011110000
1101100011110000
1101100011110000
1101100011110000
1101100011110000
1101100011110000
1101100011110000
1101100011110000
1101101000011000
1101100111110110
1110000000000100
1110011000001100
1111001001000000
0000000010001010
0000011110111000
0000101110101100
0001010000001110
0001101001001010
0010000011001000
0001110101110010
0001001110110010
0000010001100010
0000001011000101
1111110110010000
1110110110100010
1110010001000110
1110000001100000
1101110001000000
1101101001100110
1101101011110110
1101101011010000
1101100011110000
1101100011110000
1101100011110000
1101100011110000
1101100011110000
1101100011110000
1101100011110000
1101100011110000
1101100011110000
1101100011110000
1101111000100100
1101101010000000
1110001110011100
0000001101100010
0000100110000000
0000011001000000
1111100010110100
1111000001111100
1110100001010110
1110001111111101
1110011000011010
1110010100011010
1110011011000110
1110001101101100
1110010111101100
1110011101111100
1110000101101110
1101111000110110
1101110011011000
1110000111101100
1110000011000000
1110000011000000
1110001011010100
1101100011110000
1101100011110000
1101100011110000
1101100011110000
1101100011110000
1101100011110000
1101100011110000
1101100011110000
1101100011110000
1101100011110000
1110111101000010
1111110010100110
0010011100010000
0010011100010000
0010011100010000
1111000001100000
1111000101111110
1111100101001110
1111010011010110
0000110001000110
1111101001101100
1101110101100110
1101110101100110
1110001011111100
1101101100101100
1110010100110110
0000001000111100
0001010100110011
1111001110111010
1110110100000110
1110010000011011
1101111010000100
1111010011010110
1101100011110000
1101100011110000
1101100011110000
1101100011110000
1101100011110000
1101100011110000
1110110110101100
1111000000010100
1111000001101000
1111000111111111
1111001110011010
1111010000111110
1111001100001010
1111001101010000
1111010111011000
1111001001000010
1111000011010010
1111001101001000
1111001100001111
1111001101011100
1111010100100000
1111001111111110
1111001001110011
1111001001101100
1111001100010110
1111011111010010
0000111110100000
1111100110010000
0000010011111010
0000001001101010
0000100111000110
0001011110111010
0000110101111110
0001010010000010
1110101101110100
1110111111100100
1110111001011010
1110110100000000
1111010011101001
0000000101000000
0000010100011100
0000110110011010
0001001100000000
0001111001100010
0010011100010000
0001111110111100
0001011011011100
0001010100011111
0000101101111010
0001000110100110
0001000001001100
0000111110001000
0000111001100000
0000110001000000
0000011000010011
0000101010000100
0000111011000010
0000100100101010
0000101010000100
0000101000100000
0001000001001100
0000110100110110
0000011111010000
0000011110011110
0000001011001100
1111011100111010
1111001111110111
1111100001110110
1110101010010000
1110111111011000
1110100010011010
1111000011010100
0000010111000101
0001000110000110
0001001110101110
0010001110111100
0010011100010000
0010010101001100
0010000000000100
0001011000111001
0001001001001110
0001000000101000
0001010001000100
0001001010110010
0001100111110010
0001101010001000
0001100111000000
0001101010001000
0010010010110110
0010000000000100
0001010001000100
0000111111000100
0001010100111101
0001110001111110
0000111111000100
0000111100101100
0000101001001000
1111111100011111
0000011010011010
0000110011010010
1111111111000111
1111101011101100
1111100011001100
1111111010110110
0000101111000010
0001101010100000
0001011110111110
0010011001001110
0010011100010000
0010000110011010
0010000011111110
0001010100101001
0000110110111010
0000111001111100
0001000110000110
0001010010001110
0001010111000100
0001011000010001
0001000101011110
0001101110001000
0001101100111001
0001100000110001
0001000000101000
0001000111010100
0001011001100000
0001011000111001
0001001001001000
0000110111100010
0000011011100110
1111101001010000
1110111110110110
1101100011110000
1101100011110000
0010011100010000
0000000000000000
1101100011110000
1101100011110000
1111110000011000
1101100011110000
0000011011011100
0001000001100110
0001010111000100
0001011001011110
0000111010011100
0000111111001110
0001101100100010
0001100011000000
0001010111000100
0001100101011000
0001001101100010
0001110110000110
0001011110001110
0010001001001010
0001101010001010
0010011100010000
0001110011101011
0010001011100100
0001111000011110
0001011110001110
0001100011000000
0001111010110110
0010001001001010
0001011011110110
0001100011000000
0001100000100111
0001111000011110
0001101110111100
0001000110011000
0001001011001010
0001010010010100
1111011000101000