1110101011001110
1111100000011010
1111110010001000
0000100000001100
0001101110001100
0010010100100100
0010011100010000
0001110010010100
0001111011001010
0010001000110000
0010000001101010
0000110010100000
0000010110110000
0000001010111100
0000000000010010
1111100010110000
1111001110101100
1111000111100110
1111110000010110
0000010001011100
0000111100100100
0000110110000011
0000000010101010
1111111111001000
0000011000100000
0000100011110000
0000111010001100
0000011110011100
0000000101101000
0000100101100000
0000111010110010
0000100100010110
1110011110110010
1111010011011111
1111100100111000
0000000110100110
0001101000100110
0010000100000000
0010011010001010
0001010111110000
0010010011010010
0010011100010000
0010001001010010
0000101101000100
0000000010111001
1111111011100010
1111101110111000
1111010110000110
1110111111111110
1110101010111010
1111011100111110
1111111111110000
0000010000100110
0000000010111001
1111001101001010
1111010100000000
1111010101100100
1111100011110100
1111010000010100
1111100111100000
1111101010001000
0000001111100010
0000010011010000
0000000010111001
1110100011101010
1111001111000000
1111001010001000
1111111000101100
0001010101010100
0010000000000110
0010000011010110
0001101001111000
0001110110010110
0010011100010000
0010010010100000
0001001111010110
0000101110010100
0000001111011100
0000001000011010
1111101101110110
1111011000001100
1111110111000100
0000100100000010
0000110010101000
0000100001010100
0000000110001110
1111100000110110
1111000011000100
1111010000101000
1111100001011010
1111111000101100
1111110100111011
1111000111111100
1111011001010010
1111101000011100
1111100010011110
1110011011010110
1111010110001010
1111011100101010
1111111011011010
0001000011110000
0001100000111000
0001101011101100
0001010110000110
0001010110101000
0001101101010010
0010011100010000
0010001110110000
0001110001101000
0001000010101010
0000111100001100
0000011101011010
0000010110011010
0001001000100110
0001100010100000
0001100000010110
0001010000101100
0000010011101100
1111111010111000
1111100101010010
1111111011111100
1111110011110111
1111111100100000
1111100001100000
1110111110011100
1110011100011010
1111001000001001
1111010001010100
1110101011111100
1111101001010100
1111110000100010
0000010111001110
0001000111101100
0001010101100101
0001010010000000
0000111011110011
0000110100000101
0000101011110110
0001001011010010
0001111101110100
0010011100010000
0010010001111100
0001110000111100
0001010100100100
0001000111001010
0001011101110110
0001111011110000
0001101000101100
0000111111011100
0000101010110100
0000011110111100
0000010001000010
0000011101111001
0000011011110110
0000001100111010
1111111000110010
1111101100011010
1111001100111100
1110101111100100
1111100001000100
1111000001000000
1111111001101100
0000001011111110
0001000111001100
0001011111110010
0001011001011110
0000101100000110
0000101000010100
0000011000100100
0000000011110010
1111001111100000
0000011001001100
0001000101111100
0001111000010110
0010010011011100
0001111110000000
0001010110111100
0001101101101000
0001111111010010
0010010000111010
0010011100010000
0001111111111010
0001110000001010
0001010011001010
0001010011001010
0001010110111100
0001100100001100
0001011101010000
0001010101101100
0000111110011000
0000011100111110
0000011100010110
1111100001010100
1111111100001110
0000001111100010
0000000101111000
0000010000001110
0000001101011011
1111011101110110
1111011101110110
1110101101100100
1110001011110000
1101110101000000
1110110010011010
1111001000011110
0000010000111010
0001101000011111
0010000000101010
0001110000000110
0001011001010110
0001101111011010
0010011010111000
0010011100010000
0001111010011100
0001011111100010
0000110001010100
0000101111111100
0001010100011111
0001000100101000
0001011100110010
0001101001111010
0001010001000100
0001001110010100
0001001011100010
1111011101010010
1111110111010100
1111110111010100
1111110111010100
0001000101011100
0001111001100010
0001110000110101
0001111001100010
0010000010001110
0010011100010000
0001110000110101
0000111100110000
0000000000000000
0000101011011010
1111101110101000
1111100101111110
1110010111110110
1111000011010000
0000000000000000
0000100010101110
0000111100110000
0000011010000010
0000110100000101
0000001000101100
0001010110110100
0001010110110100
0001110000110101
0001011111100000
1111110111010100
1111101110101000
0000011010000010
0000000000000000
1110101101110000
1111010110111000
1111000110011100
0000001000001110
0001101010111010
0010011100010000
0010011100010000
0001011010011110
0001010010010000
0010011100010000
0010000011100110
0000011000101010
0000100000111010
1111110111110010
1111101111100100
1111000110011100
1111001110101010
1110100101100010
1111000110011100
0000111001100100
0001100010101100
0001001010000000
1111110111110010
1111101111100100
0000001000001110
0000101001001000
0001001010000000
1111110111110010
0000010000011100
0000110001010110
0001000001110010
1111001110101010
1110011111011100
1111100101101010
1111101100101100
0000010011010100
0001010110000010
0001100000100100
0001010110000010
0000101000011000
0000101000011000
0000101000011000
0000111001111100
0010000000001010
0010011100010000
0010001010101100
0001011001100001
0000111001111100
0000110110011100
0001111100101001
0010001110001110
0001101110100110
0000111101011100
0000101000011000
0000100001010110
0000011010010110
0000000001110000
1111111010101111
1111111110010000
1111110000001100
1111101001001100
1111001101000110
1110011011111100
1111101001001100
1101100011110000
1101100011110000
1101100011110000
1101100011110000
1101100011110000
1101100011110000
1101100011110000
1101100011110000
1101100111111100
1101101000010110
1101111001011110
0001001010000000
0010001100010100
0010011010000100
0001101010010000
0001001101111110
0001001111110010
0000110101010010
0000011101100100
1111111100101110
1111010011111000
1110100101101100
1110001000100110
1110000010000010
1110000100101000
1101110001111010
1101100011110000
1101100011110000
1101100011110000
1101100011110000
1101100011110000
1101100011110000
1101100011110000
1101100011110000
1101100011110000
1101100011110000
1101100011110000
1101100011110000
1101100011110000
1101100011110000
1101100011110000
1101100101100100
1101100101100010
1101110000111100
0000000001111100
0001100000000010
0010001100111000
0001111110001100
0001111100110110
0001100110101010
0000111110111110
1111110100001110
1111010010100110
1110011101000110
1101111110011100
1101110001100010
1101101101010110
1101101100001010
1101100111111010
1101100011110000
1101100011110000
1101100011110000
1101100011110000
1101100011110000
1101100011110000
1101100011110000
1101100011110000
1101100011110000
1101100011110000
1101100011110000
1101100011110000
1101100011110000
1101100011110000
1101100011110000
1101110010010100
1101101100000100
1110000011000000
1110001111110110
1110010011101010
1110010100001101
1110101010000100
1110101001001000
1110100100110000
1110111011111000
1110110110010000
1110101000110100
1110110111001100
1110111001000100
1110101110001110
1110110001010110
1101101101001000
1110000100100100
1101100011110000
1101100011110000
1101100011110000
1101100011110000
1101100011110000
1101100011110000
1101100011110000
1101100011110000
1101100011110000
1101100011110000
1101100011110000
1101100011110000
1101100011110000
1101100011110000
1101100011110000
1111000001100000
0001101011001010
0010011100010000
0010011100010000
1110000111011110
1101111010000100
1110000011000000
1110100110101110
1110011101110010
1110101111101010
1111000101111110
1110101011001101
0000000100011110
1111111011100010
1111000101111110
0000011111010000
1111101001101100
1110011001010100
1101100011110000
1101100011110000
1101100011110000
1101100011110000
1101100011110000
1101100011110000
1101100011110000
0010011100010000
0010011100010000
0010011100010000
0010011100010000
0010011100010000
0010011100010000
0010011100010000
0010011100010000
0010011100010000
0010011100010000
0000110101100100
0000100011110100
0000100001100010
0000010011010110
0000000111000011
1111111001010110
1111100100101010
1111011000100110
1110110001011110
1110100111000000
0000111100011010
0000010111111010
1101101110011100
1110101000111000
0000001101010110
0000010110001011
0000111110111110
0010011100010000
1111110110001010
1111111011110010
0000000100001110
0000110110111010
0000001001110110
0001101100011000
0001110111101010
0001100001001000
0000111001101110
0001001010100110
0001010101111000
0010000101101110
0001011000101100
0001011000101100
0001001010100110
0001101001100100
0000101000110100
0000000111000010
0000111111010110
0000111111010110
0000111001101110
0001111010011110
0000111001101110
0010011100010000
0010001000100010
0001110111101010
0001100110110000
0001100110110000
0000010101000111
0001011000101100
0000110100000101
1111010111001100
0000010001101010
0001010011001010
0000101000010100
0001000110100100
0001110011111100
0001010101101100
0001110011111100
0001110110011100
0010010111001110
0001010011001010
0001100100110100
0001010101101100
0001010011001010
0001010101101100
0001000110100100
0001010101101100
0001100010010010
0001000110100100
0000101101011000
0000110111011100
0001000110100100
0000111100011110
0000111001111110
0001001011100110
0000100011010010
0000111001111110
0000111100011110
0001001011100110
0000111001111110
0000001111001000
0000000000000000
1110000010000000
1111111011001110
0000011011110100
0001101100010100
0010000101010000
0010011000011010
0001110011111111
0010001011000000
0001011100111110
0000101110111110
0001011110111010
0010000001011010
0010000111001010
0010011100010000
0010011100010000
0001110111110100
0001111001110000
0001111111011111
0001110111110100
0010001011000000
0010011000011010
0010001001000110
0001100010110000
0001111011101010
0001111101100100
0001001011101110
0001001001110100
0001111111011111
0010001100111010
0010001110110110
0001001011101110
0001010101010100
1110110000011100
1101100100000110
0010011100010000
1101100011110000
1101100011110000
1101100011110000
1101100011110000
1101100011110000
1101100011110000
1101100011110000
0000001101011110
1111111010101000
1111111010101000
0000010010110110
0000000010101100
0000011010111100
0000101101110100
0001100000111110
0001101011110000
0010000001010100
0010011100010000
0000111101111110
0000011101101000
0000110000100000
0001001000110000
0000111101111110
0001010000110100
0001001110001000
0001001110001000
0001011110010010
0001101001000100
0000101101110100
1111110010100010
0000001000000110
0001001000110000
0001001000110000
0000100000010100
0001011011100110
0001000110000010
0001001000110000
0000000101011000
1111111010101000