1111010111010010
0001000010000110
0001011000110110
0000100110111100
1110101001110010
1110100110010010
1110010010001010
1110001000100000
1110000001100000
1110000110110000
1101101101011000
1110011110011010
1111001011111011
1111111110101100
0000111110100110
0001111010001000
0010010100011000
0010011100010000
0010000100101000
0010000000010000
0010010111000000
0010000101100000
0001100011010110
0000110110101110
0001001100100110
0001001010110110
0010000000010000
0010001010110000
0001010001110110
0000000011000100
1111000011001010
1110101110001010
1111000000110100
0000100100110010
0000111100101100
1111101000011010
1110001010101110
1101111110001010
1101110000010100
1101101011111100
1101110000010100
1101101101001100
1101110000010100
1110011011000110
1110011011000110
1110110010010110
1111010011000010
0000001110001010
0000101110110110
0001110000010000
0001111110000100
0001111010111100
0001010101001100
0001110000010000
0010010010110100
0010001000001000
0010000111100000
0010000000100110
0010001111101100
0010011100010000
0001110011010111
0001000001000100
1111111100100010
1110110000011110
1111010101011101
0000101111101110
0001000111101100
1111110111001010
1110010010000010
1101111011001100
1101110010000010
1101101110100110
1101100110100110
1101111000111000
1110000100111000
1110000010100110
1110011110000010
1110100101011100
1110111111101110
1111101011001010
0000001111101110
0001001000110110
0010000110100010
0010001011101100
0001011100110101
0001100100110110
0001110100110110
0010001111001000
0010011100010000
0010001100110100
0010010001111110
0010001100110100
0000110111101100
0000111010100100
0000100100110110
0000011100110101
1111010101010110
0000101101101100
0000111110100000
1111101010011000
1110110100010010
1110000001110100
1101101010011000
1101111110110010
1101110011011000
1101110110011000
1101111011001100
1110001111000010
1110001011011010
1110011011101000
1110110011000100
1110110001010010
1111100000110000
0000011110101010
0001110010110010
0010001010110100
0001110111100110
0001010000100010
0001011110010110
0010000000100110
0010011100010000
0010010000001110
0001110101110010
0000111111101100
0000101101101100
0000111011100000
0000011011000001
0000010110010000
1111100101100000
0001000110110100
0001001101111100
0000000000011010
1111000101110111
1101110101111100
1110011110010010
1110100010010000
1101111011011110
1110000001000010
1101110101111100
1110001101101100
1110001000001010
1101110100011000
1110000100111110
1110011010010110
1111010000001000
1111111010110110
0001001010110000
0001111001011100
0001111001011100
0001011011011000
0001101100110010
0010001001010000
0010011100010000
0010001010110110
0001100100110111
0000010011011000
0000010101110000
0000100000000010
1111111100011100
1111111100011100
1111100011011000
0000101010011001
0000110010011010
1111111101011110
1110111010000010
1110001000101110
1110111001010100
1111001000100010
1101110111010100
1110011000101100
1110100100010010
1101111100011010
1110001001011100
1110001000101110
1110011111001111
1110101100111110
1110111011011110
1111101110111110
0000110000111100
0001111111111101
0010001100010100
0001011011000000
0001010100011110
0010010011100100
0010011100010000
0001111111010000
0001011010010010
0000000100000000
0000100110110010
0000100110000100
0000011001110000
0000001101011010
0000010000001100
0000101000111110
0001100110111010
0001010001111100
1110111101010100
1101111101011110
1101110110110100
1110011001000110
1101111111011000
1110100100100010
1110011101111000
1110010000100010
1110101111000010
1110010010011100
1110110011110010
1110010001011110
1110110100101110
1111001101100000
0000011001101110
0001011111010010
0010010001110010
0001101101100100
0001000101100100
0010010101100110
0010011100010000
0001110110001000
0000010111110100
1111010110000110
0000010011000100
0000011100100110
0000101000111110
0000110000100110
1111100111111110
0001001000001000
0001001000001000
0000111100000110
1111001111111100
1110101011111000
1111000011111010
1110110111111000
1110010011110100
1101111011110010
1110101011111000
1111011011111100
0000001100000010
0001100000001001
0010011100010000
0010011100010000
0010000100001110
0001100000001001
0001010100001000
0001010100001000
0001101100001100
0001010100001000
0000110000000100
1111100111111110
0000001100000010
0000100100000100
0000100100000100
0001010100001000
0000000000000000
1101111011110010
1111000011111010
1111001111111100
1111101011101001
0000110110010110
0001011111000110
0001001010101110
1111000010110110
1111011110000010
1111010000011100
1110100111101100
1111010000011100
1111000010110110
1110101110011110
1111101011101001
1111101011101001
0000010100010111
0001100101111010
0010010101011110
0010011100010000
0001111010010010
0010000001000100
0010010101011110
0010001110101010
0000101000101111
0000110110010110
0000011011001011
0001000011111100
0001001010101110
0001110011100000
0001110011100000
0000111101001010
0000010100010111
1110110101010010
1111010111010001
1111100011011100
0000101101011000
0000111010110100
1111111010111110
1111010110000000
1110100110111110
1110010110001010
1110110001000010
1110001100000100
1110001111011100
1110110001000010
1110111011001000
1110011001100000
1111001000100100
1111101010001010
1110111110011110
1111110111100110
0000011100100100
0001110011111100
0010010010001010
0010001011011100
0001011100011010
0001101101001110
0001110000100100
0010011100010000
0010000001011000
0001011001000010
0001010010010100
0001010101101100
0001011100011010
0000101101011000
0001000001100010
1101101000101010
1101101001110100
1101101000011100
1101101010110000
1101101101010110
1101101111011100
1101110100010110
1101111111110100
1110010010000010
1110011100110010
1111000000100010
0001010001011110
0010010111010110
0010001001000110
0001011110100010
0000101010001100
1111111010111110
1111001101001010
1111000100100000
1110110111011100
1110101000101100
1110100010001010
1110010000011011
1101110101000010
1101101110100000
1101101010010010
1101100011110000
1101100011110000
1101100011110000
1101100011110000
1101100011110000
1101100011110000
1101100011110000
1101100111100000
1101101000111010
1101101000010010
1101101001100000
1101101101111000
1101101111101000
1101110011001000
1101111010101000
1101111110111010
1110000000001110
1110010010000110
0000000110101000
0010000011111110
0001010100010000
0000011000111110
1111110111101110
1111011000101000
1110011000110100
1110100000110010
1110011010001110
1110001010010110
1110000010011110
1101110110111110
1101101111001100
1101101100011110
1101101010001000
1101100011110000
1101100011110000
1101100011110000
1101100011110000
1101100011110000
1101100011110000
1101100011110000
1101100111011110
1101111000100100
1101110011011000
1110011010111100
1111100001110011
1111100100111010
1111101001100110
1111010100010000
1110010101110000
1101111110110100
1110001010110100
1110000101010110
1110101000100000
1110101101111110
1110110101000000
1110110111101110
1110110100100110
1110001010011010
1110010011011011
1110010100111110
1110000110110100
1101111111111000
1101101101001000
1110011010011100
1110011000111000
1110011000111000
1101100011110000
1101100011110000
1101100011110000
1101100011110000
1101100011110000
1101100011110000
1101100011110000
1110110100000110
1101110101100110
1101111110100010
0000011111010000
0000010001110110
1101111010000100
1110000111011110
1101111010000100
1110000011000000
1110011101110010
0010011100010000
0010011100010000
0000101000001100
1110001011111100
1101111110100010
1101100011110000
0001100110101100
0001011101110000
1101100011110000
1110001011111100
1110001011111100
1110101011001101
1110000111011110
1101110101100110
1101101000001110
1110011101110010
1101100011110000
1101100011110000
1101100011110000
1101100011110000
1101100011110000
1101100011110000
1101100011110000
1110110111011100
1110110010110100
1110110011000010
1110101110101011
1110101011110101
1110100101011000
1110011000111110
1110001011111100
1101111111101110
1110001111100110
1111111001101010
0000000001011010
0000001000111010
0000001111011110
0000100100111100
0000110011110110
0001000010011000
0001010110111110
0001101011100110
0001101101001100
1111101001000110
1111110110110100
1110010100001101
1110110110110000
0000000011101010
0000111000011110
0001100100111010
1110100111011110
1111101010011110
1111101010011110
1110110010001010
0000100000100100
0000001110111010
0000101101110100
0001001010100010
0000111011000100
0000100111001100
0000111101010010
0001000000100110
0000111110011000
0001001001011100
0001011011000110
0001111100001110
0001110010010010
0001101110111110
0010001000011000
0010010110101110
0001110001001100
0010010111110110
0010011011001010
0010001101111010
0001111100001110
0010011100010000
0010000111010010
0010000111010010
0010010100100010
0010001000011000
0001100101000001
0001101100110010
0000110001001000
0000000110011000
1111100010001000
1111010010011100
0000010000001010
0000000011011100
0000110010011011
0001001110111000
0001001011111010
0001000100000110
0001001011111010
0001001001111110
0000111110001110
0001010111101100
0001011010101000
0001011111100000
0001111011111100
0001101110001110
0010010100011010
0001110101000100
0001111100111010
0010010010011110
0010010110011000
0010001111100000
0010000010110010
0010010101011010
0010000110101100
0010001000101010
0010011100010000
0001110101000100
0001111101111000
0001101100010000
0000010000001010
0000010000110010
1111110011010010
1110110111001110
1110111111011000
1111100001111110
1111111111100000
0000100100001000
0000001110110000
0000011001111101
0000110101011100
0000101101010100
0000110101011100
0001001000110010
0001100000001100
0001000100101110
0001001100110110
0001101110011100
0001011100001000
0001111000101000
0001101100011010
0001111100101100
0010000100110110
0010000010110100
0010001001111100
0010011100010000
0001100111010100
0010010011000110
0010010110001010
0001111111110000
0010010000000010
0001100100001111
0000010001110100
1101101011111110
0010011100010000
1101100011110000
1101100011110000
1110000011000000
1101100011110000
1101100011110000
1111110000011000
1101100011110000
1111011101100100
1111111000000100
1111100000001110
1111101010110100
1111101000001010
0000011101001000
0000011101001000
1111111101010110
0000000000000000
0001101100100101
0001101100100101
0001101001111100
0010011100010000
0000110111101000
0001000100110110
0001100111010010
0001010100110000
0001001100110100
0001011100101011
0000111010010000
0000000010101010
1111111000000100
1111101000001010
1111101010110100
1111100101100010
1111111101010110
1111111000000100
0000100101000100
0000001010100110
1111111000000100
1111110010110000
1111000101110000