0000010111100110
0010000101100010
0010000101100010
0010011100010000
0001000011110100
1111001000001001
1110111111001010
1110101011011100
1110101010110110
1101110000111010
1101110110111000
1110001010000000
1101111100110110
1110011011111011
1110100110000100
1110101000011110
1111000010001010
1111110001111110
0000110011101100
0010001100001000
0010000010100100
0001111000011001
0001010000111110
0001001011000000
0001011000101110
0001010101110000
0000011010000000
1111011110110110
1111000010001010
0000011011001011
0001001111001010
0001000011001110
0000000110100000
0001001111111000
0010010010010010
0010011100010000
0000010101011110
1111001011000110
1111100011000010
1110100111001010
1110010100101010
1110000101101100
1101111000001110
1101110001001110
1110000101101100
1110100000101010
1110101111001001
1110110000101000
1110110110001000
1111010011000100
0000101000111100
0000111011011010
0001111111010010
0001110011010100
0001101110110100
0001100101110110
0001101100010100
0000111000011010
0000100011011100
0000010011111110
1110111011101000
0000110000111010
0001100110110110
0001010111011000
0000001010101100
0001010110010110
0010010010010110
0010011100010000
0000000011011010
1111000110111000
1111011001101010
1110100110100010
1110011010100010
1110000110001100
1110000001100000
1110011101001000
1110011101001000
1110110011100100
1110110111001110
1110110000111110
1110100101100000
1110111100011100
1111011101010100
0000000110100001
0001000110001010
0001000010000000
0001001110000000
0000111110010110
0000110010111000
0000101011100100
0000011000010000
0000011110000000
1111001101001000
1111011110111000
0000010101101010
0001101111011000
1111111110110100
0001011110000000
0010001000010010
0010011100010000
0000001111010010
1110100010100110
1110101001000100
1110010011010110
1110001001010110
1110000011011110
1101110111001000
1110010100100001
1110101010010000
1110101001000100
1110101111100010
1110101011011010
1110110010011110
1111001100111010
1111010010001100
1111100111010110
0000111110001111
0001101011011111
0001010010010000
0000111001100100
0001001111010100
0001001000110110
0000110011000110
1111101110111110
1111001111010000
1110011100001010
1111111111011010
0001011111110000
0000001110000010
0001111110010100
0001111111100100
0010011100010000
0000101101001110
1110101110100110
1110111010011100
1111000000000100
1110010010100010
1110001111011010
1110011011010000
1110011101110000
1110011011010000
1110100001100000
1110110011100110
1110110110000110
1110011111101000
1110010110111010
1110100101111000
1111100000100000
0000001010010010
0001000011000100
0001000110001100
0000111010111100
0001001000101010
0001011100101000
0000101101001110
0000001110000010
1111011001000000
1110111111011100
1111000110111100
0001011011011000
0000001000011100
0010011100010000
0010000110110110
0000100111100100
1111110100010110
1111100100110010
1110110001100100
1110101110010100
1110000001100100
1101111011110000
1110010001001000
1110100101001110
1110011001100100
1110011010110110
1110110001100100
1110110000010000
1110111101111000
1111000001110001
1110010110111110
1110110110110000
1111001000111010
0000110011001110
0001000100000100
0000011101110100
0000000011111000
0000100110111010
0000010010001010
1111011011101100
1111000011000100
1110011100110100
1110111001010110
1111111010001010
1111110101100000
0010011100010000
0010010001000110
1110100100000111
1110001010011110
1110111111101010
1110100110101110
1110111010011010
1110101101111100
1110000111001100
1110011100001111
1110011011100100
1110110011001100
1111000100010000
1111001101011100
1110101010101010
1110101010000000
1110010110010100
1110000101111000
1110101000101100
1111100011110010
1111101101101000
1111110111011110
1111101100111110
0000010000011010
0000100101011010
1111111100000100
1110100000001011
1110010101101010
1110101101111100
1110110100100000
1111010000000100
0000011101010100
0010010010100000
0001111110111100
0000100111000100
0000010011100010
1111101100011110
0000001001110000
1111101100011110
1111000101011010
1111100010101100
1111000101011010
1111001111001100
1111110110010000
0000001001110000
1111101100011110
1111011000111100
1111110110010000
0001001110001000
0001101011011100
0001101011011100
0010011100010000
0010010010100000
0001010111111000
0000001001110000
0000111010100110
0001100001101010
0001000100011000
0000100111000100
0001000100011000
0001000100011000
0000100111000100
0000111010100110
0000110001010110
0010001011110100
0001101010111010
0010001011110100
0001010010010000
1111110111110010
1111011111000110
1111011111000110
1111110111110010
1111011111000110
1111010110111000
1110111110001110
1110011101010100
1110100101100010
1110100101100010
1110111110001110
1111101111100100
0000010000011100
0000101001001000
0010001011110100
0010011100010000
0010011100010000
0001010010010000
0001101010111010
0001100010101100
0000101001001000
1111101111100100
1110110110000000
1110011101010100
0001010010010000
0001010010010000
0000010000011100
0000010110111110
0001110010111000
0010000101010010
0010011100010000
0000110111001010
1111010110101000
0000000000000000
0000000100100110
1110110110011110
1110010001101110
1111011011010000
1111010010000010
1111011011010000
1110110110011110
1110101101010010
1110110110011110
1111101101101000
1111100100011100
1111010110101000
0000000000000000
0000101001011000
0001001110001000
0000011011100100
0000110010100100
0001000000010110
0000110010100100
0000100000001010
0000001101110010
0000000100100110
1110111011000100
1111001101011100
0001001110001000
1101100011110000
1101100011110000
1101100011110000
1101100011110000
1101101001111000
1101100111101000
1101110111110000
1110011100100100
1101111000101110
1101111011111110
1110000000011110
0001101011011111
0010010111000110
0001111111001011
0001010110001100
0000100100110100
0000000011111000
1111100100111000
1111001011011000
1111001101000000
1111010011011100
1110110100110010
1101111001011000
1101101001010000
1101101000111010
1101100011110000
1101100011110000
1101100011110000
1101100011110000
1101100011110000
1101100011110000
1101100011110000
1101100011110000
1101100011110000
1101100011110000
1101100011110000
1101100011110000
1101101110111100
1101101101111110
1111001010111110
0001101111110010
0000000101001110
1111000110111100
1110100100101100
0001011100110000
0010010101001000
0001111100001010
0001001110010000
0000010101101010
1111111011101110
1111011101010010
1111000100000100
1110111101011010
1111000000100000
1110100110110100
1101111010000110
1101101111011010
1101101111111000
1101100011110000
1101100011110000
1101100011110000
1101100011110000
1101100011110000
1101100011110000
1101100011110000
1101100011110000
1101100011110000
1101100011110000
1101100011110000
1101100011110000
1101101000111100
1101101100000100
1110001110011100
0001011100101011
0001101110111100
0001001100100100
0000000000100000
1110001001010000
1110001001010000
1110001000011001
1110001111100000
1110001011110010
1110000110001000
1101111011101100
1101110110001110
1101111101100010
1101110110001110
1101110111010010
1110010000100010
1101110101011100
1101110100011010
1101100011110000
1101100011110000
1101100011110000
1101100011110000
1101100011110000
1101100011110000
1101100011110000
1101100011110000
1101100011110000
1101100011110000
1101100011110000
1101100011110000
1111001110111010
0001011001010010
0010011100010000
0010011100010000
1111001110111010
0001010000010110
0001011101110000
0001011101110000
1110000111011110
1101110101100110
1101110101100110
1101111010000100
1101101100101100
1101111010000100
1110001011111100
1101101100101100
1101110101100110
1101110101100110
1110011101110010
1101110101100110
1111000101111110
1101100011110000
1101100011110000
1101100011110000
1101100011110000
1101100011110000
1101100011110000
1101100011110000
1101100011110000
1110111110101100
1111000001010110
1111000011111010
1111000110100010
1111001010010110
1111001101110010
1111001111101010
1111001101100110
1111000101111100
1111000100111100
0001010011001010
0001010111011000
0001011010011010
0001011111000010
0001100000000110
0001101000100100
0001101001100100
0001101001100110
0001101010001010
0001010111000100
1110011110000110
0000111001000000
1110100001000110
1111011101110000
0001010111110000
0001110010011010
0010001010001100
0010011100010000
1110101000111000
1111100011001100
1111111000110100
1111111100011010
1111101111011100
1111111000110100
0000000111111010
0000011101100010
0000001011100010
0000100100101110
0000101101011000
0001010100111101
0001110011111100
0001010111001000
0001011010000000
0001011101100110
0001010011100010
0001111000001111
0010001100011010
0010010000101110
0010011100010000
0010001110100100
0001110100101010
0001011111110010
0000111110101010
0001000101001000
0000101001110000
0000110101010010
0000110111011100
0000010010101110
0000000111001100
1111100110000110
1110111001010010
1111100111100000
1111110111011000
0000000010011010
0000000000010110
1111101110011010
1111111100111010
1111111110010010
0000110110110110
0001000001111000
0001000110000010
0001010111111101
0010010101010110
0001110100010000
0001010100011111
0001100100011000
0001101011111101
0010011000001000
0010010110000010
0010011100010000
0010011000001000
0010000111100100
0001110111101100
0001100101110000
0001010101001100
0001001111000000
0001000111011010
0001010011110100
0001010101111000
0001001010001010
0000110001010100
1111101011101010
1111010100011000
1111111100001100
1111101010011010
0000000110010110
1111111001101010
1111100010110010
0000000101100000
0000000111001100
0000101111110110
0001110101010010
0010010010000110
0001111110100110
0010011100010000
0010001001101000
0001010100010000
0010011000000000
0001111101110000
0010010001010000
0001010110110100
0001110000001101
0001101000100110
0001101011111101
0000101111110110
0000111100100100
0000111000010100
0000100111011000
0001011100101110
0001001110010110
0001100000111110
0000110100111100
0000100000100110
1111010011100010
0010011100010000
1101100011110000
1101100011110000
0010011100010000
1101100011110000
1101100011110000
1101100011110000
1111110000011000
1101100011110000
0000111100000110
0001101100001100
0001000100000110
0001110000001100
0001011100001010
0000100000000100
0000111100000110
0010001100001110
0010010000001110
0001101000001010
0000000000000000
0001111000001100
0010010000001110
0001101000001010
0001111100001011
0000111100000110
0010011100010000
0001111100001011
0000111100000110
0000111100000110
0001111000001100
0001011100001010
0000110100000101
0010000000001110
0001000100000110
0001010000001000
0001011100001010
0001010000001000
0001001000001000
0000111100000110
0000011100000010
1110111011111010