1111001011100111
0000011110001100
0001000101000010
0001101101101110
0001110000110010
0010000010111110
0001001101111110
0001010010010010
0000100010110100
0000010101100100
0001010100110000
0001100010000000
0010011010101110
0010011100010000
0001101111111000
0001100111100011
0001100100001010
0001100010000000
0001110100001100
0001011111110101
0001010100011100
0000110110010000
0001000111001100
0001100010111100
0001101001000110
0001101000011110
0001101010010100
0001011111100010
0001011111100010
0000111110111000
0001000111110100
0001100101101100
1111001011001000
0000000101111100
0000111111010010
0001011100101011
0010000001100000
0001111000100110
0000111100100110
0000101110111100
0000010010011010
0000101011011000
0000111001111100
0001011101111000
0010000111011110
0010011100010000
0010011001010010
0001110010111110
0001110100110000
0001111010011000
0001110010000100
0001101111011010
0001011101100100
0001000111111000
0001010001000110
0001101000100100
0001110101000010
0001111011100011
0001110100001001
0001010101110110
0000110100100110
0000011100100010
0000100110000010
0000100011010110
1110101111010000
1111100101111010
0000100001110000
0001101011001100
0001110101111110
0001010101111110
0000001011110110
1111110000010110
1111110000101100
1111110100001010
0000001011011110
0000101001011010
0001100101101000
0010011000110010
0010011100010000
0001100111101100
0001011110101010
0001100111000000
0001110011001100
0001101010001000
0001000100100100
0000101000000010
0000011110111101
0000111000101110
0001001110101010
0001101010001000
0001101000110000
0000110111101100
0000000111010100
1111001110111100
1110011011110010
1110100101001100
1110100011010010
1111011110000010
0000111010111100
0001111110111000
0001101001111100
0000011001111000
1111101000101100
1111010010010010
1111000111010000
1111100010110100
1111111100111000
0000010101000111
0001011000101100
0010011100010000
0010011011100000
0001110001101010
0001010010011100
0001100111000000
0010001011000000
0010000010001100
0001100010111110
0000111101001010
0000111000011000
0001000000011100
0001110010011000
0010011001101100
0010001111000010
0001010111001110
0000101000001110
1111111010010100
1110010000111010
1110011000010000
1110011110101100
1111011101010010
0001100100100010
0001110111000110
0000110111101101
1111110111001000
1110111101110010
1110101010000000
1110110001010010
1110110110100010
1111010110000000
1111101111000010
0000110101010010
0010001001010010
0010011100010000
0001110001011100
0001000110101010
0001100011010100
0010000001100110
0010001111010110
0001100010001000
0000101010000000
0000011111111010
0000011001000010
0001010100011000
0010001011101100
0010000101010000
0001001011100000
0000011101000100
1111000010101000
1110001011010100
1110100111001100
1110111010000100
0000001101001000
0001100000110000
0010000011000100
0001010000001000
0000000111001111
1110111101010000
1110001101000010
1110001100100000
1110011111010000
1110111111011010
1111011010001110
0000010011000010
0010000100101010
0010011001000010
0001110110001100
0001010110100100
0001100100100000
0010011100010000
0010010110010110
0001110110001100
0000010011000010
1111111111101110
1111100101011110
0000001001011000
0000111111100010
0001000010110000
1111110000001100
1110110011000110
1101110011010010
1110011010111111
1110110111111010
1111011111001000
0000011111101110
0000000001011110
0001001010110010
0000010000000000
1111110000100111
1110101010110000
1110011011101000
1101110100000010
1101110111100010
1110110001001010
1110101011111010
1111010000100100
0000101011111100
0001001011011000
0000111101011010
0000110010111010
0000100111111000
0001110101110110
0010011100010000
0001001110110110
1111101100100000
1111100011001100
1111011011101000
1111100110101100
0000001111011001
0000010110011010
1111010010010100
1110011100110010
1110001010001010
1101111001111000
1110010010111000
1111111011110010
0001010000001111
0001010000001111
0010000010111010
0010001011010110
0001111010011110
0001111010011110
0001010000001111
0001000111110010
0000111111010110
0001101001100100
0010000010111010
0010011100010000
0010010011110100
0010011100010000
0010010011110100
0010001011010110
0010010011110100
0010010011110100
0010001011010110
0001101001100100
0001010000001111
0001011000101100
0001010000001111
0001100001001000
0001101001100100
0001110010000010
0001100001001000
0001110010000010
0001111010011110
0001110010000010
0010011100010000
1111001110010010
0000011100011010
0001011100010110
0001101010100010
0001111111110110
0010000110111100
0001001110001000
0000110001101110
0000101010101000
0000111000110100
0000101010101000
0001101010100010
0001111000110000
0010011100010000
0001010101001110
0001010101001110
0001001110001000
0001011100010110
0001111000110000
0001001110001000
0001011100010110
0000101010101000
0000010101010100
0001001110001000
0000110001101110
0001000111000010
0001001110001000
0000111000110100
0001011100010110
0000111000110100
0001001110001000
0001011100010110
1110110111000110
1111100000110000
0000001101111000
0001100100101100
0001101011101000
0001001000111010
0000101001101010
0000011000010011
0000000110111100
0000011000010011
0000101101001000
0001000001111110
0001011010010010
0010011100010000
0010011000110010
0001100100101100
0001110010100110
0001100001001110
0001100001001110
0001101011101000
0001001000111010
0000110111100100
0000110100000101
0001000101011100
0001100100101100
0001101000001010
0001101111001000
0000111011000010
0000001010011010
1111000001100000
1110011011010100
1111010110010110
1101100011110000
1101100011110000
1101100011110000
1101100011110000
1101100110010100
1101100110001100
1101100110010100
1101100101101110
1101111101100010
1101111010011010
1110000100001010
0000101111011100
0000010010010010
0001000100110100
0001100101001110
0010001100000110
0001101001110110
0000011001100000
1111100000110100
1110110001010100
1110010100100010
1110000111001010
1101111011010100
1101110100011110
1101101111110100
1101101011100010
1101100111001110
1101100111111100
1101100011110000
1101100011110000
1101100011110000
1101100011110000
1101100011110000
1101100011110000
1101100011110000
1101100011110000
1101100011110000
1101100101110000
1101100101111110
1101101011110000
1101110111110000
1110111111100110
1110100000010110
1110001000110000
0000100111110110
0000100001001000
0001100111110000
0001011001001101
0010000101000010
0001101100100010
0000010111101010
1111001100000000
1110010110111100
1110000001100110
1101110101110010
1101101111000000
1101101101001110
1101101010011100
1101101000111100
1101100110010110
1101100111000100
1101100011110000
1101100011110000
1101100011110000
1101100011110000
1101100011110000
1101100011110000
1101100011110000
1101100011110000
1101100011110000
1101110001000000
1101100111111010
1101110001110100
1110001011110111
1110111101010100
0000001110000100
0000000000100000
1110010011111100
1110011011100010
1110010011000100
1110010100101000
1110011000101000
1110010101111110
1110010011100000
1110001101011110
1110000100110010
1110001100011000
1101111101101000
1110000001011100
1101110100111100
1110001001010000
1110000011000000
1101111110010100
1110000100000010
1101100011110000
1101100011110000
1101100011110000
1101100011110000
1101100011110000
1101100011110000
1101100011110000
1101100011110000
1101100011110000
1110011001010100
1101110101100110
0000011010110010
0010011100010000
0010011100010000
0010011100010000
0010011100010000
0010011100010000
1101111010000100
1110100110101110
1111010011010110
1101111110100010
1101101000001110
1101111010000100
1111001010011100
1110100110101110
1110000111011110
1110011001010100
1110001011111100
1110000111011110
1110000011000000
1101111110100010
1101111110100010
1111001110111010
1101100011110000
1101100011110000
1101100011110000
1101100011110000
1101100011110000
0010011100010000
0010011100010000
0010011100010000
0010011100010000
0010011100010000
0010011100010000
0010011100010000
0010011100010000
0010011100001110
0001011100101010
1101111111100100
1101111110001110
1101111111111110
1110000010100000
1110000110000110
1110000111001110
1110001100111100
1110000110100100
1110010110110100
1110101001001100
0000010100110110
0001101100011110
1110000100101110
1111010100100010
0000101111100000
0001000101110110
0000101101000010
0010011100010000
1110101011111000
0000010100110000
0000010101110110
0000010000011000
0000001101001000
0000110000000100
0000111111011000
0001010000110110
0001101011000110
0010000100001110
0010011100010000
0001100101101000
0001100010010110
0001000101111100
0001100100100010
0001011000100000
0001010011000010
0001100011011100
0000110110101000
0000101100110100
0001000100110110
0000110101100010
0000100010111110
0000011111101100
0000001010111100
0000000111101010
0000001100000010
0000010100110000
0000100010111110
0000110000000100
0000011000000010
1111011111001110
1110100111100010
1111110100100000
0000000011011100
1111110110110100
1111111101101100
0000000100100110
0000100001010100
0001001001100010
0001010011111000
0010001100001010
0010011100010000
0010000110011010
0001001100111110
0001100110010000
0001101110010010
0010001001111000
0010000111100100
0010000001110100
0001100110010000
0001010110001010
0001001011110100
0001010111010100
0000110011101100
0000101001011000
0000101100110100
0000101001011000
0000110011101100
0000111010100110
0000110001011010
0000100111000100
0000100001010100
0000010101110110
0000000101101010
0000100100001110
0000101001111010
0000010110101010
0000001001000100
0000011111101100
0001111000000010
0010000010001110
0010000001000100
0010011100010000
0010010101011110
0001101011100100
0001100111000010
0001100100110010
0001101000001010
0001100101111010
0010011011001000
0010010101011110
0010000011010110
0001111000000010
0001110010010110
0001011010100110
0001001000011110
0000111101001010
0000101101010010
0000011100010100
0000100001111110
0000010110101010
0000100011000110
0000001111110110
0000010000111110
0000000111111100
0001011011010010
1101100011110000
1101100011110000
0010011100010000
1101100011110000
1101100011110000
1101100011110000
1110111100010010
1101100011110000
0001001100011000
0001001000111010
0000001010011010
0000000011011110
1111101110101000
0000011000010011
0000101101001000
0001000001111110
0001001100011000
0001010110110100
0001101000001010
0001101000001010
0001001100011000
1111011101010010
0000011000010011
0000010100110110
0000000110111100
1111111100100010
0001001111111000
0010001110011000
0010011100010000
0010010001110110
0001100001001110
0000111011000010
0000111011000010
0000101001101010
0001000001111110
0000011011110010
0000010100110110
1111100100001110
1111101110101000
1111000100111110