1110010110000000
1111110010101010
1111100111101010
0000001101010110
1111110001000110
1111001110100010
1110101010011011
1110101000110110
1110011100010010
1110011100010010
1110111000100100
1111000001111110
1110110000101100
1110111110110110
1110010100011100
1110010111100100
1111000101001000
1110111101010000
1111101101111100
1111111111001110
0000111110000010
0001111000001000
0010001111101100
0001101110101110
0001111111111101
0010011100010000
0010011100010000
0001001010100110
0001000111011100
0001001010100110
0001000111011100
0001000010110000
1110011000111100
0000010011111100
0000001101010100
0000111111001010
0000100010111010
1110100100100100
1110100111111010
1111000100001010
1110110000001110
1110011100010010
1111001110001000
1111100011110001
1111101000101110
1111011011011100
1111111110010110
1111101000101110
1111100000011010
1111100101011010
0000001000010100
0000101100111000
0001001110001000
0001100011101110
0010010010010010
0010011000111100
0010011010100110
0010011100010000
0001101111011000
0001111001010110
0001001100011110
0001001111110010
0001000010100000
0001001001001000
1101100111100000
0000000011110000
0000000011110000
0000000001111000
0000000001111000
1111000000000000
1110111010010110
1111000101101010
1110100101101000
1110000011110000
1110011010010110
1110110110100110
1110101001011010
1110100001111000
1110101001011010
1110010100101100
1110001101001010
1111000111100010
1110111110001000
1111100101101010
0000011000011110
0000011000011110
0000111100010000
0000111110001000
0001011000011110
0010011100010000
0010001111000100
0001000011110010
0000011110001000
0000000101101010
1111101001011010
0000011100001111
1110101101101000
0010000101100010
0010000101100010
0000101101011110
0000100100111100
0000010110101110
0000011100011010
1111100011100110
1110110110001000
1110001000101101
1110110000011110
1111010101011000
1111011101111010
1111100011100110
0000001110001110
1111110111011110
0000010011111000
0000111000110100
0000111011101001
0000110101111110
0001011000000100
0001101001000111
0010011100010000
0001001100101110
0010000010101100
0001101110110010
0010011100010000
0001000100001100
0000110000010010
0000110011001000
0001000111000010
0000110011001000
1111010100111100
0010001111111100
0010010010011010
0000000011101100
1111110111011000
1111110111011000
1111110111011000
1111011110110010
1110011110110100
1111011001111000
1111110000000000
0000011001110110
0000101000100101
0000111110110000
0001111001110100
0001110010011010
0001001011000100
0001110100111000
0010000001001100
0001110111010110
0010011100010000
0010010010011010
0001111110101110
0001001011000100
0001101000100100
0001110010011010
0010001111111100
0001101101100000
0001101011000010
0001110010011010
0001011001110100
0001101101100000
1110100000011100
0000101110000110
0000110010100101
1111111110111000
0000000001001000
1111001011001010
1111001011001010
1111011010111010
1111101010101010
1110110010011100
1110110110111100
1111100110001010
1111001111101010
1110101101111100
1111001011001010
1111001101011011
1111001011001010
1111011010111010
1111110011101000
0000000011011000
0000100101000110
0000101011110110
0001010100010100
0000111101110100
0001101111010010
0010011100010000
0001100110010010
0001000000000100
0001000000000100
0000100010110110
0000100000100110
0000011110010110
1111010001110000
1110110000100100
1111010110111110
1111110110011010
1111111000001010
1111101101101010
1111111001111000
0000000010101000
0000000000111000
0000000000111000
0000010101110100
1111101101101010
1111100110101100
1111110010111010
1111110110011010
1111111011101000
0000011100110100
0000010000100110
0000111111101110
0000111101111110
0000011011000100
0000101110010000
0000100011110010
0000110111000000
0010010011100010
0010010101010010
0010011100010000
0001100110001000
0000110101010000
0001001101101100
0001001011111100
0001001111011100
1110110000001000
1111100111101101
1111100111101101
0000000011011110
1111101110101000
1111010010111000
1110111110000010
1111000100111110
1110110000001000
1110100010010000
1110111110000010
1110110000001000
1111000100111110
1110110111000110
1110000110011110
1110011011010100
1111001011111011
1111011001110100
1111111100100010
0000100110001100
0001001000111010
0010000111011010
0010010101010100
0001111001100010
0001100100101100
0010011100010000
0010011100010000
0001010110110100
0001001111111000
0001000001111110
0000110100000101
0001011101110000
1110110001111000
0000000000000000
1111110111010100
0000011010000010
0000000000000000
1110111010100100
1110110001111000
1110001111001011
1110010111110110
1110000110011110
1110111010100100
1111000011010000
1111011101010010
1111011101010010
1111001011111011
1111001011111011
1111000011010000
1110100000100000
0000000000000000
0000000000000000
0000100010101110
0001000101011100
0010011100010000
0010010011100100
0010011100010000
0010010011100100
0010000010001110
0001011111100000
0001011111100000
0000110100000101
0001010110110100
0000010001011000
1111100011010100
0001111100011000
0010000010110000
1111010000001010
0000000011001100
1101110110111000
1110101001111010
1111101001101100
1111101001101100
1110010000011011
1111001001110011
1111010110100010
1110101001111010
1111001001110011
0000111100100110
0000101111110110
0000000011001100
0000101001011110
0000101001011110
1111101001101100
0000110110001101
0010011100010000
0010000010110000
1111111100110100
0001001111101110
0001110110000000
0001101001001110
0000001111111011
0001010110000110
0000110110001101
1111111100110100
0001000010111110
0010011100010000
0010011100010000
0010011100010000
0010011010010100
0001111001010100
0000101101101000
0000100101110110
0000100000000010
0001001010101110
0001110101011100
0000111001010000
0000110001100000
0001000100111010
0001011000010100
0000100101110110
0001111101001100
0010011000011000
0010000100111110
0001100011111110
0000110001100000
1111100001111010
1110001000101000
1110000000111000
1101111100111110
1110001110011100
1101100011110000
1101100011110000
1101100011110000
1101100011110000
1101100011110000
1101100011110000
1101100011110000
1101100011110000
0010011100010000
0010011100010000
0010011100010000
0010011100010000
0010011100010000
0010011100010000
0010011100010000
0010011100010000
0010011100010000
0010011100010000
0010010110110000
0010011100010000
0000111100010000
0000011101101010
0000001110011000
1111110111001000
1111110101010100
0000110100111010
0000001101001010
1111000101000000
1110101100100010
1110001111110011
1110001010111000
1110000100110010
1110000110000000
1101100011110000
1101100011110000
1101100011110000
1101100011110000
1101100011110000
1101100011110000
1101100011110000
1101100011110000
0000010000101010
1111111001110000
0000000010000100
0000010010001110
0000001110000100
0000010110011000
0000010110111010
0000010111111100
0000100011111100
1111110111001000
0000000111110100
0000000101001100
1111101111010100
1111011010100000
1111011100100100
1111001010111000
1110000110001000
1110010001100100
1101111011101100
1110001000001100
1110101110110000
1110100010010000
1101111101110010
1101101011100100
1110010000000000
1101100011110000
1101100011110000
1101100011110000
1101100011110000
1101100011110000
1101100011110000
1101100011110000
1101100011110000
1110000111011110
1101111010000100
1101100011110000
1101110001001010
1101110101100110
1101100011110000
1101100011110000
1101100011110000
1101101000001110
1101101100101100
1101110001001010
1110000011000000
1110000111011110
1110010100110110
1111000101111110
1110110100000110
1110100110101110
1110100010010000
1111100000110000
1111111011100010
1111000001100000
1110011101110010
1101110101100110
1101110001001010
1110011001010100
1101100011110000
1101100011110000
1101100011110000
1101100011110000
1101100011110000
1101100011110000
1101100011110000
1101100011110000
0001000011000100
0001000011000100
0000110110110100
0000100110110110
0000100110110110
0000010100110100
0000001110001100
0000010001110000
0000100100011100
0000101100111100
0010001111011010
0010001111011010
0010011100010000
0010011100010000
0010011100010000
0010010010100010
0010011100010000
0010010011000010
0010010011001000
0001100001000000
1110000101000110
1110010001101110
0001111110010010
0010010000000010
0001100110011100
0000011011001110
0000011000110010
1101100011110000
1110100001010100
1111000001001110
1111000110010010
1110110100101010
1110110101000000
1110111010011010
1111010010110110
1111011000000100
1111111011011110
0000110110100110
0001001011001010
0001101110001110
0010001110010100
0010000100100010
0010011100010000
0010010100011010
0010010001010000
0001111010100110
0001111000100000
0001111110000110
0010000001000010
0001111110000110
0001110001001100
0001110101001100
0001110000001000
0001011100011100
0001010100000100
0001010000001110
0000111000010100
0000011110000000
0000010100000011
1111101001101100
1111010101100111
0000101000011010
0001001100100110
0000010011011000
0000011110000110
1111111100010110
0000000101000100
0000100001111110
0001000011101110
0001111101111100
0010010101010000
0010010100101010
0010011100010000
0010010000000110
0001111100111100
0010001011111100
0010010100010000
0010001111010000
0010000011011000
0010000010000100
0001111001100000
0001100010111010
0001000001111000
0000101000010000
0000000111111100
0000000100100000
1111100010100110
1111010100100110
1111010011100110
1111011111000010
1110111001001000
1110010110100010
1111001000011000
0000011101111100
0000001111100000
1111100100001110
1111011100100110
1111011000110010
1111101000100010
1111101100110110
0000000000111001
0000111110011010
0010000100001110
0010010010010100
0010010011101000
0010011100010000
0001101000011000
0001100010100100
0001110000110100
0010000000111010
0001111011100110
0001010001110011
0001010010101010
0001001011100000
0000111001110010
1111111011011100
1111100011000100
1111111101010000
1111101111100000
1111100000100110
1110100101101110
1110011010011110
1110010101010100
1101110011000000
0010011100010000
1101100011110000
0010011100010000
1101100011110000
0010011100010000
1101100011110000
1101100011110000
0010011100010000
1101100011110000
1111101101010000
1111111100111000
0000000011001000
0000101000101000
0000101000101000
0000111110100000
0001101101011000
0001010001010000
0010000110011000
0001111001111000
0000100101100000
0010000110011000
0010010010111000
0001001110001000
0001100100000000
0001010111100000
0001110011101000
0010011100010000
0010000000001000
0000110101001000
0000110010000000
0000111011011000
0000010010110000
0000000000000000
0000101000101000
0000101110111000
0000100010011000
0000101000101000
0000001001011000
0000100010011000
0000011111010000
1111011010100000