1110100110010000
0000000000000000
0001000101101110
0001111101110100
0001100010100100
0000000011001110
0000001001101000
1111110011111110
1111100011111110
1111101010011000
1111111100110010
0000011111010000
0000111000111010
0001100011010110
0010000100001110
0010011100010000
0010001000001110
0001100100001010
0001010010100010
0001100000001001
0001011100001010
0001100101110000
0001101010100100
0001110000111110
0001100100001010
0001110000001100
0010001101110100
0010011001110110
0010001101110100
0001011101110000
0000111111010100
0000110100000101
1110010000100101
1111001100010100
0000010101110100
0001011100111010
0001101100011011
0000100110100010
0000000101000101
0000000010000110
1111111101111010
1111110001111110
0000000011010010
0000100100001010
0000111000011110
0001101110010000
0010010011010010
0010011100010000
0001111111100100
0001101110110110
0001000011001110
0001011111010100
0001101110110110
0001101010000100
0001011111111010
0001100000100000
0001010111100010
0001011110000110
0010000110110000
0010010110111000
0010001101111010
0001100100101100
0001011011001000
0001010101110000
1110011100010010
1111011110111110
0000011111000111
0001111001111100
0010000001100100
0000111110001111
0000011000001000
0000000100011100
0000000001010010
1111111100001100
0000000101101110
0000101001010010
0000101000101010
0001011110101000
0010001011000110
0010011010111110
0010011100010000
0001101110100010
0001011100000110
0001010111101010
0001100110111010
0001100101000000
0001100100010110
0001011100101110
0001000101111000
0001001000011010
0001110101100000
0010001100011000
0010001111100010
0001010111000010
0001010111101010
0001001001000010
1110100101101000
1111100111011110
0000110110110010
0001100100011110
0001110011111100
0000011000100010
0000001000011010
1111100110001000
1111011010000010
1111001111111100
1111011000000000
1111111001101000
1111111011101000
0000010101001010
0001100010011110
0010010100001100
0010011100010000
0010000110000100
0001101010100010
0001110100100110
0001110001111010
0001010101000000
0001000001100010
0000111000001000
0000111100001010
0000110010110000
0001010111000010
0001110111010010
0001111011010100
0001010011000000
0001000011100010
0000111010001000
1110000011001100
1111010100110110
0001001001010010
0001100000101100
0000101000100000
1111111110010100
1111110000010010
1111000100001000
1111000100110010
1111000000000111
1110111100110000
1111101100010000
1111110000111100
1111111111101010
0000111110100100
0010000010001010
0010011100010000
0010001101100010
0010000011100000
0010001100001100
0010000101100000
0001011111010110
0001010001111110
0001010110000000
0001001111010010
0001010101010100
0001111001011110
0010011011100110
0010010011100100
0001111101011110
0001011000000000
0001001111010010
1110101110000010
0000010101010110
0000111100101000
0001100011000010
0000100110011100
0000000010100100
1111110101110000
1110110110100100
1110111000010010
1110011001100010
1110001011111000
1110101100010100
1111010000001100
1111110111011110
0000000100010010
0000111110010110
0001110010011010
0010000110000100
0010000000111100
0010000000000100
0001110010011010
0001100000011101
0001110010011010
0001100001010110
0001001100110110
0001000110111000
0001001011001000
0010011100010000
0010010001001010
0001101110001010
0000010000001110
0000000101001000
0001010100010101
0001110010011010
0000111111011010
0000001000100000
1111101101000010
1111010110110100
0000000001111110
1111001011000010
1110001110111010
1101101100111010
1111000000100110
1111010010111000
1110110000111010
1111111111010110
0000010110111000
0001000000101110
0001101101001100
0001100111111100
0010000010000110
0001101101001100
0001101101001100
0010000010000110
0010010101101110
0010011100010000
0001000100101010
0001001001111000
0001001001111000
0001101011111000
0010001111001100
0001100101010101
0000010010111110
1111111100101110
1111010111100000
0000110100000101
0000111111101010
0010000101000110
0001100010011000
0000110100000101
0000000101110010
1111101110101000
1111001011111011
1111100011000100
0000000101110010
0000010001011000
0000101000100000
0000111111101010
0000111111101010
0010010000101100
0010011100010000
0000111111101010
0000011100111100
0001101101111110
0001101101111110
0001101101111110
0001101101111110
0001101101111110
0001101101111110
0001010110110100
0001100010011000
0001100010011000
0001101101111110
0001101101111110
0001010110110100
0001001011001110
1110110011111000
0000001100000010
0000101100000011
0001001100001000
0001001100001000
0000010100000010
0000010100000010
0000000100000000
1111110011111110
1111110011111110
0000001100000010
0000101100000011
0001000100000110
0001110100001100
0010001100001110
0010010100010000
0010001100001110
0001110100001100
0001100100001010
0001100100001010
0001101100001100
0001110100001100
0001110100001100
0001110100001100
0001101100001100
0001111100001011
0010001100001110
0010011100010000
0010001100001110
0001101100001100
0001001100001000
0000111100000110
1110000010001000
1111110010111110
0001000001000110
0001110000110101
0000011010000010
1111101010010100
1111100101111110
1110100000100000
1110001010110100
1110011100001100
1110010011100000
1110111110111010
1111000111100100
1111111011101010
0000010101101100
0001100011110100
0010001111001110
0010010011100100
0010000110100100
0010001010111000
0001100011110100
0001010010011110
0001101000001010
0001001001110010
0000111000011100
0000101011011010
0001001001110010
0010011100010000
0010000110100100
0001110101001100
0001001001110010
0000100111000100
1101100011110000
1101100011110000
1101100110110010
1101100110011000
1101100101111110
1101100110100010
1101100101111110
1101100110101000
1101100111110010
1101110000100100
1110000011100010
0000111001010100
0010000100100010
0001111111100110
0001111100010100
0001100110110100
0001000100110100
0000100111000110
0000110010010110
0000000110010100
1110100010110100
1101111110000110
1101110010011100
1101100011110000
1101100011110000
1101100011110000
1101100011110000
1101100011110000
1101100011110000
1101100011110000
1101100011110000
1101100011110000
1101100011110000
1101100011110000
1101100011110000
1101100100111010
1101100100111100
1101100101000000
1101100101001110
1101100110010000
1101101000101000
1101111001000110
1110010011000111
1110000001101100
1111010010110000
0001001100101010
0010010101101010
0001010000100110
0000000001101110
1111101010010000
1111101111000000
1111110010001110
1110110011100000
1101111001100100
1101101100010010
1101101000010010
1101100011110000
1101100011110000
1101100011110000
1101100011110000
1101100011110000
1101100011110000
1101100011110000
1101100011110000
1101100011110000
1101100011110000
1101100011110000
1101100011110000
1101111111111110
1101111111111000
1110000111001010
1110000100000010
1101111000100100
0000111100011010
0001101111111110
0001011001000011
0001001100000010
1110011011000110
1110011010001100
1110101111101000
1110100001110010
1110011001110000
1110010011111100
1110100100111010
1110100100111010
1110011011100010
1110010111010100
1110000001000010
1101111010101010
1101100011110000
1101100011110000
1101100011110000
1101100011110000
1101100011110000
1101100011110000
1101100011110000
1101100011110000
1101100011110000
1101100011110000
1101100011110000
1101100011110000
1111000001100000
1110000111011110
1110001011111100
1110001011111100
0010011100010000
0010011100010000
0010011100010000
0010011100010000
0010011100010000
0010011100010000
0001011101110000
1101111110100010
1111100101001110
1111110111000100
1110010100110110
1110011001010100
1110111101000010
0010011100010000
0010011100010000
0000101000001100
1110101111101010
1101100011110000
1101100011110000
1101100011110000
1101100011110000
1101100011110000
1101100011110000
1101100011110000
1101100011110000
1101100011110000
1101100011110000
0001011011001000
0001100000110100
0001100010101010
0001101010110010
0001110001001100
0001111000000010
0010000001000100
0010001100000010
0010010000111000
0001011011111000
0000010010011100
0000001110110100
0000001011000010
0000001000100110
0000000100110000
0000000000111110
1111111110001110
1111111100100000
1111101011000110
0000000101001010
0000101101110110
1111100010100110
1101111111110100
1110010111001010
1111010101000100
0000000111011000
0001000000000110
0001011001110110
1110111100100010
1111010111001010
1111110101010110
0000001000111000
0000001010101010
1111111000111010
0000011101010100
0000011001110000
0000011111111110
0000101111000100
0001001011011110
0001011111111000
0001111111110110
0010011001100110
0010011100010000
0001100010100010
0001011101001110
0010001001100110
0001111101001100
0001111011011001
0010001111110100
0010000100010010
0010000001101000
0010000101001010
0010001111110100
0010001101001010
0001111101001100
0001100011011100
0000010001110000
0000100110001100
1111100101011000
1111001010101110
1101111101110000
1110101101101110
1111000101101101
1111010000010110
1111001111000010
1111010001000010
1111110100010110
0000100000111110
0000100111101010
0000100110010100
0001000101101000
0010000000010000
0010000010010000
0010000011100110
0010011100010000
0010000000111100
0001100000111011
0001101010111100
0001110101100110
0010000100010000
0010010100010000
0001101110010010
0010000010111100
0010000001100110
0001101100010001
0010000100111100
0001101110010010
0001000000010100
0000110010111110
0000100110111110
0000100110010100
1111010001101100
1110111011011010
1111110001010010
1111111000011110
0000000000010110
0000001000010000
1111110100001010
0000011001100000
0001011010111000
0001100011100000
0001001010010110
0001110001001010
0010010000000010
0010011100010000
0010000110101100
0010010010111010
0001100100001110
0001111001000100
0010001001100100
0010011100010000
0010001000001000
0010010010001100
0010000010011000
0010010001011110
0010010001011110
0010011001011000
0001110110111010
0001101110010010
0001100111000110
0000110001111100
0001000001000000
0000110100000101
1111111001001100
1101101110000000
1101100011110000
1101100011110000
0010011100010000
1101100011110000
1101100011110000
1101100011110000
1111110000011000
1101100011110000
0001111000000100
0001010111001010
0000011011111110
0001001010000000
0010000001111100
0001110001100000
0010011100010000
0001100111101000
0001111011010110
0010011000111110
0001011010011110
0001011101110000
0001100111101000
0001010011111000
0001100111101000
0010001011110100
0010011000111110
0001011010011110
0001010011111000
0001010000100110
0000110011000000
0000111001100100
0001001010000000
0000100101110110
0000100101110110
0000100101110110
0000011011111110
0000101001001000
0000011000101010
1111101101111010
1111010011100110
1110111001010010