1110111000110000
0000110011100000
0000101000101110
0001011011100110
0000111101000100
1111000101010110
1110100010000000
1110100010000000
1110011010110101
1110100000001110
1110100110110100
1110111111111100
1111000101111100
1111011100000110
1111100110110110
1111111111011010
0000011111101110
0000101001111010
0001110000100100
0001111101101110
0001111101001000
0010000000001000
0001110010111100
0010000110101100
0010011001110110
0010011100010000
0001100110011000
0001101111010110
0001101000001010
0001100010001100
0010000100111010
0010000100111010
1110011111111100
0000000111111100
0000000000010000
0000100011011010
0000010011000010
1110101101111010
1110011011001001
1110011111111100
1110001000010110
1110001101001010
1110010011011011
1110101111010110
1110110001010010
1110111101010100
1111010101111000
1111101100100000
1111100111001100
1111111000000100
0000101011000110
0000111011111100
0001100101110110
0001110101010000
0001010010000110
0001010111011010
0001011110101000
0001100001100000
0010010111111010
0010011100010000
0001110000111010
0001100000000100
0001111011000010
0001111000101000
1110100001101110
1111111100101010
0000000101011100
0000101001000100
1111111101101100
1110110100110110
1110011110101000
1110010011010010
1110001010100000
1110000110111000
1110010001101110
1110011110001000
1110101100000100
1110110010010000
1111000001110001
1110110101111000
1111000100110110
1111101000100000
1111111010100100
0000111001000100
0001011001101000
0001101011001100
0001110010111100
0001001110010000
0001011110110010
0001110010011010
0010000110000010
0010011000001000
0010011100010000
0010010100000000
0010001010101100
0010010110100100
1110110101110000
1111101111001000
0001000001101010
0001000011010010
1110111100001100
1110010111110000
1110010110101100
1110000011111010
1110001000110000
1101111101011110
1110000011111010
1110011000110100
1110101000111010
1110100011100010
1110110000111100
1110110110110110
1110110001011110
1111001010001000
1110111101010000
1111101110100110
0000111101111010
0001010001110000
0001011100111111
0001000010110000
0001001001101100
0001010001110000
0001110110101110
0010000110010010
0010011100010000
0010001110010100
0010001010100100
0010001001100000
1111010101001010
0000000101111100
0000111100101010
0000101001100010
1111110000001100
1110111110101110
1111011010011010
1111001100100100
1110011001110100
1110001011010100
1110010101001100
1110101010010010
1110001010000000
1110010011001110
1110011101110010
1110011011110010
1110101011101000
1110111000110100
1111001111001110
0000000011010010
0000011110010100
0001000001010010
0001010101000100
0001001110011110
0001001001001100
0001010000011100
0001111110100110
0001111110100110
0010010100010110
0010011100010000
0001110010000100
0001110100101100
1111100010001010
0000100100110100
0000110001110000
0000011000111000
0000000010000000
1110111001010110
1110110110010110
1110010001100010
1110010011100010
1110101100011010
1111000001010100
1111001101010000
1110111111010100
1110001111100010
1110010011100010
1110010110100000
1111011110001010
1110101111011000
1111000000010100
1111110100000100
1111101000001000
0000100110110100
0001000010101100
0000111000101110
0001010010100110
0001000011101100
0010001011010110
0010011100010000
0001111011011001
0010001001010110
0001010011100110
0001101000011111
0000000100011110
0001001011111010
1111101001101100
1111000001100000
1110000101111110
1110011001010100
1111101011001010
1111011101110010
1110111000100100
1110110100000110
1111011010110100
1111110111000100
1111110111000100
1111000100011110
1110110001001000
1110011101110010
1110110010101000
1101110101100110
0000111000100100
0010001110110110
0000111000100100
0000000010111110
0001010110010100
0010010111110010
0010000111011010
0001100010001110
0001100000101110
0010011100010000
0001100110101100
1111110101100110
0000011010110010
1111110111000100
1111101000010100
0001000111000010
0000101010101000
0001000111000010
0000101010101000
1111111011010000
1111011110110110
1111001011111011
1111101000010100
1111001011111011
1110111000111110
1111110001110010
1111010101011000
1111001011111011
0000000100110000
0000100001001010
0000111101100100
0001010000100000
0001110110011000
0010001001010100
0010001001010100
0010001001010100
0001111111110110
0010011100010000
0001011001111110
0001111111110110
0001011001111110
0000110100000101
0001110110011000
0010011100010000
0010011100010000
0001110110011000
1111010101011000
0000110001101110
0000111000110100
0001011100010110
0000111111111001
1111011100100000
1111010101011000
1110011100100100
1110100011101010
1111001110010010
1111001110010010
1111001110010010
0000000000000000
0000000000000000
0000000111000110
1111111000111010
0000101010101000
0000110001101110
0001100011011100
0001011100010110
0001011100010110
0001000111000010
0001101010100010
0010000110111100
0010011100010000
0001011100010110
0001010101001110
0000111111111001
0000110001101110
0000101010101000
0001001110001000
0001101010100010
1111011001100000
0000001111110110
0000111000101000
0000100110100000
0000001011010100
1111010100111110
1111111101110000
1111100111000111
1110111110010110
1110101100001110
1110000011011100
1110100111101100
1111000111011000
1111000010110110
1110101100001110
1111100111000111
1111011001100000
1111011001100000
1111011110000010
1111110100101100
0001001111010000
0001011100110101
0001110011100000
0001000110001100
0001000110001100
0001010011110010
0010001010001000
0010010111101110
0010011100010000
0010011100010000
0001111100100100
0001101110111110
1101100011110000
1101100011110000
1101100011110000
1101100011110000
1101100011110000
1110111110011010
1111001001101001
1111000010101110
1110110110101000
1110100111000111
1110111000010110
0001110100100010
0001111100010100
0001000001100110
0000110101100010
0000110101100010
0001101010001100
0001101000011110
0000000110111010
1111010110100100
1111011010000010
1110101010100010
1101110110110000
1101110011010010
1101100011110000
1101100011110000
1101100011110000
1101100011110000
1101100011110000
1101100011110000
1101100011110000
1101100011110000
1101100011110000
1101100011110000
1101100011110000
1101100011110000
1101100011110000
1101100011110000
1110001110010110
1110010011010110
1110010010101100
1110001011010110
1111000101010000
1110101000010100
0000011000001000
0001100100000000
0010001110010010
0010001000101000
0010000010010010
0001101111101010
0000100001001000
1111101010001100
1110110000010010
1110011110101010
1110001010101100
1101110110000100
1101110100101110
1101100011110000
1101100011110000
1101100011110000
1101100011110000
1101100011110000
1101100011110000
1101100011110000
1101100011110000
1101100011110000
1101100011110000
1101100011110000
1101100011110000
1101100011110000
1101100011110000
1101101010000000
1101101100100110
1101101001011110
1101110010110110
1111010001101000
1111001011011000
1110101010100101
1111011101111110
0000011100011110
0000010001101100
0000000100100000
1111000111110000
1110100011110100
1110100100011100
1110110010100000
1101111101011000
1110000000100001
1101110000010000
1101110001010010
1101100011110000
1101100011110000
1101100011110000
1101100011110000
1101100011110000
1101100011110000
1101100011110000
1101100011110000
1101100011110000
1101100011110000
1101100011110000
1101100011110000
1101100011110000
1101100011110000
1101110001001010
1101100011110000
1101100011110000
0010011100010000
0010011100010000
0001000111011100
0010011100010000
1110001011111100
1101110101100110
1101100011110000
1101100011110000
1101111010000100
1110000011000000
1110101011001101
1111101001101100
1111011100010010
1110100010010000
1101101100101100
1110111101000010
1101100011110000
1101100011110000
1101100011110000
1101100011110000
1101100011110000
1101100011110000
1101100011110000
1101100011110000
1101100011110000
0000000100100010
0000000110110100
1111111111100100
0000000001011110
1111111111001010
0000000000101110
0000000011100001
1111111111011110
0000000000011010
0000000000100000
0001100101100000
0001101000100110
0001110010111100
0001110101010100
0001111000001010
0010000010001100
0010000111111000
0010010000110010
0010011010111000
0001111100101110
1110101000100000
0000010010011000
1110100110010100
1111010001111010
0000010100011110
0000110110000110
0000111101000100
1111110110111000
0000000010001000
0000001000011100
1111111101111000
0000001000011100
0000111001000000
0000110010101100
0000011101100100
0001010100011110
0001111010011110
0001101001100100
0001001100000000
0001010000001111
0001100011010000
0010010011110100
0010000010111010
0010011100010000
0010001011010110
0010000111001000
0010010101111010
0010001111100110
0001101001100100
0001001001111010
0001011100111010
0010001101011110
0010010001101100
0001010100011110
0001111000010110
0001101111111001
0001101001100100
0001011000101100
0000110000100100
1111001101010100
0000001010010010
0000010010100000
1110111100001010
1111000010010100
1111001000100000
1111100111010110
1111101101100000
0000101011001100
0000111001100100
0001101100111110
0000110111100000
0001011000011010
0001000011110110
0001010010010000
0000110011011010
0000111001100100
0010011100010000
0010000101101000
0001100010101100
0001100100110000
0001101010111010
0001011010011110
0001011010011110
0001000011110110
0001100010101100
0010000101101000
0001110011001000
0001111011010110
0000111001100100
0001010110010110
0001001010000000
1111110101101110
0000110100000101
0001001001010110
1111111010101100
0000001101110100
1111111010101100
1111100101011100
0000000111011100
0000101111110110
0001110110000000
0001110001101110
0001001111101110
0001100111000110
0001110001101110
0001011110100110
0001001101100110
0010001001001000
0010011100010000
0010000111000000
0001111000001000
0001111000001000
0010010101111000
0001011110100110
0001000000110110
0001100000101110
0001011010010110
0001000101000110
0001100010110110
0001011100011110
0001101001001110
0001011010010110
0001100000101110
1111111100110100
1111101110111000
1101100011110000
1101100011110000
0010011100010000
1111000001100000
0010011100010000
1101100011110000
1110100010010000
1101100011110000
1111101110101000
1111111110000100
0000011001000011
0001101101111110
0001011010101010
0001101101111110
0001110001110100
0001011010101010
0010011100010000
0001110001110100
0001111101011000
0001111001100010
0001110101101010
0001111101011000
0001001011001110
0000110111111100
0001010110110100
0001011110100010
0001001011001110
0000111111101010
0001000111011000
0001001011001110
0001011110100010
0001100010011000
0000111011110011
0000110100000101
0000111011110011
0000010001011000
1111101010110010
0000000101110010
1110111100100000
1111001111110010