1110111100000100
1111101101010010
0000100110101010
0000111111000100
0001001110100010
0001100010111000
0001001101010100
0000000101010001
1111110111111000
1111101011101010
1111110000111100
1111011111011100
1111111000010010
1111111000010010
1111010010000010
0000001011000000
0000001000100010
0000010100010110
0001011000010100
0001101011000000
0001111001010000
0010010101010110
0010000101011110
0001110100110001
0001011111001110
0001111000011100
0010000001011010
0010011100010000
0010011011110110
0010010100001000
0001110011111110
0001011000101110
1111011101101100
0000010001000010
0001011100000011
0010001001000000
0010011100010000
0010011011010000
0001111010101100
0000111001111111
0000011011111010
0000010011100000
0000010000000010
1111011100001110
1111100110100100
1111011010001110
1111010010010110
1111101010100010
1111110000111100
0000000100001100
0001001101010000
0001111011101010
0010001111111010
0010010011011000
0001110111101110
0001111100101001
0001010111001000
0001111011001100
0001111101101010
0010010010111000
0001111000101101
0001110001010100
0001100110111100
0000100100010010
1111010111101010
0000001001000100
0001000001010010
0001111000100011
0010000101110000
0001111101011100
0001010110010100
0000100110011000
0000001011111110
1111111101110100
1111110011100010
1111001000000000
1111011001001000
1111000110000100
1111001000100000
1111100111010100
1111100000011110
0000001101011011
0000111010011100
0001110111100100
0010001101000110
0010011100010000
0010000001110110
0001101101110010
0001011101001001
0001011110101000
0001001011000100
0001100100100000
0001011000010001
0001001011000100
0001000111101010
0000101010010100
1111001100110010
1111111000010100
0000100010100110
0001011011010110
0001100100110000
0001010110010000
0000101000100100
0000010001111100
0000000101100100
1111101001011000
1111010100111000
1111010001000010
1111011011010010
1111001100010110
1111001010101000
1111100000011010
1111111001100110
0000001000100010
0000100001101110
0001100001010110
0010011000011010
0010011100010000
0001111000110100
0001100010101000
0001011110110010
0001110011101011
0010010010000000
0001111101111100
0010000001110010
0001100110011110
0001001011001000
0000111010000100
1111001001010100
1111110110010010
0000011110011110
0001011100010010
0001101010001000
0000110011001110
0000010001000100
1111110001111100
1111100011101100
1111001000000010
1110111110111100
1110111011111100
1110111000011110
1110111000111010
1111000010011010
1111001000000010
1111011010101000
1111100000101010
0000000011101100
0001010001011110
0001111110011100
0010011100010000
0001111000011000
0001100001011110
0001110001000010
0001111101100100
0010000010110000
0010000100011110
0001011111110000
0001001111110000
0001001000110110
0000100111100100
1111010110001000
0000010000011110
0000111101101010
0001001011110010
0001101010110110
0000100001011010
1111111001011010
1111000011010010
1110110000000000
1110011011110001
1110100000000001
1110110001011010
1110110111000100
1110110011110000
1110101010110100
1110111100101100
1111011010110100
1111110011110000
0000100000111100
0001010100101110
0010011010110110
0010010110100110
0010011001111010
0010010000111110
0010011100010000
0010010010011000
0001111000011110
0001011011010100
0001011000111100
0001000110001000
0000110111000100
0000111010010110
0000000101110011
0010000100111110
0001000110101010
0001010001011100
0000111100101010
0000011010100110
1110111011000010
1110111100101100
1110110111101100
1110011010100110
1110101000101110
1111001010110100
1111111001010110
1111100100100100
0000000101000000
1111111111001010
0000101100000011
0000111011000000
0000111001010110
0001011101111010
0001110100010110
0001011011011100
0001011001110000
0010010010010010
0010011100010000
0010010101100110
0000101100111000
0000100111111010
1111111100101100
0000011000111100
0000010111010010
0000111011110110
1111010110010110
0001010011010110
0000110100000101
0000111110100000
0000110100000101
0001011101110000
0001001000111010
1110110111000110
1111110101100110
1111100000110000
0000000000000000
0000010100110110
1111101011001010
1111101011001010
1111001011111011
1111101011001010
0000001010011010
0000011111010000
1111110101100110
0000010100110110
0001010011010110
0001101000001010
0000111110100000
0000001010011010
0000111110100000
0001011101110000
0001011101110000
0010010001110110
0001101000001010
0010011100010000
0001110010100110
0000101001101010
1110011001000110
1111000110110110
1111110100100100
0000010011000100
0000010011000100
0001000000110010
0000101001111010
1110110111100110
1111100101010100
1111001110011110
1110111111001110
1111011101101100
1111000110110110
1110110111100110
1111100101010100
1111010110000110
0000001011011100
0000111001001010
0001001000011010
0001111101110000
0010011100010000
0010001101000000
0001000000110010
0010000101011000
0010000101011000
0001010000000010
0010001101000000
0010011100010000
0010000101011000
0001110110001000
0001011111010010
0001010111101010
1111010001001000
0000001111101000
0001000011101110
0001110010100110
0010001100101000
0000101110111000
0000001010011010
1111101011001010
1111000110101110
1110100010010000
1101111000100110
1110101100101010
1111011011100010
1111000110101110
1101110011011000
1110111100010010
1111010001001000
1111001011111011
1111110101100110
0000111110100000
0001110111110001
0010011100010000
0010010111000010
0010010111000010
0010010001110110
0010000111011010
0010001100101000
0001111101000000
0001110111110001
0001001000111010
0001001000111010
0000111001010010
1101100011110000
1101100011110000
1101100011110000
1101100011110000
1101100011110000
1101100011110000
1101110011100000
1101110111011100
1101110001001000
1101110001001000
1101111001110010
0001011110110110
0010001110111000
0010010101001010
0010000110001110
0001111010011010
0001110100111010
0001111000000010
0010000100101000
0001101100001110
0000110111100000
1111010011100010
1101111011011000
1101100011110000
1101100011110000
1101100011110000
1101100011110000
1101100011110000
1101100011110000
1101100011110000
1101100011110000
1101100011110000
1101100011110000
1101100011110000
1101100011110000
1101100011110000
1101100011110000
1101100011110000
1101100011110000
1101101100011010
1101101101010100
1101101110111100
1101110011011110
1101110101101000
0001011010001100
1111101000111110
1111101101001000
1111011111001110
1111100011100100
1111110100100010
0000000000000101
1111101011010110
1111100101100100
1110110111001010
1110001000011010
1101101110110000
1101100011110000
1101100011110000
1101100011110000
1101100011110000
1101100011110000
1101100011110000
1101100011110000
1101100011110000
1101100011110000
1101100011110000
1101100011110000
1101100011110000
1101100011110000
1101100011110000
1101100011110000
1101100011110000
1101101011000010
1101111010101010
1110010011101010
1111001111000010
1111010000000100
1111010001111010
1110100000011010
1110010011101010
1110011010000100
1110100010010000
1110100110100100
1110100000110010
1110001110100010
1110010101110000
1110010000111100
1101101111110000
1101101111001100
1101100011110000
1101100011110000
1101100011110000
1101100011110000
1101100011110000
1101100011110000
1101100011110000
1101100011110000
1101100011110000
1101100011110000
1101100011110000
1101100011110000
1101100011110000
1101100011110000
1101100011110000
1101100011110000
1111110111000100
1110011101110010
1111000101111110
1110000111011110
0010011100010000
0010011100010000
1111010011010110
1101100011110000
1101100011110000
1101100011110000
1101100011110000
1101100011110000
1110000011000000
1110011001010100
0000000000000000
0000001101011010
1110000111011110
1101100011110000
1101100011110000
1101100011110000
1101100011110000
1101100011110000
1101100011110000
1101100011110000
1101100011110000
1101100011110000
1101100011110000
0010011100010000
0010011100010000
0010011100010000
0010011100010000
0010011100010000
0010011100010000
0010011100010000
0010011100010000
0010011100010000
0001110111100110
0010000100110110
0010000010011100
0010000010000110
0010000000110000
0001111110111100
0001111110111000
0001111111000100
0001111010111000
0010000001101100
0010000000001000
1110110111000110
0001010010101110
1101110101010000
1111000000111010
0001011101010000
0010000111001000
0010001010110000
0010011100010000
0000001101101110
0000010110111000
0000010000010110
0001010001101110
0001000011010110
0000110111100100
0001010110111100
0001110101000010
0001100100000010
0001010110111100
0000110011101010
0001010100010101
0001101101001100
0001010101101010
0010011100010000
0010010100011010
0001111100111000
0001011001100100
0001010100010101
0001011110110010
0001010001101110
0000110010010110
0001010110111100
0001010101101010
0001001001111000
0000110001000010
0001011001100100
0001010101101010
0000101111101110
0000111100110100
0000110011101010
1111111110000010
1111101111001110
1111110010010000
0000010111111010
0000010000110010
1111110011010010
1111111111100000
0000100101001010
0000100101001010
0000010100111000
0001010010111110
0001011001000011
0001001110111000
0001001011110110
0001111111110000
0010001100111110
0010011100010000
0001111100101100
0001001101111000
0001000100101110
0001111100101100
0001101101011100
0000011001111101
0000101010001111
0000100011001000
0000110111011110
0000100100001000
0001011000000100
0001000100101110
0001101010011000
0001101110011100
0001010001111100
0000001110110000
1110110101111100
1110111001100100
1111000110001100
1111111100011001
1111010001111100
1111010111010110
0000001110011100
0000010100110010
1111100000011000
0000000001110011
0001000111010110
0000111000111010
0000101101001010
0001100111110111
0010011001100010
0001101001101100
0001011110110110
0001000101100010
0000111001110100
0010011100010000
0010010101111100
1111101001011010
1111100011000110
1111110100010000
0000001001000010
1111100111101000
0000110000110010
0000111111001110
0001001010000100
0001110100100000
0001110100100000
0000011011000110
1101101001100010
0010011100010000
1101100011110000
1101100011110000
1101100011110000
1101100011110000
1101100011110000
1101100011110000
1101100011110000
0000000011100100
1111110001110010
0000101010101000
0010000110111100
0001110101001100
0001000011011110
0001110001101000
0001100110111110
0000111111111001
0001111000110000
0010011100010000
0001110001101000
0001001010100100
0001001010100100
0001001010100100
0001100110111110
0000011100011010
0001000011011110
0000111100011000
0010000011011010
0010001010100000
0000100111000100
0000100011100000
0000000000000000
0000101110001010
0000011111111110
0001001010100100
0000000111000110
0000011111111110
0001000011011110
0001000111000010
1111110001110010