1111000010010000
0000111011000100
0010001110000100
0010010100110100
0000110111101100
0000000110011010
0000000000010110
1111010101001010
1111000100010010
1111001001000000
0000001010011110
0000011011010110
0001010011010110
0010001110000100
0010011100010000
0001101010010100
0000110111000000
0000010011010000
0000101101100100
0000111101000110
0000110110010110
0000110111000000
0000100110110100
0001001011010000
0001010011010110
0000101100001101
0000001001110010
1111011000100010
1110101001111100
1110001101100110
1110101110000000
1111010101001010
1111001011011101
0000010000010010
0000111011000100
0010011100010000
0010010010111100
0001001110100110
0000110011001010
0000100100010010
0000000011101110
1111110101110010
0000010101011010
0000101010110010
0000101001011000
0001010110100000
0001000010100000
0000100100010010
0000100010011010
0000110101000000
0001010100101000
0001100110010100
0001100011000100
0001011100000011
0001010000011100
0001010001011000
0001001001000000
0000110101011110
0000010000010010
1111100001110011
1110011010101000
1101111001100110
1101101110011100
1110110111011110
1110110000111100
1111111101000001
0000110100011100
0010011100010000
0010001000001010
0001101100111110
0000100111111100
0000011000101110
1111111100011111
1111100000001110
1111111100011111
0000010100010111
0000011111010000
0001000010100100
0001011011100100
0001000010000010
0000001001100000
0000100010100000
0001100110011100
0010001000101100
0010011010101000
0010001111001110
0001110100000010
0001011100101010
0001010111110010
0001000001100000
0001001011110100
0000011111110010
1111000000001010
1110110011101010
1101110100100110
1110110010000000
1110111000011110
0000001101001100
0001010111110110
0010010101010110
0010001101001100
0001010101010110
0000101100100100
0000100000000000
1111100000000000
1111100011110001
0000000101101010
0000000010100000
0000011001000110
0000111100010000
0001111001001000
0001111111011000
0001000100011010
0000001011111100
0001001100100100
0010001010000100
0010011100010000
0010010111001110
0001110100101110
0001100101000001
0001010111001110
0001010111110110
0001101001011010
0000111001000110
1111110010001100
1111000000101000
1110100000000001
1110110001100100
1111000000011000
0000001110010100
0001110000111100
0010011010010000
0010011100010000
0001000001101000
0000100110010100
1111110110010110
1111000010011001
1110101101000010
1110111111000010
1111000010011001
1111010110010110
1111111011000000
0001011101101000
0010001100111100
0010000000111100
0001011010010010
0001011010010010
0001111000111100
0010010000010000
0010000111100110
0001000100111110
0000100000111110
0000011000010011
0000110000010011
0001000111101000
0000101110010100
1111110101101100
1111011001000010
1110111000011000
1110110000011000
1111010000001100
0000010011100010
0001110001110100
0010011100010000
0010000011010110
0000011110111101
0000100011101100
1111010001100010
1110101001001000
1110000000000011
1101101111001100
1101111100000000
1110001110110110
1110110100100100
1111110011001110
0001000111011000
0001110010100000
0001100111000010
0001010110111000
0001011111101000
0010000110101100
0010010000001000
0000110101001110
0000011110111101
0000010000001010
0000110100100010
0001001011011100
0001000101011000
0000011110010100
1111111110101010
1111010110010000
1110110111010000
1111011000110110
0000100100001100
0001111101101010
0001110110111110
0000111001110100
1111111110001000
1111110011101100
1110110101110010
1110001110010000
1101111101110110
1110011011101100
1110011111011010
1110101010100110
1110101001001000
1111100010100010
0001010000111010
0010011010000000
0010011100010000
0010001011110110
0010010100110010
0010000010001010
0001111000011100
0001010001101001
0000101101111000
0001000010000000
0001010011111010
0010001111100100
0001111011011100
0000110110110100
0000011001101110
0000001011100100
1111011111100100
1111010110111000
0000100000111010
0001010010010000
0001010010010000
1110101101110000
1111000110011100
1111000110011100
1110110110000000
1110111110001110
1110100101100010
1110101101110000
1111101111100100
0000010000011100
0000110001010110
0000110001010110
0000001000001110
0000010000011100
0000010000011100
0000000000000000
0000101001001000
0001110011001000
0001001010000000
0000000000000000
0001000001110010
0001110011001000
0010011100010000
0010001011110100
0000101001001000
0000010000011100
0000110001010110
0000110001010110
0001001010000000
1111100011000100
0000101000100000
0001100010011000
0010000101000110
0000000101110010
0000010001011000
1111101110101000
1110011101101000
1110101001001100
1111100011000100
0000010001011000
0000010001011000
0000101000100000
0010000101000110
0010011100010000
0000011100111100
0000101000100000
0000111111101010
0001111001100010
0001111001100010
0000101000100000
1111100011000100
1111101110101000
0000011100111100
0001001011001110
0000011100111100
0001010110110100
0000111111101010
1111001011111011
1110011101101000
1111010111100000
1111111010001110
1111001000101110
1111111000110010
0001001111010100
0010010111011100
0010010010101000
0000011111010000
0000100100000100
0000010000110100
1111010010010100
1111010111001000
1111010010010100
1110111111000110
1111001000101110
0000000010011010
0001101100001100
0001110101110010
0001001010100010
0000001100000010
0000110111010010
0001110101110010
0010011100010000
0010010010101000
0001010100001000
0000110111010010
0000111100000110
0001001111010100
0001010100001000
0000000111001110
0000000010011010
1111000011111010
1111010111001000
1101111011110010
1101100011110000
1101100011110000
1101100111000110
1101100110000110
1101101011110100
1101101001001100
1101101110010010
1101101101101010
1101101010101100
1101101101010010
1110011011000000
0000111110111110
0001100011110001
0010010110001100
0010000100001110
0001110100001000
0000110111101100
0000001001100110
1111100010011110
1111000011010000
1110101001011110
1110010101100010
1110000101110100
1101110111111100
1101110000101000
1101101011000100
1101101000100110
1101100111000110
1101100011110000
1101100011110000
1101100011110000
1101100011110000
1101100011110000
1101100011110000
1101100011110000
1101100110110110
1101100110100100
1110000011101000
1110011111000110
1110101100000000
1111110011011111
0000110110010111
1111101101100110
1111010100001100
0000011111010010
0001001011110100
0001110110010110
0010001110101010
0001100101011110
0000100100000110
1111111110111000
1111010111011110
1110101011011110
1110011100001010
1110001100010010
1110000001010110
1101111000100110
1101110010000000
1101101110000100
1101101110101010
1101101000110010
1101100011110000
1101100011110000
1101100011110000
1101100011110000
1101100011110000
1101100011110000
1101100011110000
1101110001010010
1101101010000000
1110100000101100
0000110010100000
0001000011101100
0000111110100000
0000100011011010
0000101100110010
0000001001111000
1110001010011000
1110000010001000
1110000101110100
1110001100101010
1110000111100010
1101110000110100
1101101101101100
1101111001010010
1101111100001000
1101110101111000
1101111100101010
1110001010111110
1110101010110000
1110111011011010
1111001110001010
1111000001101010
1110000101010000
1101100011110000
1101100011110000
1101100011110000
1101100011110000
1101100011110000
1101100011110000
1101100011110000
1110101011001101
0010011100010000
0010011100010000
0010011100010000
0010011100010000
0010000001011110
1110010000011011
1111001010011100
0010011100010000
0010011100010000
1110001011111100
1101101100101100
1101110101100110
1101101100101100
1101111010000100
1110100110101110
1110100010010000
1110011101110010
1110001011111100
1110001011111100
1101110001001010
1110011001010100
1110011001010100
1110011001010100
0000101000001100
0000110101100100
1101100011110000
1101100011110000
1101100011110000
1101100011110000
1101100011110000
0000010101110110
0000011101011100
0000100101011000
0000110001010110
0000111101100111
0001010000010100
0001011110000110
0001110000001010
0001111110111110
0001101001000100
1110011011101100
1110011000001100
1110010111011100
1110011000001010
1110011111000010
1110011100100100
1110100101001000
1110111001011000
1111010011100000
1111110000011110
0000011111010000
0000110111001010
1111010001101011
1111100000000100
0000000100010010
0000111100110100
0001000101110110
0000001011101110
1110100101101000
1110111011010010
1111001000011110
1111111101101010
0000000100010000
0000010000111100
0000010000111100
0000111100010000
0000110110100110
0000111110100110
0001100101001011
0010000000011110
0010011100010000
0010011000000000
0001111010110110
0001110000000000
0001001100101110
0001010100010000
0001011001011010
0001011001011010
0001101111000100
0001011001111010
0001110001011100
0001010111000100
0001001011110010
0001001010110110
0001001010011000
0000101100101110
0000000010010110
0000010010110100
1111100100101110
1111000000011110
1101111011111010
1110101011011010
1110111111110000
1111001110001101
1111010101011000
1111110110000010
0000010111000101
0000100101100010
0001001110001110
0001011101100000
0010000110001100
0010000101010110
0010011100010000
0010001010000010
0001111110100100
0001100100010010
0001011000110110
0001101101001100
0001110011111110
0001110110100000
0001101110111000
0001010100100110
0001001111100000
0001011011011000
0001001100100010
0001001101110100
0000111000100110
0000101000111001
0000101011000010
0000100100010000
0000100010100100
1111110110011110
1110000010000110
1111000000101100
1111000111010110
1110110101110010
1110111000101000
1111011101101000
1111111011100000
0000110011011100
0000101111101010
0010000110011100
0010011100010000
0001101100010110
0010011010110100
0001110011000000
0001010011101100
0001011101001100
0001100110001100
0001110110010100
0001101101110010
0001011111100100
0001011110100110
0001011001010111
0001000110111010
0001001110011110
0000111100111100
0000110110010010
0000111110010110
0000110101110100
0000101110010000
0000101010111010
0000100100110000
1111111110010110
1111011001001110
1101100011110000
1101100011110000
0010011100010000
1101100011110000
1101100011110000
1110000011000000
0000110100000101
1101100011110000
1111011110111100
1111111100100110
0000001100100001
0000011110110010
0000001110110100
0000010111111100
0000100001000100
0000101010001100
0010001110100100
0010011100010000
0001110111110000
0001010111110100
0001010111110100
0001001010001000
0001010000111110
0001010111110100
0001110111110000
0001111010000010
0001101110101000
0001010011010000
0001001010001000
0001001100011010
0000100101101000
0001000001000000
0001000101100100
0000111110101110
0001010111110100
0001010000111110
0000110011010100
0001010011010000
0000010101101010
0000000011011010