1111010110001100
0001000000100010
0000111110111010
0001100110101100
0001011111011000
0010010101110000
0010001101101000
0010011100010000
0010010001101100
0001110110111010
0001101100011000
0001100100001111
0001010001100100
0010001101101000
0010000001011110
0010011000001100
0010001100110100
0001011010100000
0001010100000000
0001101101001100
0001101010110000
0010000010010010
0001111111000001
0001101001000111
0001100011011100
0010000100101110
0010000001011110
0001000110001110
0001000100100110
0000110111100110
0000110011100010
0001101010110000
1111100011000100
0000111011010100
0000110111101100
0001011111100000
0001010110000110
0010001100010110
0001111110100110
0010011001010110
0010001010001010
0001110000001000
0001011100100110
0001010110110100
0001010110000110
0001110101001100
0001110001100100
0010011100010000
0010001010111000
0001010110000110
0000110110111110
0001000100000000
0001000110111010
0001101100100000
0001010110110100
0001010001000001
0001000100101110
0001010110000110
0001100010011000
0001101101001110
0001001110001000
0001011001101100
0001100001101010
0001110000110101
1111011101101100
0000101001010010
0000100011100100
0001010000000010
0001000111110010
0001101110100010
0001111101001000
0010011100010000
0010000110101010
0000101010100011
0001000101111000
0001011000111100
0000111001001010
0000111100111110
0001111011110110
0010001100011000
0001100101000000
0001010101110000
0001000110100000
0001001010111100
0000110100101110
0001001010111100
0000111011000100
0000110000111010
0001001110001000
0001001111011010
0000111100111110
0000111100111110
0001000101001110
0000111110001111
0001000011111110
0001000010101100
1111010011110011
0000011110011110
0000011010100010
0001000111000110
0001000110011100
0001101001001010
0010000000101110
0010011100010000
0010000011010110
0000111001111110
0001000001001100
0001010000111010
0000111001111110
0001000110011100
0010000100000000
0010001110100000
0001100011010000
0001100111110110
0001010101100000
0001011010000110
0001011110000000
0001011100101011
0001001110111100
0001001100111110
0000011010100010
0000011100100000
0000111001010100
0000101110001011
0001000001001100
0000110011011100
0001001100010100
0001010001100100
1111010010010010
0000010111000000
0000011110001100
0001000000110110
0001001111110010
0001100100000101
0010010000111010
0010011100010000
0001100100000101
0000100111001000
0001010011010110
0001001101011000
0001001101011000
0001010101110000
0001111100100110
0010000111111100
0010011001111000
0001111110111110
0001101101101010
0001011011001000
0001100100000101
0001101101000010
0001101001011110
0001010011111100
0000111111000010
0000110111010010
0000101110010100
0000101101101110
0000101010001000
0000100111110000
0000110000000110
0000111011011100
1111001101000100
0000001010010100
0000100111111100
0000111000011100
0001010110101110
0001011011100100
0010001001101010
0001110111000110
0000111110101000
0000111011111000
0000111101111011
0000111011001100
0001000011011110
0001010111011010
0001100011001000
0010000000000010
0010010000100100
0010011010001100
0010000010110010
0001110111000110
0010000110111010
0010001111001010
0010011100010000
0010010110000100
0001111010100010
0001011011100100
0001010011111110
0001001101000110
0001010100101001
0001010010100110
0001000011011110
0000111110101000
1110111101101010
1111101010001100
1111111000011100
1111111011000110
0000000100000000
0000110010010100
0001000000100100
0000100010010010
0000010011001010
1111110010001100
1111011001010010
1111010111100000
1111010100110100
1111011010001010
1111110100111000
0001000110110010
0001010011010000
0001110000101000
0001011100001010
0001011001011110
0001110110110110
0010010000101100
0010011100010000
0001010101000010
0000101011001100
0000100111101000
0000010101110100
0000001001010110
0000011110101110
0000011001011000
1111101101110000
1111110101110000
1111001001110011
0000101111110110
0000101111110110
0001010110000110
0001010110000110
0010000010110000
0010001001001000
0010001111100000
0010001001001000
0001001001010110
0001001111101110
0001011100011110
0001011100011110
0010000010110000
0010000010110000
0010011100010000
0010011100010000
0001001111101110
0001011100011110
0001011100011110
0001101001001110
0001101001001110
0001101001001110
0001100010110110
0001101111100101
0010000010110000
0010001001001000
0001001001010110
0001010110000110
0001000010111110
0001001001010110
0001100010110110
1111011011111100
0001000010000110
0001000010000110
0001100110001010
0001100000001001
0010010110010000
0010010000001110
0010010110010000
0010010000001110
0010000100001110
0001111000001100
0001110010001100
0001101100001100
0010001010001110
0001111000001100
0010011100010000
0010011100010000
0001110010001100
0001101100001100
0001111000001100
0001111000001100
0001101100001100
0001111000001100
0001111000001100
0010000100001110
0001111000001100
0001100000001001
0001010100001000
0001111000001100
0001101100001100
0001011010001010
0001100000001001
1111010011100010
0000001101111101
0000011111110000
0000111001001010
0001010010100100
0001011100101110
0010000101011000
0010000101011000
0000110110101000
0000101100011110
0001001010111100
0001000011010100
0001001101100000
0001011111010010
0001101001011100
0010011001101110
0010011100010000
0010000000010100
0001110001000100
0001100100010110
0001110011100110
0010000000010100
0001111101110000
0010000000010100
0001011010001100
0001010111101010
0001000011010100
0000111110001111
0001000101111000
0000110100000101
0000100100110110
0000010011000100
1101100011110000
1101100011110000
1101100011110000
1101100011110000
1101100011110000
1101100111011000
1101100111001110
1101100110111100
1101100111001110
1101101000010000
1111001011110100
0000001011101010
0000101011111100
0001000111100100
0001100011011000
0001100100100010
0001101111101010
0001111011001111
0010010100011100
0010000000110000
0000100001001110
1110101001110100
1101101011000000
1101101001010000
1101101000111110
1101100111100000
1101101000000110
1101100111001110
1101101101000000
1101110010100000
1101101000011000
1101101001010000
1101101001100010
1101100011110000
1101100011110000
1101100011110000
1101100011110000
1101100011110000
1101100101011110
1101100111011000
1101100101001110
1101100101000110
1101100111101000
1110101101111000
1111001000010011
1111001111011100
1111101101101110
0000011100100110
0000100110001100
0001001011000100
0001011100000110
0010010100000110
0001110011001100
0000100111000000
1110001001000000
1101101000000100
1101100110111100
1101100110100100
1101100101011110
1101100101100100
1101100101011000
1101110111110110
1101111101001000
1110001001100000
1110011000100010
1110011110001110
1101100011110000
1101100011110000
1101100011110000
1101100011110000
1101100011110000
1101110001010010
1110001011010100
1101110110100000
1110000000111010
1101110001110100
1111000110001100
1110110110010000
1110110001010000
1110101001110000
1110011101111000
1110100111111001
1110101011000000
1110111001011000
1110101111010000
1110111100010010
1111001111000010
1111000111110000
1110101000100000
1110100101011000
1110001000101110
1101111110010100
1101111111111000
1101101101001000
1110101000100000
0001000000100100
0010011100010000
0010011100010000
0010011100010000
1101100011110000
1101100011110000
1101100011110000
1101100011110000
1101100011110000
0000010110010100
1110011001010100
1111000001100000
1101111110100010
0010011100010000
0010011100010000
0010011100010000
1101110101100110
1110000111011110
1101111110100010
1101101000001110
1101111010000100
1110101111101010
1110101011001101
1111001010011100
0010011100010000
0010011100010000
0010011100010000
1110011001010100
1101110001001010
1101110101100110
1101100011110000
0010011100010000
0010011100010000
0010011100010000
0010011100010000
1101111110100010
1101110001001010
0010011100010000
0010011100010000
0010011100010000
0010011100010000
0010011100010000
0010011100010000
0010011100010000
0010011100010000
0010011100010000
0010011100010000
1111000111101100
1111000101110010
1111001011011000
1111001001001010
1111000001100100
1110111101000110
1110111000000010
1110110101000000
1110100010110010
1110110101001100
1110000111001010
1110111101110100
1110101111001010
1111000010100110
1111001000111100
1111010000000100
1111010010010000
0010011100010000
1111001101111001
1111111101000100
0000001000110110
0000100011011000
0000111000000000
0001001001101100
0001100111001100
0001101010001000
0001101101000110
0001100100001111
0010000111101000
0010001101100000
0001111011110100
0001111110110010
0001010101100000
0001011000011011
0001110101111100
0010011100010000
0010011100010000
0010010011011010
0001111000110111
0001101101000110
0000010100101000
1111111010000110
1111011001101100
1111000101000010
1111001010111100
1110110011010110
1111000101000010
1111010011110011
1111011100101000
1111001010111100
0000001100001110
0000101010001000
0001001101011100
0001101011010110
0001011101110000
0000111111110110
0000111111110110
0010011100010000
0010011100010000
0001110000110010
0001100011001100
0010001001001110
0001100000011101
0001100011001100
0000101010001000
0001011000010100
0001011101110000
0010010001011000
0001111110010110
0001011011000010
0001000101010010
0001010010111000
0000011100100010
1111110110100000
1110111101011100
1110110010100100
1110101111110110
1110101010011011
1110101101001000
1111011000100110
1111111011111100
1111101000111011
0000100100001110
0001010011110100
0001110111000000
0010001011101100
0010010011111110
0001011110001010
0001111011001000
0010011100010000
0010010110000010
0001110100111011
0001110111000000
0010001001101000
0001110000110010
0010011010001100
0000111101000100
0001011100000110
0010011000001000
0010011010001100
0010000111100100
0001101110101110
0001010001110000
0001000011010000
0000101110100100
0000001111100010
1111001101010010
1110111110110100
1110101100001100
1110101100001100
1110101000000011
1111011011110010
1111011011110010
1110111000100110
1111010111101100
1101100011110000
1101100011110000
0010011100010000
1101100011110000
1101100011110000
1101100011110000
1110001000001111
0010011100010000
1101110111101000
1110011001111100
1110011011110001
1110111000101010
1110110011001110
1111001000111010
1111101001011010
0000000010101110
0000011111101000
0000000100100010
0000001111010110
0000010110100110
0000100011001110
0000100001011010
0000011010001100
0000111100100000
0001000011110000
0001000111010110
0001000111010110
0001010000011000
0001111111010101
0010010101000010
0010001000011000
0001111101100010
0010000100110010
0001110000111010
0010011100010000
0010010110110110
0001100010011100
0001011101000010
0001001100110010
0000111010101110