1110101011010111
1111110010111010
0000011001010100
0001000100111110
0001111100110100
0001100000111010
0000011100110100
0000000110001000
0000001011010110
0000010100000011
0000011100110100
0000110101010000
0001100110001000
0010011100010000
0010000111010100
0001101001101000
0001010001001011
0001110000100110
0010010011100010
0010011000110000
0010001010110010
0001110010010110
0001010100101001
0001000011001110
0001000011001110
0001010010111100
0001010100101001
0001010001001011
0000110111000000
0000010101110100
0000100011110010
0000100000010100
1110100010011110
1111110000010100
1111111111011010
0001001110011010
0010000110001100
0001111010100100
0000000010111001
0000000101001110
0000001000101110
0000001000101110
0000100101110000
0000110111001100
0001100011010100
0010011100010000
0010001110010100
0001100001000000
0001001001110010
0001011110101100
0001110111000100
0010010110011100
0010000010101100
0001001101010000
0000110100110110
0000110000001110
0000101010011001
0001000010110100
0001010001111010
0001001100000110
0000110111001100
0000011011010100
0000110111001100
0000011110110010
1110010110010010
1111101111100100
0000001010100011
0000111111011100
0010010000100000
0010001011110100
0000100100011010
0000011101011000
0000011000101010
0000010000011100
0000111001100100
0001000001110010
0010000001001110
0010011100010000
0010001010101000
0001001000110110
0001000100001000
0001001110101110
0010000010011010
0010001110001010
0010000100110000
0001010001000100
0000101010010010
0000101101110100
0000100101100110
0000111010110000
0001011000000111
0001010101110000
0000111110001111
0000110010100010
0000110100111000
0000100011010000
1110100010110000
1111111000101110
0000001111110000
0000011111100000
0010001101101110
0010001000111000
0001010111001110
0000101010011001
0000101011100110
0000100001111010
0000110110100000
0001101101000000
0010011100010000
0010000101010000
0001011111101100
0000111000111100
0000111000111100
0001000101000010
0001110101100000
0010001011010010
0001111111001011
0000111011010110
0000100000101110
0000011110010010
0000011010101010
0000110000011100
0000101111010000
0000100011001000
0000001101010100
0000010111000000
0000000111010010
1111111100011001
1110010101001110
1111110100100010
0000010000010010
0000110101101100
0001110011001110
0010000111110000
0001111000000100
0000111010100010
0001001010001110
0001001101110100
0001111011101100
0010011100010000
0001110101101000
0001011011000110
0001000010111110
0000110000111000
0000111000000110
0001000111110010
0001101000011000
0010000000100000
0001011000101100
0000111000000110
0000101001101000
0000011000110000
0000001100101010
0000001100101010
0000010111100010
0000101001101000
0000011111111110
0000011100010110
0000011111111110
0000100100110100
1110100110110100
1111110011011100
0000000111110001
0000110000100000
0001110101111100
0010010000010010
0001101100010110
0001011100110010
0001011010011010
0010000101100000
0010011100010000
0010011011000100
0001000010011100
0000110100000101
0000011101010110
0000010010100100
0000001100100100
0000111010000100
0001011111001100
0001011000000000
0000101111010010
0000010111010110
1111111000001111
1111001101001000
1111100010101010
1111011001000110
1111101011000100
0000110100000101
0001001101001110
0000111100011110
0000001110111110
1111111001011010
1110110110011100
0000000111011100
0000000111011100
0001010001110110
0001110001010000
0010011000111100
0010011100010000
0001111110100000
0001101001000000
0010001000011010
0001111100110110
0001010000001100
0000000111011100
1111010010100010
1110111110101100
1110111011011000
1110111101000010
1111101101000000
0000000010011110
0001010001110110
0000111010101100
0000001110000100
1110100000111100
1110000011001010
1110000001100000
1110010101010110
1110101100100000
0000101111001000
0000110100000101
1111000101010100
1110100100001110
1110001000001000
1110110001111000
1111101100011110
0000111010100110
0001100001101010
0001101011011100
0001101011011100
0001010111111000
0000111010100110
0000100111000100
0000100111000100
0001000100011000
0001010111111000
0010001000101110
0010011100010000
0010010010100000
0010010010100000
0010010010100000
0010011100010000
0010011100010000
0010011100010000
0010010010100000
0001111110111100
0001101011011100
0001001110001000
0001100001101010
0001010111111000
0001100001101010
0001010111111000
0001000100011000
0000111010100110
0000110000110100
0000100111000100
1110110110000000
0000000000000000
0000100000111010
0001100010101100
0010001011110100
0001001010000000
0001011010011110
0000110001010110
0000011000101010
0000100000111010
0000101001001000
0001010010010000
0001100010101100
0010010100000010
0001110011001000
0010000011100110
0001110011001000
0001111011010110
0010011100010000
0010011100010000
0010001011110100
0010000011100110
0001100010101100
0001010010010000
0001010010010000
0001011010011110
0001011010011110
0001001010000000
0001001010000000
0000111001100100
0000111001100100
0000111001100100
1110011000111100
1111011110110000
1111101111011000
0000011010100110
0001101101101110
0010000100111110
0001101101101110
0000111000100010
0000111000100010
0001100011101110
0010011000111100
0010011100010000
0001011001110000
0000101011001110
0000001101010100
0000000110101010
0000001001111110
0000110001111000
0001101010011000
0001101101101110
0000111111001010
1111111100101100
1111101000101110
1111001110001000
1111101111011000
1111011011011100
1111100101011010
0000101011001110
0001000010100000
0000111000100010
0000100100100100
0000000000000000
1101100011110000
1101100011110000
1101100011110000
1101100011110000
1101100011110000
1101100011110000
1101100011110000
1101100011110000
1101100100101110
1101100100111010
1101100110111100
1111111110100110
0001001111000100
0001101100010100
0010010011110010
0010011001011100
0010010000001010
0001111110000010
0001100111011110
0001011110101000
0000111011110011
1111011110001010
1101111010001010
1101110000101000
1101110010100100
1101101100111110
1101101010111110
1101101001010010
1101101000011100
1101100111110010
1101100111010110
1101100111010000
1101100111100010
1101100011110000
1101100011110000
1101100011110000
1101100011110000
1101100011110000
1101100011110000
1101100011110000
1101100011110000
1101100100010110
1101100100011100
1101100101011100
1111010011011000
0000011101010000
0001010101101100
0010000001100110
0010010111100010
0010010001001010
0010000100100100
0001111011110111
0001011010100010
0000110000100110
1110110111001010
1101101101001100
1101110000100010
1101101101001010
1101101011001000
1101101001111000
1101101001111010
1101101001101110
1101101001011010
1101101010010010
1101101001100000
1101101010100000
1101100011110000
1101100011110000
1101100011110000
1101100011110000
1101100011110000
1101100011110000
1101100011110000
1101100011110000
1101101100010000
1101111010101010
1101111001101000
1110010110110010
1110010100101100
1110010111110101
1110101010110110
1110011011001110
1110100011000010
1110011110010110
1110101010110110
1110011001101010
1110010100001101
1110001101001010
1110011110000100
1111011110101010
1111000111001110
1111100111000000
0000000011100111
0000000101001100
0000001001111000
0000011101101100
0000100010011000
0000100111100100
1111110010111110
1101100011110000
1101100011110000
1101100011110000
1101100011110000
1101100011110000
1101100011110000
1101100011110000
1101100011110000
1111011100010010
1110010100110110
0010011100010000
0010011100010000
0010011100010000
0010011100010000
1110010100110110
1110001011111100
1110010100110110
1110010000011011
1111110010100110
0010011100010000
0010011100010000
0010011100010000
0010011100010000
0010011100010000
1101110101100110
1101110101100110
1101110001001010
1101111010000100
1101101000001110
1101110101100110
1101101100101100
1101101100101100
1101100011110000
0010011100010000
0010011100010000
0010011100010000
0010011100010000
0010011100010000
0010011100010000
0010011100010000
0010011100010000
0010011100010000
0010011100010000
1110010101110110
1110010101110110
1110010101111000
1110010101111000
1110010001010100
1110000110100010
1101111010100010
1101110000100000
1101100011110000
1101100011110000
0000000110010000
1110011100110000
1101100100010110
1110100100100100
0000001111011001
0001000011001010
0001101010010000
0010011100010000
0000011010010001
0000100010100100
0000110000011010
0001100111101101
0010001110011100
0001001110110100
0010010110101110
0010001011101010
0010001000111010
0010001000111010
0001111011000100
0010001110011100
0010000000100110
0010010110101110
0001101101010000
0001100100111100
0001010111001000
0001001100000100
0001010100010101
0001110010110010
0000101010111000
0000111000101100
0000111011011110
0001001110110100
0001001110110100
0001010001100110
0001001100000100
0001100100111100
1111101110000010
1111110000110010
0000011111110100
1110111100010000
0000000000000000
0000111100010100
0001000100100010
0001111011010110
0001011101001100
0001110101111000
0001111110000110
0001110011001000
0001101010111010
0001001010000000
0010001110100010
0001001100110000
0001010100111101
0010011100010000
0010001011110100
0001110011001000
0001001111100000
0001011111111100
0001000100100010
0001001111100000
0000111100010100
0000101110100110
0000011000101010
0000001010111110
0000110110110100
0000001010111110
0000110001010110
0001011101001100
1111110111110010
0000100110011000
0000101110100110
1111010100001000
0000010001011000
0000111110111100
0001010000010010
0010011100010000
0010010011100100
0001110101001100
0010000110100100
0010001010111000
0001101110101100
0001101110101100
0001110000110101
0001110101001100
0001111001100010
0001111001100010
0000110100000101
0001010110110100
0001010100101000
0001001110001000
0001001110001000
0001001110001000
0001010100101000
0000111010100110
0000010001011000
0001001110001000
0001010010011110
0001100011110100
0000110100000101
0000111110111100
0001001110001000
0000110100000101
0000111010100110
1111000001000100
1101100011111010
0010011100010000
1101100011110000
1101100011110000
1101100011110000
1101100011110000
1101100011110000
1101100011110000
1101100011110000
1110001100001011
1110001100001011
0000010000001010
0000000101011000
0001000110000010
0001000011010110
0001000011010110
0001001110001000
0000100000010100
0001100000111110
0001101110011100
0000110000100000
0001010011100000
0001001000110000
0010001001011010
0001110110100010
0001010011100000
0001100000111110
0001010011100000
0010011001100100
0010010100001010
0010011100010000
0001111110101000
0001111110101000
0001110011110101
0010001001011010
0001101001000100
0001000000101010
0001101001000100
0001011110010010
0001100000111110
0001011011100110