1111110000010000
0000110001101010
0001000000001100
0001110101100000
0010001011010010
0010000110011100
0001101011110011
0000000001001110
1111100100001010
1111100110100100
1110110011101100
1111101011011010
0000010010001010
0000000110000100
0010001000111000
0010011100010000
0001100110111110
0001001001111000
0001010110000000
0000111000111100
0001100010001000
0001111100110000
0010000100000010
0000100101100100
0000100101100100
0000011011110110
1111110111100010
1111101101110110
1111000111000100
1111111110110010
0000001000011110
0001000101000010
1111010011110100
0000000001000100
0000011000110010
0001100010000100
0001101111000000
0010000000001110
0001011111111010
0000000111100010
0000011101000110
1111110110010100
1111101101101100
1111101101101100
0000010110101000
0001011111111010
0010000010011000
0010011100010000
0010001000110110
0001010000110100
0001000011111000
0001000110000010
0001111110000100
0010000110101100
0001101010101100
0000010000001010
1111111000011110
0000001001101100
0000000001000100
0000010000001010
0000101110010101
0000110110111110
0000110110111110
0000110010101010
1111000010110010
1111101010111001
0000000000000000
0000110100110010
0001100101010101
0001110110010000
0001001100000000
0000001110110010
0000000110010110
1111111011110010
1111111001101010
0000001000011100
0000100011111010
0001001110001000
0010011100010000
0010011000000010
0010011000000010
0001000111110010
0001011000101100
0001110100001000
0001111110101100
0001100111011110
0000111111010110
0000101000000111
0000011101100100
0000000100001110
0000001000011100
0000101110011100
0001001100000000
0001010000001111
0001010000001111
0000111101001110
1110111011100100
1111011110010100
0000000011000100
0000011111101010
0001110111100000
0001111101101000
0001111011100011
0000001111010100
0000001101010010
1111101100100110
1111111000110110
0000000011000100
0000101101111110
0001100101000110
0010001001111000
0010000101110010
0001111001100010
0001100001000010
0001110011011010
0010010110001000
0010011100010000
0001111011100011
0001000010011000
0000110110001000
0000001001001100
0000011111101010
0000011001100010
0000111000001010
0001010110110100
0001100011000100
0001100111001010
0001001100100110
1110110111010110
1111100101001001
0000001000111110
0000110100110000
0001011010100100
0010000000011000
0001111000011100
0000011100111000
0000100010110110
0000001010111100
0000001100111100
0000010010111010
0000111100101110
0001110100011100
0001111110011010
0010011100010000
0001110100011100
0001101100011110
0010001100010100
0001111100011010
0010000100011000
0001001000101010
0000101010110010
0000010000111010
0000001100111100
0000001000111110
0000001110111100
0000011110110110
0000101110110010
0001001100101000
0001001000101010
0001001100101000
1110110100110110
1111010001100100
1111100101110100
1111110001101010
0000110000001001
0001001001011110
0000111000100110
0000010001110000
0000010001110000
1111110101000010
1111011101011000
1111110110101110
0000010110110100
0001011111011100
0010011000111000
0010011100010000
0010000110010010
0001101100111100
0001111100001010
0001111111100010
0001010001111100
0000001110010110
1111110011010110
1111010110101000
1111010001100100
1110111011100110
1111000100000011
1111000100000011
1111100100001000
0000000111100110
0000010101000111
0000110011100010
1111100010111110
0000000000000000
1111111001010100
0000000100011110
1111100000110000
0000100001011110
0000110001000110
0000001111101000
0000001000111100
1111110100110110
1111001010011100
1111110010100110
0001000010111110
0001001110001000
0010011010000010
0010011100010000
0001111111001110
0001011001010010
0001011111111110
0001001110001000
1111101110001010
1111001010011100
1110010100110110
1110010100110110
1110101011001101
1110100100011110
1110000011000000
1110010010101000
1110101111101010
1110110110010110
1110101101011010
1111001100101010
0000001101011010
0001000010111110
0001011101110000
0001100110101100
0010000001011110
0010001010011010
0001101111100101
1111101001101100
1111100000110000
0000000100011110
1110101011001101
0000011111010000
0000110001000110
1111110010100110
0010001010011010
0010011100010000
0001101111100101
0000110001000110
0001100110101100
0001001011111010
0000111010000010
0001001011111010
0010000001011110
0001011101110000
0001000010111110
0001000010111110
1111001110111010
1111100000110000
1110111101000010
1111101001101100
1111111011100010
0001010100110011
1111010001100100
0000010101000111
0000101110011100
0001101001100100
0001111010011110
0001110010000010
0001110010000010
0000011101100100
0000001100101010
0000001100101010
1111101010111001
0000001100101010
0000101110011100
0001100001001000
0001111010011110
0010011100010000
0010011100010000
0001101001100100
0001011000101100
0001100001001000
0001100001001000
0010000010111010
0001101001100100
1111111011110010
1111100010011100
1111111011110010
0000001100101010
0000100110000000
0000101110011100
0000101110011100
0000110110111010
0000011101100100
1110110011111000
1111100111111110
1111100111111110
0000010000000010
0000111000000110
0001100000001001
0001010000001000
0000011000000010
0000011100000010
1111101011111110
1111100111111110
1111111100000000
0000011000000010
0001100100001010
0010011100010000
0010011100010000
0001110100001100
0001110000001100
0001110000001100
0010000100001110
0001101100001100
0000011000000010
0000010000000010
1111011111111100
1111100011111110
1111001011111011
1111010011111101
1111011111111100
0000000000000000
0000100000000100
0000101100000011
0000110100000101
1101100011110000
1101100011110000
1101100011110000
1101100011110000
1101100011110000
1101100011110000
1101100011110000
1101100011110000
1101100101000110
1101100101101110
1110001011100011
0000000011011010
0001000100000010
0001010111100110
0001000110010010
0010000101111000
0010011010111010
0010011010111010
0010001110010110
0000011101100110
1111100110100010
1110101011011000
1101110011011010
1101100110100010
1101100101101110
1101100101111010
1101100110001110
1101110011000110
1101111001110100
1101101110011000
1101101001101110
1101101001101000
1101101010001000
1101100011110000
1101100011110000
1101100011110000
1101100011110000
1101100011110000
1101100011110000
1101100011110000
1101100011110000
1101100101000100
1101100101000100
1101111100110100
1110101100000100
1111100010001000
0000000001111110
0000010110100100
0001100001000010
0010001011000110
0010010110001100
0010011001110010
0000100110001000
1111011011110100
1110001100110010
1101101110100100
1101100110010000
1101100101011110
1101100101011000
1101100101010100
1110001001101000
1110000110111010
1110000000100010
1110010101110110
1110011011110100
1110001110010000
1101100011110000
1101100011110000
1101100011110000
1101100011110000
1101100011110000
1101100011110000
1101100011110000
1101100011110000
1101110000010000
1101101111001100
1110001100011000
1110001101111100
1110010100001101
1110001101111100
1110010000100010
1110101101101100
1110110110000010
1110100000001011
1110101010100101
1110111101010100
1110111011010000
1110010001100100
1110111000001000
1101111111111000
1101111100110000
1110001011010100
1101101011000010
1110100011110100
1111001111100100
0001010001110000
0010011100010000
0010011100010000
0010011100010000
1101100011110000
1101100011110000
1101100011110000
1101100011110000
1101100011110000
1101100011110000
1101100011110000
1101100011110000
1101101100101100
0010011100010000
0010011100010000
0010011100010000
0010011100010000
0010011100010000
0010011100010000
1111101001101100
1110100010010000
1110000111011110
0010000001011110
0010011100010000
0010011100010000
0010011100010000
0010011100010000
0010011100010000
1111010111110100
1101100011110000
0010011100010000
0010011100010000
0010011100010000
0010011100010000
0010011100010000
1110000111011110
1110000111011110
0001111001101010
0001111001101010
0001111001101010
0010000001100100
0010001000001010
0010001011111110
0010001110110100
0010010101110110
0010011100010000
0010011100010000
1110101101111100
1110101101111100
1110101101111100
1110110010101010
1110100001111110
1110100010101000
1110011100111010
1110011101010110
1110001011011001
1101100011110000
1111010100010000
1110001000100000
1110000101011010
1110100011100110
1111101100000010
0000001011111110
0001000001011110
0010011100010000
1111010010101000
1111111010111110
0000001111001000
0000101101011000
0000011001001100
0000011001001100
0001011111110010
0010001000000110
0010001000000110
0010010010001010
0001111110000000
0001011111110010
0001001011100110
0001110011111100
0010011100010000
0010010010001010
0010010010001010
0001110011111100
0001010101101100
0000100011010010
1111111010111110
1111010010101000
0000011001001100
0000001111001000
0000100011010010
0000011001001100
1111100110110100
1110111110011110
1111011100101110
1111111010111110
0000001111001000
1111111010111110
1111110010010010
0000100110011000
0001010010010000
0001000100100010
0000010000011100
0000100110011000
0000101110100110
0010001110100010
0010011100010000
0001110101111000
0010001110100010
0010010100000010
0001110011001000
0001011111111100
0001111011010110
0010000110010100
0010001011110100
0010001001000100
0001001111100000
1111111101010000
0000001000001110
1111010110111000
1111100001110110
0000010000011100
0000010011001100
0000010000011100
0000001101101110
0000010000011100
1111111101010000
0000100000111010
0000011000101010
1111100111010110
0001100101011100
0010000110010100
0010010100000010
0010010001010010
0001010100111101
0000111100010100
0001011101001100
0010001110100010
0010011100010000
0001110011001000
0010001001000100
0010010100000010
0001101101101010
0001010010010000
0001010010010000
0001010100111101
0010010001010010
0001110101111000
0000110001010110
0000010101111100
1111111101010000
1111111101010000
1111110111110010
0000000010110000
0000001101101110
0000011011011010
0000010000011100
0000011011011010
0000011011011010
0000011011011010
0000101011111000
1111011100011000
1111011010101110
1101100011110000
1101100011110000
0010011100010000
1101100011110000
1101100011110000
1101100011110000
1101111101110010
0010011100010000
1101101100110110
1101111111000000
1111010110001110
1111101000011000
1111111000101110
0000000000000000
0000010010001010
0000000111010010
0000000001110011
0000100100010110
0000001110100010
0000011101000100
0000001110100010
0000001110100010
0000010010001010
0000001001000110
0000010100000000
0000010000010110
0000111011111101
0001100111100011
0001100101110000
0010000010110100
0001110110000110
0001111001101110
0010011100010000
0010010001010110
0001100010001000
0001101011001100
0001001100010100
0001011100101010
0001011100101010
0000111101110001