1111010100011110
0001111001001010
0010001100101110
0000111011101110
1111101000000010
1110100101111010
1110110000000010
1110011010011010
1110000110110110
1101110111010100
1110011101110010
1110100011001100
1110110100110000
1111010111001010
1111111010111100
0001000001001000
0001100010001110
0010010000110010
0010011100010000
0001101010010100
0010000011111100
0001100000001100
0001011111100000
0001010010000000
0000111111000110
0001001001111010
0001011011011110
0001011110110110
0000011000101000
1111000111101011
1110010000111110
1110000110110110
1111100111100110
0001110100100000
0010000011000110
0000101000100000
1111110000101010
1110101111110001
1110100000101000
1110011111001000
1101111011011010
1101101111010100
1101101111110100
1101110000010110
1101100101010000
1101110110111000
1110000011011100
1111001110011100
0000001110010110
0001001000101110
0010001110101010
0001111000100010
0001100000011000
0010011001001110
0010011011110000
0010010001001100
0010011100010000
0001100110111010
0001011101110110
0001100011111000
0001010010110010
0000100001111110
1111011001100000
1111001100111100
1111100100000101
0001011101011101
0001100011000000
0000100000000110
1111101011000000
1110101111111011
1110100111100110
1110100001100110
1110001110101100
1101110010100010
1101110100011000
1101100111111010
1110000000110110
1101110011111010
1110001000101101
1111000001111011
0000000111101000
0001000101000000
0010000010011010
0010000111111100
0001100010000110
0001110100100100
0010001101111100
0010011010111000
0010011100010000
0010001001110010
0001011111110010
0001110000011010
0001011011001010
0000011010000110
1111110000000101
1110110110110110
1111110110100110
0001111010010010
0001110111001001
0001010011101000
0000000101001110
1110111010100000
1110110000100100
1110100001011010
1110011011001010
1101110110100100
1101110000010010
1110001001111010
1101111100010100
1101100110111000
1110100101000100
1111001100010000
0000010011110110
0001010010000010
0010011100010000
0010011000100110
0001010111110010
0001101010000110
0010000101110010
0010010101111110
0010010101111110
0001111011010100
0001101111110110
0010000100101110
0001011101000010
0000011010000111
1111001100010000
1110010110111110
1111110100000100
0001110001001010
0010001000100010
0001100001000100
1111111000101110
1110101011111010
1110010100100010
1110000101100000
1110000110100010
1101101100100100
1101111111010000
1110011000101100
1110001111010110
1101111011101000
1110010010011110
1110101011111010
1111000010110000
1111110101101000
0000110111100010
0000111000100110
0000011001011100
0000100100110110
0001000010011100
0010010000010100
0010011100010000
0001101111000110
0001100100101101
0001100001100110
0000110100011100
1111111110011100
1111010101011101
1110110101010000
0000000101000010
0001110011010100
0010011100010000
0001000011011010
1111000010111000
1110000100100000
1101101111000110
1101111110110110
1110000001011000
1101110000010110
1101111011101100
1110001110100110
1110001010001100
1110001010110100
1110001101010110
1110100010001000
1110101001101100
0000000010100010
0001100101011100
0001101100011000
0000010100001010
0000100011111010
0000111010100110
0001110100100100
0010001000000110
0001011000110110
0001010110111100
0001100110000100
0001101001110110
0000001101111000
1111011001100100
1110100010110000
1111010100010110
0001010011010000
0001110110101110
0000010100011110
1110100011111000
1101111010010010
1101101111010110
1110010010001010
1101111010010010
1101101110000000
1110001110110000
1110000001000110
1110011111001000
1110010110111100
1110100101111100
1110000101111000
1111001101100000
0000010101001010
0010001001001010
0001101001110000
0000110001001000
0000011010101000
0001011010110000
0001101111111001
0010000010010100
0001111110001110
0001100101101010
0010011100010000
0010000011101100
0000101001101000
0000011010101000
0000000111100000
1111001001000110
0000000100001110
0000111111010110
0000100110000000
1110010110011100
1111000000101010
1110011110111000
1110100111010100
1110111000001110
1110001101111110
1111010001100100
1110100111010100
1111110011010110
0000001100101010
0001100001001000
0010011100010000
0010001011010110
0001011000101100
0001111010011110
0001111010011110
0001000111110010
1111011010000000
0000000100001110
0000100110000000
0000110110111010
0000101110011100
1111100010011100
1111111011110010
1111100010011100
1111001001000110
1110111000001110
1111011010000000
1111110001001000
0001011001010010
0001100000101110
0001000010111110
0000010110010100
1111100010010000
1111101001101100
1111011010110100
1111010011010110
1111011010110100
1111110001001000
1111111000100100
0000001110111000
0000011101110000
0000101100101010
0001000010111110
0010011100010000
0001111110100000
0010000101111100
0001110111000100
0001010001110110
0000111011100010
0000010110010100
0000001110111000
0000000111011100
0000000000000000
0001001010011010
0000110100000101
1111110001001000
1111001011111011
1110011111010010
1110001000111100
0000000000000000
0010001001111000
0010001001111000
0001100101000110
0000000000000000
1111001101011100
1110111111101010
1110010110010100
1110011111100000
1101111010101110
1101111010101110
1111010110101000
1110111111101010
1110000011111010
1111011111110110
1111001101011100
0000001001001100
0000101001011000
0010001110011110
0010000101010010
0000101001011000
0001001001100010
0001000000010110
0001100000100000
0010010111101010
0010011100010000
0010011100010000
0010011100010000
0001110111100000
0000000100100110
1111001000110110
1101111111010100
1101100011110000
1101100011110000
1101100011110000
1101100011110000
1101100011110000
1101100011110000
1101100011110000
1101100011110000
1101100110100000
1101100111011000
1110100001100000
0001111111001011
0010001110100000
0010010010000110
0001100000100100
0000101101010100
0000001111011001
1111110110101000
1111100100111010
1111001111010000
1110111010011100
1110100000010010
1110001111011100
1101111100101100
1101110011001110
1101101100100010
1101100011110000
1101100011110000
1101100011110000
1101100011110000
1101100011110000
1101100011110000
1101100011110000
1101100011110000
1101100011110000
1101100011110000
1101100011110000
1101100011110000
1101100011110000
1101100011110000
1101100011110000
1101101000001100
1101101000010010
1110110101101000
0001111100101110
0001110111100000
0001110111100000
0001101110000000
0000111011111101
0000010011011000
1111100100011100
1111001111111000
1110111001111100
1110100110101100
1110011001001100
1110001010100110
1101111101110000
1101111110011010
1101110110000000
1101100011110000
1101100011110000
1101100011110000
1101100011110000
1101100011110000
1101100011110000
1101100011110000
1101100011110000
1101100011110000
1101100011110000
1101100011110000
1101100011110000
1101100011110000
1101100011110000
1101100011110000
1101110011011000
1101110000010000
1110000000011000
1110001000111100
1101111111000000
1101111100001010
1110001101110010
1110010100000011
1110001110111010
1101110111100010
1101110101101110
1101101011010010
1101101011100100
1101111011011100
1101111000100100
1110011111101000
1111100001010000
1111010011001100
1101100011110000
1101100011110000
1101100011110000
1101100011110000
1101100011110000
1101100011110000
1101100011110000
1101100011110000
1101100011110000
1101100011110000
1101100011110000
1101100011110000
1101100011110000
1101100011110000
1101100011110000
1101101100101100
0010011100010000
0010011100010000
0010011100010000
1111101001101100
1101110001001010
1101101000001110
1101101000001110
1101111110100010
1110011001010100
1101111010000100
1110000111011110
1101100011110000
1101110001001010
1110010000011011
1110101011001101
1110011101110010
1111100101001110
1101100011110000
1101100011110000
1101100011110000
1101100011110000
1101100011110000
1101100011110000
1101100011110000
1111010111010010
1111010011100110
1111010000001100
1111000110001100
1110111011110010
1110110100011010
1110101011001000
1110100000001000
1110010110000000
1110000011001010
1111100000111100
1111111001101110
0000000011100001
0000010101000000
0000100011100000
0000101111010000
0000111001000100
0001001110001100
0001011110010100
0001101011001100
0000001010011010
0000111001000000
1110100010101110
0001100111111010
0010001011011100
0010001100001110
0001101001010110
0010011100010000
1111111011010000
0000111101100100
0001011001111110
0000110100000101
0001110110011000
0001111111110110
0010011100010000
0010011100010000
0001111111110110
0000001110001110
0000100001001010
0001011001111110
0010010010110010
0010001001010100
0001101100111001
0000111101100100
0000110100000101
0000010111101100
0000001110001110
1111111011010000
0000001110001110
0000010111101100
1111110001110010
0000101010101000
0001101100111001
0001110110011000
0001010000100000
0000101010101000
0000101010101000
0000001110001110
1111000010011100
1110001001101000
0000101111111010
0001000000100110
0001000000100110
1111101101010000
0001001000111010
0001001101000110
0001100110000110
0001110110110000
0001001000111010
0001001101000110
0001000000100110
0001000000100110
0010011100010000
0001101010010000
0001011101110000
0000110100000101
0000110100000101
0000101011110000
0001000000100110
0001011101110000
0000101011110000
0000001110100110
0000000110010000
0000100011011010
0001100110000110
0001110110110000
0001001101000110
0000101111111010
1111110101100110
0000111100011010
0000001010011010
1111101001000110
0001010110001110
0001011000111001
0001000110000010
0001000000101010
0001001011011100
0001011110010010
0001110001001010
0010010110111000
0010000110101100
0010011100010000
0010011001100100
0001100011101100
0001111011111100
0001100011101100
0000100101101110
0001000000101010
0000111101111110
0000011101101000
0000011010111100
0000011101101000
0000100011000010
0001001011011100
0001001011011100
0000011000010000
0000111011010010
0000101011000110
0000011101101000
0000001000000110
0000101000011010
0001001011011100
0000101000011010
1111101111110110
0010011100010000
1101100011110000
1101100011110000
0010011100010000
1101100011110000
1101100011110000
1110000011000000
1101111101110010
1101100011110000
1111010001111010
0000010000111000
0000010101010110
1111111000001000
0000010101010110
0000110100110110
0000010111100110
0000001100011000
0001001001000100
0001110011110010
0001011000110100
0010000101110010
0010011100010000
0001110001100010
0001100001110010
0010011010000000
0010001100100000
0001101111010010
0010010101100000
0010001110110000
0001101000100010
0001101000100010
0001111000010010
0001101010110010
0001011101010011
0000110100110110
0001011011000100
0001100001110010
0000110010100101
0001000000000100
0000101011110110
0000010000111000