1110111100101010
0000001001001010
0000110010000111
0001001011110000
0010011000001110
0010011100010000
0010000001111010
0001111001001000
0010011011111000
0001111111010101
0001101001110000
0000101100010010
0000100110110010
0000010010010010
0000000110100110
0000000011101010
1111110101000010
0000000100011010
0000010011110000
0000011000100010
0001000111000000
0001110001110100
0010001111000100
0001110111101010
0001011000001100
0001000100000100
0001000101111010
0001001011011000
0001010010101100
0001100010000100
0001010111011110
0001011001010010
1111001010110100
0000010001001000
0000111001010000
0001001101110110
0010000110001010
0010000101011100
0010000000101010
0010000100101100
0010011100010000
0001101000101110
0001000000111110
0000010001011110
0000000101010110
0000000111001100
1111100111100010
1111110001000110
1111011010010010
1111010111101100
1111100111100010
0000001100101100
0000100101000000
0001010100011110
0001011010011000
0001000101110000
0000111011110011
0000101000101100
0000011001111100
0000100111111100
0000111001100110
0000110111110000
0000100110000110
0000001111101010
1110111001011000
0000000001000110
0001001101100100
0001100011100010
0001110001011100
0001110001000100
0001101111010000
0010000011011000
0010011100010000
0001101001000010
0000011110110000
1111110111100110
1111101110000100
1111100100111010
1111001101111001
1111010111110000
1111100111001000
1111100111110111
1111100011000110
0000000010001100
0000011101101000
0001001011011000
0001010101010000
0001010111011110
0001001101100100
0000111001011100
0000100101010100
0000110110111000
0001011000100100
0001011001010010
0000011100001100
0000010011000010
1110110111101010
0000001110000100
0001111101010000
0010011100010000
0001111001100010
0010000011000010
0010001001010000
0010000001110010
0001101100010100
0001010010101100
0000001111010010
1111101010111010
1111111000001010
1111011110100010
1111010111111010
1111011011101000
1111001000001100
1111010111111010
1111100010101010
1111110101101010
0000100001000100
0001000011110010
0010001000011010
0001110111011101
0001010000100110
0000110110001010
0000111000101000
0001001100000100
0001011010001000
0001100100000010
0001011100100110
0001000001101110
1110101110000110
0000010111000100
0001011001110110
0010011100010000
0010000110000000
0001011011110110
0001010011100000
0001001111001000
0000100011011000
1111011111000000
1111000011100101
1111000101001010
1110110101101010
1110101110111010
1110101010001000
1110100110100010
1110100101110000
1110101110100001
1110110001010010
1110111000110110
1111000001001100
1111011101000000
0000100001011010
0000110111101010
0000100001011010
1111110000000110
1111010111000100
1111101101010100
0000001000110000
0000011000101010
0000011100101000
0000110101101100
1101110001001000
0000100100010000
0000110101100010
0001010101111010
0001110001100010
0001111011011100
0010011100010000
0001110000001101
1111111100111110
1110110100011110
1110100010110010
1110101001010000
1110011110000010
1110001000111000
1110001001010100
1110001101101000
1110011010001000
1110010100000110
1110010110101100
1110000011010000
1110011100010010
1110011110011100
1110100111000111
1111101100100100
1111110011111010
1110111001001110
1110101100101100
1110101000110100
1110111011011000
1111001010011110
1111110011000100
0000000011111000
1111011110011000
0001100010000110
0010011100010000
0000111010001001
0001100000101100
0001010110001100
0001001100011000
0001101000011010
1111101010111110
1110111001111100
1110101001001000
1111010101111110
1111001011011101
1110011101001110
1101101010110000
1110010110111010
1110111001111100
1110111111100010
1110011000010100
1110010111100110
1110100011100000
1110001110100000
1110011011000110
1110110011101000
1111011111110010
1111010011110110
1110011111010100
1110001011101101
1110001000111000
1110011011000110
1110110110011100
1111101010111110
1111010110010110
0000001010011010
0000101110111000
0001001000111010
0001111101000000
0010000010001110
0010000010001110
0001110010100110
0010000111011010
0010000010001110
0010000010001110
0001011000100010
0001001000111010
0000110100000101
0000011111010000
0000101001101010
0000110100000101
0000110100000101
0000111110100000
0001011000100010
0001110111110001
0010010111000010
0010011100010000
0010000010001110
0001101101011000
0001110111110001
0001110010100110
0001110010100110
0001101101011000
0001101101011000
0001101101011000
0001110010100110
1110100011100010
1111110110011100
0000100011000100
0001001111101110
0010001001001000
0010001001001000
0001110110000000
0010000010110000
0010011100010000
0010010101111000
0001101111100101
0001001001010110
0000110110001101
0000011100101100
0000001001100100
0000001111111011
1111111100110100
0000001001100100
0000011100101100
0000101111110110
0001100010110110
0001101111100101
0010001111100000
0010001001001000
0001100010110110
0001011100011110
0001011100011110
0001101001001110
0001101111100101
0001101111100101
0001101111100101
0001011100011110
1110000100101010
0000010000011100
0000011000101010
0001100110110010
0001101010111010
0010001111111010
0010011100010000
0000100101000000
0000010100100100
1111011011000000
1110101001101010
1110001100111000
1110111010000110
1110110110000000
1110100101100010
1110001100111000
1110100101100010
1110100001011100
1110100001011100
1110100001011100
1111011011000000
1111010010110010
1110110001111000
1111101011011100
1111101011011100
1111010110111000
1110101101110000
1111010110111000
1111101011011100
0000000000000000
0000111001100100
0001011010011110
1101100011110000
1101100011110000
1101100011110000
1101100011110000
1101100011110000
1101100011110000
1101100011110000
1101100011110000
1101101001100000
1101101010111000
1110010001001100
0001011000000111
0001001110000000
0000110110001100
0000101110100010
0000110110011110
0000111101110110
0001100111011100
0000101100111000
1111001010011000
1110110101110110
1110100100000100
1110000110100000
1101111100000110
1101100011110000
1101100011110000
1101100011110000
1101100011110000
1101100011110000
1101100011110000
1101100011110000
1101100011110000
1101100011110000
1101100011110000
1101100011110000
1101100011110000
1101100011110000
1101100011110000
1101100011110000
1101100011110000
1101100011110000
1101100111111110
1101101001010000
1110011101100110
0001110110011000
0000111100010110
0000110000100110
0001000001101010
0000011010101010
1111110011000100
1111101100001010
1111001110000000
1110110010101000
1110010110000100
1101111110001110
1101110010000110
1101101111100100
1101100011110000
1101100011110000
1101100011110000
1101100011110000
1101100011110000
1101100011110000
1101100011110000
1101100011110000
1101100011110000
1101100011110000
1101100011110000
1101100011110000
1101100011110000
1101100011110000
1101100011110000
1101100011110000
1101100011110000
1101101101001000
1101110011011000
1110000000111010
1110011101100100
1110010001010100
1110010110000000
1110010110100010
1110010110000000
1110000101000100
1110000001001010
1110000111101100
1110010010011000
1110000010110000
1101110000101110
1101100111111010
1101101101001000
1101100011110000
1101100011110000
1101100011110000
1101100011110000
1101100011110000
1101100011110000
1101100011110000
1101100011110000
1101100011110000
1101100011110000
1101100011110000
1101100011110000
1101100011110000
1101100011110000
1101100011110000
1101100011110000
1101100011110000
1110000111011110
0010011100010000
0010011100010000
0010011100010000
1110010000011011
1101100011110000
1101100011110000
1101101000001110
1101101100101100
1110011001010100
1110010100110110
1110111101000010
1110100010010000
1110010000011011
1101110101100110
1110011101110010
1101100011110000
1101100011110000
1101100011110000
1101100011110000
1101100011110000
1101100011110000
1101100011110000
1101100011110000
1101100011110000
0010011100010000
0010011100010000
0010011100010000
0010011100010000
0010011100010000
0010011100010000
0010011100010000
0010011100010000
0010011100010000
0010011100010000
0001110001011100
0001101110011110
0001101001100000
0001100111000010
0001100101011000
0001011000110100
0001010111101100
0001100010101110
0001101111010000
0001001001011010
1110010001100110
0001001001100010
1110110110011100
0000101110101110
0010001100111010
0010010011011100
0001011011011010
0010011100010000
0000111010100110
0001010011000000
0010000011110110
0010010111011000
0010011100010000
0010011100010000
0010000011110110
0001111010000100
0001100001101010
0010001101100110
0010010010100000
0010010111011000
0010011100010000
0010011100010000
0010010111011000
0010010111011000
0010011100010000
0001110101001100
0001100001101010
0001001110001000
0001011100110010
0001100110100010
0001100110100010
0001101011011100
0001001110001000
0001001001010000
0000111111011110
0001001110001000
0001001001010000
0001001001010000
0001010111111000
0000000000000000
1111001011111011
0000001111001000
0010000001011000
0010000100101110
0010010010001010
0001101101001110
0001001110111110
0001000001100010
0000100110101010
0001010010010100
0001110000100100
0010011100010000
0001100110100000
0001011001000010
0001110011111100
0001111110000000
0001110011111100
0001110011111100
0001001110111110
1111101010001010
1111100000000100
1111100110110100
1111011100101110
1111000001110110
1111001011111011
1111000101001100
1111110000111000
1111101010001010
1111101101100010
1111001011111011
1111101010001010
1110001111011100
1111111110010010
0000101110011000
0001011011000000
0001101111100101
0001111101010110
0010000000110010
0001000010111110
0000000101001010
0000010010111000
0000011001110000
0001011110011100
0010011100010000
0001101000110000
0001010000101100
0001011011000000
0001110011000010
0001011011000000
0001001101010010
0001001101010010
1111110000100010
1111001010110010
1111011000100000
1111000011111010
1111000011111010
1111010101000100
1111000011111010
1111110000100010
1111110000100010
1111000000011110
1110011110001000
1111110111011010
1111001010110010
0010011100010000
1101100011110000
1101100011110000
0010011100010000
1101100011110000
1101100011110000
1101100011110000
1101111101110010
1101100011110000
0000011011111010
0000100001011110
0000110010001110
0010011100010000
0010000000010110
0000101100101010
0001001000100010
0000110010001110
0000100001011110
0000111101011000
0001101010000010
0000111101011000
0010000000010110
0001011001010010
0000000101100110
0001000010111110
0000010110010100
0000101100101010
0000100001011110
0000001011001010
0000011011111010
0001000010111110
0000010000110000
0001001000100010
0000110010001110
0000000101100110
0000000000000000
0000101100101010
0000110010001110
1111100100000110
0000010000110000
1111001000001100