1110110010011100
0000100111000100
0010000110001010
0010011100010000
0001111110010000
0001110110010100
0000101011100110
1111001000100010
1110100011001011
1110011110000100
1110000101001010
1101101110100000
1101100111101110
1101101110100000
1101111101110010
1101110010011110
1110001010110100
1101111100101010
1110111011100000
1111010001000000
1111000111011000
1110110011100100
1110111001110100
1111100010000000
1111111000000100
1111011011110010
1110100001011110
1101111100000110
1110111110111010
1111011111101110
1111101001010110
1111101100110000
1110010011100101
1111110010101010
0001000000101010
0001101101011100
0001101000111010
0010001101001010
0010011100010000
0001110111100000
0000011111011100
1111010100111110
1110101100101110
1110011000000110
1110011001100110
1110000101111110
1110000100011110
1110000111011110
1110100101101100
1110111011110100
0000000101010001
0000001100010110
0000011001011010
0000001000010100
0000011001011010
0000011111011100
0000011001011010
1111010101111110
1111001100011010
1111101101101000
0000011001011010
0000011000011010
0000101011000010
0000110110000110
1110011111011010
1111010010100010
1111110010110000
0001000000111000
0001011010011100
0001101110010100
0010001001010100
0010011100010000
0010001001010100
0000010010011110
1111011111010110
1111001011111011
1111000111001100
1110110011110010
1110101011010000
1110110100101110
1111001011111011
1111101101100010
0000101000101110
0000101101111100
0000100000001100
0000011001100100
0000110000010010
0000110111011010
0000010110010000
1111110011001110
0000011111010000
0000010101010100
0000000011110010
1111110010110000
0000010010011110
0000110010101010
1110011100000101
1111010111011000
1111111100010000
0000101111000110
0001101001011010
0010001000110100
0010000101010100
0010011100010000
0010011100010000
0001111011010110
0000100110101000
0000010010101100
1111110000010100
1111010100111000
1111000001111100
1111001001011100
1111100111010110
1111111001010011
0001001101100000
0001000011100010
0000001011001110
1111111000110010
0000010010001100
0000100100101000
0000000110001110
1111101010110100
0000011010101010
0000000101101110
1111101001010100
1111110000010100
0000000100110000
0000010001001100
1110010110011110
1111011010100110
1111101000011100
0000011001101000
0001100010011000
0010001011110110
0010000011101010
0010000100001100
0010011100010000
0010011011110000
0001011010101100
0000111111000000
0000100100111000
0000010100100000
1111110011001100
1111110101010000
0000000010100100
0000001111011000
0001000110101100
0001001000001110
0000010101100010
1111101011100000
0000000100101000
0000100100011000
0000101000011110
0000000000000000
0000000101001000
0000100010110110
0000011011101010
0000001100110100
0000001101010100
0000001111111000
1110011010110110
1111011100100110
1111111010111100
0000100001101110
0001110011001110
0010010110101000
0010010101100000
0001111000010010
0001101010001110
0010001101101000
0010011100010000
0010001101101000
0001110110100110
0001000000101000
0000000101000100
0000010010100100
0000001100111100
0000110000111010
0001011000110100
0001100011011110
0000111010011101
0000100100100010
0000011000101110
0000100010010010
0000111010011101
0001000100000000
0001000010111000
0000111101110100
0000110111000110
0000101110101001
0000001001100100
0000000111111000
1110110010101100
1111101010001110
0000001011111110
0000100010110110
0010000111100100
0010011001100010
0010001011011000
0001111101110000
0001000001111000
0001001110011010
0001100010100010
0010010001011000
0010011100010000
0001110111001110
0000111001001010
0000101111011000
0001000010011010
0001010010110000
0010010011000000
0010010000110100
0001101000000000
0001000001010110
0000101000010001
0000000000000000
0000011111100100
0000100011111100
0000111011111000
0000101110110100
0000100011111100
0000111110100110
0000110011101110
0000011110100000
0000011111010000
0000111110100000
0010011100010000
0001110101001100
0001110101001100
0000110110101100
1111111000001100
1111000001100000
1111011000111100
1111100000110000
1111011000111100
1110010010101000
1110101010000100
1110111001101100
1110011010011100
1111000001100000
1111010001001000
1110110001111000
1110101010000100
1111100000110000
0000000111110100
1111111000001100
1111110000011000
0000000111110100
0000100111000100
0000010111011100
1111101000100100
1111101000100100
1111110000011000
0000000000000000
0000000000000000
0000001111101000
0000010000011100
0001010010010000
0010011100010000
0010011100010000
0001111011010110
0001110011001000
0000101001001000
1111010110111000
1111000110011100
1110001100111000
1110100101100010
1110010101000110
1110111110001110
1110110110000000
1110111110001110
1111000110011100
1111000110011100
1111010110111000
1110101101110000
1111001110101010
1110111110001110
1110011101010100
1111001110101010
1111000110011100
0000000000000000
0000000000000000
1110111110001110
1110110110000000
1110110110000000
1111000110011100
1111100111010110
0000001000001110
1110100000100000
1111110111010100
0000101111110000
0001001001110010
0001111001100010
0010011100010000
0010011100010000
0010010011100100
0001001110001000
0000000000000000
1111011000111100
1111001011111011
1110111110111010
1110110110001110
1110110001111000
1110101101100010
1111001011111011
1111101110101000
0000000100010110
0000011010000010
0000101111110000
0000011010000010
0001000001000110
0001000101011100
1111111011101010
1111011101010010
1111011000111100
0000010101101100
0000100111000100
0000100010101110
0000111100110000
0001100011110100
1101100011110000
1101100011110000
1101100011110000
1101100011110000
1101100011110000
1101100011110000
1101100011110000
1101110011101110
1101110100011000
1110001101011010
1110111110110110
0000011001000010
0010000010111110
0001100101010010
0001100011100000
0000111110111100
0000101110010100
0000101100110010
0000100010110010
0000001011111110
1111101010000100
1111001111010000
1111000010001010
1110110111010100
1110101101001000
1110010110010010
1110010000100010
1110010000100010
1110000010100100
1101111010100100
1101110100001010
1101110011100000
1101101101111100
1101100011110000
1101100011110000
1101100011110000
1101100011110000
1101100011110000
1101100011110000
1101100011110000
1101101011000010
1101101011000110
1101110101011010
1110001000101110
1110110101111000
0000000100101110
0000111011000010
0001100100000100
0001011001100000
0001101100100101
0010010101000100
0010000100011010
0001001011011000
0000001110010000
1111010001101100
1110101001111100
1110110100111000
1110100110010110
1110010110011110
1110001001111110
1110000100110100
1101111011110000
1101110110110000
1101110001111010
1101110011010100
1101101111010100
1101100011110000
1101100011110000
1101100011110000
1101100011110000
1101100011110000
1101100011110000
1101100011110000
1101110001011000
1101110101011100
1101101111001100
1101110110100000
1101111010111000
1110000010011000
1110010001011000
1110010100100001
1110011010011100
1110011010011100
1110100110111101
1110100101101100
1110100110100000
1110101111000010
1110100010010000
1110011000111000
1110111101010100
1111000110101100
1110101111010000
1110100100110110
1110001000101110
1110011000010110
1110000101100110
1110000111101100
1110000100100100
1110000000111010
1101100011110000
1101100011110000
1101100011110000
1101100011110000
1101100011110000
1101100011110000
1101100011110000
1111001010011100
1101110101100110
1111100101001110
1111000101111110
1111100101001110
0000001000111100
0000100011101110
1110111000100100
1101110101100110
1101110101100110
1110011001010100
1101111110100010
1101101100101100
1101111010000100
1110100010010000
1110001011111100
1110000111011110
1110000111011110
1110010100110110
1110010000011011
1110010000011011
1110100010010000
1110000111011110
1101110001001010
1101111110100010
1101110101100110
0000111110000101
0001000110011110
0001010000101010
0001011011001000
0001100101101110
0001111001000000
0010010010110000
0010011100010000
0010011100010000
0010011100010000
0000110100000100
0000110101010100
0000110001011010
0000110000110000
0000110010101010
0000110111011000
0000111101111000
0001000011111100
0000111110101000
1111111010011100
0000101111111010
0000100001000110
1110000000011100
1110010100110100
1110110001110000
1111000000110000
1111010010000000
1101100011110000
0001000100011100
0000011001100010
0001100101000110
0001110011011010
0001010010101110
0000011001100010
0001101011001110
0010001101111100
0010011000001010
0001100011000100
0001110111100000
0001101101010010
0010001011111010
0010011100010000
0000111110010010
0001000100011100
0001000100011100
0000100001101100
0001000110011110
0000011001100010
0000010111100000
0000110010000010
0001001000100000
0000100011110000
1111100010011000
0001010010101110
0001111101101000
0000100011110000
0000001111010100
0000001001001100
0001000110011110
1111010110001000
0001100101000110
0000100100110000
0000111110100000
0001010100100100
0001100101000110
0001110101101010
0001011011111001
0001101010101000
0010011100010000
0001001011011000
0001110001111110
0001110001111110
0010010110110000
0001010010101110
0001000111101100
0000110101010100
0001010110011010
0001001001100010
0000010110000100
0001100101000110
0001101010101000
0001011101110000
0000011011100100
0000110111001010
0000101101111110
0001100001011100
0001011111100110
0001000100000000
0001001111000010
0000111100101010
0000111010110100
1111100100011100
0001011000000111
0010011100010000
0001011011011000
0000001101100010
1111110010011110
1111011100110110
1111100001001101
1111010101010011
1111110100101010
1111110000010100
0000101000100100
0000010111001111
0000000011110010
0000001101100010
1111100110100110
1111101110001010
1111110001011010
1110101000111110
1111100000000110
1111101110001010
1111011101111100
1111001011100100
1110110100110110
1111010000111110
1111010101010011
0000000100111000
0000001011010110
1111100000000110
1111010110011000
1110110101111100
1110101111011101
1110000100001100
1101101010011110
0010011100010000
1101100011110000
1101100011110000
1101100011110000
1110000011000000
0010011100010000
1101100011110000
1101100011110000
1111111110111100
0000100110110100
0001000110010000
0000111001101011
0000100000100000
0000101111001100
0010001001011000
0010011100010000
0001101110000110
0001111010101100
0001111110111000
0001001000010110
0001001100100100
0001011111011100
0001001010011110
0000001011100010
0000101111001100
0001000110010000
0000011000001000
0000000011001010
0001001010011110
0001111010101100
0001110100011010
0010000111010010
0001111100110010
0010010101111110
0001111010101100
0000011110011010
0000100110110100
0000001011100010
0000000001000100
1111101110001100