1111000001100000
0001100100101000
0001110101100110
0000101101100100
0000111000001010
0000011100100110
0000011011000000
0000010011100110
1111111001101010
1111111011110000
1111011100100000
1111110011010010
1111011010011010
0000001010000100
0000000000100010
0000010111010100
0000011011100010
0000110111101000
0001010000100000
0001011011101000
0010010111011110
0010010001001000
0010001111100010
0010010011010000
0010000001110010
0010011100010000
0010001000101010
0010001001001100
0001111100011110
0001011000011110
0001010011001010
0000111000101100
1111001001001000
0001010011100100
0001011101111100
0000111111110010
0001001111001000
0000001100011000
0000000001011110
1111011101111000
1111111101100010
1111100111010010
1111011111111000
1111010110111110
0000000000000000
0000000011011110
1111111111000000
0000001110010110
0000001010011000
0000100000101000
0000100101100110
0001011011111110
0001110010101110
0010010010011000
0010011010110010
0010000111111110
0010000000100100
0010010110010100
0010011100010000
0010010010011000
0001100100110111
0001011001000000
0001010101100010
0001010110100010
1111011000111000
0001001100111010
0001001011010010
0001101000011100
0001100000010110
1111100011101010
1111011100000110
1111100001100000
1111011000111000
1110111101010110
1110110111011010
1111011010100000
1111010100100100
1111101111000000
1111101010101100
1111111010010110
1111111000101110
0000001111011000
0000010111011110
0001000011110000
0001101101010010
0010001001011000
0010011011001010
0010011011101110
0010001011100010
0010010011101000
0010011100010000
0010010100101100
0001101100101111
0001010000001010
0001000111100000
0001001001101100
1111010110101000
0000100111110010
0000111101111010
0001011110100110
0000110100111110
1111100110111110
1110110000101100
1110110010110100
1110101101100010
1110101100011110
1110110000101100
1110110010010010
1111001010000000
1111001011100100
1111010011011111
1111011011111010
1111101001100110
1111101101010010
0000001000001010
0000100110001110
0001010100000100
0001110110110110
0010010101111100
0010001011011000
0001111011100011
0010001101100000
0010011100010000
0001111101101100
0001100111000010
0001001101101110
0000111010001110
0000111001001100
1111001111110111
0000001001011010
0001011011101000
0001011111110000
1111101110011000
1111000100101100
1110011010111111
1110100010100110
1110010100100001
1110000101110100
1110001111001110
1110010110110110
1110101100100110
1110110100110100
1110100110001000
1110101100100110
1111000010111010
1111010110010010
1111101010110110
0000010000011100
0001000100001000
0001110000110010
0010011011101010
0010011100010000
0010010000100000
0010001100011000
0010011001010100
0010011001111010
0001100110110010
0001010101001100
0001001010000000
0001000111000100
1111010000101000
0000010100111000
0001101100111000
0001011111111010
1111101011001000
1110010000010100
1110010110100010
1110010101011000
1101100111001000
1101110110011000
1101111000000100
1110001000111110
1110100010111100
1110101001001000
1110101101101010
1110110011110110
1110110010101110
1111000011000110
1111010010010100
0000000000100100
0000100101110010
0001011101101000
0010001011111010
0010011100010000
0010000110110100
0010001010110000
0010010010000110
0001111110010110
0001011111111010
0000111110101000
0000111111001100
0000110001101000
1111111010000110
0000110110100000
0010001111001000
0010000010101010
1111001111011010
1110010101000000
1111001010001010
1111000100010000
1110001000100000
1110011010010000
1110011111100000
1110110101001010
1110110001111000
1110100100110000
1110100111011000
1110101010101010
1110111000011100
1110110110011110
1111000100010000
1111100111000100
0000001100011110
0001000100010010
0001111000001010
0010011100010000
0010011010010010
0001110000010000
0010001101001010
0010000011010100
0000110100100010
0000101101111110
0000010101000000
0000010011101100
1111100011111110
0001111100001011
0010001100001110
0000111100000110
0001000100000110
0000011100000010
1111010011111101
1111010011111101
0000001100000010
1111111100000000
1110110011111000
1110111011111010
1111011011111100
1111100011111110
1111001011111011
1111110011111110
1111101011111110
0000011100000010
0000110100000101
0001100100001010
0001011100001010
0001111100001011
0001100100001010
0010011100010000
0010001100001110
0001111100001011
0010010100010000
0001111100001011
0001001100001000
0000101100000011
1111011011111100
1111110011111110
1111000101011010
0001100001101010
0001110101001100
0000101101100100
0000101101100100
0000011010000010
0000110100000101
0000101101100100
1111111001100000
0000000110100000
1111100101111110
0000000110100000
1111110010111110
0000011010000010
0000001101000010
0000000110100000
0000011010000010
0000110100000101
0001001110001000
0001011011001010
0010011100010000
0010001111001110
0001000001000110
0010000010001110
0010000010001110
0010010101110000
0001010100101000
0001000001000110
0001011011001010
0001000111101000
0001001110001000
0000011010000010
1110111101000010
0000111111110010
0001000110001010
0000111100100110
0001000110001010
1111100110100000
1111110000000101
1111010000001010
1111110000000101
1110111101000010
1111000110100110
1110110000010010
1111110011010000
1111011100111100
0000000000000000
1111110110011100
0000000110011000
0000000011001100
0000111001011010
0000111111110010
0001111001001100
0010001100010100
0001111001001100
0010001100010100
0001101001001110
0010011100010000
0010010010101100
0001111001001100
0001100010110110
0001010110000110
0001001111101110
0001001100100010
1101100011110000
1101100011110000
1101100011110000
1101101001100100
1101101000101010
1101101010001110
1110001010011010
1110001001000110
1110100111101111
1110011000000100
1110001100000001
0001111101001100
0010000011001110
0001010010111100
0000110111001110
0000110001110110
0000101000101100
0000100110000000
0000010101011110
0000010101010000
0000000011110100
1111001101011110
1110001110101010
1101111101011110
1101110101101000
1101101111100110
1101101001010110
1101100011110000
1101100011110000
1101100011110000
1101100011110000
1101100011110000
1101100011110000
1101100011110000
1101100011110000
1101100011110000
1101101001111100
1101101001110110
1110010101110100
0010011100010000
0010011100010000
0010011100010000
0001110001100000
1111100000010110
0001000000010110
0010010101110100
0001111000001010
0000111110010110
0001000000010110
0000101110110110
0000110001111100
0000010010011000
1111111101110010
1111011000011110
1110101001000100
1110000101001100
1101111101000110
1110000010000110
1110000001111110
1101111000110010
1101100011110000
1101100011110000
1101100011110000
1101100011110000
1101100011110000
1101100011110000
1101100011110000
1101100011110000
1101100011110000
1101101100101100
1101101100000100
1101101110001010
0010000111111100
0010011100010000
0010011100010000
0010000010001100
0001100000111000
1110100110111101
1110110110111100
1110111111001010
1110111101111110
1111000110100100
1110111100000010
1110110111011010
1110100011101001
1101111100000010
1101101111111000
1101101011011000
1101110110100000
1110110000010100
1111011011000000
0000100010111000
0000010100010100
1101100011110000
1101100011110000
1101100011110000
1101100011110000
1101100011110000
1101100011110000
1101100011110000
1101100011110000
1101100011110000
1110111101000010
1110100010010000
0010011100010000
0010011100010000
0010011100010000
0000111010000010
0010011100010000
0010011100010000
0010011100010000
1111000101111110
1110001011111100
1101110101100110
1101101000001110
1101100011110000
1101100011110000
1101101000001110
1110010100110110
1111100101001110
1111101001101100
1110110100000110
1101111110100010
1110010000011011
1110010100110110
1110111000100100
1101100011110000
1101100011110000
1101100011110000
1101100011110000
1101100011110000
1101100011110000
0001000001000100
0001000010010100
0001000011011110
0001000110110100
0001001001000100
0001001001011000
0001000111010000
0000111110001010
0000101110101100
0000000000000010
0010001000011000
0010000110110010
0010000110000000
0010001001001010
0010001011100000
0010001100100100
0010010001101010
0010011011111110
0010011100010000
0010011100010000
1110010011101010
1111111100010100
1111010100111100
1111100001101010
0000111110100100
0001111011011000
0010011100010000
0010011100010000
1101111101110000
1110100011011010
1110111011110100
1111000011010000
1111001000000010
1111011001100010
1111001101111001
1111101011000010
1111110011000000
1111111001011000
0000010000101110
0000001111001000
0000101010101101
0000101111100000
0000100100111000
0000100000000110
0000100100111000
0001011000111000
0001010011000010
0001100111001100
0010000101111110
0010000011010100
0010000011110110
0010011100010000
0010010001000110
0010010100110100
0010010000100100
0010001100010110
0001101110101000
0001011110101110
0001001110010000
0000110111111110
1101111000011010
1101111011000000
1110011101001110
1110100000011100
1110110101000110
1111000011111110
1111000110100010
1111010110000010
1111101110100100
1111110011101110
0000010111111000
0000011011001000
0000100000111100
0001011010011010
0000110100010100
0000001111100000
0000010110100110
0001001001100110
0001001001100110
0000111011011010
0001111111001011
0010010001010010
0010001110101100
0010010111000110
0010001100110000
0001111111001011
0010011100010000
0010010001111010
0001101111000100
0001110010111100
0001001000111110
0000110011101010
1110011110110110
1110111101011100
1111010010011110
1111100110001100
1110111100110000
1111010100100010
1111110000011000
1111100011011110
0000000101011100
0000100111011010
0001010110111110
0001000011111100
0001111000111100
0010011001100010
0001001100000110
0000101101100010
0000011111010000
0001101010101010
0001101111011010
0001110110001110
0010011100010000
0010001011111100
0010011000110110
0001111100010100
0001111110010110
0001111011101010
0010001101111110
0001111011101010
0001010111101000
0001010110010010
0001001101011100
1111110111110110
0010011100010000
1101100011110000
1101100011110000
0010011100010000
1101100011110000
1101100011110000
1111100000110000
0000000101001110
1101100011110000
1110110111000110
1111010001100110
1111010011100000
1111101000010100
1111110111011110
1111100000110000
1111101010001110
0000000110101000
0000011111010000
0001000101001000
0000100001001010
0001000001010110
0001011101110000
0000101100100000
0000010111101100
1111111101001010
0001000111000010
0001001010110100
0001000001010110
0010010000111000
0010011100010000
0010000011101000
0001010110001100
0000110101111110
0000100011000010
0000000100110000
0000010011111000
0000010010000000
1111100110011100
1111101110000000
1111100010101010
1110101001110100