1111101001000110
0001001000000000
0001110011010110
0000111001010000
1111001111101110
1110100000010010
1101110100001000
1101111001000010
1101110000000010
1101110110100100
1101110100001000
1110001111000110
1110110010010010
1111000000001100
1111101111101000
0000011011110100
0001110000111010
0001110010100010
0001010001110011
0000110101001100
0001000000101000
0001011111101110
0001110001101110
0010001000101000
0010011100010000
0010010101101110
0010000001010000
0001111011100010
0001100111000100
0001001100000110
0001000001011100
0000011011000000
1111011111101110
0001000000111010
0001100111011010
0000110011111000
1111000110010000
1110110011010110
1110011100100000
1110100110111101
1110010000110010
1110000110010100
1101101110110110
1110100011000010
1110110111111010
1111000010010110
1111010111111001
1111110111001100
0001100011100000
0010011100010000
0010010011110010
0001001000000110
0000110001010000
0001000110001000
0001010110011100
0001011100010100
0001001111010010
0001011000011010
0001111010111110
0001111111100010
0001011110111100
0000011110010110
0000010101110110
1111010001010111
1111011010000010
0001011000111001
0001111011011100
0000111000111110
1110111001001110
1110101111101110
1110011101100110
1110100100100000
1101110111100110
1110000010110100
1101101101010000
1110101011011010
1110100111111100
1111000100011100
1111100001110011
1111111110010010
0001010001001010
0010011100010000
0010011000110100
0001110001111100
0001011100010111
0001010100100110
0001011111110100
0001100010011010
0001001000100000
0001001011000110
0010001111010100
0001111010100110
0001110010110100
0001010011110000
1111110111011000
1110110000100110
1111001100011100
0001000110010100
0001100010011100
0001010001010000
1110111110011000
1110101010000100
1110010001000100
1110001101001010
1110001011100110
1110001001010000
1110010001110110
1110010100111110
1110011111111010
1111001100011100
1111010011011111
1111111001110000
0000101111101010
0001110101111110
0010011100010000
0001110101111110
0001101001011110
0001011001110110
0001010010110100
0001011011011010
0000111111010010
0001100000111000
0010000010011110
0010001110001100
0001111001111000
0001001100100100
0000011100111010
1111011000111100
1111000000000000
0001000000110100
0001110000100001
0001100100100110
1111001011111011
1110001111011111
1110010101000100
1110010100010000
1110010101110110
1110000100010110
1110001010101110
1110001110101100
1111000011001010
1110111001101000
1111110010111000
1111101111101100
0001001011111100
0010000101001100
0010010000010100
0010010111011110
0001111110110110
0001111111101000
0001100001011001
0001100011000000
0001011011000010
0001100001011001
0001010111111000
0010011100010000
0010010101111000
0001101000100100
0000111100110110
1111100110111101
1110110010100010
0000110011110100
0010001100110110
0001111010111000
1110111010001110
1110010001001000
1110001100000001
1110001100110110
1101110101101110
1101111101011100
1101111100100110
1110001011001000
1110000001101110
1110010001111110
1110101111111100
1111010101101000
0000011010111110
0010010101011010
0010011100010000
0001101110111000
0001000000101000
0000101011010000
0000101101110100
0000101111100010
0000100010101100
1111110111000000
0001000100111010
0001111101011100
0010000101001000
0001010110000010
0000101110101001
1111001101111010
1111100001001110
1111111010110100
0001010001001000
0001000100010110
1111100110000011
1111010111101000
1110110011101100
1110100110000110
1101111000100010
1110000010111010
1110000011101110
1110010010000110
1110010010111010
1110000100100010
1110111010111000
1111101010110100
0000101011100100
0001111000010010
0010010101110110
0010011100010000
0001011101111010
0001010011100010
0000100001001010
0000000000011010
0000000001001100
1111101011101001
1111111110110100
0000000101001100
1111111110000000
0000000010000000
1111001000011110
1110011111101101
0000001111010100
0000110100000101
0001000110011110
0000101101111110
0000000011000100
1111100100011100
1111010010000010
1111011000001010
1111110110110100
1111011000001010
1111101010100100
0000001001001100
1111110110110100
0000001111010100
0000011011100100
0000010101011100
0010000011110000
0010000011110000
0001100101000110
0000100111110110
0001110111100000
0010001001111000
0010001001111000
0001110001010110
0001110111100000
0010011100010000
0010010000000000
0010001001111000
0010010110001000
0010010000000000
0001111101101000
0001111101101000
1111100111010110
0001000001110010
0001100010101100
0000111001100100
1111011111000110
1110101101110000
1110101101110000
1110011101010100
1110110110000000
1110100101100010
1101101011111110
1110001100111000
1111000110011100
1111100111010110
1111101111100100
0000001000001110
0001001010000000
0001001010000000
0001000001110010
0001001010000000
0001011010011110
0001110011001000
0001111011010110
0010011100010000
0010010100000010
0001011010011110
0000110001010110
0001001010000000
0000100000111010
0001001010000000
0000101001001000
0001100010101100
1110100011000110
0000110010101100
0001110110010000
0001100001001000
1110110100000000
1110000101100010
1110111100011100
1110110100000000
1110010110011100
1110010110011100
1110101111110001
1110110100000000
1110110100000000
1110010110011100
1111000100111000
1111010001100100
0000111011001000
0010011000000010
0010011100010000
0001001100000000
0001001100000000
0001010100011110
0001000011100100
0001000111110010
0000100001110010
0000010000111010
0001010000001111
0010011100010000
0010011100010000
0001100001001000
0000110010101100
1111011110001110
1101100011110000
1101100011110000
1101100011110000
1101101000100110
1101101000100110
1101101110010000
1101110000001000
1101101011010010
1101101110100000
1101101100101000
1110101111110110
0001100100100110
0010011001110110
0010000111000000
0001111110001000
0001001111111000
0000111011101100
0000101111010110
0000111000011110
0000111110011010
0000101000000100
1111010010000000
1110001001001000
1101110001110000
1101110010100010
1101101100101000
1101101011000000
1101100011110000
1101100011110000
1101100011110000
1101100011110000
1101100011110000
1101100011110000
1101100011110000
1101100011110000
1101100011110000
1101101001101110
1101101010100010
1110100011001110
1111010101111100
0001010010010010
0010011100010000
0010011100010000
0001111001000010
0001010101100000
0001110101000000
0001101101010000
0001011111100010
0000101100110100
0000111010001110
0000010010001010
0001000011000110
0000110011010010
0000010110001110
1111000101110010
1110001101010000
1101111110010000
1101111001100100
1101110111010010
1101110001111110
1101100011110000
1101100011110000
1101100011110000
1101100011110000
1101100011110000
1101100011110000
1101100011110000
1101100011110000
1101100011110000
1101101010000000
1101101111001100
1111001110000000
0000110101001000
0001011000000000
0001010101011010
0001000111010110
0000101101010100
1110110001111000
1110001101001010
1110011010000010
1110001001101000
1110001001010000
1110011001101010
1110001011111110
1110000011011000
1101101111011110
1101110011011000
1110001001010000
1110011101000010
1110110101000000
1110111000001000
1110101001100010
1110100111011100
1101100011110000
1101100011110000
1101100011110000
1101100011110000
1101100011110000
1101100011110000
1101100011110000
1101100011110000
1101100011110000
1101101100101100
0010011100010000
0010011100010000
0010011100010000
0010011100010000
0001100010001110
0000000000000000
0010011100010000
0010011100010000
0010000001011110
1101111110100010
1101100011110000
1101111110100010
1101111110100010
1101110001001010
1110000011000000
1101110101100110
1110111101000010
1111001110111010
1110010000011011
1101101100101100
1101101100101100
1101111010000100
1110010100110110
1101100011110000
1101100011110000
1101100011110000
1101100011110000
1101100011110000
1101100011110000
1101111011001100
1101110111010000
1101110100010000
1101101101110110
1101110010010000
1101110101001100
1101111011110010
1110000000001101
1110001000101101
1110100101111010
0001011011111110
0001011001010110
0001011010001000
0001011001110000
0001011100001100
0001010011000000
0001010100000001
0001010100110011
0001001111011000
0001000010101010
0001011011101010
1111110001010010
0001101100011011
0001011000010000
0000111111100100
0001111010100000
0001010011100100
0000000001010100
1111000001001010
1111011011000110
1111011011000110
1111101000111100
1111110111010110
0000010100110000
0000101001100000
0000110011111010
0000111010001110
0001001001001110
0001001110011010
0001101000111100
0010001010111100
0010011100010000
0010010101010110
0010010111000100
0010001001001110
0001101110001000
0001100000111000
0001100010100110
0001100010100110
0001001010111110
0001110110001100
0001110000111111
0001010100001011
0001000010010100
0000111101101100
0000111001101010
0000100101011110
0000100011001010
1111110111111100
1111001010111110
1110000000100010
1110010100101000
1110100011101110
1111000001011010
1110111111100110
1111010001011010
1111101001101000
1111111101101110
0000001101010000
0000110010101110
0000111111000100
0001101011110011
0001110110010110
0010011100010000
0010010101011010
0010001011010110
0010001100010000
0001110100100000
0001110000110101
0001101101001100
0001100100111110
0001101000001010
0001101001100010
0001010110010110
0001110001010100
0001100001010100
0001001000101010
0000110101111001
0000011100110010
0000010010101110
0000001101101110
1111100010010100
1110011111100000
1110100111101010
1110111100010100
1110111011000000
1111000011100110
1111001111101010
1111111011100000
0000010100011010
0000101101110010
0001000001100100
0001100000111011
0001110110110110
0010000010111000
0010011100010000
0010001101001110
0001110111101110
0001110011011010
0001111100000000
0001111111011100
0001100111110100
0001101101011010
0001110000011010
0001110010001000
0001101010011000
0001101111001000
0001100110111100
0001100110111100
0001011100001100
0000101011101000
0000011101111000
0000000001011111
1111011000101010
0000001101010100
1101100011110000
1101100011110000
0010011100010000
1101100011110000
1101100011110000
1101100011110000
0000100100011110
1101100011110000
1111000000100100
0000110011000100
0000100110101100
0000011101011010
0000010001000010
0000101111111110
0000111111011100
0001001011110100
0010011001001010
0010010110000100
0010011100010000
0010011100010000
0000111111011100
0001011000001100
0001100100100011
0001101101110110
0000011010010100
0000011010010100
0000011101011010
0000011101011010
0000011101011010
0000011010010100
0000100110101100
0000011010010100
1111101110111110
1111100101101100
0000000111110000
1111110101001010
0000000001100100
0000000111110000
0000000001100100
1111000110110000