1110100101010010
0000010111001000
0000111010010010
0000101101001100
1111010000110000
1110100111010110
1110100101111110
1110001111001110
1110001011110000
1110000010110010
1110010110000110
1110101001011100
1111000111000110
1111101001100110
0000011110000000
0001100010010100
0010010001111010
0010000110001100
0001010101111000
0001110011100100
0010001010010100
0010000010101110
0001101000011111
0001001010110110
0001000100101000
0001010000011000
0001111000011000
0010011100010000
0010010110101110
0001110000000110
0001011001010110
0001011100000110
1110100010011000
0000001000000110
0001010001011111
0001000010000000
1111100111000111
1110111110101010
1110111101010100
1110101111001100
1110100100011010
1110101001110010
1110110101010000
1111001010110010
1111100101000100
1111111111010100
0001001101011100
0010001000101110
0010011100010000
0001101110011100
0001110011110101
0010000000101000
0010001000101110
0001010100111000
0000110100100010
0000100011101100
0000100111000100
0001000001010110
0001100111000010
0010011000001110
0010010011100000
0001010011100000
0001001101011100
0001001100000110
1110100001000100
1111111011101010
0001000000111110
0001000000010100
0000000101000000
1111011101000010
1111001101000010
1111001000011000
1110111000011000
1111000000011000
1110111111101100
1111100001101100
0000000110010110
0000111000111110
0010010000111100
0010011000010000
0001110011100110
0001111110010010
0010011100010000
0010001010010000
0000111110111110
0000100111101010
0000010000010100
0000000101000000
0000001101000000
0000111010010011
0001110100111011
0010000010010000
0001111010111100
0000111100010100
0001000011101000
0001010011101000
1110101110111111
1111111101000111
0000111110000100
0001101000011010
0001000011001100
1111101101000010
1111011001010100
1111000111110010
1111000001001110
1111010000100010
1111011110011010
0000001000110000
0001000011111010
0010001101101010
0010011000100110
0010001100001100
0001110000011100
0010011100010000
0010011010110010
0001101111101110
0000100000110110
0000010010111110
1111110000101010
1111110010001000
0000001000110000
0001010001000001
0001111010101010
0001110111000000
0001010110001010
0000100100100000
0000111001101011
0001001001000000
1110100101001100
0000010110111010
0001011110000100
0001111110110100
0001100011110100
1111101001111010
1111010100101010
1111000101000110
1111010101011110
1111110100100100
0000011111000110
0001100011000000
0010011001110010
0010010010011100
0001100001010110
0001000010010000
0001010010101000
0010011100010000
0010010110100010
0001001010011100
0000011011110100
0000000010011110
1111111010010010
0000000001101000
0000011111000110
0001100010001010
0010001001011100
0001110011010110
0000110010101110
0000011011110100
0000011101011100
0000110001111010
1110110111111110
0000101101110110
0001110100111110
0001110101111000
0001010110000100
1111001101011110
1111000100001000
1111001011100111
1111101001100010
0001000001100000
0001100110111010
0001011111011100
0000111010111100
0000000001111000
1111011010100100
1111101001100010
0000110000101010
0001101011100110
0001111001101000
0001011100101000
0000010010101110
1111010110110110
1111000011001100
1110111110100000
1111100001001000
0001001011110010
0010011100010000
0010000110101110
0000011111110100
1111100110110000
1111010010001010
0000010000110110
0000101001001000
0010011100010000
0010010110011000
0010010010110110
0001011010011110
0000011100001100
0000100000111010
0000110011101100
0001101001101110
0001101111100101
0000110000001001
1111100011110100
1111010110111000
1111001100010100
1110010110010010
1110001100111000
1111000111100110
1111111011010100
1111111010001000
0001000000101000
0000010111100000
1110101101110000
1110100010000000
1110000111000000
1110011001110010
1110101011011010
0000100011010000
0000001010100011
1111001110101010
1110011010111111
1101110110100100
1111010010001100
1111011010000000
0000010101000111
0000111111010110
0000101110011100
1111111011110010
1111000000101010
1111000000101010
1101111101000110
1110100111010100
1110010110011100
1110100111010100
1110101111110001
1111011010000000
1111101010111001
0000011101100100
0000110110111010
0010010011110100
0010001011010110
0001011000101100
0001101001100100
0001101001100100
0010010011110100
0001101001100100
0001011000101100
0001101001100100
0001011000101100
0001101001100100
0010000010111010
0010011100010000
0001101001100100
0001101001100100
0001010000001111
1111000110011100
0000010000011100
0000100000111010
0000110001010110
1111101111100100
1110110110000000
1110111110001110
1110101101110000
1110011101010100
1110011101010100
1110101101110000
1110111110001110
1111010110111000
0000001000001110
0000110001010110
0001001010000000
0010010100000010
0001011010011110
0001111011010110
0001111011010110
0010010100000010
0001110011001000
0001110011001000
0001101010111010
0001100010101100
0001101010111010
0001111011010110
0010011100010000
0001111011010110
0010001011110100
0001110011001000
0001101010111010
1110110011000010
0000000010010110
0001101000111100
0001110010010010
0001001100111110
1111001111000010
1111010011101100
1111010011101100
1111100110010110
0000000010010110
0001011111101000
0010000000010000
0001010110010010
0000010101000000
1111111101101010
1111111001000000
0001001000010010
0001110010010010
0010000100111100
0000111110111110
0000001011101010
1111101011000000
1111011101000010
1111101111101100
1111101111101100
0001110110111100
0010011100010000
0010000100111100
0000011001101010
1111111101101010
0000000010010110
0000000111000000
1101100011110000
1101100110000000
1101100110000000
1101100101010010
1101101010000000
1101100110110100
1101101101000100
1101101011110000
1101101101011000
1101101010011010
1110101010100010
0000110101101000
0001111000101101
0010001110110110
0001011101110010
0001101110001010
0010001010001110
0010010110101000
0010000011100100
0001000110101000
1111111010000001
1110110111001110
1110000100111100
1101110100011100
1101101010010100
1101100111110110
1101100011110000
1101100011110000
1101100011110000
1101100011110000
1101100011110000
1101100011110000
1101100011110000
1101100011110000
1101100101100110
1101100101100010
1101100111111110
1101111101010100
1110001000000101
1110010001001010
1110001101011100
1110010000000000
1110001011101000
1110101001111100
0001100010100110
0010001110000100
0010000010001100
0001111010011100
0001011101110000
0001010010010110
0001001010110000
0000111101111000
1111100101011110
1110100111111110
1110000100010000
1101110010001100
1101101100010100
1101100111110100
1101100110011110
1101100011110000
1101100011110000
1101100011110000
1101100011110000
1101100011110000
1101100011110000
1101100011110000
1101100011110000
1101110011001000
1101100110111000
1101110100011010
0000001110000100
0001000101110010
0001001111101100
0001001011100000
0001000011101100
0000110011000010
1111100100111010
1110101110110000
1111001010011010
1110110011101010
1110101001110100
1110110011001100
1110100100000010
1110001110100110
1110001011000010
1110000000010100
1101110101101110
1101110001011010
1101110000010000
1110001010010010
1110000001111100
1110000011000000
1101100011110000
1101100011110000
1101100011110000
1101100011110000
1101100011110000
1101100011110000
1101100011110000
1101100011110000
1110111000100100
1101110101100110
0010011100010000
0010011100010000
0010011100010000
1110100110101110
1110011001010100
1110001011111100
0000110001000110
0010011100010000
0010011100010000
1101101100101100
1101100011110000
1101111010000100
1110000111011110
1110010100110110
1101110001001010
1110001011111100
0010011100010000
0010011100010000
0001001011111010
1110111101000010
1111110010100110
1111110111000100
1101110101100110
1101100011110000
1101100011110000
1101100011110000
1101100011110000
1101100011110000
1101100011110000
1101100011110000
1111011000000100
1111011011100100
1111011101110010
1111011110101100
1111100000101110
1111100100010110
1111101110101110
1111111111000100
0000010101010110
0000011010011010
0001000010111110
0001000010101110
0001000001111010
0000111100001010
0000110111000010
0000110010100101
0000100111110110
0000010110110100
1111110010011011
1111010010101100
0000011001000000
1111100010100110
1110101000011000
0000011111001100
0001101110001110
0010000110010100
0010001100110100
1111111101011010
1110001110010000
1110100000010000
1111000111110000
1111010000010000
1111100111110000
1111101100010000
1111011000110000
1111110011110000
0000010000010000
0000110000110000
0001111000001111
0010010010110000
0010010101110000
0010000000010000
0001111111010000
0010001111110000
0010011100010000
0010010110110000
0001100101110000
0001010010110000
0001010111110000
0001011011010000
0001000111110000
0001001011010000
0000111011110000
0000101100010000
0000101000101111
0000110011110000
0000110111010000
0000010100010000
0000001110010000
1111100001010000
1110011100110010
1111000111001010
1110111101001010
1111000000101000
1111010010101110
1111100100000101
1111100011101100
1111101010101000
0000001111100110
0000011010000000
0001000100000000
0001111001001100
0001111010101110
0001101010001010
0001110111101010
0001011100010010
0010011100010000
0010001100011100
0001110100111011
0001011100010010
0001010111101010
0001011001111110
0001000000111100
0001000011010000
0000101011110000
0000110000110000
0000110111101100
0001001000101000
0001001010100100
0001000111111000
0000101010111110
1111111101111000
1110110011111110
1111010110100000
1111000101001110
1111001011010010
1111000011011000
1111001100101100
1111101010100010
1111111011010110
0000101100110010
0000111001110101
0001110100100110
0010010001100010
0001101011110000
0001111001110000
0010001111101010
0001100100010010
0010001000001100
0010011100010000
0001100100010010
0000111000111010
0001010000001110
0000111100001010
0000101011011000
0000110111000010
0000011110110010
0000100011011100
0000101111000110
0001010010100100
0001001110110100
0000101000000111
0000011000101110
1111101110010010
1110001001101000
1101100011110000
0010011100010000
1101100011110000
1101100011110000
1101100011110000
1101100011110000
0001001000111010
1101100011110000
1111110011001000
0000101010010010
0000110101010100
0010011100010000
0001001011011000
0000100010111100
0001000111101100
0000011111010000
0001000100000000
0001001011011000
0001110011110100
0001111011001010
0001110111100000
0001011010000100
0001000111101100
0001000100000000
0000110001101000
0001000100000000
0001001011011000
0000111100101010
0001010010101110
0010000010100000
0001001011011000
0001100001011100
0001010110011010
0001100001011100
0001110111100000
0001000111101100
0000000001110110
0000011011100100
1111001010101100
1110100010010000