1111000110101000
0000011110111010
0001000010001110
0000011100001111
1111010101101000
1110100101000100
1110001000110100
1110001001101110
1101110101011010
1101110000000110
1110001000110100
1110001110001000
1110011000101110
1111010111011011
0000110001011100
0001100001000101
0001011011110100
0001000001010100
0000101010011000
0001010011111000
0010000011100010
0010011100010000
0010010110111110
0001100000001110
0001110000001000
0001101111001110
0001101010110100
0001011100101011
0000101111101010
0001010110100000
0001001010001010
0000000110001100
1111000110000001
0000100001000110
0000111101100100
0000100100101010
1111111110001110
1111000000010010
1110101010111100
1101101010001010
1101111000011010
1101101100010010
1110011100000000
1110001111111000
1110000011110010
1110011110110110
1110101111001110
1111101011101110
0001010110100000
0001011010000100
0001010111001100
0001001010011000
0001101100100100
0010011100010000
0010001100100110
0001111000101010
0010000000100000
0010000001001100
0001110000001000
0001010101110010
0000101011110010
0001000101011010
0001000111100010
0000000100101000
1111011011111010
0000110111110100
0001010000110000
0000101010000010
0000000000000000
1111010001011000
1110111100011000
1110001001110100
1110010101101010
1101101001101010
1110001111110000
1110001111110000
1110011100001111
1110111101000010
1111001000110110
0000001101001000
0001001001100010
0001101111100101
0001110000111010
0001101101101000
0001101100111110
0010001011110110
0010011100010000
0010000111010000
0010001101001010
0010001111110010
0010001101110100
0001101111100101
0001010011011000
0001100010011110
0001101000011000
0001001100110100
1111101000100010
0000111110011000
0001001110011100
0000110000001100
1111101110000110
1111010100001010
1110110010001100
1110100010001000
1110010011010100
1101101001010100
1110011100100100
1110101101010000
1110101111000110
1111010000011100
1111011110101010
0000000100111100
0000110011010000
0001100000111110
0001111010010010
0001101010110110
0001011111000110
0010010100110110
0010011011000000
0010011100010000
0010011100010000
0010011100010000
0010000111111000
0001110110100100
0001011000111100
0001101010001110
0001100101010010
0001100110100010
1111010110100010
0000111010000100
0001000000101100
0000111101011000
1111000001111110
1110111101111110
1101111111101000
1110001101100100
1110000111100100
1101110011101100
1110010010110110
1110001000111010
1110010111100001
1110100101011100
1110100110110000
1111011001001100
0000101110001000
0001101000011111
0010000001000100
0001101001001010
0001011101111000
0001110011110010
0010001101101010
0010011100010000
0010010110010010
0010000001101110
0010000011000010
0001110101000110
0001101101110100
0001111110011010
0001011111111000
0001101001110100
1111010100110000
0000110001100010
0001010110100000
0001001100000010
1110110001111000
1110010011001100
1101111111101010
1110011000110000
1110001000101110
1101111110111110
1110011010110110
1110000100100010
1110011110010110
1110100011111101
1110111001100100
1111010001111111
0000001101010000
0001010110100000
0010011100010000
0010001111101100
0001100101001010
0001010100011010
0001101111100101
0001110011110010
0001110101001100
0001010101110100
0001000101110000
0001000111001010
0001011110111000
0001100100011100
0001001000100010
0001001100101110
1111011010110100
0000111101101110
0001110010001110
0001010000111110
1110101101010010
1110011110011010
1101101010110000
1101111110111000
1110000101000000
1101110011100000
1110001001011000
1110001001011000
1110100001111010
1110010100110010
1110100110010010
1111000111100010
0000000110100100
0001010011100110
0010000111010000
0010001011101000
0001101011001110
0010010001110000
0010000010111000
0010001100100000
0010011010100000
0010011100010000
0001111111011000
0001100110110110
0010000001001000
0010000010111000
0001001110010110
0000111100110110
0000100010010100
0001000000110010
0001010111101010
0001010000000010
1111101100111100
1111011101101100
1110101000010110
1111010110000110
1111000110110110
1111001110011110
1111010110000110
1111101100111100
0000010011000100
0000111001001010
0001100110111010
0010000101011000
0001000000110010
0001010111101010
0001110110001000
0001111101110000
0010000101011000
0010011100010000
0010001101000000
0001111101110000
0001000000110010
0001100110111010
0001111101110000
0001010111101010
0001010000000010
0001110110001000
0001001000011010
0000110001100010
1111000000101010
0000100110000000
0000111111010110
0000010101000111
1111011010000000
1111000000101010
1110011110111000
1110100111010100
1110011110111000
1110010110011100
1110011110111000
1110001101111110
1110111000001110
1111111011110010
0000100110000000
0001100001001000
0001101001100100
0000111111010110
0000101110011100
0001100001001000
0010000010111010
0010011100010000
0010011100010000
0001111010011110
0010001011010110
0010000010111010
0010000010111010
0001110010000010
0000111111010110
0001100001001000
0000101110011100
0000000100001110
1111000011101000
0000110101010010
0001010101001110
0001000111000010
1110111100100010
1110100011101010
1110000011101110
1110100111001110
1110010101011110
1101110101100000
1110100011101010
1101111001000100
1110101110010100
1110110001111000
1110101110010100
1111101010101100
0000011000110110
0001010101001110
0010010101001010
0001111100010010
0001011100010110
0001010101001110
0001111000110000
0010011100010000
0010001110000010
0001010001101100
0001011111111000
0001011111111000
0001001110001000
0001100011011100
0000110101010010
0000111100011000
1101100011110000
1101100011110000
1101100011110000
1101100011110000
1101100011110000
1101100011110000
1101100011110000
1101100110100010
1101100101101100
1101100110110010
1110001010111010
0001010110001100
0010001010011100
0001010011000010
0001000110001100
0000101011011010
0000000010100010
1111101000010000
1111011011100000
1111000111100001
1110111011111000
1110101001110100
1110010101011100
1110000101111100
1101110010010010
1101100111111000
1101100111001010
1101100011110000
1101100011110000
1101100011110000
1101100011110000
1101100011110000
1101100011110000
1101100011110000
1101100011110000
1101100011110000
1101100011110000
1101100011110000
1101100011110000
1101100011110000
1101100101110100
1101100101111110
1101110000110100
1111000111100001
0000110110011100
0010001111010010
0001001000101000
0000101010011001
0000011010111110
1111110110111010
1111110011000000
1111010110101000
1110110100001000
1110100101110010
1110010000001100
1110000000001010
1101111100100110
1101101111111110
1101101010111000
1101101011000100
1101100011110000
1101100011110000
1101100011110000
1101100011110000
1101100011110000
1101100011110000
1101100011110000
1101100011110000
1101100011110000
1101100011110000
1101100011110000
1101100011110000
1101100011110000
1101101011000110
1101110001010010
1101110000110000
0000101100010000
1110101010100101
1110110000000100
1110111000001000
1110110101111000
1110110001111000
1111000000001010
1110101010101111
1110010100011010
1110000100110010
1110000111011101
1101111010100000
1101110010010100
1110100001001100
1110101101101100
1111100010110100
1111110100100010
1101100011110000
1101100011110000
1101100011110000
1101100011110000
1101100011110000
1101100011110000
1101100011110000
1101100011110000
1101100011110000
1101100011110000
1101100011110000
1101100011110000
1101100011110000
1110111000100100
1110110100000110
0010011100010000
0010011100010000
0010011100010000
0010011100010000
1110011001010100
1101110101100110
1101101100101100
1110000111011110
1110000111011110
1110010000011011
1110011001010100
1110010100110110
1110110100000110
1110001011111100
1110010000011011
1110111000100100
1110010000011011
1110101011001101
1101100011110000
1101100011110000
1101100011110000
1101100011110000
1101100011110000
1101100011110000
1110101100001110
1110110011010000
1110111100011100
1110111111110100
1111001010011000
1111001101001010
1111001101001110
1111001110000110
1111000110110110
1110101001111000
0000111011101110
0000111010011000
0000111111110100
0001000011011000
0001001110101000
0001010100101000
0001011010111100
0001100001001010
0001101100000110
0001101101101000
1111100111000000
1111011101000100
1110111100101100
1111010011111000
0001001110000110
0010010011010110
0010011001000010
0010011100010000
1110111000001110
1111011010000000
0000010101000111
0000100110000000
0000101110011100
0001000100111110
0000110110111010
0001100011111011
0001011011100000
0000110110111010
0001111010011110
0001111010011110
0001110100110110
0001011110010100
0001001101011010
0010011001011100
0010011100010000
0010010110101000
0001101100011000
0001011110010100
0001011000101100
0000000100001110
0000101011101000
0001000100111110
0001110010000010
0001110010000010
0001001010100110
0000110110111010
0000101110011100
0000101011101000
1111101000000100
1111001011111011
1110010001101110
1111011000001010
1111011011010000
1111111001111000
1111111001111000
1111011110010100
1111010101000110
0001000011011010
0000000000000000
0000101010111010
0001001111101010
0001001100100110
0000011000100000
0000110111001010
0001000011011010
0001100010000010
0001010101110010
0010011100010000
0010001100111100
0001011110111110
0001101000001010
0001101110010010
0001000000010110
0001100101000110
0001001100100110
0001000011011010
0001101000001010
0000110100000101
0000111101010010
0001001001100010
0001001100100110
1111011110010100
0000001001000100
0000011101011100
1111110110111100
1111100000010100
1111010000011100
0000001001000100
1111101011101001
0001001101000000
0001001010101110
0000111000101000
0001110101110000
0010000001000100
0000111101001010
0001011111000110
0001110101110000
0001100001011000
0001111100100100
0010011100010000
0010010011001100
0010001100011010
0001101110111110
0001110001001110
0001100011100111
0001101010011100
0001000110001100
0001101110111110
0001100011100111
0000110100000101
0000111111011010
0001011010100110
0000101101010010
0000010110101010
0001100111000110
1101100011110000
1101100011110000
0010011100010000
1101100011110000
1101100011110000
1110100010010000
1110001000001111
1101100011110000
1110110111110010
1110111010011010
1111100100011100
1111001111011010
1111101001101100
1111110001100100
1111101001101100
1111011111001100
0000010110010100
0001110111100000
0000111011000110
0001111100110000
0001110100110110
0010000010000000
0010011100010000
0001110111100000
0001010010101110
0001001000001110
0000111011000110
0000100110000100
0000100110000100
1111110001100100
0000001110011100
1111111110101100
1111101110111100
0000101011010110
0000001011110100
0000010011101100
0000100110000100
0000010011101100
0000010011101100
1111110001100100