1111000110001110
0001001101010100
0001111110001000
0001111111110010
1111101111101110
1111001001011111
1110111110000110
1110011011000110
1101111100001010
1110000001111000
1110110000010000
1110110010101100
1111110011110010
0000100011110100
0001110110110100
0010010111011000
0001111110001000
0001100100000101
0001101000001010
0001110000010100
0010011100010000
0010011000001100
0010000110010010
0010000000100110
0010000011110110
0001111110111100
0010001001100010
0010001100110010
0001110000010100
0001111010111000
0001011011111110
0001001010111000
1110011100111010
0000010101011000
0000110101010010
0000110010101110
1111001110110110
1111000001111110
1111000101100100
1110101000110000
1110010111110000
1110010010000110
1110011101011010
1110111111111010
1111101011001010
1111111001100100
0001010010001000
0001101101111010
0010000001011110
0001001011011100
0000111110100100
0001010111110010
0001100010000100
0001111101011000
0001100100001000
0001011011111001
0001100111001110
0001110001100010
0010011100010000
0010001100110100
0001101110011100
0001011111111111
0001010101101110
0000011000011110
1110100011101001
0000011101000100
0000101000000010
0000101001101000
1111011000011110
1110111010101010
1110111110110110
1110111101110010
1110100100001000
1110011101010110
1110011111011100
1110111011101100
1111100000110110
1111110111111000
0001000011010000
0001110101000000
0010010001010000
0001101100000110
0001001100101100
0001100000100100
0001111000001000
0010000100101100
0001111000001000
0001101000011100
0001101001011110
0001111001001100
0010011100010000
0010010111000000
0001100011101110
0001010011100000
0001010000010110
0000101111111010
1110011111010100
0000100011000000
0000101100011010
0000010010010010
1111001101010100
1110011110110100
1110110010001000
1110111011000010
1110011111010100
1110100110001000
1110010101011010
1110110100110000
1111010101001010
1111110001111001
0000110110111000
0001101111110110
0010000110010100
0001110111101010
0001001010001110
0001010010000010
0001111011010100
0010000010001000
0001101101001110
0001011110100110
0001100011010010
0001111001010000
0010011001101000
0010011100010000
0001110000010110
0001011011011100
0001001010001110
0000101010010110
1110101001011000
0001001001111100
0001011110101010
0000010011010010
1111101111000010
1111000111010100
1110110000111000
1110100100001110
1110101010100010
1110101110000000
1110110101011110
1111010100100100
1111101010011010
0000000100111010
0001000101010110
0010001001010000
0010011100010000
0010001100001000
0001100000111110
0001011011110010
0001111110111010
0010000001001100
0001010110000010
0001001001011000
0001000111000100
0001101001000010
0010010100110010
0010010000110000
0001101010110000
0001000011101000
0001001001111100
0000010110001010
1110111011001010
0001100010001100
0010000111010100
0001000110101010
1111110010110110
1111001000111100
1110100011110100
1110110000111110
1110011111101000
1110101101111110
1110110100100100
1111001011010100
1111110000011101
1111111110110100
0001000101011100
0001110111001000
0010011100010000
0010001100101100
0001010011001110
0001010101000000
0001101111111100
0001101000001010
0000101011101100
0000111010000100
0000111001011110
0001100110111110
0010010100011110
0010011001110110
0010000110000110
0001101010100100
0001100010110010
0000101111111010
1111111001011000
0001001111011000
0010001001010000
0001011111111010
1111010101000000
1111010011010110
1111000000010110
1110010111000000
1110000111010100
1101111101011000
1111000010110100
1110110000101000
1110111000000100
1111011001001010
0000101001010110
0001100100110111
0001111010010110
0001011011110010
0001011111000100
0010001010111000
0001111011001100
0000111110000000
0000000110101000
0000000101110010
1111111100101100
0000000000110100
0000110111011000
0001001110100010
0001100100110111
0010010101101000
0010011100010000
0001110010111010
0001000010111110
0001010100110011
0010010011010100
0010001010011010
0000011111010000
0000010110010100
1111101001101100
1111101001101100
1110010000011011
1111000101111110
1111111011100010
1111110010100110
0000101000001100
0001001011111010
0001100110101100
0001100110101100
0001100110101100
0001100110101100
0001111000100010
0001111000100010
0001010100110011
0001101111100101
0001010100110011
0001111000100010
0001101111100101
0001011101110000
0001101111100101
0001100110101100
0010000001011110
0001101111100101
0000111010000010
0010011100010000
0000001000101100
0001011111100000
0010010011100100
0010011100010000
0000010001011000
0000100010101110
1111101110101000
1111010100100110
1110111010100100
1110100000100000
1111011101010010
1110110001111000
1111101110101000
0000010001011000
0000111100110000
0001000101011100
0001101000001010
0000111100110000
0001010110110100
0000110100000101
0001101000001010
0000101011011010
0001101000001010
0000101011011010
0001000101011100
0000000000000000
0000010001011000
0000111100110000
0000101011011010
0001010110110100
0000100010101110
0001000101011100
1110100000000001
0000110010110110
0001000101101010
0000100000000000
1111011100001110
1110110010110100
1110110010110100
1110101011010010
1110101111000100
1110101011010010
1110101111000100
1111000001111000
1111011100001110
1111101111000100
0000111110001000
0001110010110110
0010011100010000
0010000101101010
0001010000111100
0001000001111000
0001111010011000
0010000101101010
0001011100010000
0001000101101010
0001001101001100
0001101111000100
0010011100010000
0010011000100000
0001110010110110
0001011000011110
0001010100101110
0000010100101110
1101100011110000
1101100011110000
1101100011110000
1101100011110000
1101100011110000
1101101000110100
1101100111111110
1101110110110000
1101110101010010
1101110100001110
1110101000100110
0001011100111010
0010011000000010
0001110001001100
0001010101100000
0000110000110010
0000100101001010
0000110001110110
0000111110100000
0000110101110110
0000010101100010
1110101011001000
1101111110110010
1101101111001010
1101101000110100
1101100111100100
1101100011110000
1101100011110000
1101100011110000
1101100011110000
1101100011110000
1101100011110000
1101100011110000
1101100011110000
1101100011110000
1101100011110000
1101100011110000
1101100011110000
1101100110010110
1101100110011010
1101111011100010
1110000001101000
1101111010000100
1110000011100110
1111000010010000
0010001010010000
0001001010101000
0000101110010100
0000101111001010
0000100000011010
1111101010001000
1111010101000010
1111000010010100
1110011111001111
1101111101010000
1101101101000100
1101101000011000
1101100110011010
1101100110001010
1101100011110000
1101100011110000
1101100011110000
1101100011110000
1101100011110000
1101100011110000
1101100011110000
1101100011110000
1101100011110000
1101100011110000
1101100011110000
1101100011110000
1101110100011010
1101101100000100
1110101100001000
0000000000000000
0000000101101110
1111100110011110
1101111100110000
1110101000001000
1110100000110110
1110011101011000
1110100011101001
1110100111011100
1110010101011000
1110010000111000
1110000110110100
1110000101000100
1110001011011100
1110000110001000
1110010100101100
1101110010010100
1101101101001000
1101100011110000
1101100011110000
1101100011110000
1101100011110000
1101100011110000
1101100011110000
1101100011110000
1101100011110000
1101100011110000
1101100011110000
1101100011110000
1101100011110000
1101110001001010
0010011100010000
0010011100010000
0010011100010000
1110101111101010
0000000100011110
0010011100010000
0001101011001010
1101110101100110
1101100011110000
1101100011110000
1101110101100110
1110100110101110
1101100011110000
1110101111101010
1111010111110100
0010001110110110
0001101111100101
1110001011111100
1110000111011110
1110101111101010
1101100011110000
1101100011110000
1101100011110000
1101100011110000
1101100011110000
1101100011110000
1101100011110000
1111010001111000
1111011010000100
1111011001101010
1111100001010110
1111100110100000
1111101100100000
1111110011110111
1111111001101010
0000000001000010
1111110010101010
0000010010101110
0000010111010110
0000011010000100
0000100011101110
0000100110010000
0000101110100010
0000110011000110
0000111000110110
0000111110011100
0000101011000000
1111100010110111
0000001001001100
1110000100011000
1110011010101100
1110101111100100
1111011011011110
0001010110110010
0010011100010000
1111000001010010
1111100010010110
1111110101110000
0000000100100100
1111101110111010
0000101001000100
0001101000111100
0001100010000110
0001111010000010
0001011011010000
0001111011001100
0001001111110110
0001000111110110
0001111010000010
0010001000111000
0001101111110010
0010001101011100
0010000000111000
0001110100010110
0010011100010000
0010000101011100
0001100101100000
0001101000111100
0001111011001100
0001011011010000
0001001101100100
0001101010000100
0001011100010111
0001010110101100
0001001011010010
0001000010001010
0000000101101100
1110011111011100
1111111010111000
1111111100110000
0000001111011001
0000010110110110
0001000010101100
0001011010000010
0001101100101100
0001111101011110
0010000110110010
0010011000100010
0001111010101010
0001101100101100
0001110101000100
0010000111101110
0001110110000000
0010000100111100
0010000000010000
0010011100010000
0001111001110000
0001110001010110
0001101010110100
0001011110101100
0001101010110100
0001011010000010
0001010010100100
0001011000001010
0001011000001010
0001100010011010
0001111100100010
0001101000000000
0000011110010100
0000011000000010
0000111000101010
0000001011001010
0000001001011100
0000000110111000
0000011000000010
0000111011010000
0001010001100100
0010000111101010
0001111110001100
0010000101000100
0010000101111100
0001011010001010
0001111110001100
0001110011000010
0001110001010100
0010010000001110
0010011100010000
0010001100110010
0001110110011110
0001010101000000
0001010111100100
0001010011010010
0001010000101100
0000111010011000
0000101010000100
0001100100011100
0001000010111110
0000111100111110
0001000101100010
0000110000000100
0000011101001100
1110100010100100
1101100011110000
1101100011110000
0010011100010000
1101100011110000
1101100011110000
1101100011110000
1111011011100010
1101100011110000
1111110001010110
0001001110001000
1111100010101100
1111110001010110
1111111011001000
0000110000110110
0000000100111000
0001011100110010
0010011100010000
0001001001010000
0001100110100010
0001010111111000
0000011000011010
0001100110100010
0010001101100110
0001101011011100
0001010111111000
0001010111111000
0000100010001100
0000011000011010
0000110101101110
0000010011100010
0000000000000000
0000110101101110
0000111010100110
0001101011011100
0000010011100010
0000001001110000
0000100010001100
0000010011100010
0000011101010100
0000000000000000