1110110111101000
1111110110000100
0000001000011000
0000011001001010
0000101000000100
0000111001011110
0001100110110100
0001111111101001
0010001101000010
0001110111010010
0001111001001010
0010011100010000
0010001100011010
0001101001000000
0001001100000110
0001010000011110
0000101101010110
0000100010001010
0000101001000000
0000011101110100
0000101100101110
0000111111000100
0001001001101000
0001101001111100
0001100010001010
0001010010000000
0000100110110110
0000100100111110
0000001101101010
0001000011101110
0001010110101010
0001100001001110
1110111011111100
1111111010100000
0000000011110110
0000011011100100
0000110001100110
0000111011010000
0001100111010110
0001100101001000
0010001010111000
0001111011101101
0010000001010000
0010001111000010
0010011100010000
0001101101101100
0001010101011011
0000111110000000
0000110100101000
0000100011100100
0000011010011110
0000100001101000
0000100111111110
0000110011100010
0001000111000110
0001010110100010
0001011011110010
0001001101011100
0000011110010100
0000010001000110
1111111100101100
0000010001111010
0000110100111010
0001010010011010
1110111111111110
1111111011100110
0000001010100011
0000100000001110
0000111000000000
0000111111100000
0001101010100010
0001100100111010
0010000111101010
0001110100111110
0001111010000010
0010010010111010
0010011100010000
0001110110000010
0001100111110110
0001010000010110
0000111111100000
0000101010101000
0000100111101100
0000101111011100
0000101111111111
0001000000110100
0001011001001010
0001100000000110
0001011101011100
0001001111000000
0000110001010100
0000011111011010
0000000010000000
1111111100011010
0000101010011000
0001010011100010
1110111100000100
1111101110111100
0000001011000100
0000010010110110
0000101001010100
0001000011101010
0001010111000110
0010000111100110
0010000101001100
0001110110010000
0001111111001110
0010001010111000
0010011100010000
0010011011101010
0010000100111010
0001101000011110
0001001101001110
0000111101000100
0001000000010110
0001000011101010
0001001101100010
0001101001101010
0001110100110000
0001110111001000
0001010111011010
0000111010011000
0000100001100010
0000010001101010
1111111011110100
0000000001110010
0001000000000100
0001100000000110
1110110110101010
1111011100101110
0000000111000000
0000000111101010
0000011000100100
0001000001001100
0001111101101100
0010001010101100
0001101101011100
0001011111110010
0001100000110000
0001100111111010
0010000000111100
0010001110100110
0010011001111110
0010011100010000
0010000010100100
0001110001010100
0001100100010100
0001100011000010
0001111010000110
0010000011111000
0010001100000000
0001110001010100
0001011111011100
0001000101011100
0000101110010101
0000100011100110
0000010111111010
0000001011100010
0000010100000000
0001001110110110
1110111011110100
1111100001000011
0000001010101100
0000101001010010
0001000101010010
0001100001010010
0001011001001100
0001001011001100
0000100010010010
0000010010110010
0000001111110110
0000010110001000
0000101010000000
0000101110110100
0000110011001110
0001000111001000
0001100101101110
0010001001110100
0010010101101000
0010011100010000
0010001100110010
0010001001110100
0010001100000010
0010011001010100
0010010001111100
0010000101110010
0001100110000110
0001010111010110
0001000101010010
0001000100100010
0001000000110110
0000101111111010
1111101010101111
0000100111101010
0000001100100100
0000010000011100
0000110000110110
0000011010000111
0000001010101010
0000000100010110
1111001000011000
1110110111111010
1110010011101010
1110011100010110
1110101010111001
1110100111000000
1111000101111100
1111001011010010
1111010101111011
1111111000010000
0001001000100100
0001101001111100
0010011100010000
0010010101011110
0001001011011110
0010000000001100
0010000001101010
0001110001001100
0000100001011000
0000000010011010
1111100100111010
1111010110011010
1111000111111000
1110110111011100
1110011111110111
0000110000000100
0000100100000100
0000100100000100
0000110000000100
0000100100000100
0001101100001100
0001010100001000
0001101100001100
0010000100001110
0001001000001000
0010000100001110
0010010000001110
0001101100001100
0001100000001001
0001001000001000
0000110000000100
0000100100000100
0000000000000000
0000110000000100
0001001000001000
0000011000000010
0001010100001000
0001100000001001
0010011100010000
0001010100001000
0000100100000100
0001001000001000
0000100100000100
0001010100001000
0000100100000100
0010011100010000
1110101110110000
1111100111000000
0000000110010000
0000010010110000
0000011111010000
0001001011000000
0001110110110000
0001111101000000
0010000011010000
0001110110110000
0001110000100000
0010011100010000
0010011100010000
0001110000100000
0001010001010000
0001001011000000
0000111000010000
0000110010000000
0000110010000000
0000011111010000
0000100101100000
0000100101100000
0000011001000000
0001110000100000
0001111101000000
0001010111100000
0000111110100000
0000111000010000
0000100101100000
0000111000010000
0001110000100000
0001110110110000
1110100110010000
1111010001011110
1111110110000010
0000000011010100
0000100100100100
0000111011110110
0001111011000000
0001110001000010
0001000010100000
0000111111001010
0000110001111000
0000110101001100
0001001100011110
0001100000011010
0001101101101110
0010000001101010
0010011100010000
0010001110111100
0001110100010110
0001101101101110
0001111011000000
0001101101101110
0010000100111110
0010001110111100
0010000001101010
0001010110011100
0001000010100000
0000110101001100
0000101110100010
0000111000100010
0000110101001100
0000100100100100
1101100011110000
1101100011110000
1101100011110000
1101100011110000
1101100011110000
1101100011110000
1101100011110000
1101101011100010
1101101010011010
1101110001000100
1101101111001110
0000111101001110
0001110011001100
0010010111110100
0010000011011110
0001111010001110
0001110100010011
0001111100110100
0010000010101110
0001110001101110
0000110110001100
1111100100000110
1110101010011000
1110000001101110
1101101111100110
1101101101000000
1101101010110010
1101100011110000
1101100011110000
1101100011110000
1101100011110000
1101100011110000
1101100011110000
1101100011110000
1101100011110000
1101100011110000
1101100011110000
1101100011110000
1101100011110000
1101100011110000
1101100101110010
1101100101011010
1101110110011010
1101111000100100
0000100010100100
0001011101101100
0001101111001100
0001100000100111
0001100010011000
0001110001010110
0010001100000100
0001010100101000
1111101101011110
1110011100001100
1101111011111110
1101110011110010
1101101110100010
1101101110010000
1101101001111010
1101101000011110
1101100011110000
1101100011110000
1101100011110000
1101100011110000
1101100011110000
1101100011110000
1101100011110000
1101100011110000
1101100011110000
1101100011110000
1101100011110000
1101100011110000
1101100011110000
1101110101100110
1101101100000100
1110001010010010
1110110111000100
1110110011111100
1110110010011000
1110101110100001
1110111001100100
1110110011110010
1110110101101110
1111000011101010
1110100111010010
1110110011100010
1110010101000000
1110000001000100
1110110100011110
1111101011101100
0000101110111000
1111101011101100
1111110100100010
1101100011110000
1101100011110000
1101100011110000
1101100011110000
1101100011110000
1101100011110000
1101100011110000
1101100011110000
1101100011110000
1101100011110000
1101100011110000
1101100011110000
1101100011110000
1111010111110100
0001011001010010
0010011100010000
0010011100010000
0010011100010000
1101110101100110
1101101000001110
1101101000001110
1101101100101100
1101100011110000
1101101000001110
1111000101111110
1111110111000100
0001010100110011
1111000001100000
1110010000011011
1110010100110110
1110001011111100
1110100110101110
1110100110101110
1101100011110000
1101100011110000
1101100011110000
1101100011110000
1101100011110000
1101100011110000
0010011100010000
0010011100010000
0010011100010000
0010011100010000
0010011100010000
0010011100010000
0010011100010000
0010011100010000
0010011100010000
0010011100010000
1110001111100000
1110010000101110
1110001000111100
1110000011111010
1101111110010010
1101111010111010
1101110110000000
1101101010110010
1101100110111000
1110101011000011
1110100000001011
0001010100100100
1101110010000100
1110011010000100
0000001110000010
0001000000111010
0001010011011110
0010011100010000
1111011000011000
1111101010000000
0000011100100110
0010001111000010
0001101110000010
0010010011011100
0010011100010000
0001010011101000
0000111001001110
0000011000001110
0000001011000000
0000110100110100
0001011010001110
0001011110101000
0001001101000010
0001001111001110
0000000000000000
0001000010000010
0000100111101000
0000001111011001
0001001101000010
0000100111101000
0000011010011010
0000000010001100
0000011100100110
0000011010011010
1111010110001100
1111100011011010
1111011000011000
1111101100001100
1110111101111110
1110100111111110
0000011010010110
0000001101001100
0000011000011110
0000111010010110
0000110000111100
0000111010010110
0001011000011110
0001111010011000
0010011000100000
0001001011010100
0010011100010000
0010001001011100
0001100001111010
0001101111000100
0001010110100110
0001110000111100
0000111010010110
0000011000011110
0000100001111000
0000100111100010
0001001001011010
0001010100101110
0001010000111100
0001000001111000
0001000101101010
0001000101101010
0001011100010000
0000110100101110
0000110000111100
0000011100001111
0000101011010100
0000010110100110
1110110101110010
1111000010011110
1111101110011010
0001111001000110
0001110001010010
0010000100110100
0010001111100100
0001001111000110
0000110100101110
0000100110000110
0000111111011110
0001111110111100
0010001101100110
0000111101100010
0000101010111110
0001101000011111
0001110000010100
0010011100010000
0010001111100100
0010001000101110
0001011101110000
0001100100100110
0001110001010010
0001000000011100
0000100010001100
0000001001110000
1111111111000010
1111110000011000
1111100000110000
1111110110010000
1111111101000100
1111010100000100
1101100100101010
0010011100010000
1101100011110000
1101100011110000
1101100011110000
1101100011110000
1111100000110000
1101100011110000
1101100011110000
1110100011111010
1110101000000011
1111011111111100
1111100110001000
1111001101010010
1111010111101010
0000001111100010
0000010101101110
0000111010111110
0000010001100110
1111110010100101
0000010011101010
0000111000111010
1111111000110001
1111110000011110
1111101110011010
0000000011000110
0000001111100010
0000111010111110
0010000101100000
0010011100010000
0001010111111101
0001000011010000
0001011110001010
0001001011100010
0000111101000100
0000110000100111
0000011110000000
1111110100101000
1111010111101010
0000001001010100
1111100010000000