1110101000110000
1111101101110000
0000100111111100
0001110101110100
0001111111101001
0000100111111100
0000011001001000
0000010101001100
0000001111010010
1111101110110000
1111101101110000
0000001010010110
0000001110010010
0000001111010010
0000011111000100
0001010100010010
0001110011110101
0010010011011000
0010001010100000
0001111110101100
0010000110100100
0010011100010000
0010011011010000
0010001100011110
0001110010110110
0001100100000100
0001010101010001
0001010010010100
0001111110101100
0001111011101101
0010000001101000
0010011000010100
1110110100100000
1111101000010100
0000111110010100
0001001101010000
0001011110110100
0000101011111000
1111111101011000
0000000011100000
1111111100100000
1111111001110110
1111110000001100
1111111110010000
1111111001110110
1111111101011000
0000101011000000
0000110110011100
0001011011010010
0010010000110110
0010001101010100
0001111010000000
0001111100101001
0010000110010100
0010001010101100
0001111111010010
0001110110100000
0001011001100001
0001001110001000
0001010100010010
0010000001000010
0010000010110010
0001111000001111
0010011100010000
1110110011100000
1111101110010010
0001000011101010
0001000010000010
0000110001001000
0000001111010100
1111110100101110
1111111100110010
1111110100101110
1111110100101110
1111110000101100
1111111101100110
0000000100110110
0000000000000000
0000011111011010
0000101001000100
0001001001010010
0010000010011110
0010010011011000
0001110101100110
0001110111001100
0010001011010110
0010001000001000
0010000010011110
0001110011001100
0001100011000100
0001011111110101
0001011011110100
0010010000111110
0010010010100110
0010000100111010
0010011100010000
1110110010011000
0000000000010100
0001001100010100
0001001000011010
0000000010010010
1111100110001000
1111011000011000
1111101011011000
1111011000011000
1111011010010110
1111100000001110
1111101001011010
1111101101010110
1111100011100000
0000001110110000
0000010110100110
0000101101100010
0001100001010010
0001101101110000
0001111110001000
0001110110010000
0001111101011110
0001111110110010
0001110110111010
0001101101110000
0001001100010100
0001001010010110
0001010111011110
0010000110101000
0010000111010010
0001111110001000
0010011100010000
1110110111101000
0000000100110100
0001011101001001
0001010111111101
1111110011110000
1111010011110110
1110100100010110
1111000101101110
1110110011001100
1110111001110110
1111000000100010
1110111100110100
1111000111111111
1111010001100110
1111110011000000
0000000001110110
0000010011101010
0001001001001000
0001100100100110
0010011100010000
0010011001010010
0001101011010000
0010000100100000
0010000011110000
0001101100000000
0001010101000000
0001001101100100
0001001101100100
0001111111010100
0010001011001100
0010001000001110
0010001110001010
1110110111100010
1111101010101000
0001001010111110
0001001000011110
1111111001101110
1111001011101000
1110100100010000
1110111100100100
1110011011000010
1110011011111000
1110001101101000
1110101111001010
1110101111001010
1110101101011110
1111010001100001
1111100110011100
1111111010100100
0000101101101010
0001101101010110
0010010100101110
0010001000111110
0010000111010100
0001110100111000
0001110000101011
0001110001100010
0001011000011000
0001000011011100
0000111011000100
0001100110101000
0001111010110000
0010000101101000
0010011100010000
1111000011001010
0000000000000000
0000111011101000
0000011100101000
1111001010010100
1110011000001110
1101111000000010
1110101110111010
1110010101110110
1110001011001000
1101110101101010
1110001101100000
1110001110101100
1110001101100000
1110111101001110
1111100001000000
1111010110010000
0000101101010100
0010010010101110
0010011100010000
0001111110011100
0001011101000010
0001010101111000
0001100100001100
0000111011101000
0000011011011100
1111101000001010
1111111011001110
0000100001011010
0001010001000110
0001001111111010
0001110001010100
1110111011010000
1111110011100000
0000100101100000
0001100100000000
0001110000100000
0000011111010000
0000100101100000
0000101011110000
0000011001000000
1111101101010000
1111111001110000
0000011111010000
0000011111010000
0000011001000000
0000011001000000
0001110000100000
0001100100000000
0010011100010000
0010001001100000
0001110110110000
0010001111110000
0010001111110000
0010001111110000
0010001001100000
0001110110110000
0001100100000000
0001001011000000
0001010111100000
0001111101000000
0010001001100000
0010000011010000
0010010110000000
1110100000111010
1111011110000010
0000110110010110
0001111010010010
0010000001000100
0000101000101111
0000010100010111
0000001101100101
0000000110110010
1111110010011011
1111101011101001
0000000110110010
1111111001001110
0000000000000000
0000001101100101
0000111101001010
0001101100101100
0001011111000110
0001110011100000
0001101100101100
0010001110101010
0010001110101010
0010011100010000
0010010101011110
0001111010010010
0001011111000110
0001000011111100
0001001010101110
0001100101111010
0001011111000110
0001101100101100
0010000001000100
1110101111100111
0000001010101000
0001011111100100
0001011001100000
1111101100010010
1111010100000000
1110011101011010
1111000001110100
1110111000101100
1110111110110010
1111001010111010
1110111110110010
1111000111111000
1111010111000010
1111110010010110
0000000100100100
0000010000101100
0001001010010110
0001100101101000
0010011100010000
0010010110001100
0001110111110110
0010001101000110
0010000011111110
0001101000101100
0001010000011001
0001010000011001
0001010110011110
0010000111000000
0010000111000000
0010001101000110
0010000111000000
1101100011110000
1101100011110000
1101100011110000
1101100011110000
1101100011110000
1101100011110000
1101100011110000
1101101000011110
1101100111100110
1101101001010110
1111000110110110
0000101011101110
0010010011010110
0000111100111110
0000100000011000
0001010000001100
0010000101110000
0010010010011110
0000111100011110
0000000000110010
1111011101001100
1110001100110000
1101110111001000
1101101010100100
1101101001010110
1101101001001010
1101101000011110
1101101010100100
1101101011100110
1101101000011110
1101101000110100
1101101001000000
1101101000101000
1101100011110000
1101100011110000
1101100011110000
1101100011110000
1101100011110000
1101100011110000
1101100011110000
1101100110010110
1101100110001010
1101100110101110
1110100111101000
0000000101010110
0000110000010010
0000010100111000
0001010010111000
0010001001010010
0010000000011000
0001001000100010
0000010110110110
1111110101000110
1111001000011110
1101111010111010
1101101100100000
1101100111011000
1101101101001010
1101111000101110
1110011100010110
1110111001010110
1111001110000000
1111010100100110
1111010000110110
1111000000111010
1110110100101000
1101100011110000
1101100011110000
1101100011110000
1101100011110000
1101100011110000
1101100011110000
1101100011110000
1101110011011000
1101100111111010
1101111011001100
1110001100111000
1110111000111010
1110100010010000
1111010100010000
1111011001111000
1111101100101000
1111011110010000
1111000100101000
1111001110000000
1111100000001001
1111011011110000
1110011010001000
1110000011000000
1110000000111010
1110001011110111
0000110000011100
0001011001000011
0001011001000011
0001011100101011
0001101101011000
0001011111110100
0001000110110100
0001000000100100
1101100011110000
1101100011110000
1101100011110000
1101100011110000
1101100011110000
1101100011110000
1101100011110000
1101111110100010
1101110101100110
0010011100010000
0010011100010000
0010011100010000
1111001110111010
1110000011000000
1101110101100110
1101111010000100
1110101011001101
1111010011010110
1110101111101010
0000001000111100
0010011100010000
0010011100010000
0010011100010000
1110011001010100
0010011100010000
0010011100010000
0010011100010000
0000001101011010
1101111110100010
1101111010000100
1101110101100110
1101111010000100
0000001101011010
0010011010010110
0010011010010110
0010010111011100
0010010100011110
0010001111001000
0010001101100110
0010001010011110
0010000111110100
0001111010101000
0000110111110111
0000110111110110
0000110111110110
0000111010111010
0000111011000010
0000111011010000
0000111111010010
0000111111001000
0001001000100110
0001010010100100
0001011100111000
1110101010100110
1110110010110010
1110101011010100
1111100100111111
0000010101011100
0000111100100000
0000001101111000
0010011100010000
0000001011100000
0001110001100000
0001111110101010
0001100100010110
0000101111101100
0000100101110110
0000111100110110
0001100111101000
0010011100010000
0010001111000110
0001111110101010
0010000001111100
0001110001100000
0001011010011110
0001100100010110
0001111011010110
0010001011110100
0000111100110110
0000011000101010
1111100000110000
1111010000010100
1111010011100110
1111001001101110
1111100111010110
1111010110111000
1110111001010010
1111100100000010
1111110001001100
1111101010101000
1111110111110010
1111100100000010
1110111001010010
0000000010111001
0001110110101000
0001110011110000
0001001110001000
0000110100000101
0000011010000010
0000111001111000
0001001000010110
0010010011100100
0010011100010000
0010001000000000
0010010011100100
0001011100100110
0000110100000101
0001010110110100
0001111001100010
0010000101000110
0001001000010110
0000100101101000
0000000010111001
1111011101010010
1111010111100000
1111010001101110
1111000110001000
1111001011111011
1111110001100010
0000101110010010
0000101110010010
0000000101110010
0000011010000010
0000010001011000
1111010111100000
0000000101100110
0001100100011100
0001110010011010
0000110111110100
0000101100101010
0000100100010010
0000011011111010
0001010110100000
0010010011111000
0010010110101010
0001110111111110
0010011100010000
0001100100011100
0001101010000010
0010000000010110
0010010001000110
0010011100010000
0010001110010100
0001100100011100
0000110111110100
0000000101100110
1111110010000100
1110100001001000
1110101001100000
1111101111010000
0000010110010100
0001010000111010
0001001110001000
0000011011111010
0000101111011100
0000010000110000
1111000101011010
1111101011110011
1101100011110000
1101100011110000
0010011100010000
1110100010010000
1101100011110000
1101100011110000
1110000011000000
0010011100010000
1110000111011110
1110001001010000
1110101110110000
1110101100111110
1110111011010000
1111000111110000
0000000100011110
0001000001001100
0001010011000010
0000111101100110
0001101000011110
0001110100111110
0001110100111110
0010010001100010
0010010001100010
0001101000011110
0001110110110000
0001111101111010
0001111111101100
0001110110110000
0010000001011110
0001111111101100
0010010101000110
0010010101000110
0010011100010000
0001111010010100
0001111010010100
0001110001011010
0001111100000110
0001011010001100
0001001000010100
0000100110011010