1111111100011010
0000101010111010
0001011100000010
0001011001011100
1111010000100000
1111000111010110
1110100010101010
1110011110000100
1110001001110000
1101110000110110
1110001001110000
1110001101000010
1110010110001100
1111000010110000
1111110010100101
0001000001110110
0001001111100110
0001010100110110
0001000111110000
0001000011110100
0010000000000110
0010011001101000
0010011100010000
0010000111111100
0010000111111100
0010000111111100
0001111100001010
0001110000010110
0001110110111010
0001100000100111
0001101011001000
0001001110010010
1111111001011100
0001001001110000
0010001110011000
0001111011011001
1111100100010000
1111000100001000
1110001010011100
1110001001000000
1110000001101100
1101101000001000
1101110000001010
1101101011000100
1110011110111011
1110011110111011
1111000001111100
0000010001100010
0001000010011100
0001000101011000
0000100110101100
0001001001000000
0001001011111100
0010000110010110
0010011100010000
0001111111110010
0010001111000110
0010000110010110
0001101010100110
0001010110001010
0001101100110010
0001111110010100
0001010110111000
0000111111100010
1111111111001110
0001011110101100
0010011100010000
0010000110111100
1111111010011110
1111010110111110
1110000110011110
1101111000010010
1110001000000101
1101110001111110
1110000011010100
1110001100000001
1110010010010100
1110100010111000
1111001111111000
0000010110000110
0001010100011100
0001101110011110
0001001110001000
0001010011101010
0001011111100000
0001101110011110
0001101001110000
0001111111110110
0010000000101000
0001111100101100
0001011000011000
0000110000001000
0001100010101010
0001100010101010
0001001110001000
0001001101010110
1111110011110111
0001100000010110
0010000110100100
0001111011001111
1111110101100110
1111011101010010
1110011111101010
1110001111001011
1110000111010110
1101111111100010
1110011010011100
1110100101101110
1110100010010000
1110111101001010
1111010010111000
0001001001110010
0010001111001110
0010010101010100
0001100011110100
0001001010101010
0001100101100100
0010000100110100
0001110010100110
0001110111110001
0010010000111110
0010011100010000
0001110000110101
0001011001011010
0001100101100100
0010000011000100
0001101111001000
0001010100001011
1111010100000100
0000110100010100
0001000111001010
0000011110000000
1111000110110100
1110110001111000
1110010011001100
1101110001000000
1101110110100110
1110001000000010
1110000110101000
1110011000000100
1110110001001100
1111000011010100
1111101101111000
0000111100000000
0010000100100010
0010010111011000
0001111010110010
0001100010010110
0001110111010010
0010011000000100
0010011001011110
0010000011001000
0010010110101010
0010011100010000
0001100111010000
0001010101000110
0001001010101000
0001010000111010
0001000000111000
0001001001111100
1111100110011010
0000001000010010
0000100110101110
0000101111000000
0000010111100000
1111101011010000
1111111111010100
1110110100101000
1110010010110000
1110001110101000
1110000100111100
1110011011000100
1110001000011010
1110001000011010
1110110000100000
1111111101111100
0001001010101010
0010001010111110
0010001100010110
0010000000100110
0010001001100110
0010010011010000
0010011100010000
0010001110011100
0001010111001000
0001110011011110
0001101101111100
0001111010011000
0001110110111010
0001111000010100
0001011011111100
0001010111001000
1111101010001000
0000001011100100
1110110000111010
1111101101010110
1111101000110110
1111100010011010
1111010011101001
1111001011010010
1110100100101100
1110001000011010
1110010111110110
1110101111101000
1110011100010110
1110000000101100
1110000100100010
1110110010110110
1111111100001010
0001000000010100
0001101111010000
0010000011110100
0010001101011110
0010001100110100
0010010001111110
0001111010110100
0000110110000000
0000110001100000
0000100111001110
0000110001100000
0001010111011100
0001110011000110
0010011100010000
0010001011100010
0000000000000000
0000011000101010
0000010000011100
0000111001100100
1111011111000110
1111100111010110
1111010110111000
1111000110011100
1110110110000000
1110101101110000
1111000110011100
1111000110011100
1110111110001110
1110101101110000
1111011111000110
0000011000101010
0000010000011100
0000000000000000
0000010000011100
0000110001010110
0001111011010110
0010000011100110
0010010100000010
0001110011001000
0010000011100110
0010000011100110
0010001011110100
0001111011010110
0010011100010000
0001100010101100
0010001011110100
0001011010011110
1111110011010110
0000011101100100
0000110110111010
0000111111010110
1111100010011100
1111010001100100
1110101111110001
1110101111110001
1110010110011100
1110010110011100
1110100111010100
1110011110111000
1101100011110000
1110001101111110
1111111011110010
0000111111010110
0001100001001000
0001100001001000
0001100001001000
0001110010000010
0010000010111010
0010011100010000
0010010011110100
0010010011110100
0010001011010110
0010000010111010
0010000010111010
0001110010000010
0000101110011100
0001000111110010
0000111111010110
1111110011010110
1111100100101010
0000110110101100
0001010010000010
0000000111110100
1111100100101010
1111011100110110
1111000001100000
1110110001111000
1110001110101110
1110001010110100
1110100110001010
1110101010000100
1111010101000010
1111010101000010
0000001011101110
0001010101111100
0001110101001100
0010011100010000
0010001100101000
0001100001101010
0001101101011000
0001110001010010
0010010000100010
0001110101001100
0010010100011100
0010001100101000
0010011000010110
0001010101111100
0001101001011110
0001000110010100
0001100001101010
0001011101110000
1101100011110000
1101100011110000
1101100011110000
1101100011110000
1101111101111110
1101101010011010
1101111101111110
1111011101011010
1110010101110100
1110000001011010
1111010011100000
0010000001011000
0010010011011100
0010011001010000
0010011001010000
0010001100100100
0001101110000010
0001000001001000
0001000110101110
0000111001001010
0000000110101010
1111001010111010
1110010101001100
1101111101010100
1110010100111110
1110011000001100
1101111011001100
1101100011110000
1101100011110000
1101100011110000
1101100011110000
1101100011110000
1101100011110000
1101100011110000
1101100011110000
1101100011110000
1101100011110000
1101110001110000
1101101000111100
1110001010001110
1111100000011100
1111000010001111
1110111100010100
1111011111001000
0001100001111010
0001001111101010
0001000001111100
0000100101110110
0000011011001011
0000010010000100
0000011001110010
0000110100000100
0000101000110010
0001110001111100
1111101101100010
1110000111101010
1101111010001100
1110000010000110
1110000000100100
1101110100000110
1101100011110000
1101100011110000
1101100011110000
1101100011110000
1101100011110000
1101100011110000
1101100011110000
1101100011110000
1101100011110000
1101100011110000
1110000011110101
1101101101001000
1101111100110000
1110100111111110
0000001000110110
0000000001100100
1111110101100100
1110011111100000
1110010001000100
1110001101100010
1110000001110100
1110000010100110
1101111010011010
1110010110111010
1110100110111101
1110011101000010
1111001000000110
1110110001100000
1110010110110010
1110111101110110
1110000010011110
1101101101101000
1101111111010110
1101100011110000
1101100011110000
1101100011110000
1101100011110000
1101100011110000
1101100011110000
1101100011110000
1101100011110000
1101100011110000
1101100011110000
1111101110001010
0010011100010000
0010011100010000
0010011100010000
1111001110111010
1110101011001101
0010011100010000
0010000101111100
1110110100000110
1101111110100010
1110000111011110
1101101100101100
1101111010000100
1110010000011011
1110111000100100
0000001000111100
0000011010110010
0010011100010000
0010011100010000
1110011101110010
1110101111101010
1110101011001101
1111100000110000
1101100011110000
1101100011110000
1101100011110000
1101100011110000
1101100011110000
1101100011110000
1110010100010100
1110010001011110
1110001111000001
1110001001011010
1110001010011010
1110000110100010
1110000011111010
1110000110000010
1110001011101010
1111000100010010
0001100000110001
0001011110101100
0001011111110000
0001011111010010
0001011110000010
0001100100100011
0001101000000000
0001100111110111
0001100001100100
0001011110100100
0000000010000110
1111111000101010
1111100000010110
0001001111001000
0001011111110010
0001110000001101
0001101000001011
0010011100010000
0000010110111110
1111111100010100
1111111100010100
1111100101010110
1111110011011010
0000001111100011
0001001101000000
0010011100010000
0001110101110000
0001100100101101
0001100111101100
0001011011110100
0001001101000000
0001010001011110
0001001100010010
0001000001001010
0001010111011000
0001010101001010
0001010110101010
0001001110100000
0001011100100100
0001001101000000
0000011100001000
0001001111111110
0000111110001110
0000101000101110
0000110010010110
0000111110111100
0000100110100000
0000011111000110
0000010110111110
1111010111010010
1111000110101110
1111010101100010
1111000101001010
1111001011011010
1111011110000110
1111101001110010
0000010111000000
0001000100001100
0001110101010010
0010010010001000
0010011001111010
0001110011101110
0001100010100110
0001011010110010
0001101011001010
0001100001110100
0010011100010000
0010010101010000
0001100111010000
0001100100111010
0001001111111000
0001000111010100
0000111101111110
0001001000111000
0001001011111110
0000111010110110
0001001110010100
0001000011011010
0000110100100110
0001000101110000
0000010111110010
1111111010001010
0000001101010110
0000000101111100
1111100011111000
1111101001110010
1111100011111000
1111100011001000
0000010110001110
0000101111011010
0001100001000000
0001101010101000
0010011100010000
0010010111000100
0001100001000000
0001100011001110
0001101111000110
0010000000110110
0010001110111010
0001110111111110
0001011011110100
0001100000010010
0000111110001110
0000110101010100
0000010000010010
0001010111011000
0001011010010110
0001000010101010
0001001110100000
0001001101000000
0001000001001010
0001000111110110
0000100010000100
1111101011010000
0001100010001110
1101100011110000
1101100011110000
0010011100010000
1101100011110000
1101100011110000
1110000011000000
1111110000011000
1101100011110000
1111111001110110
0000000110001010
0000001101100010
0000010000000000
0000001011000100
1111111110110010
0000000011101100
0000101111111110
0001010010011100
0010000110000110
0001100011101010
0001101111111110
0001110111010110
0001101111111110
0010000001001100
0010011100010000
0001101000100100
0000110111011000
0010010010011010
0010001000100100
0001001000100110
0001000110001000
0000011100010100
0000011110110000
0000000001001110
0000100001001110
0000111100010001
0001010111010110
0000011110110000
0000001011000100
0000001011000100
1111011100010100