1111001101011110
0000000111001110
0001000001110000
0001000101101000
1111011101000110
1110110100100000
1110111101011110
1110110111101000
1110101011111100
1110011011100010
1110101010110000
1110110010100100
1111000000100110
1111100110110110
1111110010100010
0000010010111010
0001011001100001
0001101011011110
0010011100010000
0010001101000010
0001101001100010
0010001011011110
0010000010100000
0001100100011110
0001010100110110
0001010111100110
0001111101110100
0010001101110100
0010011011111000
0010010011101010
0010000000111100
0000111000110000
1111000000010110
0000001110100100
0001100001111110
0001010111101000
1111111000000100
1111101001101100
1111010110001000
1110111000111110
1110101101111010
1110111001010110
1110111001010110
1111010000111110
1111101010000100
0000001001011010
0000011011001000
0001010101000010
0010000101110000
0010010000110100
0010010010010010
0010011000111100
0010011100010000
0010010000011100
0001101000001110
0001001011011100
0001000110101010
0001011001000110
0001111101101000
0010010100111000
0010010101111110
0010010001100100
0001100001001110
0000011111111010
1110110011101000
0000011011010010
0001000100111110
0000110011000010
0000011110000000
0000000001111100
1110110100000010
1111001000010011
1111000111100001
1111000001010010
1111001011110010
1111011111010010
0000000101000100
0000100101110010
0001011000000100
0010000000111110
0001110000001101
0001100000100111
0001111101110110
0010011100010000
0010011001100010
0001011110010010
0000111011001110
0000101010000101
0000101010011110
0000111100000000
0001110111001110
0001111101011110
0001101101000110
0001011110010010
0000111011101000
1111111010001010
1110111000011000
0000101101101010
0001010001011110
0001101011111010
0000111100111000
1111100000101010
1111011100101000
1111011101100010
1111001010101110
1111001000111100
1111101001001010
0000010101111100
0001001111101100
0001010010011000
0001011011110010
0000111111001000
0000110000110100
0001001010110010
0001111011001000
0010011100010000
0010000111101010
0000101100010100
0000001100100001
0000011001100010
0000010101111100
0001001010110010
0010000001110110
0001111010001110
0000111010001100
0000111101010110
0000100000010000
1111100100010000
1110111000101010
0000101110001110
0010000011001000
0010011100010000
0000110011110000
1111011000010100
1111010000010010
1110111000001010
1111010110110100
1111101010111010
0000110101010000
0000110100110000
0000101110001110
0000000111100010
1111011111110110
1111011010010100
1111011100010110
1111110100111100
0001001100111000
0001011110011110
0001011011011100
1111111001111110
1111100110111000
1111011110010110
1111111111000000
0000101101001110
0001010000011000
0000111000010010
1111100010111000
1111100010111000
1111001101010000
1110011001100000
1111000000111010
0001000010011010
0010001011101110
0010011100010000
0000011111101100
1111010011101001
1111101001001000
1111111011111000
0000110111011000
0000101001000100
1111111000100100
1111010100001100
1111000110011010
1110111010110110
1110010101010110
1110011110101110
1110011110001010
1111000011101010
0000011101100000
0001010011100000
0000110010111110
1111100011000100
1111001110101100
1111010101010011
1111110011100110
0000010111011100
0000100010011100
1111000011101010
1110010011101100
1101100101011010
1101111101101010
1110000101011000
0000001011010100
0001011100011010
0010000100010100
0010011100010000
0000011111111010
0000001101010100
0000110000100010
0001100111101101
0001111111101001
0000111111110110
1111100000110000
1111011000110010
1110101011100100
1110011110010000
1111000101100000
1111001000110100
1111000011100000
1111010010110010
1111011001011100
0000001110101000
0000010001111100
0000001101010100
1111010100110010
1111101100101110
1111100110101110
0000001000101010
0000011100100110
1111010110001000
1110000101000000
1101111101000010
1110011100010010
1111000100110100
1111010101011000
0000101010101000
0000100011100000
0000001110001110
1111111000111010
1111011100100000
1110101010110010
1111000000000111
1110101010110010
1111000000000111
1110101010110010
1111000000000111
1111010101011000
1111101010101100
0000000111000110
0000011100011010
0001001110001000
0001011100010110
0001111111110110
0010000110111100
0001110001101000
0001111000110000
0001111111110110
0001111111110110
0001111000110000
0001110001101000
0010000110111100
0001111111110110
0010011100010000
0010001110000010
0001101010100010
0001010101001110
1111011110010100
0000100001101100
0001000110011110
0001001100100110
1111101010100100
1111010010000010
1111001011111011
1110111111101010
1111010010000010
1110101101010010
1110100111001010
1111001011111011
1111011000001010
1111101010100100
0000010101011100
0000011011100100
0001001100100110
0010000011110000
0010010110001000
0001111101101000
0001110001010110
0010000011110000
0001110111100000
0010000011110000
0001011110111110
0001011000110110
0010001001111000
0010010000000000
0010011100010000
0010011100010000
0010010110001000
0001000110011110
1110111010100100
0000101111110000
0001100011110100
0001110101001100
0000111100110000
1111010000010000
1111011101010010
1111100001101000
1111010100100110
1110111110111010
1111010000010000
0000001000101100
0001011111100000
0001110101001100
0001110101001100
0000101111110000
0000101011011010
0000111100110000
0010001010111000
0010011100010000
0010010111111010
0000110100000101
1111101010010100
0000100010101110
0000000100010110
0001011111100000
0001110000110101
0001110000110101
0001000101011100
0001000101011100
0000101011011010
1111110111010100
1101100011110000
1101100110010110
1101100111000110
1101101000001110
1101101001101100
1101100111010110
1101101001000100
1101101000111100
1101101101101010
1101101111111000
1110000000001110
0000110001010000
0001111111111010
0001110100010010
0000100111001110
0000001010100010
0000001010000001
0000010011110010
1111110110100110
1111011110110110
1111000111010110
1110010110100110
1101110110101100
1101101110101000
1101101000110100
1101100110010110
1101100011110000
1101100011110000
1101100011110000
1101100011110000
1101100011110000
1101100011110000
1101100011110000
1101100011110000
1101100110101010
1101100110110110
1110101111001100
1110001000010110
1110011001001110
1110101000100010
1110101011000011
1110101101000110
1110110100100000
1110010001110000
0001100110100000
0010001000000010
0010001010111010
0001011010011110
0000010011100010
1111011000110010
1111001100010010
1110110110000110
1110100110000000
1110011110011110
1110000010011000
1101101110111110
1101101011001110
1101101000000000
1101100111000010
1101100011110000
1101100011110000
1101100011110000
1101100011110000
1101100011110000
1101100011110000
1101100011110000
1101100011110000
1101110101011100
1101101100000100
1111000100101000
0001101110111100
0001101000101100
0001010001010000
0001000110110100
0001001100000010
0000111101011100
0000011001100000
1111011010110000
1111000011010100
1110101011010111
1110100000001011
1110100000111100
1110000000111010
1101111100110000
1101111000000100
1101111010101010
1101111011001100
1101110111010010
1101111101010000
1110000101100110
1110000001011100
1101101111101110
1101100011110000
1101100011110000
1101100011110000
1101100011110000
1101100011110000
1101100011110000
1101100011110000
1101100011110000
1110011001010100
0010011100010000
0010011100010000
0010011100010000
1110010000011011
1101111010000100
1101111110100010
1101111010000100
0000011111010000
0010011100010000
0010011100010000
1101100011110000
1101101000001110
1101101100101100
1101111110100010
1110010100110110
1110010000011011
1110010000011011
1101101100101100
1110010000011011
1111110111000100
1110100110101110
1110100010010000
1110000111011110
1101101100101100
1101100011110000
1101100011110000
1101100011110000
1101100011110000
1101100011110000
1101100011110000
1101100011110000
1111110000001010
1111110010010110
1111110001111100
1111110011011000
1111110101110101
1111111010010010
0000000101101000
0000001111110110
0000011001000110
0000100001100100
0001011101011101
0001011101111000
0001011011100000
0001011010011010
0001010101001010
0001010001111000
0001001010010100
0000111101110110
0000011110111101
0000010110011110
1111011100100110
0001000100000000
1101111111111010
0000001011000101
0001111010100010
0001101010101000
0001101111000110
1111111110101100
1110010110111110
1111010101000110
1111010010010000
1111110010111110
1111101011110110
1111100000011110
0000001111111000
0000011100101100
0000110101010110
0001001101000100
0001110001000110
0001110110110010
0010001111011100
0010001110111110
0010010101001000
0010010001110100
0010001000110100
0010011100010000
0010011000111100
0010011011010100
0010001010101110
0001111100011110
0001111010100110
0001101110010000
0001110111010000
0010001011101010
0010010000111000
0010001110000010
0001110011011110
0001101010000000
0001000111011000
0000010110100010
1110001001000010
1110111111110000
1110111110111110
1111010000011010
1111111010110110
1111101111010110
1111111100000010
1111110111010010
0000000000011010
0000101010000010
0001010001010100
0010000001101100
0010001111100100
0010001110011000
0010000110110110
0010001110110010
0010001101100100
0010011000010010
0010011100010000
0001111110001000
0001110101000000
0001100110101110
0001010011101100
0001011011001110
0001101001111000
0001110010101000
0010000101010000
0001111000100011
0001101011111000
0001011011001110
0001000001011100
0000001010010100
1110011101100110
1111000111000100
1111011010101010
1111010000101000
1111011110010010
1111010111111010
1111111000101110
0000001010111100
0000110110101010
0001011010101010
0001110001111000
0010011011110010
0010011100010000
0010011001111110
0010010000011010
0010001110100110
0010001001001000
0010011010111000
0010001010111100
0001110100001001
0001100011010100
0001110000111110
0001001000011100
0001001110110100
0001100100001110
0001100001000010
0001111111000110
0001110100001001
0001100000001000
0001101010100110
0001001011101000
1111110110011100
0001110010001100
1101100011110000
0010011100010000
1101100011110000
1101100011110000
1101100011110000
1110000011000000
0001011000100010
1101100011110000
0000000111010100
0000010010111110
0000010000000100
0000010101111010
0000100100100000
0000010000000100
0000011011110000
0000100100100000
0000111110110010
0001001010011110
0000111011111000
0000011110101010
0000111000111100
0000111000111100
0000001101001010
0000101101010010
0001001010011110
0010011100010000
0010010110011010
0010000100111000
0010001010101110
0000110011001000
0000011110101010
1111111000101100
0000000111010100
0000100100100000
0000010000000100
0000000001011110
0000010010111110
0000000001011110
0000010010111110
1111001001111110