1110110111111010
0000101100101011
0000110101001100
0001100011000010
0001101000010000
0000100001010110
0000101100101011
0000010001101110
0000100001110100
1111111000001100
0000001111011000
0000001000010010
0000101001011000
0000011010010000
0000110010010110
0000111010111000
0001110011001000
0001110001001110
0010001100001100
0010001011001110
0001100001001010
0001101000010000
0001110101000000
0001101011000110
0001101110111000
0001111010101100
0010001101001000
0010011100010000
0010000000110110
0010000000010110
0001110001001110
0010000111111010
1110111000100010
0000010011101100
0000010111110100
0001011011010110
0001011111000110
0000011000111100
0000011111101100
0000001001111100
0000010101111100
1111111111110101
0000010000101100
1111111001000100
0000001110110100
0000000100101100
0000100100111100
0000011000111100
0001000011101110
0000110101011110
0001011101001110
0001010110000110
0001001010110110
0001001000111110
0010000101110000
0010000110111000
0010000011100000
0010001010010000
0010001111001000
0010011100010000
0001101100111110
0001110100000110
0001010000011110
0001100110001110
1111000101001100
0000011010000110
0000011100111000
0001011000101111
0001011100001101
0000100011001010
0000101010000101
0000001101001110
0000010110101000
0000001011011110
0000011000101110
0000000010011100
0000010100001100
0000001111010100
0000100111101010
0000011100111000
0000111110010010
0000110001000100
0000111001110010
0000110011110110
0001101101101000
0001101000011010
0010010110101100
0010010111011000
0001110111000000
0001111001110100
0010010011111010
0010011100010000
0001110111101110
0001110111101110
0001011001110010
0001101010100000
1110111011100110
0000010011011110
0000010111000100
0001011110000100
0001011001101010
0000011110010010
0000011010010001
0000000101110011
0000000001110011
0000001011110110
0000001000101000
0000000010111111
0000000001000000
0000001101000010
0000001100010000
0000100110010100
0000100110010100
0000011001111000
0000011010101100
0000111110110010
0001001000011010
0010000111000000
0010001010001100
0010001011011010
0010001100100110
0001111110111110
0010000100001100
0010011000101000
0010011100010000
0010000111000000
0001110011101110
0001100010111000
1111001111011010
0000010110101010
0001000011100100
0001101000011000
0001010010101100
0000010001101000
1111110100100100
1111111100010100
1111111110010000
1111111111011010
1111110100001100
1111110011000010
1111110100001100
1111111100010100
0000001011011100
0000001110100010
0000100000101110
0000100011011100
0000011010100010
0000011101101000
0000111110100010
0001011110101100
0010000111101110
0010010111100110
0010010000101000
0001111110011100
0010000011110110
0010010101010010
0010011100010000
0010011001111100
0001110111000100
0001100100110111
1111000110001000
0000001000111100
0001100110001000
0001110001011100
0000010110001000
1111011110001000
1111010110001000
1111100101001100
1111100010110100
1111010000011110
1111011001011010
1111010100001110
1111010111100010
1111011110100110
1111100010110100
1111101111100010
0000000111000011
0000001001011010
0000100010010110
0000011110001000
0000011001011010
0000101000111100
0001000001111000
0001111011110010
0010000111100010
0001110010011000
0001110010110110
0010000000111110
0010011010011000
0010011100010000
0001110110100110
0001100101101010
1111100100101100
0000101110111100
0010011100010000
0010010101010000
1111010111011000
1111010001000100
1111000000111100
1110101001001000
1101111000110010
1110000011111111
1101111111000100
1110001111111010
1110101011111010
1110111100110000
1110111001111100
1110100100001110
1110110001100010
1111011000000100
0000000001011010
0000001110000000
0001001001100100
0001010101011110
0001011001101100
0000111010001001
0001111001111010
0010001110111100
0001101001000110
0001101101010100
0001111100101110
0010001110010000
0001110110011010
0001111000100010
1110100011101010
0000110001101110
0001000111000010
0000001110001110
0000101010101000
0000001110001110
0000011100011010
0000000000000000
0000000111000110
0000000000000000
1111111000111010
0000001110001110
1111110001110010
0000111111111001
0000111000110100
0001011100010110
0001100011011100
0001111111110110
0010001110000010
0001010101001110
0001111000110000
0001100011011100
0001101010100010
0001011100010110
0000110001101110
0000111000110100
0001101010100010
0001111111110110
0001110001101000
0010011100010000
0010000110111100
0010011100010000
1110110001111000
0000110000000100
0000111100000110
0001100110001010
0001110010001100
0000110000000100
0000110000000100
0000010010000010
0000110000000100
0000010010000010
0000011000000010
0000001100000010
0000111100000110
0000110110000110
0000111100000110
0001001110001000
0010000100001110
0010010110010000
0001111110001100
0010010110010000
0010000100001110
0010010000001110
0010001010001110
0001010100001000
0001100110001010
0001111110001100
0010000100001110
0010000100001110
0010011100010000
0001111110001100
0010001010001110
0001111110001100
1110111110101010
0000000101101100
0000110101111110
0001011010111010
0001000001010110
1111110111011110
1111100110011100
1111101100001000
1111110100101000
1111110001110010
1111100110011100
1111100000110000
1111110100101000
1111101100001000
1111111101001010
0000000010110110
0000010001000010
0000001110001110
0000001110001110
0000011100011010
0000100010000110
0001001111100010
0001101110110010
0010011100010000
0010001000011000
0001111010001010
0001111010001010
0010000010101100
0010010000111000
0010011100010000
0001101011111101
0001100000100110
1101100011110000
1101100011110000
1101100011110000
1101100011110000
1101100011110000
1101100011110000
1101100101110110
1101100101111100
1101100110100000
1101100111100010
1101111000101000
0001011000110110
0010011010001010
0010000001001000
0001001010111110
0000110000111000
0000100111111000
0000011100100010
0000010111001111
0000010011011110
0000110001010110
1111101000011110
1110000100110110
1101110100001100
1101101011111110
1101100111011100
1101100110010100
1101100110000010
1101100011110000
1101100011110000
1101100011110000
1101100011110000
1101100011110000
1101100011110000
1101100011110000
1101100011110000
1101100011110000
1101100011110000
1101100011110000
1101100110101110
1101101001011010
1101101011101100
1101101110011010
1101110010011010
0000101111101010
0010001011001100
0001101010100100
0001001110011010
0001000001001010
0000101001111110
1111111100011111
1111010101011101
1110110110100000
1111001111000100
1110001110011000
1101101110110000
1101101010110100
1101101000100100
1101100110100000
1101100111110010
1101100101000010
1101100011110000
1101100011110000
1101100011110000
1101100011110000
1101100011110000
1101100011110000
1101100011110000
1101100011110000
1101100011110000
1101100011110000
1101100011110000
1110111101101100
1111010110110110
1111001111000010
1111101000100100
0000000011001000
1110110011110100
1111100011000110
1111001110011000
1111101100011110
1111100010010100
1111011101111110
1111001010100000
1110111011010000
1110011110011010
1110011100101100
1110000100101110
1110000000111010
1110110101000000
1111000100101000
1110111100010010
1110101000100000
1101110100011010
1101100011110000
1101100011110000
1101100011110000
1101100011110000
1101100011110000
1101100011110000
1101100011110000
1101100011110000
1101100011110000
1101100011110000
1101100011110000
0000100011101110
0000001000111100
1110100110101110
1110111101000010
0010011100010000
0010011100010000
0000000100011110
1110010000011011
1101111010000100
1110000111011110
1110000011000000
1101111110100010
1110011001010100
1110011001010100
0010011100010000
0010011100010000
0000001000111100
1110011001010100
1110101111101010
1110101011001101
0000001101011010
0000000100011110
1101100011110000
1101100011110000
1101100011110000
1101100011110000
1101100011110000
0001101101110110
0001110001001110
0001110010010000
0001110011101011
0001110110101010
0001110111010110
0001111000100010
0001111010100100
0001111011101000
0001010101000000
0000110100000100
0000111101111011
0001000011100010
0001001100001110
0001010111011010
0001100010001110
0001110001110000
0010000000011110
0010010100001010
0010011100010000
1110000000111010
1111111110001010
1101110011000000
1110101101100100
0000111110111010
0001100100111110
0010000011111110
0010011100010000
1110110110001110
1111000110101110
1111001101001000
1111001101001000
1111010111001110
0000000101111110
0000101000110010
0000100110000010
0001010101101100
0001101011101100
0001110011111100
0001110000010000
0001111000100000
0001110000010000
0010000101010110
0001100001100110
0001101010110000
0001100101010000
0010010011000110
0001111100001011
0001110110101100
0010010110110000
0010011100010000
0010010110110000
0001111101000110
0010001010110110
0010000100011100
0010000000110000
0001101000000000
0001010110100110
0001001010101100
0000001111001000
1101111111010000
1110001110010000
1110100001011010
1110111001100110
1111010101111011
1111110011111010
1111110011000110
1111111101111010
0001011011010000
0010000111011010
0010011100010000
0010011010100110
0001100101010000
0001011110100110
0001100100011001
0001010111111010
0001110000111010
0001101100101111
0001110000111010
0010001011100110
0001110011011010
0001110000111010
0001110010100110
0001111110010000
0001100000010000
0001101111010000
0001101000100110
0001001110110000
0001100111110000
0001010001010000
0001011110100110
0000011101100110
1111000111001100
1111100000000010
1111111011110000
1111110010100000
0000010001000010
0000010110000001
0000100010110100
0000110110101100
0001100010101110
0001111000000010
0010001011001110
0010010010010100
0001101000011010
0001101011111101
0001011010111010
0001011000110010
0010000001010000
0001100111101100
0001011011101000
0001101110110010
0001110010010110
0010011010001000
0010010101001010
0001110101111010
0010000010101100
0010001000011000
0010011100010000
0010010011000010
0010000110001110
0001101000011010
0001010101111100
0000101000011110
1101100111010100
1101100011110000
0010011100010000
1101100011110000
1101100011110000
1101100011110000
1111000001100000
0000000101001110
1101100011110000
1111011101101000
1111111001110000
0000010010110000
0000110010000000
0000101000101000
0000011100001000
0000011100001000
0000011100001000
0001110110110000
0010000110011000
0010001100101000
0010011100010000
0001111101000000
0010001100101000
0001000100110000
0001101101011000
0001101010010000
0001110011101000
0001110000100000
0001100100000000
0000111011011000
0001010001010000
0000110010000000
0000101000101000
0000101110111000
0000100010011000
1111100011111000
1111110011100000
1111100000110000
1111011010100000
0000000000000000
1110010101110000