1110110100010100
1111101100110000
0000110000011100
0000111100111010
0001101011001110
0010001111000010
0010011100010000
0001110110111000
0001101110010110
0001110011110010
0010010100011110
0010010010111010
0001010010010100
0000111010111110
0000100101100100
0000010000100010
0000001001100010
0000001110001110
0000010011101010
0000100101100100
0001010110100110
0001100110100010
0001110001110110
0001001101101000
0000110001101000
0000110010011010
0000100110010110
0000101011000000
0001001001010110
0001001110000010
0001111000011100
0001110001011100
1110111110000110
1111110000111000
0000111110110100
0001010101101100
0001110110101010
0010011010101100
0010011100010000
0010000011011100
0001111110011010
0010000101000000
0010001111000100
0001110111110100
0001010010100110
0000011001100110
0000000100010000
0000000000000000
1111101111101110
1111101011011100
1111111110011100
0000100111100100
0001000001100010
0001100000100010
0001101111010010
0001010011110000
0000110001101000
0000100100110110
0000011011111010
0000100000111110
0000110010011010
0001001101001010
0001100000001001
0001100011010000
1110111100111000
1111101011001100
0001000101110110
0001111000110110
0010010010001000
0010000001011010
0001111100101110
0001111100101110
0010011100010000
0010011000010110
0001011100011100
0000110110101100
0000110001101000
0000001101011011
0000000011010100
0000000110011010
1111101011100100
1111110000010000
1111110100100010
0000000111100110
0000110010011010
0001001001010110
0001111000011100
0001100011011100
0000111010100100
0000100110101110
0000010110011000
0000100001101010
0000110011111110
0001010001100010
0001100100001110
0001001111100110
1111000100001010
1111110100110000
0001010111100100
0001111010100000
0010011100010000
0001110110100000
0001101001010000
0010001010100100
0001111111010101
0010000101110000
0000101010111110
0000010101101100
0000010000000100
1111101111001000
1111100001000100
1111010010101000
1111011011110110
1111010101011101
1111011111000100
0000001110011110
0000001110011110
0000110011000000
0001000100101100
0001001100010100
0000110100001110
0000011011101110
0000011000000110
0000101110100110
0000110101110100
0001001001111010
0001010101100100
0001001001111010
1111000011110010
0000000101101100
0001101111010010
0001110101110110
0001111101010000
0001110010110010
0010000010100000
0010011100010000
0010001001011110
0000000101010000
1111010101001110
1111010011000010
1111001100100000
1110110101011000
1110110100111100
1110011100100000
1110101110011000
1110110111001000
1110110000001000
1111010010001100
1111101011100000
0000010110101100
0000011100110100
1111111000001010
1111011000010010
1111100010110000
1111100001000000
1111111011101000
0000001101111101
0000110000111000
0000110000011100
0000000001010100
1111010000110100
0000110010101000
0001111011011110
0010011100010000
0001100111111100
0001110000101110
0010011001010100
0010001001101010
0000010101010001
1111000011100110
1110110001000010
1111000000101010
1111000110100010
1110101110000110
1110100101110010
1110010101101000
1110110101011010
1110110010000000
1110100100010100
1110110000000010
1110111001110100
1111001010111100
1111100001011100
1111010001010010
1110011001000100
1110010011101100
1110011111111010
1110110111111000
1111000010001000
1111110101000000
0000010001011000
1111110011100010
1111010111000000
0010001010100010
0001111000000100
0010010011011000
0001110010001000
0001001000110010
0001111110101100
0010011100010000
0001011001000010
1111101011101100
1110101100001010
1110111011101010
1111101100011100
1111011111001000
1111010001110101
1110111101001010
1111001110111000
1110101110011000
1110101101101000
1110101001111100
1111000100100010
1110111111010110
1111000110110000
1110111101111000
1110111111010110
1110110001010100
1110001101001000
1110001101111000
1110110010110100
1111100010110100
1111111110111010
0000000111000010
1110011110010110
1111010010011100
0000011010000010
0000110100000101
0001110101001100
0010011100010000
0010010101110000
0001011011001010
0001010100101000
0001111011101100
0010000010001110
0001101110101100
0001011011001010
0001000001000110
0000100111000100
0000100111000100
0000011010000010
0000100111000100
0000101101100100
0001000111101000
0001101110101100
0001111011101100
0010000010001110
0001101000001010
0001000111101000
0001000111101000
0000111010100110
0001000111101000
0001011011001010
0001111011101100
0010001111001110
0010001000101110
1111001010001000
0000010000001010
0000111011010010
0001011011100110
0001111011111100
0001110001001010
0010010001011110
0010000110101100
0001111011111100
0010000001010100
0010010110111000
0010011100010000
0001100110011000
0001010000110100
0001000110000010
0000111011010010
0000101011000110
0000111011010010
0001000000101010
0000111011010010
0001101011110000
0001100110011000
0010000110101100
0001110110100010
0001010000110100
0001001011011100
0001001011011100
0001001011011100
0001011011100110
0001100110011000
0010010001011110
0010000001010100
1111101011110011
0000110101010100
0010001101100010
0010011000100100
0010001001111000
0010000110001100
0010011100010000
0001110011110100
0001100001011100
0000001100111000
1111101011110011
1111110011001000
1111010101101110
1111011101000100
1110100010010000
1111010101101110
1111110110110100
1111100100011100
1111011101000100
1111111010100000
0000001001001100
0000010111111010
0000110001101000
0000110001101000
1111110011001000
1111100000110000
1111111010100000
0000001100111000
0000011011100100
0001000100000000
0001000000010110
1111110110110100
1101100011110000
1101100011110000
1101100011110000
1101100011110000
1101100011110000
1101100011110000
1101100011110000
1101100011110000
1101101001010000
1101100111010110
1110010011001010
0000101010000000
0000101011011110
0000110100110010
0001011011000110
0010001101011100
0010001111100100
0001000100111000
0000010100110110
1111110100010000
1111001110011000
1110010101010000
1101110000000010
1101100011110000
1101100011110000
1101100011110000
1101100011110000
1101100011110000
1101100011110000
1101100011110000
1101100011110000
1101100011110000
1101100011110000
1101100011110000
1101100011110000
1101100011110000
1101100011110000
1101100011110000
1101100011110000
1101100011110000
1101100011110000
1101100111110000
1101100111110100
1110011111010100
0001111111011000
0001100001100000
0001000111001010
0000110000011000
0001010111001100
0001000011110100
0000010010110110
1111100010010000
1110110100101000
1110011100001111
1101111101001000
1101101101001100
1101100011110000
1101100011110000
1101100011110000
1101100011110000
1101100011110000
1101100011110000
1101100011110000
1101100011110000
1101100011110000
1101100011110000
1101100011110000
1101100011110000
1101100011110000
1101100011110000
1101100011110000
1101100011110000
1101100011110000
1101100011110000
1101101100000100
1101101111001100
1110001000101110
1110010111101110
1110010010010100
1110010000101000
1110000011100100
1110001010011000
1110001100000100
1110011000010011
1110010001100100
1110000110111010
1110010000100010
1110000000001000
1110010110010000
1101100011110000
1101100011110000
1101100011110000
1101100011110000
1101100011110000
1101100011110000
1101100011110000
1101100011110000
1101100011110000
1101100011110000
1101100011110000
1101100011110000
1101100011110000
1101100011110000
1101100011110000
1101100011110000
1101100011110000
1101100011110000
1101101000001110
0010011100010000
0010011100010000
0010011100010000
1101111110100010
1101100011110000
1101100011110000
1101101000001110
1110001011111100
1110010100110110
1110011001010100
1110011101110010
1101110101100110
1110011101110010
1101110101100110
1101100011110000
1101100011110000
1101100011110000
1101100011110000
1101100011110000
1101100011110000
1101100011110000
1101100011110000
1101100011110000
1101100011110000
0010011100010000
0010011100010000
0010011100010000
0010011100010000
0010011100010000
0010011100010000
0010011100010000
0010011100010000
0010011100010000
0010011100010000
1111101100100010
1111101001101100
1111101001001100
1111100101101100
1111100101101111
1111101001111000
1111110100010100
0000000000010110
0000011011100000
0000001000110100
1110100110011010
0000110111001010
1110110011000100
0001011000110100
0010001111111000
0001101110101100
0001101101001010
0010011100010000
1111011001110100
0000010001011000
0001001000111010
0001101011101000
0001111001100010
0010000111011010
0010000000011110
0001110010100110
0001101011101000
0001111001100010
0010000111011010
0010001110011000
0010000000011110
0001111001100010
0010000111011010
0010011100010000
0010001110011000
0010000111011010
0001111001100010
0001100100101100
0001011101110000
0001001000111010
0000001010011010
0000100110001100
0000011000010011
0000011111010000
0000110100000101
0000111011000010
1111110101100110
1111111100100010
1111001011111011
1111000100111110
1111010010111100
0000001111000001
0001100110001010
0001111011001100
0001111000001100
0010011001010000
0010010011010000
0001100000001001
0001000010000110
0001000101001000
0001111000001100
0010011100010000
0001010111001000
0001010001001000
0001101001001010
0010010110010000
0001111011001100
0001010111001000
0001001110001000
0001100011001010
0001101001001010
0000111111000110
0000000101111111
1111110000111111
0000000101111111
0000011110000011
0000001100000010
0000011000000010
1111001100111010
1111101101111110
1110110100111000
1110011111110111
0000011001110100
0001001010101110
0010000110100000
0010011100010000
0010000001000100
0010011001100010
0001110011100000
0001010010111000
0001000010100100
0001000101010010
0001100011001100
0010001011111100
0001101000101000
0001100000011101
0001100101111010
0010000011110010
0001101011010110
0001010000001010
0001000010100100
0001011000010100
0001001101011100
0000011001110100
1111111011111100
1111101000111011
1111110110100000
0000010001101010
1111111011111100
1111011110000010
1111011110000010
1110111010101110
1110111010101110
1101110110110010
0010011100010000
1101100011110000
1101100011110000
0010011100010000
1101100011110000
1101100011110000
1101100011110000
1101111101110010
1101100011110000
1110110111100000
1111010111101111
0000001110011111
0001101011111100
0010011100010000
0000010100111100
0000010001101110
0000110001111100
0000101011100000
0000001000000100
1111110001100001
1111111110011000
1111111011001010
1111100111110111
0000001110011111
0000011000001001
0000011011011000
0001010101011000
1111110111111100
0000001110011111
1111010001010010
1111001010110110
1111110100101110
1111101110010010
1111001010110110
1111110001100001
1111011010111100
1111100100101000
1111100111110111
1111100100101000
1110011010100010
1110110001000100