0000100000010110
0010011100010000
0010000111110110
0000000010111111
1111011010101100
1110110101110110
1101111100001000
1110000011000110
1110011011000000
1110011111011110
1110001010000100
1101111001001010
1101110001001100
1110000110000110
1110100010111100
1110100000011110
1110011100011110
1110100101011100
1110100100011100
1110100110011100
1110011101111110
1111100100001000
0000110110110000
0001000101001010
0000011101010110
0000000011111110
0000011011011000
0000111100001110
0001101010000000
0001111000011100
0001011011000100
0001100001000010
0000100100001000
0010011100010000
0010010100110100
0001001101110100
0000111000110000
1111111010110110
1111011001110100
1111000011100010
1110101001000110
1110100000011100
1110011001000000
1110100110001110
1110100100100100
1110110100010000
1110111000110010
1111001001101110
1110110101111010
1111000001011110
1111001111111010
1111100100100100
0000000100110000
0001011000100100
0001101000010000
0001011001010111
0001001011010110
0001010011100110
0001101010010100
0001110100001110
0001110111111011
0010000110110010
0001011111111110
0001101001011110
0000001101100101
0001111101101100
0001111111001110
0001111111110110
0001111101011000
0001001010011010
0001000111000010
0000011000101110
0000011001101000
0000000001100010
0000000100010100
1111110101110101
1111111011000100
1111101111101000
1111110111000010
0000000001010000
0000001011011100
0000100101101100
0000110010111100
0001000000110110
0001010000111010
0001111001111110
0010000110010100
0010001001101110
0010011100010000
0001111100011100
0010010000110100
0001100100000100
0001111001010110
0001010011011000
0001100100000100
0001010111000110
1111110111001000
0001010110010110
0001011000011010
0010011100010000
0010010100011000
0001001010101100
0000111010111110
0000011001011110
0000000110100100
0000010101000111
1111111110011010
0000001000010100
0000000010110010
0000011111111010
0000101111111010
0001001111011000
0001100111100010
0001111101111110
0001100001011001
0001011011111000
0001010010100100
0001000011011100
0001001010101100
0001101001111000
0001100011011110
0001001001100010
0000011111000010
0000000001100110
0000000111011100
0000001001001100
0000000101000101
0000011010010110
1111100100110101
0000110100011001
0001111100001110
0010011100010000
0001111001111110
0001100011100111
0001000101100100
0001000100111010
0001000110110110
0001000011111100
0001001110010010
0001001011101100
0001100001101100
0001001111100110
0001011101100000
0000111011110110
0000101110100110
0000011110101110
0000010111111100
0000011001100100
0000100000101100
0000110110101010
0001100010010110
0001101001110010
0001010111101010
0000011100001010
0000000110001010
1111111001100010
1111101111100000
1111110101010100
1111111010001101
0000010110010100
1111011010011000
0000111000101110
0010001010101110
0010011100010000
0010001001100010
0001100010100010
0001110000000011
0010000110110000
0010001100101110
0001101110011110
0000110100010110
0000000000100110
1111011101001010
1111011001100110
1111001100011100
1110111011101110
1111000101101101
1110111001110000
1110111011010110
1111001110011100
1111001010110110
1111110111000010
0000101100110010
0000101101111110
0000010111101100
1111100111111010
1111010010110100
1111001111101000
1111001000000100
1111010000110100
1111101001111010
0000000001000000
1111110110101000
0001110000101000
0001110111001100
0010010010011010
0010010010011010
0010010110101000
0010011100010000
0010000001100000
0001011001001010
0000001011010000
1111000110110000
1110101001001100
1110101101011010
1110100110110110
1110101111010011
1110101010001000
1110110010001000
1110011101111100
1110010110011100
1110011010001100
1110011000110010
1110110100000000
1110111101110110
1111011001100010
1111001111001100
1110100101011100
1110100100100000
1110010111011000
1110110100011110
1111000010000101
1111110010011011
1111110110001010
0001000010111110
0010011100010000
0010001101011000
0000010110010100
1111011010110100
1111010011010110
1111011010110100
1111100010010000
1111101001101100
1111011010110100
1110111101000010
1110110101100110
1111101001101100
1111110001001000
1110110101100110
1111110001001000
0000000111011100
1111110001001000
1111111000100100
0000000111011100
0000001110111000
0000100101001100
0001001010011010
0000111011100010
0000101100101010
0000110100000101
0000111011100010
0001001010011010
0001100000101110
0000110100000101
0000011101110000
0000101100101010
0001001000111010
0010011100010000
0010001110011000
0001000001111110
0000011000010011
0000001010011010
1111100000110000
1111010010111000
1111011001110100
1111001011111011
1111001011111011
1110111110000010
1110110111000110
1111100000110000
1111111100100010
0000011000010011
0000011111010000
1111111100100010
0000011000010011
0000011000010011
0000010001011000
0000001010011010
0000011000010011
0000110100000101
0000111011000010
0000111011000010
0000011111010000
0000101101001000
0001110010100110
0010000000011110
0001011101110000
0001100100101100
1111010101011000
0000100110100100
0010000111111110
0010011100010000
0001100011011100
0001011111011000
0001011011010100
0001011011010100
0001100111100000
0010011000001100
0010010100001000
0000100010100000
1111111001111010
1111111101111110
0000001010001010
0000000110000110
1111100101101000
1111100001100100
1111110001110010
1111110101110110
1111101001101100
0000010010010000
0000110110110010
0001100011011100
0000111110111010
0000000110000110
0000001110001110
1111110101110110
1111101101110000
1111110101110110
1111110101110110
0000100010100000
1101100011110000
1101100011110000
1101100011110000
1101100011110000
1101100011110000
1101100011110000
1101100011110000
1101100011110000
1101100101111010
1101100110100000
1110001100001011
1110011111000110
1110111110111000
1111111100010010
0000011101101110
0000100111101000
0001100111011100
0010000000011100
0000000000111100
1111011010010110
1111000001101110
1110011111101101
1101110110110010
1101101011100000
1101101000001010
1101100111001100
1101100011110000
1101100011110000
1101100011110000
1101100011110000
1101100011110000
1101100011110000
1101100011110000
1101100011110000
1101100011110000
1101100011110000
1101100011110000
1101100011110000
1101100011110000
1101100011110000
1101100011110000
1101100110110010
1101100111100000
1110000000100010
1110001111010101
1110101000001100
1111100000000100
0000001011001100
0000010010100010
0001101000111100
0001110011010110
1111111101000100
1111010111000100
1110111010110100
1110011001111010
1101111011100110
1101110000111100
1101101100100110
1101101010101100
1101100011110000
1101100011110000
1101100011110000
1101100011110000
1101100011110000
1101100011110000
1101100011110000
1101100011110000
1101100011110000
1101100011110000
1101100011110000
1101100011110000
1101100011110000
1101100011110000
1101100011110000
1110000010110010
1110001111010010
1101110101110000
1101101100111010
1101111010110110
1101110000111110
1110000010110010
1110010100000100
1110000011010000
1101110110011100
1101110010001010
1101101111110000
1101110011100110
1101101011000110
1110000001011100
1110010000100010
1110000010011110
1110100011010010
1101100011110000
1101100011110000
1101100011110000
1101100011110000
1101100011110000
1101100011110000
1101100011110000
1101100011110000
1101100011110000
1101100011110000
1101100011110000
1101100011110000
1101100011110000
1101100011110000
1101100011110000
1110011001010100
1111001110111010
0001101011001010
0001001011111010
1110010000011011
1111111011100010
1111101110001010
1111101001101100
0000001000111100
1111000001100000
0010011100010000
0001011001010010
1101111110100010
1110000111011110
1110011001010100
1110010100110110
1101111010000100
1101100011110000
1101100011110000
1101100011110000
1101100011110000
1101100011110000
1101100011110000
1101100011110000
1101100011110000
1110000110011100
1110001001011110
1110000110110100
1110000101001100
1110001011010110
1110010100000100
1110100100111010
1111001000010011
1111110111111110
0000111111100000
0001011110101110
0001011011110010
0001100001111110
0001100100000101
0001101001100100
0001101110001110
0001111001010100
0010000101100010
0001110110100010
0000100111010010
1110000011000000
0001011011111001
1110000111010011
1110001111000110
1110001010001100
1110001101010110
1110010001100010
1101101111011110
1111011111010010
0000010010001010
0000010111000000
0000011011110110
1111101011011010
1111111001111100
0000110110100000
0001011101010000
0000000011100111
0000010111000000
0001001110101110
0010010100111110
0010001000111000
0001111100110000
0010011100010000
0001100100100010
0001000111011110
0001100110111110
0001100110111110
0000001101010100
0000100101100100
0000001010111010
0000000001001110
0000010111000000
1111100110100100
1111111100011001
0000001111110000
1111111100011001
0000100011001000
0000001010111010
0000010111000000
1111101011011010
1111110010000100
1111111100111010
0001010000011100
0001001000101110
0000110001100000
0001000010100010
0000111010110010
0001001110111010
0001010101000110
0000111111011100
0001001101010110
0010011100010000
0010000101000010
0010001001101100
0001110111001000
0001111011110000
0010000000011010
0010001000001000
0010000110100110
0000101110011010
0000110110001010
0000100011100110
0000011110111100
0000101001110010
1111110110101110
1111111001110100
1111110110101110
0000111111011100
0000101111111110
1111101110111110
0000001101111100
1111011101111110
0001111011100010
0010011001110100
0000011011110110
0000010101110100
0000000110000100
0000000010011100
1111110101000110
0000001000011110
0000000001001110
1111101111000010
1111111001111100
0001011100000011
0001000111011110
0001000010101000
0001011001101000
0001100100100010
0001000110010000
0010011100010000
0001110000101010
0000111100100100
0000110111101101
0000110000011100
0000011111100000
0000010101110100
0000000111010010
1111101111000010
0000000100110110
0000011011110110
0000001001101100
1111011111010010
1111000100101010
1110011101111000
1101100101010010
0010011100010000
1101100011110000
1101100011110000
1101100011110000
1101100011110000
1101100011110000
1101100011110000
1101100011110000
1111001010100110
1111111010000100
0001100000111010
0010000100100010
0010010100010110
0010011000010010
0000011101101010
0001011100111110
0000110101011010
0001001001001100
0000111101010100
0001001101001000
0001000101001110
0010001000011110
0001010001000110
0010001000011110
0010011100010000
0001010001000110
0001101000110011
0010011100010000
0001011001000000
0000000101111100
0000111101010100
0010011100010000
0010000000100100
0000100001101000
0000001101110110
0000101101100000
0000100001101000
1111111010000100
0000001001111000
1111001010100110