1111101010111001
0001000001000010
0010000010000100
0010010011110100
0001000100011010
0000011011111000
0000010010100110
1111101111000110
1111011111111010
1111010011010000
1111101110010000
1111110011010110
0000001001010010
0000001100101010
0000101111010100
0000110010101100
0001010110001010
0001110100100100
0010011100010000
0010010011110100
0010001010100000
0010001110110000
0001101010011010
0001100000010010
0001000111110010
0000111011111101
0001001000101000
0001001100110110
0001101100000110
0010001000110100
0010000100100110
0010000111111110
1110111010111010
0000000000000000
0001010111110100
0001010001010101
0000000111000110
1111111110000100
1111110101000010
1111100110001100
1111011001010000
1111011101001000
1111101101111010
1111101010101100
0000000000000000
0000010011011000
0000100010001110
0000110111100010
0001001011100010
0001110010111100
0010001000111000
0010011100010000
0010001100000110
0010000110010100
0001111101010000
0001010100100110
0001001101011110
0001000011110010
0001001111011010
0001001000010100
0001010000000100
0001110010111100
0001101011001100
0001111001011000
1111000001001110
0000010000000010
0001100110100010
0001011001111110
0000001101010000
0000001000011000
1111110010000100
1111011111001110
1111001110011110
1111010111100010
1111010111100010
1111011000111100
0000000000101100
1111111101111010
0000001100100100
0000101101010110
0000111110110010
0001011001010010
0010000001110000
0010001111000000
0010011100010000
0010010001000110
0010001001011010
0001110001101100
0001100000010000
0001010000001110
0001010101000110
0001010011101110
0001100011000100
0001110101111000
0001110000111111
0001111111101001
1110110000010010
0000010101011010
0001001011100000
0000110000110100
0000000000010110
1111110111111100
1111010111101000
1111000101011000
1110111101101000
1111000001110110
1111000110110010
1111001111111010
1111100111110010
1111110011101110
0000000011001010
0000010101011010
0000101011111000
0001001111101110
0001110000000000
0010000010010010
0010011100010000
0010001100000110
0010010100100010
0001110100111011
0001101110100110
0001100011011000
0001001011100000
0001001101100110
0001011010111100
0001010110000010
0001100110001100
0001110000000000
1110100110111000
0000011001011010
0000110001001010
0000010110101110
1111011110011100
1111010000001110
1110101110010100
1110100001011100
1110100010001000
1110010111111100
1110101010010000
1110110101110010
1111000011010110
1111010111101010
1111101001010010
1111110011011111
0000010000100110
0000101101000110
0001011110100100
0010000100100010
0010010011011100
0010011100010000
0010011100010000
0001111101110000
0001111101000100
0001011110100100
0001001011100110
0001010001101100
0001001110010010
0001011111111010
0001101000000100
0001110001100010
1110011111000000
0000101010101000
0000110001111010
0000101111011110
1111011010010000
1110110100000110
1110010010110100
1110001101111110
1101111100000110
1101111100000110
1110001000010010
1110011000100000
1110010110111001
1110110011010010
1110111110101010
1111010110001100
1111011111001000
0000001111110100
0000101000001100
0001111010001010
0010001101101000
0010011001110100
0010011100010000
0010011001110100
0001111000100010
0001100100001111
0000111100011110
0000101010101000
0000111110000101
0000111001001110
0000110111100110
0001111000100010
1111001101000010
0001000110010110
0001001101000100
0000110011110100
1111011110101110
1110100010111100
1110001111100100
1110011101000010
1110000101011100
1101100110010010
1110100000011010
1110100010111100
1110100001010000
1110110100101000
1110110010111100
1111001001101010
1111110010000110
1111101110101110
0000110100101010
0001010011110100
0010011010100100
0010010010001010
0010011100010000
0010011011011010
0010010011000000
0001110010111110
0000111011011000
0000110111001010
0001000000011100
0001000010001000
0001011111100110
0001101101111100
0000001111101000
0001110101001100
0001110101001100
0001100101100100
0001010101111100
0000000111110100
0000001111101000
1111111000001100
1111000001100000
1111010001001000
1111101000100100
1111101000100100
0000010111011100
1111101000100100
0000010111011100
0000000000000000
0000111110100000
0000111110100000
0010011100010000
0010000100110100
0000110110101100
0010011100010000
0010011100010000
0010001100101000
0000100111000100
0000011111010000
0001011101110000
0001011101110000
0000110110101100
0001110101001100
0001010101111100
0001110101001100
1111111100001100
0001000000110010
0010000101011000
0010011100010000
0001110110001000
0001000000110010
0000000011110100
1111110100100100
0000000011110100
1111100101010100
1111011101101100
0000000011110100
1111100101010100
0000001011011100
0000111001001010
0000110001100010
0001001000011010
0001100110111010
0001110110001000
0001001000011010
0001001000011010
0000110001100010
0000111001001010
0001010000000010
0000111001001010
0000100010010100
0001000000110010
0001001000011010
0001010000000010
0001111101110000
0001010111101010
0010000101011000
1110101000010110
0000011110100000
0000101101101110
0000100110001000
1111100001100000
1111001010101010
1110101100001010
1110101000010110
1110100000101110
1110000110000100
1110100000101110
1110101111111110
1110111011011010
1111011001111000
1111100001100000
1111111100001100
0000001111010000
0000100110001000
0001011111010010
0001110010010110
0010001001001100
0010011100010000
0010011000011100
0010000001100100
0001110010010110
0001101010101110
0001001000011010
0001011011011110
0001001000011010
0001011011011110
0001100110111010
0001010111101010
1101100011110000
1101100011110000
1101100011110000
1101100101101110
1101100101110110
1101101100001010
1101110101000100
1101101111111000
1101110101000100
1101110001010110
1101110011100110
0001000000101000
0010001101010010
0001001011000000
0001001000101010
0000110101011000
0000001100111100
1111011010001110
1110110101011000
1110100110111010
1110100100100100
1110011011111011
1110010111000100
1101111011100000
1101101010111100
1101110010001110
1101100011110000
1101100011110000
1101100011110000
1101100011110000
1101100011110000
1101100011110000
1101100011110000
1101100011110000
1101100011110000
1101100011110000
1101100110100100
1101100110101000
1110001011000010
1111110111011100
0000001000110100
1111011000010100
1110110010100100
1110001000011110
0000000010110010
0001110110111000
0010001010110000
0001011111001010
0001011100010110
0001000110000100
0001000110001100
1111100110111000
1110101100100000
1110100101101000
1110010010100000
1110000110100000
1101111011101000
1101110010010000
1101110010000110
1101100011110000
1101100011110000
1101100011110000
1101100011110000
1101100011110000
1101100011110000
1101100011110000
1101100011110000
1101100011110000
1101100011110000
1101101100000100
1101101000111100
1110011001111010
0010001101101010
0010011000100110
0001011100101011
0000110001011110
0000100011011010
1110010001100100
1110010000100010
1110100101011000
1110010101001110
1110100111001010
1110011101110010
1110100010010000
1110011100000000
1110011100000000
1110010000011000
1110000110100100
1110000110001000
1111001100011100
0000001111000110
1110101100001000
1101100011110000
1101100011110000
1101100011110000
1101100011110000
1101100011110000
1101100011110000
1101100011110000
1101100011110000
1101100011110000
1101100011110000
1110000111011110
0010011100010000
0010011100010000
0010011100010000
1111100000110000
1111110111000100
0010000001011110
0010011100010000
0010011100010000
0010011100010000
1101111010000100
1101100011110000
1101100011110000
1101100011110000
1111000001100000
0000110101100100
1111101001101100
1101101100101100
1110011001010100
1110100110101110
1111000001100000
1110010100110110
1110111000100100
1101100011110000
1101100011110000
1101100011110000
1101100011110000
1101100011110000
1101100011110000
1101100011110000
0000101100011110
0000101111011110
0000110011110000
0000110110001000
0000111011001100
0000111111010000
0001000011111000
0001000110010000
0001000110010100
0000010010011100
0000011011110100
0000011001100100
0000011010100100
0000011001110110
0000011011011100
0000011110010100
0000100011100010
0000101011000110
0000111010010000
0001011100111010
1111000101101010
1111010111100101
1110000100010110
1110110101000010
0000010110000000
0001010001100010
0001111100010100
0010011100010000
1110000010011110
1110111001110110
1111010101100100
1111010001010111
1111010000001000
1111111001101100
1111110011000100
1111110111111000
0000110001101100
0001010100000000
0001001000100100
0000111001100000
0000111000111010
0001000101100010
0001011000001110
0001011110110110
0001110111100010
0010010111011100
0010010011110100
0010010101101000
0010011100010000
0010011010011100
0010001110011010
0010001100100110
0010010000001110
0010001110011010
0010010011001110
0010010011110100
0001110001100000
0001111010100010
0001101111000110
0000100011110100
1110000110101010
1111010110011010
1111011000101110
1111011011000100
1111101010110000
1111100010000010
1111101110110110
0000101011111100
0001010100101001
0010000011001110
0001111000001010
0001010000100110
0001000110001000
0000110111000000
0001011011101010
0001100101100100
0001111111001010
0001111011000101
0001111110000000
0010010000000010
0010010000000010
0010011010100000
0010011100010000
0001111110100100
0001100000010011
0001111101011010
0001101101001000
0001111011000101
0001110010111100
0001100111110111
0001011001010100
0000101110110110
1110010110010110
1111010101000110
1111100001111010
1111110100011110
1111110001111010
1111010110011000
1111111000010100
0000101000010110
0001000011010000
0010011011101000
0010011100010000
0001101010010100
0001010111101110
0001010101110100
0001100011111010
0001101011100110
0001111010111100
0001100101110100
0001101101100000
0001101011100110
0001100011010000
0001100111000110
0001001110001000
0001000000101100
0001001001101010
0001001101100000
0001100110011110
0001011010010010
0001000101001010
0001010000101100
0001000011010000
0000101100001100
0000001000100100
1101100011110000
1101100011110000
0010011100010000
1101100011110000
1101100011110000
1111000001100000
0000001111101000
1101100011110000
1111011110010000
1111100000110000
1111101010110000
1111100101110000
1111011001010000
1111010110110000
0000010010110000
0000001000110000
0000001011010000
0000100100010000
0001110001110000
0001101111010000
0001111011110000
0001111011110000
0010010010010000
0010000011010000
0010010111010000
0010011100010000
0001111001010000
0001101111010000
0000101001010000
0000111000010000
0000100110110000
0000110011010000
0001001001110000
0001001110110000
0000101011110000
0000111111101111
0001000111010000
0000111010110000
0000100001110000
1111100101110000