1111010001110010
0001000101101000
0001100111100110
0001100100000100
0000111100010001
0000000001110000
0000000000100110
1111101101110110
1111100000111110
1110111100101100
1111100011010100
0000100010100010
0001100100000100
0010011100010000
0010001111011000
0001110000111100
0000100100111000
0000010000111110
0000010110110100
0000011011100000
0001001001001010
0010001010101100
0001111101110100
0000000000100110
0000000000100110
1111101000000001
1111100011010100
1111110010100010
0000010101101010
0001001111000000
0001001010010100
1111111001100100
1110110110011000
0000100100110100
0001001111000010
0001000110000010
1111111101010100
1110101101011000
1110101000111010
1110011010100010
1110010110111100
1110001000100100
1110111010110110
1110101110010010
1111100011010000
1111111001101110
0000110001011000
0001010010101000
0001110111011100
0001011101011010
0001000000101010
0000111110110110
0000111010011000
0001110010111100
0010010011010010
0010011100010000
0001101001111110
0000100100110100
0001000111110110
0000111101111110
0001100001111000
0010001110110010
0010001000100000
0000101000011010
1110100111101010
0000011001110110
0000100110111110
0000100000110010
1111010010000110
1110100010010000
1110100000101110
1110010101001000
1101111100011100
1101111001010110
1110011111001010
1110011000001110
1110110011001110
1111000100001101
1111101000011110
0000000001111100
0000111110111000
0001101011101000
0001110111001110
0001000000011100
0000110111111100
0001000010110000
0001011110100010
0010010010001110
0010011100010000
0010000010110010
0001111110111100
0001110011010110
0001111001100010
0010001100000010
0010001110011000
0001010111100100
1110100101111110
0000000101001000
0000001110110000
1111101110010000
1110111111010010
1110011000110000
1110100111110010
1110011101100100
1110010011111010
1101111110010000
1110001111000110
1110011111111110
1110101101110100
1111000000011110
1111010101100100
1111110000000010
0000001001010110
0001001100001010
0010000100110010
0001111011110000
0001000111010110
0000111011010100
0001001111110010
0001101001000100
0010000111110010
0010001111000000
0010011100010000
0010011000101000
0010000011100100
0010001010001100
0001110011010100
0001000111010110
1111001110101000
0000101000101000
0001000100110000
0000000010100000
1111100000001001
1111001110101000
1110110011110000
1110011100101000
1110011010110000
1101111001101000
1110010001011000
1110100111010001
1110110101000000
1110110101000000
1111011011001000
1111011101000000
1111110100110000
0001000100110000
0010001001100000
0010011100010000
0001111000101000
0001001010011000
0001011011010000
0001101111010000
0001111011110000
0010001000111000
0010010110101000
0010001100000000
0001101000011000
0001011000000111
0000101011001000
0000011110101000
0000100110100000
0001001110100000
0001011101100110
0001000010011100
0000100101000000
1111010010101110
1111010000011100
1111010000011100
1111010100111110
1110011000100110
1110100011111010
1110010001110010
1110001011000000
1110010001000010
1101110110101000
1110010001000010
1110110100100010
0000100110100000
0001011101100110
0010011010110000
0010011100010000
0001101111101110
0001100111011010
0010000111001000
0001111100100100
0001100111011010
0001011001000011
0001001111010000
0000101011000010
1111100111110111
1111010010101110
1111011100100010
0001001110001000
0010011100010000
0000101101011000
1111110000111000
1110001101010110
1110111011111110
1110011110111110
1110111000001100
1111011100101110
1110001001100100
1110001100000100
1110000111000010
1101111100111100
1110111101001110
1111001100010110
1110011011001100
1110111111110000
0001000111110100
0001101000100110
0010000001110010
0001010100011100
0001011010101110
0001110001011010
0010001111101010
0001100010010010
0000010010111010
0000000000000000
0000001000110100
1111001011000100
1110000010000000
1111100011000010
1111000010010000
1111101001101100
0000110001000110
0001001011111010
0001000010111110
0000110001000110
0001010100110011
0001010100110011
0001000010111110
0000111010000010
1111100000110000
0000101000001100
0001011101110000
0001001011111010
0010001010011010
0010011100010000
0001010100110011
0001010100110011
0001001011111010
0000101000001100
1111000101111110
1111101001101100
0001000010111110
0000111010000010
0000010110010100
0000101000001100
0000101000001100
1111001110111010
1111111011100010
1111101001101100
0000011111010000
0000001101011010
1111111011100010
1111011110000010
0000101111100100
0000101111100100
0000101111100100
0000010100010111
0000010100010111
1111101011101001
0000000110110010
0000000110110010
1110011010000110
1111010000011100
0000010100010111
0010001110101010
0001110011100000
0010011100010000
0000101111100100
0000111101001010
1111011110000010
1111011110000010
0000100001111110
0001100101111010
0001011000010100
0001110011100000
1111000010110110
0000100001111110
0000100001111110
0000000110110010
1111101011101001
0000100001111110
0001100101111010
0001011000010100
1111000010110110
1111101000101110
0000110001111000
0001001100011110
0000011101111001
1111110110000010
1111101100000100
1111010001011110
1111000000110110
1111010001011110
1110001110111110
1110001110111110
1111010100110010
1111011011011100
1110100110010000
1111100010000111
1111100101011010
1111110110000010
0001001111110010
0010001000010100
0010011100010000
0001111110010110
0000111011110110
0001000101110100
0001100011101110
0001110100010110
0001111110010110
0001111011000000
0010000001101010
0001001100011110
0000101110100010
0000010000101000
0000101011001110
1101100011110000
1101100110100110
1101111000011000
1101101000101000
1110001111110000
1110110000101100
1110011111010010
1101111110101110
1101110100101010
1110000010001010
1110111101100110
0000101011101010
0001111010001110
0010010111001010
0001101111011110
0000110101110100
0000010111001110
0000011011110100
0000010000111110
1111110001001100
1111001101001110
1110100011010010
1101111001110000
1101110000001010
1101110011110010
1101101110110010
1101101110101100
1101100011110000
1101100011110000
1101100011110000
1101100011110000
1101100011110000
1101100011110000
1101100011110000
1101100101111010
1101101101011100
1101100110101100
1101110111000000
1110001110111010
1110000110110110
1101111110101110
1110000011111111
1110001101100000
1110100101110100
1111010110001000
1111110111010110
0000110100111000
0000100110111010
0001110000010110
0010001110101000
0001011000101111
1111101101110010
1110101110011100
1110010101111000
1110000000101100
1101110000010010
1101101011011100
1101101100001000
1101101010001000
1101101010001010
1101100011110000
1101100011110000
1101100011110000
1101100011110000
1101100011110000
1101100011110000
1101100011110000
1101101111110100
1101111111010110
1101110000010000
1101101011100100
1101110111100010
1111010101010011
0000111111100010
0010000100110100
0001011001000011
1111101111110110
1110001011111010
1110001101101100
1110010111000100
1110011110001110
1111000011101111
1111010111011000
1111010100101100
1110100011000010
1110010111010100
1101111100010110
1101110100001010
1110011001111010
1110010101001110
1101111000000100
1110010010101000
1110100010010000
1101100011110000
1101100011110000
1101100011110000
1101100011110000
1101100011110000
1101100011110000
1101100011110000
1111000001100000
1110010100110110
1110101111101010
0010011100010000
0010011100010000
0010011100010000
0000001000111100
1110100010010000
1111001110111010
1111011100010010
0000010110010100
0000101000001100
1111010111110100
1110000011000000
1111110111000100
1110101011001101
0000000000000000
0010011100010000
0001010000010110
0001011101110000
0001100110101100
1111001010011100
1110100010010000
1110010100110110
1101110001001010
1110001011111100
1101100011110000
1101100011110000
1101100011110000
1101100011110000
1101100011110000
1101100011110000
0001000010001100
0001000000001010
0000111100101110
0000111011110110
0000110101010100
0000101001101010
0000011011000100
0000001100110010
0000000001000000
1111011100100000
1101111111011110
1101111000111110
1101111011110100
1110000000100100
1110001101001010
1110100011010110
1111000000101010
1111101011011110
0000011110110011
0001000011000010
1111101011001010
1111100110010000
1110101001010100
1111000001000110
1111011011010000
1111100111101110
1111110110000000
0000000001010100
0000010001101000
0000110001000010
0000011000100000
1111111001111000
1111111111001110
0000101010111010
0000111011110000
0000111010111110
0000011010000010
0000011101000110
0001011010011000
0001011010011000
0000110011010100
0000110100110110
0000110001110010
0000110100110110
0000101010001000
0000100000111100
0000111111100100
0001110001010110
0001011011111001
0010001011011010
0010011100010000
0001111001110010
0001000000010110
0010000100100000
0010000111100100
0001110011101010
0001010101110010
0001111100000110
0001100001010010
0000001101110010
1110011100110010
1110010010011010
1110101010000110
1111011001100000
1111110001001100
0000001001101000
0000011100111000
0000011101101000
0000011110011000
1111111000100110
0000011000011100
0000100001010100
0000010100110000
0000100100010010
0000001110000100
0000010101011110
0000000101111100
0000101011101100
0001011101010011
0010000010010110
0001010101111010
0010011100010000
0010010100000110
0001111101001010
0001111000101101
0001110111111110
0010001001110000
0001100011111110
0001110001010100
0001101010101000
0001011111100010
0000000100011100
1111110101110110
0000010101100110
0000001100000100
0000101001111010
0000100000011010
0000100101011110
0001000011111110
0001011100101110
0001000010101100
0001000010000100
0000111011101110
0001000111110010
0000111110111000
0001000101001110
0001001010010100
0001011010110110
0000110010110100
0001000011010100
0001101011010110
0001110001000100
0001100110111010
0010000110000010
0010011100010000
0001110000011100
0001101011010110
0010000111010010
0010000101011000
0001100110010000
0001000010000100
0001100101101000
0001010101110000
0000100010010100
1101110010101010
1101100011110000
1101100011110000
0010011100010000
0000111110100000
1110100010010000
1110000011000000
0000001010011010
1101100011110000
0000010110010100
0000000110100100
0000000011111100
0000001001001100
0000100011011100
0000101000101110
0000011000111100
0000110000100110
0001110010001110
0010000100101000
0001010111111101
0001110010001110
0001001101011110
0001011111110101
0000110000100110
0001100010011110
0001111010001000
0001010111111101
0010000111010000
0010011100010000
0001111010001000
0001011111110101
0001010111111101
0001111111011000
0001100010011110
0001001000001110
0001100010011110
0001010000000101
0001011101001110
0001001010110110
0001011010100110
0000111011000110