0000011100010100
0001111101111010
0001001100101100
0001001001011010
1110011010101110
1110101110011000
1110111001000100
1110000110001100
1101111101001100
1101110100001010
1110000110001100
1110000100100100
1110011011100010
1110101011000110
1110100111000000
1110110111011010
1110100101011000
1110111100010110
1111011010101100
0000011111100100
0001011110101110
0010011100010000
0001111101000110
0000111100010001
0001101000100100
0001011001110100
0001100110001000
0001110001100110
0001100100011110
0001000001001110
0000101100101011
0001100110111100
1111110001011010
0001000001011010
0001010100011110
0001100001001100
1111011000101000
1110010000001110
1110101100110010
1101111001010110
1101110100111010
1101110011101000
1101110000011110
1101111101110010
1110010000110110
1110001011110000
1110010111110110
1110111101111100
1111001100100100
1111111100001100
0000110000111010
0001100101101000
0010001001001100
0010001100011000
0010000010001110
0010000010001110
0010011100010000
0010010100000000
0001101101010000
0001001001000010
0001000111110010
0001010101110000
0001010101110000
0001110010010110
1111011100100110
0000100110000110
0001010100100100
0001101011000110
0000101010101000
1111000110100000
1111010100111100
1110111101111100
1110110011100100
1110111110011000
1111000101100110
1110111101111100
1111001101101111
1111110000000000
1111110011100110
0000000110000110
0000110011001100
0001001100111000
0010001000111000
0010000110100110
0010010001111000
0010010011101100
0010011100010000
0001110110011000
0001011011110010
0001001111100110
0000110000011101
0000111110011110
0001000100110010
0001001010001100
0001101011000110
0001111000001100
1111010111000111
0000100001010110
0001111000110010
0010001110100010
0001000100010100
0000000000101110
1111110110010100
1111011011011000
1111011001111100
1111010001011100
1111010010011000
1111100101010010
1111110010000100
0000100000110110
0000111111001000
0001100000001110
0010000110111110
0010001010110000
0010011100010000
0010011000000000
0010011001111000
0010001111100000
0010000011101010
0000111101001110
0000111011010110
0000011101100100
0000010110011110
0000110101001100
0000111001011100
0001001001000010
0001100110010110
0001111110011110
1111011110110110
0000011111111110
0010010111011110
0010001001001000
0001100001000101
0000001111110110
0000001000000100
1111111100001000
1111001111010100
1111110100111100
1111111101010100
0000100010010110
0001010110111100
0001111011111110
0010011100010000
0010001001001000
0001001101011000
0001000010101000
0001000110110100
0001011011001000
0001111001000000
0001110111110100
0001000101000000
0000000110010010
1111110101100010
1111100001001110
1111011101101010
1111101010001100
1111110110001010
0000100101111100
0001000110001110
0001110100110100
1111110101111010
0001000011101000
0010011100010000
0001111100011000
0010000010100110
0000000010010110
1111101100100100
1111100000001001
1111010011101100
1111011100010000
0000000001100100
0000011100000000
0000010000010100
1111010100011110
1111011101000010
1110100011100000
1110101100110100
1110001011011010
1110010100101110
1110100011100000
1111000011011000
1111000001000010
1110111101001010
1110100101000100
1110110000101110
1110010011001010
1101110000001100
1101101001111110
1110000111100000
1110001110100000
1110111010110100
1111001001100110
0001001010101000
0010011100010000
0001010000011110
0000011101001001
1110100110001110
1110100111011000
1111011001100010
1111100110010110
1111100000100010
1111000011011000
1111001000000010
1110110101011000
1110011011101110
1110001110111010
1111011010101100
1111001111000010
1110111110101100
1111000101101101
1110001001000100
1110100001100100
1110100001100100
1110111011001110
1110011110000100
1110011000001110
1110000111111011
1110100001100100
1101101011111010
1110000000111010
1110011111001111
1101101001100110
1101110000100100
1101110110011010
0001001011100110
0010011100010000
0001110011111100
0000101101011000
1111010010101000
0000000101000010
1111011100101110
0000001111001000
1111111010111110
1111111010111110
0000001111001000
1111011100101110
0000100011010010
0000100011010010
0000000101000010
1111111010111110
0000011001001100
0000101101011000
0000011001001100
1111111010111110
0000001111001000
0000001111001000
1111111010111110
0000001111001000
0000011001001100
0000000101000010
1110010110001010
1111011100101110
1111110000111000
0000000101000010
1111111010111110
0000001111001000
0000110111011100
0010010010001010
0001110011111100
0001010101101100
1111111010111110
1111100110110100
1111110000111000
1110000010000000
1110010110001010
1110000010000000
1110101010010100
1111001000100100
1111100110110100
1111110000111000
1110111110011110
1111110000111000
1111110000111000
1111010010101000
1111111010111110
0000000101000010
0001010101101100
0010011100010000
0001111110000000
0001111110000000
0001010101101100
0001000001100010
0010011100010000
0001010101101100
0010001000000110
0001011111110010
0001001011100110
0001110011111100
1111000111110000
0000011011000110
0001100110000110
0001001101000110
0001000100110000
1111101101010000
1111110101100110
1111110001011010
1111001011111011
1111011100100110
1111100000110000
0000000010000110
0001001000111010
0010001011100110
0010011100010000
0001000100110000
0000011011000110
0000011011000110
0000010010110000
0000110100000101
0000101111111010
0001000100110000
0000101011110000
1111100100111010
1111000011100110
1110011001111010
1110101010100110
1111001011111011
1110110111000110
0000000110010000
0000100011011010
0000101011110000
1101100011110000
1101100011110000
1101100011110000
1101100011110000
1101100011110000
1101100011110000
1101100011110000
1101100011110000
1101100011110000
1101101010001110
1101110011011100
1110101110011110
1111010111010010
0000001110011010
0001010101011011
0010001101000010
0010001000111000
0000011011000110
1111011001110110
1110111001000110
1110100101111100
1110001011111000
1101111001011100
1101101010111010
1101100011110000
1101100011110000
1101100011110000
1101100011110000
1101100011110000
1101100011110000
1101100011110000
1101100011110000
1101100011110000
1101100011110000
1101100011110000
1101100011110000
1101100011110000
1101100011110000
1101100011110000
1101100011110000
1101100011110000
1101100011110000
1101101010000110
1101101110001100
1110010001101110
1110110110010110
0000000011000100
0001101001100100
0010001011110100
0001010111000010
0000001110011100
1110111001111110
1110011000011010
1110001001110000
1101111011001110
1101110001110100
1101101011010000
1101100011110000
1101100011110000
1101100011110000
1101100011110000
1101100011110000
1101100011110000
1101100011110000
1101100011110000
1101100011110000
1101100011110000
1101100011110000
1101100011110000
1101100011110000
1101100011110000
1101100011110000
1101100011110000
1101100011110000
1101100011110000
1101110011011000
1101110001110100
1101111111010000
1110000011000000
1110010010111101
1110111101001000
1110101101100000
1110001110111000
1110011100010100
1101110011101100
1101110001001100
1101110100101000
1101100111100000
1101110010110110
1101110010010100
1101100011110000
1101100011110000
1101100011110000
1101100011110000
1101100011110000
1101100011110000
1101100011110000
1101100011110000
1101100011110000
1101100011110000
1101100011110000
1101100011110000
1101100011110000
1101100011110000
1101100011110000
1101100011110000
1101100011110000
1101100011110000
1101110101100110
1111110010100110
0010011100010000
1111001110111010
1111000101111110
1110101111101010
1101111110100010
1110000011000000
0001010100110011
0001110100000100
1111011100010010
1101111110100010
1101110101100110
1110000011000000
1110100010010000
1101100011110000
1101100011110000
1101100011110000
1101100011110000
1101100011110000
1101100011110000
1101100011110000
1101100011110000
1101100011110000
1110011001001110
1110010111010000
1110011010001100
1110010110101000
1110010100110010
1110001110100100
1110010111011010
1110101110111000
1111010100110010
1111110011010010
0001100111101000
0001101000010101
0001101001110010
0001101111100010
0001111011010010
0010000001111000
0010000001111000
0001111101111100
0001011110110100
1111111000010110
1110010111110110
0000011011100100
1101101110001100
1101111110001010
1110010000111010
1110010111011000
1110011100001100
1111000001100000
0000010111110000
0000110011010000
0001010001010000
0001100111110000
0001011000101111
0001111011110000
0010000000110000
0010011100010000
0001110100010000
0010000000110000
0001100000010000
0001111001010000
0010001010110000
0001001100010000
0001111110010000
0001011011010000
0001100000010000
0001000111010000
0001100101010000
0001101010010000
0000001000110000
0001011000101111
0000010101010000
0001000010010000
0001011011010000
0001110001110000
0001000010010000
0000110011010000
0000011010010000
1111110100110000
1111100000110000
1110110110010000
1111110110110100
0001000011011010
0000000011000100
0001110100011010
0001000000010110
0001101011001110
0001110111100000
0001101110010010
0001011000110110
0001010101110010
0010011100010000
0010000110110100
0001111010100100
0001110100011010
0001101000001010
0001101011001110
0010000011110000
0001100010000010
0001000000010110
0001011011111001
0001001001100010
0000010101011100
0000101101111110
0000100001101100
0001001001100010
0000100100110000
0001100101000110
0010000000101100
1111100100011100
0000011000100000
0000000000000000
1111001011111011
0001111100101110
0010011001011000
0000011110000110
0000000100010100
0000011110000110
0001110110111110
0001110001010000
0001110001010000
0010011100010000
0001110001010000
0010001101111010
0001111001110110
0001100101110010
0001111100101110
0010000101010100
0001000110010000
0001010001101110
0010000101010100
0001110100001000
0001010001101110
0001011010010100
0001100010111010
0001001001000110
0001010001101110
0001101011011111
0000100110101110
0010000101010100
0001010111011100
1111100001111010
0000101001100100
1111111110100100
1111010110011100
1101100111100000
0010011100010000
1101100011110000
1101100011110000
1101100011110000
1101100011110000
1101100011110000
1101100011110000
1101100011110000
0010001010101100
0001111100101001
0001100000100100
0001011101000100
0001100111100110
0001100111100110
0010001010101100
0001111100101001
0001010010100000
0010001010101100
0001101011000110
0001101110100110
0001110010001000
0000110110011100
0001100000100100
0001100111100110
0010011100010000
0001111100101001
0001011101000100
0010000000001010
0001110101101000
0001010110000010
0000101000011000
0000101011111000
0000110010111010
0000111101011100
0001010110000010
0001111001001000
0001000111111110
0001001111000000
0001011101000100
0000001000110010