1111101101110110
0001110000010111
0010000111001100
0001110101000010
0000000111000010
1111000111010000
1111000001111110
1111000000001110
1110011010001100
1110011011111100
1110011010001100
1110001110011110
1110011101101100
1110011011010110
1111001111011100
1111001110110110
1110111110011110
1111000111110101
0000001100010010
0000111010100010
0000111001111100
0000101010001000
0000011110011100
0000100111110010
0000111110000010
0001011110001110
0010000111001100
0010011000001010
0010011100010000
0010010101001110
0010011000001010
0010001110110010
1111011111110100
0000100001000110
0001110110110000
0001111110101000
1111111101000001
1111011010101110
1110111001111000
1110010011111010
1110001001010000
1110011001000000
1110100111010110
1110011001000000
1110010010100000
1110110100010100
1110110101001110
1110111100101000
1111101110101000
1111111101111010
0000110010001110
0001011000001100
0001110010001000
0001110110110000
0001101110111000
0001111100010100
0010011100010000
0010011011010100
0010010011000000
0010000011101110
0001111111100010
0010000011101110
0010000101000110
0010011000100010
1111001110010000
0000010001100010
0001111110111100
0001111000110000
0000010011001100
1111110100101010
1111101011001010
1111000110011010
1111000000101000
1110111100111010
1111010000010100
1110110110010100
1110111101010110
1111001111000110
1111101011111110
0000000101001010
0000110000000110
0001100100000101
0010001000000010
0010011100010000
0010001000011100
0010001100111110
0010000001110110
0001110110101100
0001110100100111
0001011001110010
0001000001110110
0000110111001000
0001000101111110
0001000110110100
0001010110100000
0001011101111010
1111001110001110
0000101010000000
0001111011101010
0001111010010010
0001111011001110
0000100100000010
1111101111010000
1111100000100100
1111001111100110
1111010110111100
1111101111010000
1111111101111100
0000100011000110
0001010000000100
0001100101101010
0001111100001000
0010010001101100
0001101000011010
0001011100000000
0001011000010110
0001111110011100
0010011100010000
0010011010011010
0001010000000100
0000100111010000
0000010011111110
0000010011100000
0000100111101100
0000101101001100
0001010110000010
0001100100010010
0001100111000010
1111011011010000
0000101001101000
0010010100111010
0010010000100000
0010011100010000
0001000111000010
0000011110011000
0000011001111101
1111110111101100
0001000111000010
0001101000010101
0001011111111111
0001100010111100
0001010101001110
0000111100010000
0000001010110010
0000000010011100
0000000000000000
1111101110110110
0000010111111111
0001010101001110
0001011000001010
0000111100110000
0000010000001010
1111111111100000
1111111111000010
1111101010011100
0000001110001110
0000010011100110
0001001100011010
0001101101001110
0001101011110000
1111100011110100
0000101101001100
0010010000101010
0010011100010000
0001011000010001
0001000010101110
0001010100001000
0001000111010010
0001001000111100
0000100100111000
1111110101001110
1110111001100010
1110110011010100
1111000010010000
1111000110110100
1110110111011110
1111000101001010
1110111110100010
1110110111000100
1111001000111000
1111100110101110
1111110111101110
1111110111101110
1111011011100010
1111001000111000
1111001111000110
1111010000110000
1111001101000010
1111110000010000
0000001111010110
0000100010000000
0000100110111110
1111010100010110
0010010000001110
0010001100000000
0010011100010000
0010001101110100
0001000010100010
0001011011001110
0001000100010110
0000010100110010
1110101001000000
1110100001110010
1110111011000100
1111001101101111
1110100111001100
1111001000111010
1110111110101010
1111001000010100
1111000101010010
1110111101011110
1110101101110100
1110001111000110
1110110000001110
1111001101001000
1111001110010100
1110111001010000
1110110011110110
1110111101011110
1110010110010100
1110010001100000
1110111111111000
1111010110001010
1111110000101010
0000000000000000
0010001100101000
0010011100010000
0001101101011000
0000011111010000
1111101000100100
1111111000001100
0000000000000000
0000000000000000
0000000111110100
1111111000001100
1111100000110000
0000000111110100
1111111000001100
0000010111011100
0000001111101000
0000000000000000
1111100000110000
0000001111101000
0000111110100000
0000110110101100
0000011111010000
0000100111000100
0000100111000100
0000100111000100
0000100111000100
0000101110111000
0000110110101100
0000110110101100
0000110110101100
0001001110001000
0001010101111100
0000010011000100
0010001101000000
0010011100010000
0010001101000000
0000110001100010
0000011010101100
0000000011110100
0000000011110100
0000010011000100
0000001011011100
1111010110000110
1111111100001100
0000000011110100
1111100101010100
0000110001100010
0000101001111010
1111010110000110
0000000011110100
0000000011110100
0001000000110010
0000111001001010
0000100010010100
0000101001111010
0000110001100010
0000110001100010
0001000000110010
0001011111010010
0001111101110000
0010001101000000
0010000101011000
0001111101110000
0001110110001000
1111000111100100
0000011110011000
0001110101001100
0001100011110100
0001011011001010
0000010001011000
1111100001101000
1111000111100100
1111011101010010
1111010100100110
1111010100100110
1111011000111100
1111100101111110
0000001000101100
0000001101000010
0001011111100000
0010011100010000
0010001111001110
0010011100010000
0001111101111000
0010010011100100
0010010011100100
0010001010111000
0001101100100000
0001101100100000
0000001101000010
0000101111110000
0000101011011010
0001000101011100
0001011011001010
0001011011001010
0001011111100000
1101100011110000
1101100011110000
1101100011110000
1101100011110000
1101100011110000
1101100011110000
1101100011110000
1101100011110000
1101101000110110
1101101000000000
1101110110101010
1110110011001100
1111001010110010
0000100110001000
0010010001101000
0001100100110100
0000100100000000
0000011110000011
0000010110000000
0000101011111000
0000001011111111
1110100110000010
1101110010011010
1101101010100100
1101100111100100
1101100011110000
1101100011110000
1101100011110000
1101100011110000
1101100011110000
1101100011110000
1101100011110000
1101100011110000
1101100011110000
1101100011110000
1101100011110000
1101100011110000
1101100011110000
1101100011110000
1101100011110000
1101100011110000
1101101100100100
1101101010010100
1101110010111000
1110011111101110
1111010011100110
0000100101000110
0001111110010010
0001011101111010
0000100000100100
0000100011111110
0000000101011110
1111111010000010
1111100001101110
1110010011001000
1101101111011110
1101101011000100
1101101001010010
1101100011110000
1101100011110000
1101100011110000
1101100011110000
1101100011110000
1101100011110000
1101100011110000
1101100011110000
1101100011110000
1101100011110000
1101100011110000
1101100011110000
1101100011110000
1101100011110000
1101100011110000
1101100011110000
1101111010000110
1101100111111010
1101101110001010
1101111000100100
1110100011010010
1110001100011000
1110000011000000
1110000101000100
1110001111001110
1110001000100000
1101111101011110
1101111101111100
1101111111111000
1101111000111000
1110000111101100
1101111001101000
1101101101001000
1101100011110000
1101100011110000
1101100011110000
1101100011110000
1101100011110000
1101100011110000
1101100011110000
1101100011110000
1101100011110000
1101100011110000
1101100011110000
1101100011110000
1101100011110000
1101100011110000
1101100011110000
1101100011110000
0001101011001010
1110010000011011
0000110101100100
0001110100000100
0001100110101100
1101111110100010
1101111110100010
1110011001010100
1110000111011110
1110001011111100
1110001011111100
1110100110101110
1111000101111110
1111000001100000
1110001011111100
1101110101100110
1101110101100110
1101100011110000
1101100011110000
1101100011110000
1101100011110000
1101100011110000
1101100011110000
1101100011110000
1101100011110000
1111010101111000
1111010100110000
1111010101110001
1111011001101010
1111011011001010
1111011101101000
1111011111001110
1111100110000011
0000000011011010
0000110110101010
0000111100111100
0001001100000010
0001011000001100
0001100010111110
0001101011010100
0001111010101010
0010000011110000
0010000100000100
0001011100110101
0000001001101100
1110111001001010
0001001101001110
1101101111111110
1110010011100000
1110011000011010
1110011000010011
1110110000001110
1101110010000100
0000010011010000
0000100101101110
0000100001000110
0000111110010110
0001010110111110
0001000110000010
0001100011010010
0000110010000010
0001100110011000
0001011011100110
0001111000110110
0001110101110000
0001010110111110
0001010010010110
0001000111100110
0001111111000000
0010011001001010
0010011001001010
0001100000001110
0001100000001110
0001000111100110
0001100001110000
0010000011101000
0010011100010000
0010000011101000
0001101001011100
0001010101011011
0001100011010010
0001000001011100
0001100111111010
0001101100100010
0000111111111000
1111111101001010
0000101101011110
0001100110010010
0010011100010000
0001110001101000
1111110100101000
0001111111110110
0010010000111000
0010000101100010
0001101011111101
0001000111000010
0001001111100010
0010010011101110
0010001011001110
0001001100101110
0001010101001110
0010010011101110
0001110001101000
0001100110010010
0001011101110000
0001010010011000
0001011000000100
0001011000000100
0001011000000100
0001111010001010
0001100011011100
0000110000010010
0001011010111010
0000110011001000
0000101010101000
1111110001110010
1111000111001100
1111111000010100
0000111000010101
0000001100110100
0001101110001010
0001100110011110
0000100110011100
0000111010111010
0010011100010000
0001111101100000
0001101110001010
0001111010111100
0010000101001100
0010010100100100
0010000000000100
0001101001000010
0000100110011100
0001010100100010
0001110011010010
0001111000011000
0000001111011000
0001000000000010
0000011110110000
0000110011001110
0001010111000110
0000100011111000
0000110011001110
0001111010111100
0010011100010000
0001000010100110
0000101000111110
1111100011110100
1110010100011010
1101100100100000
0010011100010000
1101100011110000
1101100011110000
1101100011110000
1101100011110000
1101100011110000
1101100011110000
1101100011110000
0000011010110010
0010001010011010
0001000111011100
0000101100101010
0001010000010110
0001100110101100
0001011001010010
0000101100101010
0001011001010010
0001101111100101
0010001010011010
0010011100010000
0001010100110011
0000101100101010
0000101000001100
0000110001000110
0001010000010110
0001001011111010
0000011111010000
0000001101011010
1111101110001010
0001000010111110
0000111110100000
0000100011101110
0000111110100000
0000100011101110
0000011111010000
0000111110100000
0001000010111110
0000010110010100
0000110001000110
1111011100010010