1110110000110000
1111101011101001
1111010000011100
0000110100000101
0010011100010000
0010010110001110
0000101001100010
0000000010010000
1111001000111010
1110101101101110
1110110011110000
1111001000111010
1111111111010001
0001101110111110
0001011111111000
0000100001111110
1111100001000100
1111010110011110
1111111100001110
1111110100101100
0001010011110010
0001101110111110
0001011011010110
0000001001110100
0000000000101111
1111111100001110
1111111010101111
0000001100110110
0000110101100110
0001100001011000
0001100100011001
1111101011101001
1110011001001010
1111110001000110
1111100100100010
0000110110001100
0010011100010000
0010011001000110
0000011101000100
1111011110010000
1111011111110100
1111001110100010
1111010110011000
0000001101010110
0000011101000100
0001001010100110
0001001001000010
0000111010111000
1111110100001110
1111010100110100
1111111101101010
0000101001101000
0001000010110000
0001111111111101
0001101110101110
0000100001110000
0000010000100000
0000000000110010
0000000010010110
0000001000101000
0000010110110010
0000101111111010
0000100110011110
0000000000110010
1110101101111100
1111101100110000
1111101100110000
0000110100000101
0010011100010000
0010000101011010
0000110010101010
1111111001100110
1111110011111000
1111010101111011
1111010000001100
1111110011111000
0000010100101100
0001101000111000
0001000011110010
0000010100101100
1111101001111000
1111100111000010
0000000110011010
0000101000101010
0001001010111010
0001010100111010
0000110110111100
1111111011000000
1111100010110000
1111011011101000
1111010011000100
1111000100110010
1110110101000110
1111110101010100
1111110110101110
1111100001010100
1110110010010000
1111101110111110
0000000000101111
0001010101001010
0010011100010000
0010000100100100
0001010011101100
0000011110011000
0000000000101111
0000000101001100
1111111101110010
0000011111110110
0000111010100000
0001101011011000
0001010011101100
0000001110000100
1111001100111010
1111010100010100
1111111001010110
0000011100111000
0000111001000010
0000101010001110
0000001001101000
1111110111110110
1111100111100100
1111010101110010
1111000001000100
1111000001000100
1110110110101100
1111100100100110
0000100010110100
0000001011000101
1110110100111100
1111110011110000
0000010101011100
0001101110010010
0010011100010000
0010001000010110
0001001110001000
0000011011100100
0000010010011000
0000010010011000
0000100100110000
0001001110001000
0001100000100000
0001101000001010
0001000011011010
0000001001001100
1111100100011100
1111100010111010
1111111110011110
0000000001100010
0000100011001110
0000001010101110
1111111001111000
1111010010000010
1111000111010100
1111001011111011
1110011111100000
1110010000001100
1110101101010010
1111100001011000
0000011011100100
0000001100010000
1110101111101010
1111101100101010
0000010000011000
0001101111100101
0010001101011000
0001110101100100
0000110111000100
0000010110010100
0000001010011010
0000001011111010
0000110101100100
0010011100010000
0010010111110010
0000110101100100
0000010011010110
1111110001001000
1111010110010110
1111000001100000
1110111101000010
1111011100010010
1111110100000110
0000000000000000
0000001011111010
1111100110101100
1110110100000110
1110101111101010
1110110001001000
1110010011011000
1110010000011011
1110011111010010
1111011100010010
1111010111110100
1111001010111100
1111111111010010
1111111101110100
0001100110011110
0001111100010010
0001110111111010
0000011010110111
0000010111111110
0000010010001010
0000000110100001
0000110000101100
0010011100010000
0010010110011100
0000110111111110
0000010010001010
1111011010111100
1110110110100110
1110111111010100
1110110101001010
1111111000000000
0000010010001010
0001011010110110
0001011001010111
1111101010111100
1111000000110010
1110010000110100
1110001101111010
1110011000000100
1110011100011100
1110100010010000
1111010010001110
1111011111010010
1110101101010010
1111001000110110
1110001000100000
0001000000010110
0010011100010000
0010011100010000
0000101101111110
1111100100011100
1110100100000111
1111010010000010
1111010010000010
1111100100011100
0000011011100100
0010011100010000
0010001001111000
0001000000010110
0000100100110000
1111110110110100
0000000000000000
0000000000000000
0001011011111001
0001110111100000
0001010010101110
0000000000000000
1111110110110100
1111001000110110
1110110110011110
1111010010000010
1111010010000010
0001001001100010
0001011011111001
0000110111001010
1110000111011110
1111010111110100
1110111101000010
0000111010000010
0010010011010100
0010001010011010
0000011111010000
0000000100011110
1111110010100110
1111001110111010
1111100000110000
1111101001101100
0000110001000110
0001011101110000
0000110001000110
0000101000001100
0000000100011110
0000001101011010
0000101000001100
0001000010111110
0010000001011110
0010000001011110
0001100110101100
0001010100110011
0000110001000110
0000101000001100
0000110001000110
0000110001000110
0001111000100010
0010011100010000
0010000001011110
1111110010100110
1110010100001010
1111011111000000
0000001111011001
0001100111011100
0010011100010000
0010001111000010
0001000100001110
0000011100100110
0000000110100110
0000001111011001
0000011000001110
0000111011011010
0001001000101000
0000111111110100
0000100101011010
1111111001011010
1111110101000000
1111011111000000
0000001011000000
0000001111011001
0000111011011010
0000110111000010
0000010011110100
1111010110001100
1111010110001100
1111100011011010
1111000000001100
1111000100100110
1111101100001100
0000000110100110
0000101110001110
0000011100100110
1101100011110000
1101100011110000
1101100011110000
1101100011110000
1101100011110000
1101100011110000
1101101001011110
1101101001011110
1101110110011100
1110100001110000
1111100000000000
0001101010111100
0010001100000100
0010001001100100
0010010110000010
0010010111110010
0010011001010000
0010010001100010
0010001010010100
0010000001110110
0001101110111100
1111111010101010
1110010100010100
1101110100001100
1101110010101100
1101110100001100
1101110000011100
1101101110011110
1101101011101110
1101110000001100
1101110000001100
1101101100001110
1101101011001110
1101100011110000
1101100011110000
1101100011110000
1101100011110000
1101100011110000
1101100011110000
1101101000110010
1101101001001110
1110000101000000
1111100000001110
1111100111011100
0001011010110100
0001111001001000
0001100100001111
0001110011111000
0010011001110100
0010001111000100
0001110011001100
0001101001110110
0001110110011110
0001101001111110
1111101010100110
1110110000101000
1111001111001100
1111000000011000
1110111101011100
1110110111100000
1111001010111000
1110111100110000
1110101101101110
1110010110001010
1110000011100110
1101110110101010
1101100011110000
1101100011110000
1101100011110000
1101100011110000
1101100011110000
1101100011110000
1101110000010010
1101110011011000
1101110100111100
1111011100000100
1111001100111100
1110010001110110
1110010110100010
1110001010110100
1110000110111010
1110000101010110
1110000101100000
1110000011101000
1110001000101000
1110001001111000
1110001001111000
1110001110111000
0000000001000010
0010001110001100
0010011001001000
0010010111100100
0010001110101100
0010001100101000
0010001110001100
0010000100010010
0001011001000011
0000110010100000
1111110101100100
1101100011110000
1101100011110000
1101100011110000
1101100011110000
1101100011110000
1101100011110000
1110011101110010
1111001110111010
0010011100010000
0010011100010000
1111101001101100
1111100000110000
1110100010010000
1110010000011011
1101111010000100
1101101100101100
1101111110100010
1110000111011110
1110011001010100
1101101100101100
1111000101111110
0001101111100101
0010011100010000
0010011100010000
1101111010000100
1101111110100010
1101101100101100
1101110101100110
1101111010000100
1110000011000000
0000011111010000
0010011100010000
0010011100010000
0010011100010000
0010011100010000
0010011100010000
0010011100010000
0010011100010000
0010011100010000
0010011100010000
0010011100010000
0010011100010000
0010011100010000
1110111100100100
1110111100100100
1110111100111000
1111001110110010
1111001011011010
1111001110000011
1111000110010000
1111000101101010
1110100100110010
1101111111111100
0001001111001010
1110101101010010
1111001001011111
0000111110011110
0001110111001001
0001111001110110
0001100111001100
0010011100010000
1111011010101110
0000101110110010
0001110001011010
0001011011001110
0001000000010000
0000111110101010
0001111110001000
0010011100010000
0001100011001010
0001011011001110
0001101011000100
0001010001101100
0001011011001110
0001011000000010
0001100100101101
0001111001010110
0001111111101100
0001111001010110
0010000001010010
0010000110000010
0001100001100100
0010010101111010
0010010100010100
0001110110001100
0001110111110000
0001100100101101
0001010100111000
0001010000000101
0000011011110000
0000000011111110
1111110111010010
1110110111110100
1110111100111000
0000101000010001
0001100111110000
0001100101010100
0001000000101100
0001000110110100
0010000101000100
0010011100010000
0001101101111000
0001111101101110
0010001001111100
0001111101101110
0001111101101110
0001011111001110
0001011010010110
0001100100000101
0001010110101010
0001010111111000
0010001100011000
0010010000000010
0001110111100111
0001101101111000
0010000001011010
0001110110011010
0001010111111000
0001110101001100
0001110110011010
0001100000011100
0000101101001010
0000010011100010
0000001100001110
1111100011111100
0000000000000000
0000111011000100
0001101011000010
0000111000100110
0000100010011100
0000010110001010
0001110010011010
0010011100010000
0001011101100000
0001000111010110
0001010010011100
0001011101100000
0001000011101010
0000101100010010
0000110110001000
0001000010011100
0001000010011100
0000110111011000
0001010001001011
0001101101100000
0001011100010010
0001101101100000
0010000111010110
0001110010011010
0000110100111010
0001011110101110
0001101100010001
0000111110110000
0000101101100010
0000001100010100
1111111000101000
1111011100010100
0000101010110000
1101100011110000
1101100011110000
0010011100010000
1110000011000000
1101100011110000
1101100011110000
1110101100101010
1101100011110000
1110001000000010
1110011100001100
1111001110100110
1111011100101110
1111110000111000
0000011011001110
0000001001000100
0000001101000110
1111111010111110
0000000101000010
0000000111000011
0000000001000000
0000110011011010
0000001001000100
0001001011100110
0001111001111110
0001101001110110
0001100011110100
0001111110000000
0001101101111000
0001111100000000
0001111110000000
0010000110000100
0010011100010000
0001110111111110
0001011101110000
0001011111110010
0001011111110010
0001010001101001
0000111111100000
0001000101100100
1111101010110110