1111000110100010
0001011010011010
0001010100100110
0010000101000000
0001111000000101
1111110110010100
1111011101001000
1110101110101011
1110101111111100
1111010000001110
1110111000010110
1111010100000110
1110110011001010
1111001110010010
1110111111011100
1111011100100000
0000011101000100
0001001110001000
0001101011110011
0010010000101000
0001111011010100
0010001001100010
0001101000100110
0001110101100000
0001111111110110
0010011100010000
0001111000110000
0001110101100000
0000111100000010
0000111001011110
0000111111010010
0001001000010100
1110101100010110
0000101111111000
0000101011101010
0001011101101010
0001010001100010
1111001110000011
1110111110110000
1110101101011010
1110011011100010
1110100101000000
1110100111101000
1111100110110000
1111010101011000
1111101001011000
1111010110111110
1111111100110110
1111100111010010
0000011011010110
0000010011011110
0001101000101100
0001011000111001
0010011100010000
0010001001010100
0001111001000000
0001100010011000
0010010111100000
0010001001010100
0010011001101000
0010000110001010
0001111110110010
0001100111001000
0010000110101100
1110100001010100
1111110111100110
0000001111110110
0000110100001111
0000000111011110
1110111111101000
1110010100010000
1110010110100110
1110010011010100
1101111110110100
1110010101101010
1110110001101010
1110111001000110
1110111000001010
1111000011110110
1110111101110010
1111100000110000
1111100111010010
1111111101001100
0000101000000111
0001010111001110
0001100101001110
0001100111000110
0001100001000000
0001011000101000
0001010111001110
0010000110110010
0010010101010000
0010011100010000
0010001110101110
0001111101000000
0010000100111100
1110101111110110
1111101111111000
0001001000000100
0000111010011101
1110110010111000
1110100110110011
1110011011101100
1110011001001100
1110001010100100
1110000101100010
1110011010001100
1110101000110100
1110110000011000
1110100101110010
1110100011010000
1110101010110100
1110011100001100
1111000011000000
1111010010001000
1111111101111110
0000101111111000
0001010100001011
0001101011010110
0001010101101100
0000111100011110
0001001100101000
0001101100011000
0010000010000010
0010011100010000
0010010001101010
0010000000000010
0010010010101100
1110101100001100
0000000101110110
0000101110111110
0000010000010010
1110111110101000
1111000100110000
1110110100001100
1110101011100110
1110101110000010
1110011110000100
1110010000100101
1110101001110000
1110100000100010
1110110010111100
1110111100001010
1110111100001010
1110110001101110
1110110111111000
1110110100001100
1111001001101010
0000010111101000
0000110110010110
0001011001010110
0001101001111010
0001000100011110
0000110111100100
0001100001111100
0001111100111100
0010010100010010
0010011100010000
0001111111011010
0010001000100110
1111011010110110
0001001001101100
0000111010011000
0000110011010100
1110011010000000
1110001111011000
1110100101110010
1111100000110000
1111011010110110
1110000101111100
1111000010000110
1111011010110110
1110111100001100
1111001001001010
1111001100101100
1111001000000000
1110111011000000
1110100011011100
1111010100111110
0000010111000000
1111100000110000
0000011010100010
0010000010010100
0001100100110100
0001100001010010
0000101111110000
0010011100010000
0001111101100110
0001001001101100
0001010000110010
0001101110010000
0001101001100010
1111100100010110
0001000110100010
1111010111111010
1110110110101110
1101111011010000
1110010001011000
1111010111111010
0000000110111010
0000010011010110
1110001110101000
1111011101011100
0000001111001110
1111110011100100
1111001100110110
1111001100110110
1111110110010100
0000000000000000
1111100000001100
0000000110111010
0010010001001100
0001001010101010
0001100100111100
0010010101010110
0010011100010000
0001000110100010
0001001100000100
0001010111001000
0000010000100110
1110101101000010
1111100000001100
0000010011010110
0000011110011010
1111011101101100
0001011111010010
0001011111010010
0001010000000010
0001010000000010
0000001011011100
1111110100100100
1110001001111000
1110111111001110
1111011101101100
1111011101101100
1111011101101100
1111101100111100
1110110111100110
0000010011000100
0000010011000100
0000111001001010
0001010000000010
0001111101110000
0001011111010010
0010011100010000
0010011100010000
0010000101011000
0001111101110000
0010011100010000
0001111101110000
0001100110111010
0001010111101010
0001010000000010
0001010000000010
0001010111101010
0001001000011010
1111000001100000
0001000110010100
0000111110100000
0001101101011000
0001011101110000
1111111000001100
0000000000000000
1111001001010100
1111001001010100
1111101000100100
1111010001001000
1111001001010100
1111001001010100
1111011000111100
1110100010010000
1110111001101100
0000011111010000
0000111110100000
0001101101011000
0001111101000000
0001010101111100
0001001110001000
0001010101111100
0001011101110000
0010011100010000
0010010100011100
0001010101111100
0000101110111000
0000011111010000
0001000110010100
0001110101001100
0001111101000000
1110110100000000
0000001000011100
0000111011001000
0000011101100100
1111011110001110
1111100110101010
1111100010011100
1111011010000000
1111100110101010
1111010101110010
1110001101111110
1110010010001100
1110010110011100
1111100010011100
1111100110101010
1110111100011100
1111010001100100
1111100110101010
1111110111100100
1111110111100100
0000011101100100
0001011100111010
0010010011110100
0010010011110100
0001000011100100
0001001100000000
0001100001001000
0010011000000010
0010011100010000
0010011000000010
0010000010111010
0010001111100110
1101100011110000
1101100011110000
1101100011110000
1101110100100010
1101101101111110
1101111101010100
1111001001111110
1110110001111000
1110101001001000
1110010100101010
1110100111101010
0001111100110110
0001111100001000
0001010100101100
0000110000001100
0000111111100010
0001011100101110
0000000010111001
1111101010110100
1110111100110100
1111000100110110
1110010101011010
1101101110101100
1101100011110000
1101100011110000
1101100011110000
1101100011110000
1101100011110000
1101100011110000
1101100011110000
1101100011110000
1101100011110000
1101100011110000
1101100011110000
1101100011110000
1101100011110000
1101110100101010
1101110010011100
1101110101101000
1110011010010110
1110001110001110
1110001011111110
1110010110110100
1110111000111110
0000011100100100
0000010110100000
0001000001100110
0010001010101100
0001010000100110
0001010101011000
0000111111101100
1111010001010000
1110011011101000
1110011001011000
1110000011010111
1101110101010100
1101100011110000
1101100011110000
1101100011110000
1101100011110000
1101100011110000
1101100011110000
1101100011110000
1101100011110000
1101100011110000
1101100011110000
1101100011110000
1101100011110000
1101100011110000
1101110110000000
1101110011011000
1101101100100110
1101110100011010
1101111010001000
1101111000000100
1110010110010000
1111001001110100
1110101110110000
1110111110011000
1111010111011000
1111111001001000
1111010011101001
1111000011000100
1111011110111000
1110100011100000
1110010000011100
1101111110111100
1101110111101000
1101101111001100
1101100011110000
1101100011110000
1101100011110000
1101100011110000
1101100011110000
1101100011110000
1101100011110000
1101100011110000
1101100011110000
1101100011110000
1101100011110000
1101100011110000
1101100011110000
1110100110101110
1101101100101100
1110011001010100
1110010100110110
1101101000001110
1110100010010000
0010011100010000
0010011100010000
0010000101111100
1101111110100010
1110001011111100
1101101100101100
1101101100101100
1101100011110000
1110101011001101
0000000100011110
1110011001010100
1101111010000100
1101110001001010
1101111010000100
1101100011110000
1101100011110000
1101100011110000
1101100011110000
1101100011110000
1101100011110000
1101100011110000
1101100011110000
1101100011110000
1101100011110000
0000010011101010
0000010100110010
0000010111110010
0000010101111010
0000010101001010
0000010101100100
0000010011100000
0000010010011000
0000001011011100
0000000101000100
0001101101111010
0001101001100010
0001101011110011
0001101010010110
0001101111001000
0001111000101010
0010000000000000
0010000111111000
0010010011011010
0001101100001010
1110110101000000
0000011101011010
1111001101011011
1111100101000010
0000011000110000
0000110011001110
0000101100100001
1110000011000000
0000101000001100
0000101000001100
0000110111000100
0000110111000100
0000000111011100
0001000010111110
0000011100010010
0001100011101100
0001001011111010
0001110101100100
0001010001110110
0001011010110010
0001011101110000
0001101001101010
0001101111100101
0001100110101100
0010011100010000
0010000111011010
0010001101011000
0010010011010100
0010000001011110
0010000111011010
0001110101100100
0001001011111010
0001011101110000
0010000001011110
0001110101100100
0001101100101000
0001100110101100
0001101001101010
0001010001110110
1111010111110100
0000100001100110
0000100100100000
1111111110100010
0001001010011110
0001000111100100
0000011011110000
0000101101010010
0001010011010000
0001100111101100
0001111100001000
0001101010100110
0001011100000000
0001011110111010
0001011110111010
0001100111101100
0001010110001010
0001111001001110
0010011100010000
0001101101100010
0001010110001010
0010000111110100
0001111001001110
0001000111100100
0001100111101100
0001101101100010
0001100100110000
0001111001001110
0001100100110000
0001010000010100
0001110011010111
0001010011010000
0000000001011110
0000011011110000
0000110110101110
0000100000100010
0000001010010100
0000000011111110
0000000101100100
0000010111000000
0000011101010110
0001011000000010
0001011111111110
0001011000000010
0001011111111110
0001110001011010
0001010001101100
0000111011100000
0001000101000000
0010010010101110
0010011100010000
0001110111110000
0001001001110000
0000110001111101
0001001100111100
0000101101001110
0000110101001010
0000110001111101
0000110110101110
0001000110100110
0000111011100000
0000101010000010
0000011011110000
0000010011110110
1111110100000110
1111111111100010
1101100011110000
1101100011110000
0010011100010000
1110100010010000
0010011100010000
1101100011110000
1110010111110110
1101100011110000
1111011110001100
1111010001010010
1111100100101000
0000100001110100
0000100101000100
0000001000000100
0000000100110110
0000101011100000
0000011110100110
0001010010001010
0001011011110100
0001101000101110
0001010101011000
0000101011100000
1111110111111100
0000110101001010
0001111100000001
0010011100010000
0001000010000010
0000100001110100
0001000010000010
0000110001111100
0000010001101110
0000010100111100
0000010001101110
0000001110011111
0000000001101000
0000001000000100
1111111110011000
0000000001101000
0000001000000100
1111110100101110