1111010010001010
0000010111111111
0001000100111100
0010010100110000
0010011100010000
0010001101010010
0000010111011010
0000100011111000
1111011011100000
0000000111110100
0001011010001000
0001110111011100
0001111001111100
0000111111111100
0000110111001100
0000100110011000
0000100101110000
0001001011001010
0001011111110000
0001110011000110
0001110000100110
0001100111001110
0001010111000000
0001100110100110
0001111011110100
0010000011111100
0001110001001110
0001000010011100
0001101000011110
0001100010010000
0000111111010100
0000110010001110
1111100110011110
0000010010111010
0001100001111000
0010011100010000
0010001101101010
0001111111000100
0001000101010110
0001010100100110
0001010000101000
0000111110000010
0000010000111010
1111010011111000
1111001011111011
1110111101111110
1110010110110110
1101110110010100
1111010011111000
1111100010011110
0000010110111000
0000111100101110
0000110111011010
0000010100010000
0000010110001110
0000111001011010
0001010011010010
0001010010100110
0000111010000100
0000110000000110
0000110111011010
0000110111011010
1111111011000010
1110110101010110
0000000100110000
0001010100001000
0010000111110110
0010011100010000
0001110111000110
0001000100000110
0001000010101010
0001001111000010
0000001110001110
1111011111100110
1111000101011000
1110100110110011
1110100000001110
1110001011000110
1101111101111110
1101111010010110
1110100110000010
1111000001000000
1110110011111000
1111111110111010
0001101001010000
0001111101101010
0001011011011010
0001001000011110
0001010110010100
0001010000100000
0001011100001010
0001010011011010
0001000101100100
0001110000100001
0000110011010110
1111101000010100
1111001110110000
0000111011100010
0001101110010100
0010011100010000
0001000101001110
1111111001101010
1111011111101010
1110110010010110
1111001001111010
1111000010101010
1110110100110000
1111001110001000
1111010100001100
1111000010000010
1110110010111100
1110101010011110
1110101001010000
1111100010000111
0000110000101010
0001010110001000
0001010111111100
0001001010000010
0000101110010000
0000101101000010
0000111100110000
0001010110001000
0001010101100010
0001000001100110
0001100111101010
0001101010101100
0001001110111000
0000110111010100
1111110001010110
0001011010000000
0001100100001000
0001100101001000
1111000101010110
1111000011010100
1101110111111110
1101110000011010
1101111100000010
1101101110111000
1110011100011001
1110100000111100
1110110100001010
1111010111100101
0000011011110100
0001001010110110
0001100101001000
0001101010001100
0010000010011110
0010011100010000
0010001101100110
0001110111010110
0001010100011100
0001011101000010
0001110000110000
0001111001010110
0001110110110110
0001101100101110
0010000100011110
0010001110100110
0001111101011010
0001100110101010
1111101011011010
0001000100000110
0010010110000000
0010000111011000
1111100011000010
1110100100011100
1101111010101110
1101100111011010
1110010011001110
1101111001001000
1110101110111000
1110111010010110
1111001110101100
1111110011110000
0001000110001010
0001101110010110
0001110001011110
0001111100011100
0010011100010000
0010001110001010
0001100011011000
0001000010100010
0000010101000111
0000111100010000
0001001100111100
0001010110010110
0001101011101110
0001111000001111
0001010010001010
0001011101101010
0000001111111010
0000011000010000
1111110010101100
0000111111101111
0010011100010000
0010010111010110
0001101001110100
1110001110100000
1110000110000110
1101111000110010
1110101110000010
1111100110110011
0000100111010000
0000100101001000
1111011111000100
1111111001000000
0000000010000110
0000010011101000
0001101010100000
0001111001111010
0001110101101110
0001100101100110
0000001101010100
1111110010000000
1111101101000110
0000001110000000
0000100110100010
0000111100111110
0000111111101111
0000011001001101
1111110001010010
1111011100010010
1111101101000110
0000110110101010
1111101110101000
0001000101011100
0001101000001010
0001101000001010
0001010110110100
0000011010000010
1110100000100000
1111100101111110
1111101110101000
0000010001011000
0001010110110100
0010000010001110
0010000010001110
0001111001100010
0001000101011100
0000111100110000
0001001110001000
0001011111100000
0001010110110100
0001011111100000
0001011111100000
0000101011011010
0001001110001000
0010000010001110
0010011100010000
0010011100010000
0010011100010000
0010001010111000
0001111001100010
0001101000001010
0001001110001000
0000010001011000
1110110110011110
1111100100011100
0001101110010010
0010011100010000
0010010011000100
0000101101111110
1111001000110110
1111010010000010
1110010001101110
1110101101010010
0000110111001010
0001100101000110
0001101110010010
0001011011111001
0000110111001010
0000011011100100
0001000000010110
0001100101000110
0010010011000100
0010010011000100
0001101110010010
0001000000010110
0001011011111001
0001011011111001
0001010010101110
0001011011111001
0001011011111001
0001001001100010
0001000000010110
0001001001100010
0000100100110000
0000110111001010
0000111001111000
0001101101111110
0010011100010000
0010011100010000
0001111001100010
0001111001100010
0001100010011000
0010010000101100
0010010000101100
0001010001000001
0000111001111000
0000101000100000
0000010111001010
0000101000100000
1111001011111011
1101110101001000
1111000110001000
1111000000010110
1111011101010010
0000101000100000
0000000000000000
0000011100111100
0000100010101110
0000101000100000
0001001011001110
0001001011001110
0000101110010010
0000101000100000
0000000000000000
1111011101010010
1111110100011100
1111101000110110
1101100011110000
1101100011110000
1101100011110000
1101100011110000
1101100011110000
1101100011110000
1101100011110000
1101100011110000
1101100101011000
1101100101101000
1101111111011000
0001101110100100
0001110100110110
0000011001100110
1110101010001010
0000011000010011
0000110011110100
1111110011010110
1111001101101111
1111100111001000
1111010000001010
1110110010011100
1101100011110000
1101100011110000
1101100011110000
1101100011110000
1101100011110000
1101100011110000
1101100011110000
1101100011110000
1101100011110000
1101100011110000
1101100011110000
1101100011110000
1101100011110000
1101100011110000
1101100011110000
1101100011110000
1101100011110000
1101100011110000
1101100011110000
1101100110010010
1101100110011010
1110100101011010
0001100010110110
0010000001100100
1111111001100100
1110010111011000
1111100111111000
0000000110111100
1111011101100110
1111001111010100
1111010000100110
1110110101010100
1110011101001110
1101100011110000
1101100011110000
1101100011110000
1101100011110000
1101100011110000
1101100011110000
1101100011110000
1101100011110000
1101100011110000
1101100011110000
1101100011110000
1101100011110000
1101100011110000
1101100011110000
1101100011110000
1101100011110000
1101100011110000
1101100011110000
1101100011110000
1101101100000100
1101100100010000
1111001101011110
1110010101001010
1110001100101010
1110000000011100
1101111000011110
1101111110001010
1101110010110010
1101111001101000
1101111110101110
1101110101101110
1101110111100010
1101101111101110
1101100011110000
1101100011110000
1101100011110000
1101100011110000
1101100011110000
1101100011110000
1101100011110000
1101100011110000
1101100011110000
1101100011110000
1101100011110000
1101100011110000
1101100011110000
1101100011110000
1101100011110000
1101100011110000
1101100011110000
1101100011110000
1101100011110000
1101101000001110
0010011100010000
0010011100010000
0010011100010000
0001111000100010
0010011100010000
0010011100010000
1111101110001010
1111111011100010
1111010111110100
1110001011111100
1101111010000100
1110100110101110
0000101000001100
1101100011110000
1101100011110000
1101100011110000
1101100011110000
1101100011110000
1101100011110000
1101100011110000
1101100011110000
1101100011110000
1101100011110000
1101100011110000
0001011010010100
0001100000100111
0001101111001110
0001111010110010
0010000101111110
0010001011100110
0010000111101110
0001110101010100
0001101000101000
0000001010011110
1111100110010000
1111101111011100
1111111011011000
0000000010111100
0000001111000001
0000011010101010
0000100100110010
0000101011110100
0001000011110100
0000101001011110
1111100010110111
0000110101010100
1110101000011000
1111011000000100
0001111010110100
0010000011110010
0001101010100110
0010011100010000
1110100010010000
1111100110101100
1111111011100010
0000100010001110
0000101011001010
0000011100010010
0001010111110100
0001010100110011
0000111010000010
0001100000101110
0001011101110000
0001111110100000
0010001010011010
0010011001010010
0010011100010000
0001100011101100
0001101111100101
0000101110001000
0000101110001000
0000000111011100
0000101000001100
0000101011001010
0000011100010010
0000010011010110
0000010011010110
0000110001000110
0000010000011000
0000000111011100
0000001010011010
0000001101011010
1111010111110100
1111001000111100
1111011101011110
0000101111101100
0000101001001000
0000100010100010
0000110011000000
0000101100011010
0001100001000010
0001001101010100
0000101111101100
0001110001100000
0010010010011000
0001111011010110
0010001011110100
0001101110001100
0010011100010000
0010000101001110
0001111011010110
0001100100010110
0001101110001100
0001001010000000
0001100001000010
0001000000001010
0000110011000000
0000111001100100
0001100111101000
0001010111001010
0001100100010110
0001001101010100
0000101001001000
0001010000100110
0000100101110110
0000001110110100
0001100000100100
0001100100000100
0000100100111000
0000100100111000
0000100001010110
0000101011111000
0001001111000000
0001101110100110
0001000000111110
0010010001101110
0010011000110000
0001111001001000
0001100100000100
0001011101000100
0010000111001100
0010011100010000
0010000011101010
0001110101101000
0001011001100001
0001010010100000
0001000000111110
0001001011100000
0001001011100000
0000101011111000
0001001011100000
0001110010001000
0001101110100110
0001001011100000
0001011001100001
0000101000011000
0000110010111010
0000011101110110
0001111000111100
1101100011110000
1101100011110000
0010011100010000
1101100011110000
1101100011110000
1101100011110000
1110000011000000
1101100011110000
0001101010111010
0010010101101010
0010011100010000
0000011000101010
0001010011111000
0001110100110001
0001000110101110
0000100101110110
0001011010011110
0001111000000100
0001000011011100
0000101111101100
0010000101001110
0001111110101010
0001100001000010
0001001010000000
0001001010000000
1111111011000100
1111111110010110
1111000110011100
1111100111010110
1111101101111010
1111010000010100
1111010110111000
1111000110011100
1111001001101110
1111010110111000
0000000100111100
1111011101011110
1111010110111000
1111101010101000
1111010110111000