1111010011000100
0000101010111010
0010000100110000
0001111101101000
0000000001000010
1111100100011100
1110111100100110
1110101101010010
1110111011100100
1111010001000010
0000011011100100
0001001010100100
0010000111110100
0001111101101000
0000011101101000
0000001100010000
0000100111110110
0001110000010110
0001111100100110
0001111001100010
0001000101011100
0000110001000010
0001010110110100
0001110000010110
0010011100010000
0010010010000010
0001111000100000
0001000111100000
0000001100010000
1101111100010000
1110000000010111
1110001011100110
1110110011000110
0000010111101110
0001011111101110
0001010011011100
0000000110100001
1111010011000000
1110111111011000
1110110011111010
1110101111000000
1111001011101010
1111100110101000
0000101011010110
0001101010010110
0010001110010110
0001111001000100
0000110111101000
0001001100000110
0001111001111010
0010011001110010
0010000011101110
0001001011010000
0001000110010110
0001111111101000
0010010100111000
0010011100010000
0010000110111110
0001100111111010
0000111001010000
1111010101011110
1110100001111100
1101111111100100
1110001110010010
1110100110000000
1111111011000110
0001001001101000
0000101010100010
1111110110001100
1111001010110100
1110011111011110
1110110010010010
1110100111101010
1110110010010010
1111010111000111
1111011110011110
0001000011111010
0001110101110100
0010000111110100
0001001111010110
0000111100100010
0001101011111101
0010011010101000
0010011100010000
0001101111010000
0001101010010110
0010000001010000
0010010001101000
0010011100010000
0010010010011100
0010010011010000
0000101000111001
1111011111010010
1110101001010010
1101110011010010
1101111110110000
1111000011011100
0000100011000110
0001001010010110
0000110010111100
1111110011101000
1111001001101001
1110101110110010
1110101100000010
1110110001100010
1110111100100010
1111010111011000
1111101000100110
0000100011000110
0001110000111000
0010000100110110
0001101110001000
0001000000101100
0001010110101110
0010010100000000
0010011010111000
0010001000010010
0001101000101000
0010001000010010
0010011000001000
0010011100010000
0010001000111110
0010010000100100
0001001000010010
1111111000011100
1111000101100000
1110001101000100
1110000100000110
1110101100110100
0000010111001000
0001000100100110
0000101010101000
1111001110000110
1110011010111100
1110001000010010
1110010010000010
1110000011011010
1110010111101100
1110011000100000
1110101101101000
1111011001011100
0000110011100010
0001111111000001
0010000100101110
0000110011100010
0000110001000110
0001111010111110
0010011000001100
0010000111111110
0001001111001000
0001101000010100
0010001101101000
0010011100010000
0010010100001000
0001110010000010
0001011001101100
0000010011111000
1110111101110110
1110011101011000
1101111001101010
1111001001000110
0000101010101100
0000101100100100
0000101001110000
1111110110001010
1111000000101010
1110100110011000
1110110000101100
1110100111010100
1110000001110010
1101110010110000
1110100001101100
1111000100011010
0000001001110110
0001101000101000
0001101111001110
0001000100111110
0001000011000110
0010000000000110
0010011100010000
0010000100110010
0001010101111000
0001000100111110
0001010010001000
0001110101110010
0001111010011110
0001110101110010
0001001101011010
0000111000110010
1111110001011110
1110110101011010
1101111110000010
1111101001010110
0001011000010100
0001000111010110
0000000110110010
1111100001011100
1110111101001100
1110011110101000
1110100000111010
1110000011011100
1110000101101110
1101101100110100
1101110010011110
1110000101101110
1111111011011110
0000101001111010
0001000011111100
0001100001011000
0001010100111010
0010001100011010
0010011100010000
0010000010001110
0000011010000010
0000001100011110
0000001111110110
0000011110100100
0000110101001110
0001010010101010
0000110111011110
1111100010100100
1111001001101010
1111000101001000
1110111110010110
0000111111101010
0001101101111110
0010011100010000
0010010000101100
0000110100000101
0000000101110010
0000000101110010
1111100011000100
0000000101110010
0000110100000101
0001001011001110
0001010110110100
0001001011001110
0001001011001110
0000111111101010
0000011100111100
0000011100111100
0001010110110100
0000111111101010
0001001011001110
0001111001100010
0001101101111110
0000111111101010
0001001011001110
0001010110110100
0001100010011000
0001100010011000
0001001011001110
0000110100000101
1111001011111011
1111010111100000
0000010001011000
0000001000101100
0000101011011010
0010001010111000
0010000010001110
0000111100110000
0000100010101110
0000000000000000
0000001000101100
1111010100100110
0000010001011000
0000111100110000
0001010110110100
0001111001100010
0001110000110101
0001011111100000
0001011111100000
0001101000001010
0010000010001110
0001111001100010
0010010011100100
0001110000110101
0001101000001010
0010000010001110
0010001010111000
0010001010111000
0010011100010000
0010001010111000
0001000101011100
0000101011011010
1111000011010000
1110100000100000
1110010111110110
1110100100100010
0000001011011100
0000111001001010
0000110001100010
1111010110000110
1110010001011110
1101111010101000
1110101111111110
1110101000010110
1110101100001010
1110010101010010
1110001101101010
1111010010010010
0000001111010000
0001110110001000
0001111001111100
0000101001111010
0000001111010000
0001110110001000
0010011100010000
0010001001001100
0000110101010110
0001000000110010
0001101110100010
0010001001001100
0010001101000000
0001011111010010
0001011011011110
0000110101010110
1110111011011010
1110101111111110
1110010101010010
1101100111111100
1101100111001100
1101101000001000
1101100111011000
1101100111100100
1101101001001100
1101101000110110
1101101001110000
1101101001100100
1101101011001100
1101110110011110
0001001100110110
0010011000010000
0010001001101110
0001110110010010
0001011000010100
0001001111100110
0001000010101100
0000101011111110
1111101101011110
1111001000011010
1110101001101100
1110001101001100
1101110111011000
1101101010010010
1101101000110110
1101101000001000
1101100011110000
1101100011110000
1101100011110000
1101100011110000
1101100011110000
1101100011110000
1101101000001010
1101101010110110
1101101110001000
1101110010100110
1101111000100000
1101111110000010
1110000100001001
1110000100010100
1110001001101000
1110000011111100
1101111101010110
1111101110010000
0001100100000101
0001110001000010
0010000011100000
0001111100100010
0001101111110010
0000111011100010
0000011000101110
1111010100011000
1110011111001000
1110000110100000
1101110101101100
1101101101010010
1101100111111100
1101100111100100
1101100111001110
1101100011110000
1101100011110000
1101100011110000
1101100011110000
1101100011110000
1101100011110000
1110010010101000
1111110101100100
0001000100110000
0001110111010000
0001110111010000
0010001100000110
0010010000110010
0010000010001100
0010000101010100
0001110010100100
0000110110001010
1110001011110111
1110101100101010
1110110010011000
1110111011010000
1111010101110100
1111001111100100
1111010000000100
1111000010110100
1110111001111010
1110100110010000
1110000011111000
1101111111010110
1110010011001000
1101111010101010
1101110110100000
1101110101011100
1101100011110000
1101100011110000
1101100011110000
1101100011110000
1101100011110000
1101100011110000
0010011100010000
0010011100010000
0000010001110110
1110000111011110
1101111110100010
1101110001001010
1110000011000000
1101101100101100
1101100011110000
0001000010111110
0010011100010000
0010011100010000
0010010111110010
1101111110100010
1101101100101100
1101100011110000
1101100011110000
1101101100101100
1110010100110110
1110111000100100
1111111011100010
0001010000010110
1111100000110000
1110000111011110
1110000011000000
1101101000001110
1110000011000000
1101100011110000
1101100011110000
1101100011110000
1101100011110000
1101100011110000
1101100011110000
1111101100000110
1111101100000110
1111110010101000
1111110110000000
1111111011010110
1111111100100100
1111111101011100
1111111100110110
1111110111001010
1111011101111100
0000001000001100
0000001000001100
0000001110111100
0000001000100110
0000001010101100
0000000100111000
0000000010000100
0000000000001010
0000001010001011
0000010101111100
0000100001010110
1111010010000010
1101111001101000
1110101000010100
1111111100111000
0001000100011000
0001101100000111
0001011011001010
1110100110110110
1110100101001110
1111000110100100
1111010011000000
1111011011011100
1111011111111000
1111110011100100
0000000011001110
0000000111001110
0000100110100100
0000101001110010
0000011111010110
0000100111011000
0000101110100110
0000111111111000
0000110100001110
0000110110001101
0001111011010100
0010011100010000
0010010100001110
0010001000001010
0001101100000100
0001010001111100
0001011110011010
0001001011001000
0001101000011100
0001111110100010
0001100001100110
0000110011110100
0000111101000100
0000110111011100
0000000001001110
1110000101001110
1110011001011010
1110101010010100
1111000011001010
1111010011101110
1111101111011100
0000001100111110
0000000110110110
0000000001110011
0000010011000110
0000101100101010
0000100011010010
0000011110010000
0000111011011010
0000111111000000
0001000011101100
0001011010101110
0010000010010110
0010010110001000
0010011100010000
0010010101011010
0001111010110010
0001101100011000
0001100000110110
0010000100110110
0001111110101110
0001111011100000
0001110100010010
0001101000110010
0001110010100000
0001101000110010
0000110000010000
1110000011000100
1110101001101010
1111000111011110
1111100000101100
1111111001111000
0000000110111000
0000111010110110
0000010111101100
0000000100001100
0000111000100010
0000111111110100
0000111000001010
0001000010011110
0001001111000110
0001000011101000
0000111101111000
0001010101100100
0010000011000010
0010010001001010
0010010111010010
0010011100010000
0010010010010100
0010000000110000
0001110100111010
0001110110000100
0001110110110100
0001100010111100
0001110101101010
0001010100011100
0001100100110110
0001100100000101
0000101101000110
1101100111010010
1101100011110000
0010011100010000
1101100011110000
1101100011110000
1101100011110000
1101100011110000
0010011100010000
1101100011110000
0001001000100000
0001011000100101
0000110101001010
0001001110111100
0001011111000010
0001001011101110
0001011011110100
0000111000011000
0010010010100110
0010001100001010
0010011100010000
0001011000100101
0000111011100110
0001100101011110
0000110001111100
0001000101010000
0001011000100101
0010001000111010
0001100101011110
0001000010000010
0000111000011000
0000010001101110
1111101110010010
1111010001010010
0001000010000010
0000101110101110
0000111110110100
0000011110100110
0000000100110110
1111101011000100
0000010001101110
1111001110000100