1110110000001010
1111100100000010
0000001111101100
0000111110000101
0010011100010000
0010001100100100
0001001111001010
0000110001110011
0000100000110000
0000010101110110
0000110000011100
0001101110100010
0001111111100110
0001100000111000
1111110101110000
1111011111111100
1111010011101010
1111111111010100
0000101101101110
0001001011000100
0000110011110110
1111111001110110
1111111111010100
1111110111001000
0000000010000100
0000001100010010
0000010101001010
0000100010001000
0000101110011010
0001010101010001
0001110010101000
0001101101001010
1110101001100000
1111010101100100
1111111001110000
0001000111011000
0010001111000110
0010011100010000
0010000100100100
0001001100000000
0001010001111010
0010001001110110
0010010011101100
0010001000100000
0000100111110100
1111100100101100
1111010100111010
1111001111000000
1111101110100100
0000000110010000
0000110110010010
0001000100000110
0000100110100000
1111110010100000
1111001001101110
1111001010011000
1111101001111111
1111111011000100
0000001000001110
1111101101111010
0000101011110000
0001000101011010
0000101111101100
0001000111011000
1110100011011111
1111010001101110
1111100011001011
0000111111000010
0010010111100100
0010011100010000
0010001000110100
0001111110000100
0010010101100010
0010010001100010
0000111110011000
1111111001111110
1111011001110010
1111001101000010
1110111110111100
1110010000000000
1110011000000100
1110110010111000
1111000111101011
1111111110101010
0000101110010010
0000110000111110
1111111111010110
1111001000010110
1110100010110010
1110100110110100
1110101011100001
1111011111110100
0000010010110010
0001000011101110
0000111001101010
0000101000111001
1110011000100010
1111001000100000
1111111111010100
0001011011001010
0010010011010110
0010010110110010
0001101111000010
0010011100010000
0010000000110110
0000110010000010
1111010101100000
1110100011011111
1110010110011110
1110000110000000
1110001110010000
1101111011110000
1101111001000000
1110000001111010
1110000011010010
1110101000010010
1111001001001100
0000011011011010
0000101000011011
0000010011111000
1111010010000110
1111000001101000
1111001001111000
1111010010110010
1111011111000110
1111111000011110
0000011111100010
0000011010000010
1111001110011000
1111111001010011
0000110010111110
0010000100000110
0010011010111010
0010011100010000
0010000101011100
0001110100101100
0000011110110110
1111011011110010
1110101000110100
1110001101010100
1110001001010100
1110000000100110
1110010110000010
1110000111111110
1110000100101000
1101110011001100
1110001001010100
1110011010000100
1110100110001000
1111001011000010
0000011100001010
0001000001000100
0000101101100110
0000000000000000
0000000000000000
0000010000000110
0001001110011110
0001001111001000
0001001110011110
0001101100101000
1111100111101101
0000000010010110
0001101010010010
0010001010010000
0010001001100110
0010011100010000
0010000100010000
0001010000111110
1111111000010110
1110111011101100
1110001010011010
1101111001000100
1110001010011010
1101110110011010
1110010011000100
1101111011000100
1101101101000110
1101110000011010
1110000010011010
1110011001000100
1110100111000100
1110100100011000
1111111101000001
0001100000010010
0001100000111011
0000100000010100
0000000010111111
0000011001000000
0001010111101000
0001101111100101
0001010100111101
0000010000010100
0000101010001010
0000011011110000
0001100010101100
0010011100010000
0001111100011000
0001110010000110
0001101000110110
0001000101111010
1111100000001001
1101111011011010
1101110000000110
1110010100000100
1101111011011010
1110000011101000
1111010011110100
1110100010011110
1110010101000110
1101110111010010
1101101111000100
1101111100011010
1101111100011010
1110110001111000
0000000100001000
0000110110011110
0000000011000110
1111100100010000
1111011101000100
0000001110011010
0001110110001110
0001110010000110
0000011010101110
1111100000001001
1110011001010100
1110111101000010
1111111011100010
0001010100110011
0010011100010000
0010010011010100
0000011111010000
0000101000001100
0000000100011110
0000000100011110
1111110010100110
0001010100110011
0010010011010100
0010010011010100
0000111010000010
1111111011100010
1111010111110100
1111101001101100
0000001101011010
0001100110101100
0001010100110011
0000001101011010
0000101000001100
0000010110010100
0000101000001100
0000111010000010
0001001011111010
0001010100110011
0001100110101100
0001010100110011
0010011100010000
0010001010011010
1110101011111000
1111000011111010
1111100011111110
0001010100001000
0010011100010000
0010010100010000
0000010100000010
0000010100000010
1111110011111110
1111100011111110
1111101011111110
0001011100001010
0010000100001110
0001101100001100
1111111100000000
1111101011111110
1111100011111110
0000001100000010
0001110100001100
0010000100001110
0001011100001010
0000100100000100
1111110011111110
0000010100000010
0000001100000010
0000110100000101
0000010100000010
0001010100001000
0001010100001000
0001100100001010
0010000100001110
0001001100001000
1111000111010110
1111100010110100
1111011011111100
0001001001110110
0010010101011000
0010011100010000
0001100001111000
0010001110100000
0010010101011000
0001110110011110
0000100100000100
0000000101001010
1111011111011000
1111011000100000
1111010001101000
1110111001100110
1110101011111000
1110111101000010
1111010001101000
1111011000100000
0001010100001000
0001101000110000
0000111111100010
1111100110010000
1111000000011110
1110001001100010
1110111001100110
1111100010110100
0000001100000010
0000110001110010
0000100000101000
0000101110011000
1101100011110000
1101100011110000
1101100011110000
1101100011110000
1101100011110000
1101100011110000
1101100111110110
1101101000010000
1101101001000010
1110111111010010
0000001111011100
0001100000110100
0010001011110100
0010000101110000
0001101011011000
0010001101011000
0010000110010110
0001101011100100
0001001100101010
0000110100000010
1111101000101110
1110100101101010
1110000111111100
1101110011111110
1101101101010110
1101101000000100
1101101001001110
1101100011110000
1101100011110000
1101100011110000
1101100011110000
1101100011110000
1101100011110000
1101100011110000
1101100011110000
1101100011110000
1101100011110000
1101100011110000
1101100011110000
1101100110100010
1101100110011110
1101101000101110
1110101001100110
1111111100110000
0000110011111010
0001010010011100
0010010000010000
0010010000011100
0001101100011010
0001100100100011
0000110001101000
1111111010001101
1111011011011000
1110110000010100
1101111111110010
1101110010111110
1101101100011100
1101101010110110
1101100111001110
1101100111000010
1101100011110000
1101100011110000
1101100011110000
1101100011110000
1101100011110000
1101100011110000
1101100011110000
1101100011110000
1101100011110000
1101100011110000
1101100011110000
1101100011110000
1101101100101100
1101101111001100
1101111010101010
1111001010111000
1110101111110010
1110010101110000
1110000111001010
1110010000111000
1110010010111110
1110000100000010
1110001000001100
1110001000111000
1110000001111100
1101111101011100
1101110100011010
1110000011101000
1101111001101000
1110000100000010
1110000101000100
1101101101001000
1101110101011100
1101100011110000
1101100011110000
1101100011110000
1101100011110000
1101100011110000
1101100011110000
1101100011110000
1101100011110000
1101100011110000
1101100011110000
1101100011110000
1101100011110000
1111011100010010
1110010100110110
0010011100010000
0010011100010000
0010011100010000
1110100010010000
1110101111101010
1110111101000010
1110111101000010
1111101110001010
1110101111101010
1110010000011011
1110111101000010
1101110101100110
1110101111101010
1110110100000110
1110011101110010
1110001011111100
1110101011001101
1110011101110010
1110011101110010
1101100011110000
1101100011110000
1101100011110000
1101100011110000
1101100011110000
1101100011110000
0010011100010000
0010011100010000
0010011100010000
0010011100010000
0010011100010000
0010011100010000
0010011100010000
0010011100010000
0010011100010000
0010011100010000
1110101101100000
1110101000100110
1110011011000000
1110011001011000
1110011011101010
1110010111001000
1110100010110111
1110110100000100
1111001100100100
0000011001111010
0001011001100110
0000001001001100
0000000101111111
0000011001111100
0000111000100010
0000111110110010
0000111101100111
0010011100010000
0000011111100110
0000101111011010
0001100101110100
0000111001111100
0000101111011010
0000101011111000
0001110111011000
0010001100011100
0001100000100100
0001110011111000
0010010101001110
0001010000110000
0001010010100000
0001011101000100
0001000010101110
0001100111100110
0010000011101010
0001101011000110
0001001101010000
0010001111111110
0010010110111110
0010000000001010
0001001111000000
0001000000111110
0001101001010110
0010001110001110
0010011100010000
0001100010010100
0001101001010110
0000110100101010
0000011010010110
1111000100010100
0000111001010010
0001010011010110
0010011000010110
0010000000111010
0001011000100010
0001010000101101
0010010101110000
0010010100011100
0001011001110110
0010010000100010
0010010000100010
0001011100011100
0001010011010110
0001110001010010
0001110101001100
0010000111011010
0010011100010000
0010011100010000
0001001111011100
0010000011100000
0010010100011100
0010011010111100
0001101111111110
0001011101110000
0001011100011100
0001111010011010
0010000111011010
0001011100011100
0001011111000100
0001011000100010
0000100100011110
1111100011010110
0000101011111100
0001000111010010
0010001111010010
0001110001000100
0001010001011000
0001011110010100
0010011010110100
0010000000111000
0001010101101100
0010001111010010
0010011100010000
0001100010101010
0001011110010100
0001010100010000
0001010010110100
0001110011111100
0001111000001111
0001011100111000
0001010100010000
0001100101100010
0010000010010110
0010000010010110
0001101001110110
0000100110001010
0000100100101110
0001000000000110
0001001011100110
0001001011100110
0000111101001110
0001001010001010
0000011001001100
1110111110011110
1111001110001000
1101100011110000
1101100011110000
0010011100010000
1111000001100000
1101100011110000
1101100011110000
1110100010010000
1101100011110000
0000011010011000
0001010011001100
0000100110100100
0001010111010000
0001011111011000
0001110011101010
0000110010101110
0001110111101110
0001110011101010
0001100111100000
0001101011100100
0001110011101010
0010011100010000
0010010000000100
0001110011101010
0001100111100000
0001111011110010
0001000010111110
0000100110100100
0001011111011000
0001010111010000
0001111011110010
0001010011001100
0001101011100100
0001011011010100
0010001100000010
0010000111111110
0000100110100100
0001010111010000
0000011110011100
0000011010011000
0000001110001110