0000010001000010
0010011100010000
0010010000010100
1111110110111010
1111011001111100
1110011001101110
1110100011111110
1110110110101110
1110010000000100
1110001011100011
1110000001111000
1110011111011010
1110011101001000
1110101001000100
1110100010110100
1110001111100000
1110011001101110
1110110001100110
1111110100101000
1111110101110010
0000110000111000
0000110010000000
0000011110101100
0000000001001000
1111111010010100
0000000100100010
0000001110001110
0000110100010010
0001100000100110
0010010011101110
0010001000011000
0001111110101110
1111110100000110
0010010101111100
0010011100010000
0001001110100000
0001011000001110
0000001010011100
0000011001000010
1111100100000101
1111111110110010
1111000111011000
1111010000101000
1111001100010000
1111110011001000
1111100011100100
1111011011010100
1111001111101010
1111111110010100
1111111010011010
0000000011001010
0000111111111001
0001101100101000
0010000001100010
0001100000111110
0001011111100000
0001100010111010
0001111100101001
0001110111110100
0010000001000010
0001110101011000
0001101001001110
0001101100101000
0010000001000010
1110111110001000
0001101000010000
0001110111100110
0001011011011100
0001110110010100
0001000010101110
0001000001111000
0000101000010001
0000010101000110
0000001101011011
0000010010111110
0000011100010110
0000001011010100
0000100100011100
1111111101001110
0000110011110100
0000100111111000
0010001001100000
0001111110110110
0001111101111110
0010001000001110
0001111101111110
0010011100010000
0010000101001110
0001001000101100
0000100100000010
0000110110010110
0000111000111010
0000101011010010
0000111011000010
0001000000100110
0001100101101100
1110111110000000
0001111000010110
0010000110010000
0010000010001110
0010011100010000
0001011000000000
0001011001010110
0000110111101100
0000101110010000
0000011110111101
0000111110011010
0000111110110110
0001100001011100
0001110100010010
0001110000101011
0010010101000100
0001101000001010
0001101100001110
0001011100100000
0001000000101010
0001001001001100
0001111010100100
0010010001011110
0001100001011100
0000000101011000
1111011000111100
0000000010010000
1111111011111110
1111110001101000
1111111011100000
0000001001111000
0000011100010010
1111110000011110
0001111001011100
0001110110100110
0010011100010000
0010010000011110
0000110101101010
0000100100101110
0000011110001000
0000011001111000
0000100010010110
0000110111100010
0001100011110001
0001010101001100
0000010100101110
1111111011110000
1111010011110000
1111000001111000
1111010000111100
1111000000111100
1111000100101100
1111101101101010
0000011010010110
0000101111111111
0000010101001100
1111101111000100
1110110110100110
1110110000000000
1110111010010110
1110110101001010
1110101000011110
1111000010110100
1111100100101110
0000010011111010
0010000001011110
0001111111101000
0010011100010000
0000110011101010
0000001101101100
0000000111011110
0000011111110000
0000110110001010
1111101010001110
1111011000001010
1111000111111111
1111000011101000
1110101011111111
1110010101100100
1110011001111010
1110011000101010
1110010001110100
1110011110010010
1110001110101110
1110011010100010
1111000011101000
1111011010101010
1110101001011110
1110010011101100
1101111101111010
1101111010110010
1110011110010010
1110100101001000
1110011010100010
1110011010100010
1110001111111101
0000100000111110
0010011100010000
0001101110111000
0001111111001000
0000001110000111
0000011111010000
0001000000101000
0001001100101000
0000110110010111
1111010011111010
1111000101010110
1111100111100110
1111001001101001
1110111011111100
1110110001101010
1110100001011010
1110010101011010
1110101011101011
1110100001011010
1101110010010100
1110101001111110
1110101100100010
1110001000100100
1110000010100100
1110011000110110
1110100111011000
1101111010111000
1110011000110110
1110101001000110
1110011101001000
1110001011001000
1110000111101110
0000100001001010
0010011100010000
0010001001010100
1111101000010100
1111101000010100
1111000010011100
1110101111100000
1111001011111011
1110101111100000
1110100110000010
1110011100100100
1111001011111011
1111011110110110
1111001011111011
1111011110110110
1111001011111011
1111000010011100
1111101000010100
1111101000010100
0000001110001110
0000100001001010
1111010101011000
1111101000010100
1111010101011000
1111101000010100
0000000100110000
0000000100110000
0000000100110000
0000001110001110
0001011001111110
0001011001111110
0010001001010100
0001001011000000
0010011100010000
0010001111110000
0000100101100000
0000101011110000
0000000110010000
0000000110010000
1111101101010000
1111101101010000
0000010010110000
0000010010110000
1111101101010000
0000001100100000
0000011001000000
0000001100100000
0000000110010000
1111110011100000
1111110011100000
0000001100100000
0000100101100000
0001000100110000
0001010111100000
0001001011000000
0000101011110000
0000101011110000
0000010010110000
0000101011110000
0001000100110000
0001011101110000
0010011100010000
0010011100010000
0001110110110000
1110111000001110
0001110110010000
0001111110101100
0010000010111010
0010011100010000
0000110110111010
0001010100011110
0000010101000111
0000101010001110
0000000100001110
0001000011100100
0000101110011100
0010000111001000
0010000111001000
0001011000101100
0001101001100100
0000010000111010
0000101110011100
1111110011010110
0000100110000000
0000000100001110
0001010100011110
0001000011100100
0000110110111010
0000101010001110
1110111100011100
1111001001000110
1111000100111000
1111101010111001
1111010001100100
1111110111100100
1111010101110010
1101100011110000
1101100011110000
1101100011110000
1101100011110000
1101100011110000
1101100011110000
1101101001000100
1101101001000100
1101101000110010
1101101001010110
1110101011011110
1111110010000100
0001010000101000
0010010011010100
0010011010110110
0010010010110000
0001110101011110
0001001110011010
0000110001101010
1111110100010010
1111000100000000
1110011001100110
1101110110001010
1101101100001000
1101101001111000
1101101001101000
1101100011110000
1101100011110000
1101100011110000
1101100011110000
1101100011110000
1101100011110000
1101100011110000
1101100011110000
1101100011110000
1101100011110000
1101100011110000
1101100011110000
1101100011110000
1101101010011100
1101101011001100
1101101100001100
1101101110010000
1110010010111101
1111000100000000
0000001000011100
0001101000010000
0010000010110010
0001110100001110
0001011100000010
0000011111100110
1111111000001000
1110111011110110
1110011100010000
1110000011010111
1101110101001110
1101101111000110
1101101100101000
1101101011101000
1101100011110000
1101100011110000
1101100011110000
1101100011110000
1101100011110000
1101100011110000
1101100011110000
1101100011110000
1101100011110000
1101100011110000
1101100011110000
1101100011110000
1101100011110000
1101101011010010
1101110011011000
1101111110010100
1110100001101110
1110010111010100
1110000001110110
1101111110101110
1110001110010110
1110100111010110
1110100101000100
1110011011011010
1101111101100110
1101111000110000
1101110111101000
1101110101101110
1101110011011000
1110000001111100
1101111000100100
1101111110110100
1101110100011010
1101100011110000
1101100011110000
1101100011110000
1101100011110000
1101100011110000
1101100011110000
1101100011110000
1101100011110000
1101100011110000
1101100011110000
1101100011110000
1101100011110000
1101100011110000
1110011101110010
1110000011000000
1101111010000100
0000001000111100
0010011100010000
0001000010111110
1111101001101100
1111010111110100
1111000101111110
1110101011001101
1111010111110100
1111100000110000
1111100000110000
1110110100000110
1110000011000000
1110100110101110
1110011001010100
1110000111011110
1101100011110000
1101101000001110
1101100011110000
1101100011110000
1101100011110000
1101100011110000
1101100011110000
1101100011110000
1101100011110000
1110100101110010
1110100010110111
1110100101001110
1110100101001100
1110101111100100
1110111010111010
1111010001100100
1111110111010000
0000100010010110
0000101100100001
0001001011011100
0001010000010100
0001001111010100
0001010110101000
0001010110100010
0001011010111110
0001100110111110
0001100010100010
0000101100110000
1111100111000100
1101110010010110
0000110011011110
1110011000010100
1110110000001100
1110110111010110
1111000110011110
1111011010001000
1110000000011010
0000010110010100
0000001101111100
0000100010111000
0000101001110110
0000111110110010
0001100101110110
0001110011110010
0001100011000100
0010001011100000
0010010011111000
0010010001000110
0010000100100010
0001100000010000
0001111001011000
0001111001011000
0001111110111110
0001101100110100
0001101011011100
0010001010001000
0010010101010010
0010000101111100
0010011100010000
0000111001001100
0000100111000100
0001001110001000
0000100001011110
0000001101111100
0001000010111110
0000010100111100
0000010011100010
1111111101001110
1110011010001010
1111011111000110
1111011011011100
1111011101010010
0000010100000110
1111101110101000
1111101001001010
0000110000011100
0000100100100100
0000101000001110
0000001001001000
0000011110001010
0000100110011000
0000001011111000
0000001001001000
1111101001001010
0000100000111010
0000111001100100
0010011100010000
0010011011010110
0001100011100110
0001110000010111
0010010001010010
0000100010101110
0000001101101110
1111101110101000
1111100001110110
0000001010111110
0000000011101010
0000000100100100
0000000111010100
1111001001001100
1110010010010110
1111101001100010
0000011011010110
1110110010110110
1111100100101010
1111010110000000
1111000111011000
1111110011010100
1111111010001010
1111111000001100
0000000000000000
1111110111001110
1111111110000100
0000000101111000
1111110111001110
0000111001101000
0001000001011100
0001000011011000
0010001011101010
0010011100010000
0001001111000110
0001011101110000
0001110100001110
0001000010011010
0000001010110000
0000000010111100
1111101001100010
1111010100000100
1111000000100010
1110110000111010
1110101101000000
1110101000001000
1110000100111110
1101100101001110
0010011100010000
1101100011110000
1101100011110000
1101100011110000
1101100011110000
1101100011110000
1101100011110000
1101100011110000
1111111001111010
0000010010010000
0000011110011100
0001110111101110
0010011100010000
0000101010101000
0000111010110110
0000011110011100
0001001011000110
0001001111001000
0001010011001100
0000000010000010
1111011101100000
1111011001011100
0000000010000010
0000000110000110
0001001011000110
0000101010101000
0000100010100000
1111011001011100
1111111001111010
0000110110110010
0000100010100000
0000000010000010
1111110101110110
1111111101111110
0001010011001100
0001011111011000
0001010011001100
0000100110100100
1111111001111010
1111000101001010