1110111011010000
1111111000101110
0000100001010110
0000110011000010
0001111010111010
0001111001111000
0001101010010000
0001001001111110
0000110100000101
0000111000010000
0000111100011010
0000110101001000
0000111100011010
0001101111011110
0010010000110010
0010011100010000
0010000101010110
0001101000001010
0001101001001110
0001111001111000
0010000110011000
0001110100101010
0000111011011000
0000101000101000
0000100011011010
0000011110001101
0000001100100000
0000001111101000
0000010001101110
0000011010000010
0000111100011010
0000110010000000
1110111100001000
1111110110011100
0000010111001110
0000101010011000
0001011100011110
0001011111001110
0001101001001110
0001011100011110
0000110001101010
0000110011011110
0000111101100000
0000110111001000
0001001001010110
0001110010010110
0010000111010010
0010011100010000
0001110011010000
0001100110100000
0001100110100000
0001110000100001
0010010100000100
0010000010110000
0000111001110101
0000101010011000
0000101111110110
0000100100000000
0000010100100000
0000100101110100
0000011100101100
0000101000100010
0001010011011000
0001010010011100
1110111001001110
1111110000011010
0000010100111100
0000100100111100
0001010010010110
0001010010010110
0001110010011010
0001100000100110
0000110010010100
0000110010010100
0000110100000101
0000111010010011
0001010011010000
0001101001100000
0010010101001000
0010011100010000
0001011110110100
0001000110110010
0001100101000100
0001011101000010
0001101000101000
0001011011010000
0001011001011110
0000101111101000
0000100000100000
0000101010010010
0000010001011000
0000011000011110
0000101011001100
0000110000100010
0001001101000000
0000111110110010
1110111001100100
1111101011000000
0000010101000000
0000100000001100
0001010000101100
0001100000100100
0001111001110000
0001011111101000
0000110100101110
0000110010110110
0000101001100000
0000110101101000
0001011111101000
0001101000000000
0010011100010000
0010010011110110
0001000101100000
0001011100110100
0001100010011010
0001100000100100
0001011100110100
0001110011001110
0001011000001010
0000110110100100
0000101111000110
0000101010011100
0000010101111010
0000101001100000
0000110101101000
0000110011110001
0000110110100100
0001011010111100
1110111011001110
1111101100010110
0000010110100110
0000011101011110
0001001111100110
0001110011111110
0010000110101000
0001010100011111
0000110001001000
0000110101000100
0000101111001010
0000110111000010
0001110010000000
0010000110101000
0010011100010000
0001101110000100
0001100010010010
0001010101100000
0001010010100100
0001100000010011
0010000000101110
0010000000101110
0001011011011010
0000111111111000
0000101110001011
0000110000001001
0000101001010010
0000100011011000
0000101010001111
0000110001001000
0001011100010111
0001010010100100
1111000000100100
1111101110111110
0000011110011100
0000100010100100
0001010100000100
0001111111011000
0010001000101010
0001000000011110
0000110001000000
0000111001010000
0000110110001010
0001001000101110
0001110000111100
0010011001001010
0010011100010000
0001101000101100
0001011011010010
0001000011100100
0001010111001010
0001010100000100
0001101011110010
0001110111001000
0001111001001100
0000111101011000
0000100101101010
0000110001000000
0000001110111110
0000001100111010
0000101000101111
0000100011100110
0000110010000010
0001011100010100
1111010111000100
0000001101101010
0000011100100010
0000110110100100
0001010011000110
0010000000111110
0001110010000110
0000101011011010
0000011010000010
1111111011000010
0000010001011000
0000100101001100
0001011011110010
0010011100010000
0010010111010010
0001101101001000
0001001001001010
0000101100101010
0000101010001010
0000101100101010
0001010101100100
0001011010100010
0001010001110110
0000010011110110
1111011100000010
1111100011011110
1111000000110000
1111001011111011
1111010010001000
1110101100111010
1111111110110000
0000010000001000
1110110000010010
1111101001101100
0000010110010100
0000110110001101
0001111100011000
0001111100011000
0001001111101110
0001001001010110
0000011100101100
0000110110001101
0000101111110110
0000101001011110
0001000010111110
0001101111100101
0010011100010000
0010011100010000
0001111100011000
0001101001001110
0001101111100101
0010000010110000
0010000010110000
0001100010110110
0000101111110110
0000100011000100
0000100011000100
0000010110010100
0000001001100100
1111111100110100
0000011100101100
0000011100101100
0000101001011110
0000011100101100
1110101110110000
1111100111000000
0000010010110000
0000110010000000
0001110000100000
0001111101000000
0001010001010000
0001010001010000
0000101011110000
0000110010000000
0000110010000000
0000101011110000
0001010001010000
0001110110110000
0010000011010000
0010011100010000
0010001111110000
0001110110110000
0001110000100000
0001101010010000
0010000011010000
0001110110110000
0000111110100000
0000111110100000
0000010010110000
0000000110010000
0000011001000000
0000011111010000
0000011001000000
0000010010110000
0000111000010000
0001000100110000
1110111110110010
1111101100010010
0000011001110010
0000011111110110
0001010110011110
0010000000111100
0010001010000010
0001000001001110
0000110101000110
0000111011001010
0000110101000110
0001000001001110
0001111010111000
0010010011001010
0010011100010000
0001101011101110
0001100010100110
0001001101011000
0001011111100100
0001100101101000
0010000011111110
0001111101111010
0001110100110100
0000111110001100
0000110010000100
0000111110001100
0000011111110110
0000100010111010
0000110101000110
0000110010000100
0001001010010110
0001100101101000
1101100011110000
1101100011110000
1101100011110000
1101100011110000
1101100011110000
1101100011110000
1101100011110000
1101101000011010
1101101010110110
1101101001001000
1111000111101011
0000111010010010
0001101001110100
0001111101011010
0010011001110100
0010001100110100
0010000100111110
0001111111010101
0001101111001100
0001110011010110
0001010001110011
1111100011100110
1110001101011000
1101101110010010
1101101011110110
1101101011010110
1101101001111000
1101101001011000
1101101010001000
1101101001001000
1101101000101010
1101101010110110
1101101001001000
1101100011110000
1101100011110000
1101100011110000
1101100011110000
1101100011110000
1101100011110000
1101100011110000
1101100101110010
1101100110001100
1101100110101100
1110010011110110
1111100101110110
0000110001110011
0001101000010010
0010010101010110
0010011000000110
0010000111111000
0010001011101000
0010000010110100
0001010000001100
0000010001110010
1110011000111000
1101110110000010
1110000000110110
1110001100111000
1110010111110010
1110100100101010
1110101101110110
1111000111001110
1110110100000110
1110011111010110
1110010111010000
1110010101110100
1101100011110000
1101100011110000
1101100011110000
1101100011110000
1101100011110000
1101100011110000
1101100011110000
1101110001010010
1101110111100010
1110001000001100
1110100100010100
1110101100101010
1110101111100010
1111001000100010
1110111000001000
1111001011101010
1111001010111000
1110111101100110
1110110011011100
1110100110111101
1110101100011010
1110011000111000
1111000010100010
0010011100010000
0010011100010000
0010011100010000
0010011100010000
0010011100010000
0010011100010000
0010011100010000
0010011100010000
0010011100010000
0010011100010000
1101100011110000
1101100011110000
1101100011110000
1101100011110000
1101100011110000
1101100011110000
1101100011110000
1110000111011110
1111010011010110
0010011100010000
0010011100010000
0010011100010000
0010011100010000
0000000000000000
1110000011000000
1101110001001010
1101111110100010
1110000011000000
1110101111101010
0010011100010000
0010011100010000
0010011100010000
0010011100010000
0010011100010000
1111100101001110
1110010000011011
1101101000001110
1110000111011110
1101111110100010
1101111110100010
1110001011111100
1101111010000100
1110000011000000
0010011100010000
0010011100010000
0010011100010000
0010011100010000
0010011100010000
0010011100010000
0010011100010000
0010011100010000
0010011100010000
0010011100010000
1101100101010110
1101100101010110
1101100011110000
1101100011110000
1101100011110000
1101100011110000
1101100011110000
1101100011110000
1101100011110000
1101100011110000
1110011100000000
1110100000011010
1110100010111110
1111010111111001
0000010011101000
0000111100111100
0001110100001100
0010011100010000
1111101011101001
0000111101001010
0001010001100010
0001010001100010
0000110110010110
0000001101100101
0000100001111110
0001110011100000
0010001110101010
0010010101011110
0010011100010000
0010001110101010
0001100101111010
0001000011111100
0000111101001010
0001000011111100
0000101111100100
1111110010011011
0000110110010110
0001100101111010
0001111010010010
0001110011100000
0001101100101100
0001100101111010
0001011111000110
0001011000010100
0001001010101110
0000101000101111
0000101111100100
0000111101001010
0001011000010100
0000110110010110
0000000001010110
0000110101000000
0001100101111010
0001110110001110
0001001000000000
0000111010011100
0001001010101110
0010010100000110
0010011100010000
0001111000111100
0010010110110100
0001001010101110
0000111101001010
0000100100101100
0000110101000000
0001011011000010
0001010010111000
0000010001101010
0001100000011101
0001101011010110
0010001001001110
0001100011001100
0001100000011101
0000101010001000
0001000101010010
0000111101001010
0000010111000101
1111011000100110
0000010100010111
0000011111010000
0000100001111110
1111011110000010
1111111110011000
0001000101010000
0010010010100110
0010011001000010
0000110001111100
0001000010000010
0001000010000010
0010001000111010
0010011001000010
0001101000101110
0010011100010000
0001100010010000
0000100001110100
0000101000010001
0000011000001001
0001000010000010
0000101000010001
1111110111111100
0001111000110100
0010010101110100
0001110101100110
0001001011101110
0000111110110100
0000101011100000
0001001000100000
0000110001111100
0000000001101000
1110111010110000
0000001000000100
0000001110011111
0000101011100000
1110010111010010
1111101001100100
1101100011110000
1101100011110000
0010011100010000
1110000011000000
1101100011110000
1101100011110000
1101111101110010
1101100011110000
1101111100101100
1110011111001100
1110111010000010
1110110100010010
1110101110100010
1110111101110110
1110110010010110
1111101000000010
1111011110011100
1111100000011000
1111100010010010
1111001001011000
1111101101110010
0000000000111110
1111110001101000
1111110011100010
0000010010001110
0000011101101110
0000111000100100
0000110100101110
0001001111100100
0001100000110100
0001101000011111
0001000101111110
0001100110100100
0010010100100110
0010011100010000
0010000001011010
0010000111001010
0010011000011010
0001111011101010
0001100110100100