1110110010110110
1111111010001000
0000110110011100
0001000101010100
0000100100011010
1111110010010010
1111101101100110
1111001011001000
1111001011111011
1111001000110010
1111011110101110
0000000000011010
0000011110111100
0001010110100010
0001111011010110
0001100111000000
0001000101010100
0000011001011110
0000100000100000
0001000110111000
0001011011010000
0010000010011010
0010011100010000
0001111100001000
0001010010101000
0001001100011000
0000111101011110
0001100011110110
0001110101111000
0001101001010110
0001111111010010
0010000010011010
1110100101000110
1111111100011100
0001000001010110
0000111010111100
0000001111101000
1111011011000100
1111010101011000
1111001100001010
1111000010001111
1110111110101010
1110111000010010
1111011100100000
1111011100100000
0000000111000110
0000101110001010
0001101000011010
0010000100000110
0001111000110000
0001001100101110
0001001001111000
0001011000000100
0010000001111110
0010011100010000
0010010101001010
0001110110100110
0001100000100110
0001011010111010
0010010101110110
0010011000101100
0010000011011010
0001111111110110
0010000000100100
1110100010000110
0000001100011110
0000111100111000
0000110010101000
1111101100111100
1111000011110110
1110111101010000
1110111000110110
1110101011101000
1110010111110110
1110011000100100
1111000100100110
1110110100011100
1111011100110010
1111111000101010
0000100111101000
0001011011101100
0010000010100100
0001111110001100
0001011010001110
0001001111001110
0001010000101100
0001111011111110
0010011100010000
0010000110111110
0001110100100111
0001101100100100
0010001110010100
0010010001010000
0001110011001010
0001101111100000
0001011101111010
1110100100001100
0000010000010010
0000100010000100
0000011100111000
1111100110110100
1110110110101100
1110101101110100
1110111110110110
1110110111011100
1101110010100100
1101100111011100
1110010110110110
1110010000001100
1110110101001110
1111010001010111
1111101110111110
0000011001001100
0001101100110110
0010011000100100
0010001001110000
0001000111000110
0001001110100000
0001010001011110
0001110101000000
0001110010110010
0001101100110110
0001110111001110
0010010011011000
0010011100010000
0001111100011010
0001100101011100
0001100110001100
1111011111001110
0000101011100110
0000110111111100
0000110100000101
0000000001111100
1111000001111000
1111000100001101
1111001000000100
1111011001110100
1110110100110010
1110000100001010
1110000010101000
1110001100101010
1101110100101110
1110101100010010
1110101110100110
1111100000110000
0001010101010000
0010010000101100
0010011100010000
0010000001010000
0001011010101010
0000111111101010
0001010001011010
0001100011001010
0001101010111000
0001101111100000
0001111111101100
0010001000111110
0001101010111000
0000101100010111
0000001111110100
0001001010101000
0001110011011100
0000101010011001
0000000101111010
1111011100000010
1110110110011100
1110111100111000
1110101010101000
1110111001101010
1110001101101000
1110000110001000
1110001101101000
1101110011110110
1101101100010110
1101101101011010
1101111001001110
1110010011000000
0000000001101000
0000100000110000
0010000010011110
0010011100010000
0001101000101110
0001100000001000
0001011010110000
0001101110000100
0001010010001010
0001100011010110
0001010101011000
0001001001100100
0000101011100000
1111000011010100
1110100111011011
0001011011100110
0010011100010000
0000001000011110
1101110001100110
1101111010110110
1110011000000110
1111000001101010
1111011000110000
1110100101111100
1110010000011011
1111000111110101
1111010001000100
1110100001010100
1110000111001010
1110111011100000
1111001111100000
0000000011110110
0000011110000010
0001011011100110
0010000101001010
0000001010000000
0000100010101000
0000011110000010
0000010000001010
1110100100011010
1110111110100100
1111010101101010
1111101001101100
0000000011110110
1111010001000100
1110111110100100
1111001010111000
1111001011111011
0000011100111100
0000111111101010
0001001011001110
0000101000100000
0000010001011000
1111111010001110
1111001011111011
1111000000010110
1111111010001110
0000110100000101
0000110100000101
0000110100000101
0001100010011000
0001101101111110
0001010110110100
0000111111101010
0000101000100000
0001001011001110
0001101101111110
0010000101000110
0010010000101100
0010011100010000
0001111001100010
0001111001100010
0001010110110100
0001010110110100
0001010110110100
0001111001100010
0010010000101100
0001111001100010
0010011100010000
1110110110000000
0000010000011100
0001001010000000
0001011010011110
0000111001100100
0000000000000000
1111101111100100
1111011111000110
1111011111000110
1111100111010110
0000000000000000
0000100000111010
0001010010010000
0010000011100110
0010001011110100
0001101010111010
0001000001110010
0000110001010110
0001000001110010
0001100010101100
0010000011100110
0010010100000010
0010011100010000
0010000011100110
0001100010101100
0001010010010000
0001001010000000
0001101010111010
0001110011001000
0001110011001000
0010000011100110
0001110011001000
1111101111000100
0000100000000000
0000110110100110
0000101111000100
0000000001111000
1111001001011010
1111001101001010
1111011000011110
1111101111000100
1111100000000000
1110100111100010
1110110010110100
1110000101101000
1110000101101000
1110001101001010
1110101011010010
1111010100101100
0000111110001000
0001101011010100
0010011100010000
0010011000100000
0000111010010110
0000100000000000
0000100000000000
0001010000111100
0001010100101110
0000111110001000
0001101011010100
0001011111111111
0000110010110110
1111101011010010
1111010000111100
1101100111100000
1101101000001010
1101101000100110
1101100111101000
1101101000011000
1101101000111100
1101100111110110
1101101000001010
1101101000011000
1101101100100100
1101101101110010
0001010010100010
0010001011010000
0010010001110010
0001110001000110
0001000101101000
0000100100000110
0000000111001100
1111011101110010
1110101011111010
1110010101100010
1110000011000110
1101110001000110
1101101010011110
1101101000011000
1101101000100000
1101100011110000
1101100011110000
1101100011110000
1101100011110000
1101100011110000
1101100011110000
1101100011110000
1101100101111110
1101101001110100
1101110010001100
1110000010011010
1110001010100110
1110010111110110
1110010101010100
1110001110010100
1110001110000010
1110001011101110
1110001100111000
1111101010010000
0001100011000110
0010000010011100
0001000011000110
0000011100001010
1111110101001100
1111001010101000
1110011100010010
1101111100100010
1101110101010110
1101110000011100
1101101001010110
1101100111011100
1101100110010100
1101100110011000
1101100011110000
1101100011110000
1101100011110000
1101100011110000
1101100011110000
1101100011110000
1101100011110000
1110000001011100
1111001011011000
0001001001011100
0010011001101000
0010010111100100
0010011100010000
0010011100010000
0010011100010000
0010011100010000
0010011010001010
0001111011111100
1111000101000100
1110101010010010
1110101111101000
1110111100001000
1111001001000100
1111011000010000
1111011000010000
1110111001111010
1110000000110000
1101110110000110
1101111000110110
1110001011110111
1110011010111100
1110110111000100
1110100100110110
1101100011110000
1101100011110000
1101100011110000
1101100011110000
1101100011110000
1101100011110000
1101100011110000
0010011100010000
0010011100010000
0010011100010000
0010010111110010
1110011101110010
1101110101100110
1110010000011011
1110010000011011
1101110101100110
1110001011111100
0010011100010000
0010011100010000
0001100110101100
1110011101110010
1110011101110010
1110010000011011
1110000111011110
0001011001010010
0010011100010000
0000111110100000
1111111011100010
1111000101111110
1110000011000000
1101110101100110
1101110101100110
1101101100101100
1101100011110000
1101100011110000
1101100011110000
1101100011110000
1101100011110000
1101100011110000
1101100011110000
0001010001000001
0001010011010010
0001010010010110
0001010011001100
0001010110101100
0001010101100100
0001010000010100
0001001000011110
0000110100111000
0000000010110000
0000001001100110
0000001011010010
0000001010000001
0000010001011010
0000011010100010
0000100000011010
0000100111110000
0000110111010000
0001001000101110
0001001000110110
0000000000000000
1111100010100110
1110001011001000
1110011010110110
1111101111000000
0000101011100000
0001001010111100
0010000100110100
1110100000001100
1111000111100001
1111101101000100
0000000111001010
0000001001010010
0000010000110100
0000110001101100
0001001001010100
0000101101000100
0000110001101100
0000110100001100
0001100000111010
0001010001111000
0000111011010110
0000100110101000
0000111000110110
0001010111111101
0001001101111100
0001101011010000
0010010010111110
0010011100010000
0001111101110110
0001110001010110
0001101101110010
0001110100001110
0001010111111101
0001100000001100
0001100000111010
0000111001100100
0000110111110010
0000011111011110
1111001110101010
1101110000111010
1110010000001000
1110100100011000
1111011110011100
1111010100100110
1111010010111100
1111101101010000
0000000000011010
1111110100101000
1111100010100100
1111110110010010
0000010010110000
0000001101110110
1111110010101110
0000001010100010
0000101010111000
0000110000111000
0001001100000000
0001101010001000
0010010101011010
0010011100010000
0001111110101010
0010000011111000
0001111100011110
0001111101100100
0001101001110110
0001101100000010
0001101011110010
0001000011010000
0000110101000000
0000100110110000
1111110100101000
1101101001101000
1110011010101110
1110111010001100
1111100001010010
1111101000101000
1111100010011110
0000000010001110
0000001010011100
1111110111111010
0000000000101111
0000000000001010
0000100110000100
0000001100100000
0000000011101100
0000000111100000
0001000111100110
0001000010100110
0000110101111100
0001011100110000
0010010111110110
0010011100010000
0001101100101000
0001110011000110
0001110011010111
0001100111101000
0001011111011010
0001011111000110
0001100001110000
0000111010101010
0001001001111100
0000100100000000
0000001001100100
1101101001001110
1101100011110000
0010011100010000
1101100011110000
1101100011110000
1101100011110000
1101100011110000
0010011100010000
1101100011110000
1111101010101000
0000000100111100
0001000000001010
0001010011111000
0001011010011110
0001010111001010
0000111100110110
0000110110010010
0010000001111100
0001100100010110
0010010101101010
0010010010011000
0010000001111100
0001001101010100
0001101110001100
0010001000100000
0010001000100000
0001101010111010
0001101010111010
0010001111000110
0010011100010000
0001011010011110
0010011000111110
0010001000100000
0001110100110001
0001010000100110
0001010000100110
0001000011011100
0000111001100100
0001000000001010
0000010101011000
1111010000010100