1111100101111100
0000111101000110
0000111001100010
0001001111000010
0001000001100000
0000001101010110
1111111001000010
1111101100010010
1111010111001100
1111011111001010
1111001010011110
1111100000010110
1111011111001010
1111110001011110
1111110111011100
0000000110111110
0000011000011110
0000100100011100
0001010111011000
0001100001101110
0010010100010010
0010011100010000
0001110011010000
0001011111110000
0001110000110101
0001110101101000
0001110110110110
0001101101101100
0001010010001110
0001001010101010
0001000101111000
0000111111100000
1111100011101110
0000111100010001
0000110110011100
0001010111001100
0001001010010100
0000010111111111
0000000101101010
1111111100010010
1111100101010010
1111110100000110
1111011001100100
1111101011001000
1111100011101110
1111111011111010
1111110100000110
0000001011001000
0000001001111100
0000011101000100
0001000010001000
0001010011101100
0010001000110000
0010011100010000
0010010101001110
0010010010111000
0010000100000100
0010001111011000
0010001000010110
0010001011000110
0001100111111110
0001011110100110
0001010001010101
0001010111100110
1111010100111110
0000011010100000
0000111101101100
0001010101111000
0000100010100100
1111111010101100
1110111000100100
1111000101101101
1111001000010000
1111001010011000
1111001111000010
1111000001000010
1111010011101100
1111011100001010
1111101011000000
1111101011011100
1111101101100100
0000000010110000
0000010101000000
0000111011100100
0001011010000110
0010000101010110
0010011100010000
0010010101000010
0010000110001100
0010000111011110
0010000011101010
0001101011011111
0001010010000100
0001001000010010
0000111011100100
0000110110000011
1111000111001100
0000001001001000
0001100000111010
0001011001110010
1111101001101100
1110110001011000
1110101010110010
1110111110100100
1110110011111010
1110110010011000
1110101001110000
1110100010001010
1110110111111110
1110111110000100
1111000100101010
1111000100101010
1111000101001010
1111011111100010
1111111101011110
0000011100111010
0001000001111100
0001111000001110
0010011010101110
0010011100010000
0010001110100100
0010000011011010
0001101011000010
0001010011101110
0000111111011010
0000100111000100
0000100100100010
0000011101111100
1111100010110010
0001001110010010
0010011011100100
0001111000101000
0000110000101110
1111001011010000
1111001111010010
1110111000011100
1110110111110000
1110100001100100
1110011001100000
1110011111100100
1110100111101000
1110111111001010
1110111010011100
1110110000011000
1110100100111100
1111000000100000
1111001111010010
1111110000001110
0000100000100110
0001100100011110
0010010111100010
0010011100010000
0010000111011010
0001111101010110
0001010101101100
0000010011110100
1111101111100010
1111101100001100
1111100110110100
1111000011001100
1111110010011011
0001000010100010
0001111110000110
0001010010101110
0000001001001100
1110010100010010
1110011110100100
1110000010101000
1110000100110110
1110001010000000
1101111001110100
1110000001111010
1101111110111110
1101110110001000
1110000110010100
1110001110011010
1101101110110010
1101111110001110
1110110000001110
1111100110101000
0000110010011000
0001111101011000
0010011100010000
0001111000111110
0010001101100010
0010000100101110
0000100000000000
1111011001011010
1111001101101000
1110101110110000
1110100100011110
1110101000001000
0001001010000000
0010010010100100
0010000100000100
0000110010110010
1110001000100000
1110000001110000
1110101000011100
1110100110100000
1110010001001110
1110001001011110
1101101011100000
1110101101010010
1110111000111000
1110001001011110
1110100000101100
1110010010001100
1110100010101000
1110001011011010
1110110001001010
1111100101011010
0000011011100100
0000111011100000
0001010101101000
0000111101011100
0010011100010000
0001111110010000
1111110001000000
1111000011100010
1110110011000110
1110011001111100
1110000001110000
1110100111011110
1111110110011100
0001010110000110
0001011100011110
0001010110000110
0001000010111110
0000001111111011
1111111100110100
1111110000000101
1111100011010100
1111011100111100
1110111101000010
1111100011010100
1111101001101100
1111101001101100
0000010110010100
0000001111111011
0000101111110110
0001001111101110
0001110110000000
0001101111100101
0010001001001000
0010000010110000
0001101001001110
0010000010110000
0010011100010000
0010010101111000
0001111100011000
0001110110000000
0001001001010110
0001001001010110
0001000010111110
0000010110010100
1111100111111110
0000111100000110
0000111100000110
0001010100001000
0001000010000110
0000010010000010
1111101101111110
1111100111111110
1111010101111100
1111100111111110
1111010101111100
1111100111111110
1111100001111101
1111101101111110
0000000101111111
0000001100000010
0000101010000100
0000110000000100
0001100000001001
0001101100001100
0010011100010000
0010010110010000
0001101100001100
0001100110001010
0001110010001100
0001101100001100
0010001010001110
0001111000001100
0001010100001000
0001001000001000
0001010100001000
0001000010000110
1111010011010110
0000110001000110
0001111000100010
0001011101110000
0000010110010100
1110111000100100
1111001010011100
1111000101111110
1111001010011100
1110001011111100
1110110100000110
1110110100000110
1110110100000110
1110111101000010
1110101111101010
1110100010010000
1110101011001101
1111001010011100
1111010111110100
1111111011100010
0000101100101010
0001011101110000
0010001110110110
0010011100010000
0010001110110110
0010000001011110
0000111110100000
0000000000000000
1111101110001010
1111101110001010
1111110111000100
1111010111110100
1101100011110000
1101100011110000
1101100011110000
1101100011110000
1101100011110000
1101100011110000
1101100011110000
1101100011110000
1101100111111010
1101100111011100
1110101101111000
0001111010010000
0010000011101110
0001110010100010
0001101111110100
0010010011111010
0001111010100100
0000100111110010
1111101101011010
1111010101010100
1110111110100100
1110010000000010
1101110001011000
1101100111111010
1101100011110000
1101100011110000
1101100011110000
1101100011110000
1101100011110000
1101100011110000
1101100011110000
1101100011110000
1101100011110000
1101100011110000
1101100011110000
1101100011110000
1101100011110000
1101100011110000
1101100011110000
1101100011110000
1101100011110000
1101100110110000
1101100110111000
1111011010001110
0001001010010110
0010001100000110
0010000100000010
0001111110100000
0001110010000000
0000110101100000
1111100111100100
1110100011101001
1110011110001000
1110001100000001
1101110101110010
1101101010000100
1101100110110100
1101100011110000
1101100011110000
1101100011110000
1101100011110000
1101100011110000
1101100011110000
1101100011110000
1101100011110000
1101100011110000
1101100011110000
1101100011110000
1101100011110000
1101100011110000
1101100011110000
1101100011110000
1101100011110000
1101100011110000
1101101110001010
1101101110001010
0000101111111010
1111010101101000
1111100101100110
1111101000101110
1111101010001000
1111000000011100
1110100001111100
1110011100010100
1101111010111000
1101111101011000
1101111100110000
1101110101100100
1101110101111110
1101110010110110
1101100011110000
1101100011110000
1101100011110000
1101100011110000
1101100011110000
1101100011110000
1101100011110000
1101100011110000
1101100011110000
1101100011110000
1101100011110000
1101100011110000
1101100011110000
1101100011110000
1101100011110000
1101100011110000
1101100011110000
1110001011111100
0010011100010000
0010011100010000
0010011100010000
1110100010010000
1110001011111100
1110011101110010
1111101001101100
1110010100110110
0010011100010000
0010011100010000
1110011001010100
1111101110001010
1111001110111010
1111001110111010
1111001010011100
1101100011110000
1101100011110000
1101100011110000
1101100011110000
1101100011110000
1101100011110000
1101100011110000
1101100011110000
1101100011110000
0000110000100100
0000110010101010
0000110100110100
0000111000011110
0000111010110010
0000111110100000
0001000000111000
0001000001011010
0000101011101000
1111110111100010
0010001000010010
0010001001001100
0010001111011110
0010001110010010
0010010010111100
0010010100110100
0010011100010000
0010011100010000
0010011100010000
0010011010101110
1110101110110000
0000010010011000
1111100001111101
0000000000000100
0001000101001000
0001101001010010
0001110000001000
0010011100010000
1111010010101000
1111111010111110
1111110100010000
1111100110110100
0000001011110000
0000011111111100
0000111110001010
0000111110001010
0000110000101110
0001011111110010
0001110000100100
0001100011001000
0001100011001000
0010001000000110
0010001011011100
0010001110110100
0010010101100010
0010011100010000
0010010010001010
0010000100101110
0010011000111000
0010011100010000
0010000001011000
0001110000100100
0000110100000101
0001010010010100
0001011111110010
0001000100111000
0000101101011000
0000001011110000
1111011100101110
1110100011100110
1111001111100110
1111010111111010
1111001111100110
1111001100110110
1111000111010100
1111111001000110
0000001001101100
0000001001101100
1111110000110010
0000111000101100
0001001001010010
0001001110110100
0001111101110110
0001010001100110
0001011001111000
0000111110001110
0001100010001100
0001110000000000
0010000000100110
0010001000111010
0001111000010100
0010011100010000
0010010110101110
0010001011101010
0010000000100110
0001100111101101
0001111011000100
0001111011000100
0001100100111100
0001010100010101
0001000110100010
1111011010101010
1111101001000110
0000001100100000
1111101001000110
1110101010100110
1110110010111010
1111000101101010
1111010000000110
1111011110101010
1111101101010000
0001010111100000
0000110110001010
0000111100011010
0010010110000000
0010000101010110
0000010100110110
0000010010110000
0001000110110110
0001101100010110
0001101100010110
0001100100000000
0001011111110101
0010001101101010
0010011100010000
0001101010010000
0001101010010000
0001011011101010
0001011011101010
0001001101000110
0000110100000101
0000101011110000
0001000100110000
0000011011000110
0001100010111110
1101100011110000
1101100011110000
0010011100010000
1101100011110000
1101100011110000
1101100011110000
1110001000001111
1101100011110000
0000010100110110
0010000111011010
1111110101100110
0000110100000101
0001010011010110
0001011000100010
0010011100010000
0001001110001000
0000111110100000
1111010001001000
0001011101110000
0001001110001000
0001001110001000
0000010100110110
0000110100000101
0001011000100010
0001101000001010
0001011000100010
0000011010000010
0000010100110110
0001000011101110
0001000011101110
0000011010000010
1111010001001000
1110110111000110
1111100000110000
0000000000000000
0001101000001010
0001001000111010
0000100100011110
1111110101100110
1111000001100000