1111100011110100
0000101100011100
0000110101000010
0000111110100110
0001101100011110
0001101000101001
0000011101001001
0000001101110110
0000010001101100
0000000110001110
0000011111000100
0000110100000101
0001001101111000
0001111001110110
0010001101111010
0010011100010000
0010010110100010
0010010011101010
0001101000101001
0001111011110000
0001100100110100
0001001100111100
0000101010100010
0000100000000000
0000011010010001
0000100110101110
0000100000111110
0000110111111010
0001000011011000
0001001110110110
0000111110100110
0000000110001110
1111011011011010
0000011010010000
0000111110011010
0001001000110000
0010000110101110
0001101111011110
0000001011100111
0000101000111001
0000011110100100
0000001101010110
0000001111000100
0000011011111110
0000111010001000
0001110000010110
0010001100110000
0010011100010000
0010001100110000
0001100011011100
0010001100110000
0010010101011000
0001011110010010
0001001010011110
0001000111000010
0001011100100001
0001011100100001
0001000111000010
0001000100011100
0001010000100000
0000011100110101
0000110111100010
0000110000100111
0000001100011110
1111011101110010
0000011001111000
0001010100001000
0001011001101100
0010001100100010
0001100111100011
1111001101001010
0000001100000010
1111110011000100
1111110010001000
0000001011000101
0000000000111100
0000011000111110
0001011011100010
0001101011010000
0010011100010000
0001111011110111
0001101100001100
0001000111001100
0000110011110001
0000101011011110
0001001100110000
0000110110100100
0000100011001000
0000011011110000
0000100110110110
0000100100111110
0000111001010100
0000111111110010
0001001001111110
0000100100000100
0000100001010010
1111100011010100
0000011101110000
0001110011110101
0001100111000110
0001111100011000
0000100101001100
1111101011110100
1111000010010110
1110111010111010
1111101111000000
1111110110011100
1111101010110000
0000010110010100
0000110001111101
0001101000001010
0010010100110100
0010011100010000
0001101011010110
0010000101111100
0010010110111100
0010000111000000
0001101000001010
0001100010110110
0001000010111110
0001001001010110
0000110011000010
0000111010011101
0000110101001010
0001010000110010
0001011001010010
0000111101101010
0001000100000010
1111000111101011
1111101100111010
0000101111100000
0001010000110100
0001001000000000
1111100000001010
1110111100111010
1110100111010110
1110011001101000
1110011111100000
1110100111010110
1110011111100000
1111001011100111
1111111011100110
0000110110010111
0001111010111100
0010011100010000
0001111100111010
0001110010001000
0001110111000010
0010000100110000
0001110001001010
0001100010011100
0001001101111000
0001001101111000
0000110001011110
0000101011100110
0000101000101010
0000011010111100
0001000000001010
0000110001011110
0000000000100000
1111000011000110
1111110100111000
0001000000000110
0001100111010010
0000101101000010
1110101011110010
1110010101100010
1110000110101110
1110010000010001
1110001111001100
1110100101011100
1110101110111111
1110110111011100
1111101011010110
1111110111000000
0001010111011010
0010001101011010
0010011000000000
0001110110001000
0010001000001000
0010011100010000
0010001110011110
0010000000101110
0001011010100100
0000011100000100
0000001101010000
1111111101010110
0000010101101110
0001100000111011
0001010111011010
0000100011100000
0000001011001000
1110111001101110
1111110001011110
0010000001100010
0001110111000100
1111100111000010
1110110111011010
1110101000010010
1110000110100110
1110000001111110
1101101110001110
1110010010001110
1110100000001011
1110101001011100
1110110001100110
1111111001101000
0000001101011000
0010000000011000
0010011001111100
0010001100000000
0010001111011110
0010010111100110
0010010001110010
0001110010011100
0000110100110110
0000001000101110
0000001000101110
0001101110111100
0010000111010110
0010011100010000
0010010000101000
0001010000110000
0001000000011110
0000000000000000
0001001110001000
0000011101010100
0000100111000100
0000100111000100
0001000100011000
1111000101011010
1110101000001000
1111101100011110
1111011000111100
1111001111001100
0000010011100010
0000011101010100
0000110000110100
0001101011011100
0001110101001100
0010011100010000
0010001000101110
0001000100011000
0000111010100110
0001101011011100
0000001001110000
0000000000000000
0000000000000000
0000000000000000
1111110110010000
1110101000001000
1110010100100100
0000001001110000
0000100111000100
0000111010100110
1111011000111100
1111011011011100
0000011101111001
0000101011001110
0001000101110100
0001011001110000
0001011001110000
0000101011001110
0000010111010010
0000011101111001
0000010111010010
0000101011001110
0000111000100010
0001011001110000
0001111011000000
0010001110111100
0010011100010000
0010001110111100
0010000001101010
0010000001101010
0001111011000000
0001100111000100
0001011001110000
0001000101110100
0000110001111000
0000100100100100
0000100100100100
0000010111010010
0000101011001110
0000100100100100
0001000101110100
0000111000100010
0000011101111001
1111010111010110
0000100100011000
0001001111001100
0001011100000010
0010010111111110
0001110101101110
1111100100001100
0000101100111100
0000011011110100
0000000110011010
0000011011110100
0000010111100010
0000101000101010
0010000010100100
0010000110110110
0010011100010000
0010001011001000
0010011100010000
0001111110010010
0001110001011100
0000111110000100
0001001010111010
0001000010010110
0001010011011110
0001000010010110
0001000010010110
0000101000101010
0000110101100000
0001001010111010
0001010111110000
0001001010111010
0000110001001110
1101100011110000
1101100011110000
1101100011110000
1101100111010010
1101100110100100
1101101011001010
1110001000011110
1110000100110001
1101111001110100
1101110101110000
1110000000000000
0001100100011110
0010010010111010
0001100011001110
0001000101001110
0000110010001010
0000001001010110
1111101001111100
1111100000110000
1111001111101000
1110110010001000
1110001011011110
1101110111100010
1101110001100010
1101110010111100
1101100011110000
1101100011110000
1101100011110000
1101100011110000
1101100011110000
1101100011110000
1101100011110000
1101100011110000
1101100011110000
1101100011110000
1101100011110000
1101100111001110
1101100110101000
1101110110110110
1111010100011100
1110011111100110
1110010000110000
1110001001000010
1110010100011100
0001001011101000
0001101010011100
0001001001111010
0000010011001100
1111111100001010
1111100001110100
1111010111110110
1111011110010000
1111000000101010
1110011010110110
1110000001100000
1101110010010000
1101101111010100
1110000011100010
1101100011110000
1101100011110000
1101100011110000
1101100011110000
1101100011110000
1101100011110000
1101100011110000
1101100011110000
1101100011110000
1101100011110000
1101100011110000
1101101110010000
1101100110111000
1110000000111010
1111110010111110
0000001101000000
0000010111011100
1111111010010000
1111110111101010
1110011111001000
1110011100000000
1110100111011100
1110001111100000
1110000000111010
1101101110101100
1110001000001100
1110001110111110
1110011001111010
1110001000101110
1110010010101000
1110011000010110
1110000110101000
1110101110001110
1101100011110000
1101100011110000
1101100011110000
1101100011110000
1101100011110000
1101100011110000
1101100011110000
1101100011110000
1101100011110000
1101100011110000
1101100011110000
1110111000100100
1111101001101100
0010011100010000
0010011100010000
1111010111110100
1110101011001101
1110100110101110
0010011100010000
0010011100010000
0001010100110011
1110000111011110
1110101111101010
1110000011000000
1101110101100110
1101110001001010
1101111110100010
1111110010100110
0000000000000000
1110110100000110
1110111000100100
1110001011111100
1110010100110110
1101100011110000
1101100011110000
1101100011110000
1101100011110000
1101100011110000
1101100011110000
1101100011110000
1101100011110000
0001100000110100
0001100110110100
0001101100101010
0001110000001010
0001110010111110
0001110101110010
0001110110001000
0001110001101110
0001100010011010
0000110011001010
1101100011110000
1101100011110000
1101100011110000
1101100011110000
1101100011110000
1101100011110000
1101110000111000
1101110111000100
1110001010110100
1111001001000110
1110110000110110
1111000111000000
1110010110101100
1111010111110010
0010000011111100
0001111111001000
0001001010111000
0010011100010000
1111001110010100
0000010101000111
0000010000111110
0000010000111110
0000100000011100
0001000000100110
0001010110000000
0001010101011010
0001111010010100
0010011100010000
0010001011000000
0001111110100000
0001011110111100
0001110000001100
0001011110111100
0001101100000010
0001110001011010
0001010100001110
0001010100001110
0001000000100110
0001001101101100
0001001110010010
0001010100001110
0000111000010000
0000110010010100
0000011011000110
0000101011110000
0000110111000100
0000101100111100
0000110001101100
0000100101001100
1111110110110010
1111011101001010
1111111011110110
0000001101000110
0000010010001110
0000000101011100
0000000110101101
0000010100001000
0000111110111100
0010000010000100
0010011100010000
0010010111110010
0001101010011010
0001100111110110
0001100000001100
0010000101111000
0001111001110000
0001111011101010
0001001010011100
0001110110100010
0001110010000100
0001100110100100
0001100100101010
0001111101100100
0001010010001000
0001001010011100
0001011111100010
0001011111100010
0001100000110100
0001010010001000
0000111011110000
0000011101101110
1111110100110100
1111011010010000
1111111000010100
0000001101001100
0000010101110010
0000001010110000
0000010100100100
0000100000110110
0001111001010000
0010000001110110
0010011100010000
0010000011101100
0001001010100110
0000110000001100
0001100100011000
0010000001010000
0001010001111110
0001101111011011
0001011011110010
0000011101001001
0000011101110010
0000101010101010
0001000001011000
0000101110010101
0000001111101010
0000011111101000
0001010110010000
0001011011110010
0001010001010101
0001011001111100
0001000110010100
0000011011111011
1111011010110110
1111101111110110
1101100011110000
1101100011110000
0010011100010000
1101100011110000
1101100011110000
1101100011110000
0000001111101000
1101100011110000
1111100100111000
0000011011001000
1111110110111110
1111110110111110
0000011011001000
1111000101111000
1111111100001000
0000101010101000
0001101101110000
0010010111000110
0010010100100000
0010010001111010
0001001001100110
0010011100010000
0001110000010110
0001000111000010
0000100000010010
1111110100011001
0000000110011110
0000100000010010
0000101111110010
1111111100001000
0000001011100111
1111011101001000
1111111001100010
0000111100101100
0000110010011000
1111110100011001
1111000011010100
1110110001001110
1111010010110100
1110000101010100