1110011001011110
1111010101111000
1111100100100010
0000100111000100
0001101101010000
0010001000101110
0001111101101110
0010010000000010
0010000000001100
0001001001110110
0000011101010100
0000001000100010
1111110000001000
1111101011010000
0000000011101010
0000010001000110
0001001100111010
0010010001010000
0010011100010000
0010001101000000
0001101001100110
0001001001110110
0000100001100100
1111101101000110
1110010101001100
1101111110000000
1110001101111000
1110101011110010
1111100001011110
1111101010000010
1110101110110101
1110000001000100
1110001100011010
1111000100001101
1111010110001100
0000100010110110
0001100100100000
0001110011100110
0001101101001100
0010000101000010
0010000010101100
0001000001101000
0000010100010110
1111111001000010
1111101110000000
1111110011001110
1111111011010110
0000011110110010
0001100110110100
0010011100010000
0010010110011100
0001100011010100
0001010011101010
0001001001110010
0001000000011110
0000101101111000
1111001011001010
1101111110011110
1110000111001100
1110110001000000
1111010100011100
1111001000110100
1110101010101000
1110000011101100
1110011011001110
1111001000001110
1111111011011000
0000111100101110
0001111100110100
0010001001001010
0001110001101110
0010001100110110
0010011100010000
0001100001000101
0000011011011100
0000000100000000
1111111101110110
0000001000111100
0000010110100000
0000110111110010
0010000011100110
0010000110101100
0001100001101100
0001010010010010
0001010100001000
0001010000011100
0001000100101110
0001000001000010
1111111010110000
1110001110111010
1101111110010000
1110101001011010
1111011010000110
1111010000110110
1110111101001000
1110010001111110
1110100001110000
1111001100100100
1111111101001000
0000110101011000
0001110111110100
0010011100010000
0010001011101000
0010001100111010
0010011010111110
0010000001011010
0000011110010110
0000001101000110
1111110111011000
0000011010100010
0001001111100100
0010010011010100
0010011000011010
0001011100010110
0000100111111100
0001000000001110
0001000100000100
0001001100011000
0001001011101110
0000111011110000
0000100000010010
1110111010101010
1101111000001100
1110011000001010
1111010001000010
1111010111011011
1110111000000110
1110100110110110
1110011111101110
1111000111111010
1111100110100000
0000101010010010
0001110110011110
0010010000010000
0001110111101010
0001011100000011
0010010101000100
0010011100010000
0001001101101100
0000100110101100
0000100111111000
0001101011101001
0001111110111000
0001110010111000
0001000001101100
0000001000000110
1111110010100000
0000001001111010
0000100001111000
0000111001111000
0001000010010010
0000110000111000
0000000101101100
1111000100010100
1101111011110000
1110001110111100
1110110101111100
1110101011001000
1110000101111100
1110011001001000
1110100000001011
1111001000001110
1111110011011000
0001000001000010
0001101111010000
0001110001000110
0000111111110010
0000111010010000
0001111110000100
0010011100010000
0010001110101100
0001011111001110
0010001011100110
0001111101011100
0000111101010110
1111111010001010
1111001011111011
1111000101001000
1110111011010010
1111001000110110
1111101010001000
1111110110011100
0000011101010010
0000010010001100
1110111111100110
1110000001010110
1101101001111010
1101111101000010
1101111000000110
1101101010100010
1101111101000010
1101111110111000
1110111011010100
1111100010111100
1111111101001000
0001100110100100
0001111110001110
0001101011000010
0001000100000100
0000110100000101
0001100110100100
0010011001000100
0010011001101100
0010010111001000
0010011100010000
0000111111100101
0000000000111110
1111011001010110
1110101111110100
1110011111001100
1110010101100110
1110100001110000
1110110101100100
1111010010111100
1111011101001010
1111000110001011
1110101001011010
1110011010000100
1110111010101010
1111001010000000
1110011111001100
1101110100011000
1101101100101100
1110001010000110
1111000111011110
1111111100101100
0000010111010010
0000110001111000
0001001100011110
0010011100010000
0001100111000100
0001111011000000
0001111011000000
0001110100010110
0000111111001010
0000111000100010
0000010111010010
0000101011001110
0000101011001110
0001001100011110
0001001100011110
0001100000011010
0001100111000100
0001000101110100
0000111111001010
0000010000101000
0000101011001110
0000000011010100
1110111010001100
1111000000110110
1110011000111100
1110000101000000
1111110110000010
1111110110000010
1111000111011110
1110001011101010
1110111000111110
1111011100100000
1111110001110010
0000000000000000
0001111111110110
0010000110111100
0010011100010000
0010001110000010
0010011100010000
0000110001101110
0000101010101000
0000000111000110
1111111000111010
1111100011100110
1111101010101100
1111110001110010
0000011100011010
0001111000110000
0010011100010000
0001110001101000
0000010101010100
0000100011100000
0001000111000010
1110110001111000
1110010101011110
1110011100100100
1111000000000111
1111001110010010
1111100011100110
1111101010101100
1111000111001100
1110000000001010
1110010110010000
1111000101100110
1111101011011110
0000111010011010
0001110110011000
0010000011000000
0001001101010110
0000110000111100
0010000110001010
0010011100010000
0001111001100010
0000110000111100
0001110011001110
0010001100011110
0001110000000011
0000001110001110
1111100010000000
1111010010001110
1110111111010010
1111100101001010
0000000001100110
0000110000111100
0001010000100000
0001000011111000
1111111011010000
1110110101110100
1110100010111000
1110011001011010
1110101100010110
1110000011010100
1110101100010110
1110111000111110
1101100011110000
1101100011110000
1101100011110000
1101100011110000
1101100011110000
1101100011110000
1101100110001100
1101100111101000
1101110101011100
1110001111001110
1110011110100000
0000101110000001
0001100100110010
0001110101110110
0010000011001100
0010000100011000
0001100011111011
0001010100111010
0000110011101110
0000011000110110
1111111100011001
1111001010011110
1110010110010000
1101101010011010
1101101000001000
1101100111101000
1101100110100010
1101100011110000
1101100011110000
1101100011110000
1101100011110000
1101100011110000
1101100011110000
1101100011110000
1101100011110000
1101100011110000
1101100011110000
1101100011110000
1101100011110000
1101100101010100
1101100101111100
1101101110111100
1110000010010000
1110001101110100
0000101111001010
0010000101101100
0010001011100010
0010000010111010
0010001001100010
0001101010101110
0001000110100010
0000101000111001
0000000100101110
1111011000001000
1110110011000100
1110000001101110
1101101001100100
1101100101111100
1101100101011110
1101100101010010
1101100011110000
1101100011110000
1101100011110000
1101100011110000
1101100011110000
1101100011110000
1101100011110000
1101100011110000
1101100011110000
1101100011110000
1101100011110000
1101100011110000
1101110101011100
1101111101010000
1110000111101100
1110010110010000
1110011000010110
1110011101110010
1110111011010000
1110110100000110
1110100000011100
1110011011100010
1110100010010000
1110010111111111
1110010100011010
1110100001110110
1110011111001000
1110010001011100
1110011001011000
1110011010011100
1110000111101100
1101110100011010
1101101011000010
1101100011110000
1101100011110000
1101100011110000
1101100011110000
1101100011110000
1101100011110000
1101100011110000
1101100011110000
1101100011110000
1101100011110000
1101100011110000
1101100011110000
1111010011010110
1111000001100000
0001000111011100
0001000111011100
0010011100010000
0010011100010000
1111010111110100
1101110001001010
1101110001001010
1110000011000000
1110000111011110
1101110101100110
1110010000011011
1110100010010000
1110100010010000
0000110101100100
0001011101110000
0000000100011110
1110101011001101
1101101100101100
1110111101000010
1101100011110000
1101100011110000
1101100011110000
1101100011110000
1101100011110000
1101100011110000
0010011100010000
0010011100010000
0010011100010000
0010011100010000
0010011100010000
0010011100010000
0010011100010000
0010011100010000
0010011100010000
0010011100010000
1101110110110000
1101110110110000
1101111001010110
1101111111000110
1101111011010000
1101111101111000
1110000000000110
1110000010000000
1110000011101011
1101101010110110
0001011001100110
1111100100011100
1110000001110000
1111000101001000
0000110110010000
0001111001101000
0010000111101000
1111001111110100
0000001000101100
0000000110111100
0001000000010000
0001011111100000
0001001100011000
0001111101000000
0010011100010000
0010000011111100
0010000111011010
0001101111001000
0001111001100010
0001001100011000
0001100010111110
0001111001100010
0000101101001000
0000111011000010
0000011111010000
0000011011110010
0001010011010110
0001000111001100
0001010011010110
0001011100000000
0000010001011000
0001000111001100
0000011101100000
1111110111010100
0000100111111100
0000110100000101
0000010110100100
0001000111001100
1111110101100110
1110110111000110
1111110111001100
0000110010100010
0001101101111000
0010000011001110
0010011100010000
0000111010111000
0000110110010000
0000011101001110
0000011000100100
0010000000011100
0001100100101000
0001000100001010
0000101001010000
0000001100100001
0000101101111010
0000101100000010
0000011100010010
0000100011101100
0000000111111000
0000010101110010
0000100011101100
0000110011011110
0000110100011001
0000010011111100
0000000001011010
1111100110100000
0000001000110100
0000001100100001
0000000100001100
0000001100100001
0000001000110100
1110001000110111
1111010110110110
0000010011000100
0001111001011110
0010010100001110
0010011100010000
0000011110011100
1111111010010100
1111110111101000
0000101100100000
0001100011011000
0001010011111110
0000111001111000
1111010101100000
1111111110010100
0000111011111000
0000101110011111
1111011101100010
1111011010001100
1111010100110110
1111101000111011
0000011101110010
0000111011111000
0000101111110110
1111111111000000
1111010110001100
1111100000001110
1111100011100100
1111100100111010
1111011001100010
1111001010110100
1110110100000100
1110010101111100
1101100101010100
0010011100010000
1101100011110000
1101100011110000
1101100011110000
1101100011110000
1101100011110000
1101100011110000
1101100011110000
1111101111110010
0000010110010100
0000111110111010
0000111110111010
0001110111101110
0010011100010000
0001101111100101
0000101010101000
0000010000001110
1111100101101000
1111110001110010
1111111001111010
0000000000000000
1111111101111110
1111101001101100
1111100011100110
1111101101110000
1111100001100100
1111110001110010
1111111011111100
1111011011011110
0000100010100000
0000011110011100
0000001010001010
1111110101110110
1111101111110010
0000000010000010
0000011000010110
0000001000001000
1111010001010100
1111101001101100
1111001101010010