1110001110000010
1110010111001110
1110001101001000
1110001101001000
1110110010110010
1110111011000100
1110111110110000
1110100110110110
1110101011011100
1110110011101110
1110110100101000
1110010111001110
1111000110000110
1111011000011110
1110110010110010
1111001110011000
1111010000001110
1110110110011110
1110111110110000
1111010100110100
1111110111101110
1111111011011010
0000011101011010
0000110000101110
0001101111001110
0010000011011100
0010011010011010
0010001000111100
0010001100101000
0001111111110000
0001111101111010
0010011100010000
1110010011000010
1111111011111000
0000001000001110
1110111000000010
1110010000111110
1110100100100000
1110111100001010
1110110000110110
1110011011010000
1110001011110111
1110100001011100
1110111010000110
1111000100011000
1110110010111010
1111001010100010
1111100100010000
0000001011010100
1111111001110110
0000010010100000
0000000010000100
1111110110110000
0000001110011010
0001011010011110
0001111001010100
0010010111001000
0001111110011100
0001110101001100
0010000001100010
0010000010100100
0001110001000100
0010011100010000
0010010111001000
1110111101110010
0000110011001110
0000110011001110
1111101101011010
1111100110001110
0000001110101100
0000000010010010
1111111011000110
1111101100000110
1111101100000110
1111100001101010
1111111101101110
1111110000000010
0000010011010000
0000001000001010
0000100000010010
0000110101110100
0010001001010110
0010000110101110
0001011111100100
0001001110101000
0010010111000010
0010001000101100
0010000010001010
0001110001001100
0001101010101010
0001100011100000
0001110110011010
0001110010100000
0010010101101110
0010011100010000
0010010000100000
1110101010110110
0000001010010010
0000000000010100
1111111101001100
1111100011101000
1111100110110000
1111100001110000
1111110111100110
1111100011101000
1111110000101110
1111100011000001
1111101000000001
0000001000011010
1111111111000100
0000001010111010
0000100100100000
0001001001111010
0001000111011010
0001101111010110
0010001000111010
0010001110100010
0001100101011000
0001000010011100
0001000011000100
0000101100100110
0000110100101110
0001000010011100
0001001000101010
0001110000100110
0010000110011010
0010011100010000
0010001110100010
1110110101000110
0000010110011100
0000111101111110
0001011100010111
0000001101010100
1111011010011000
1111111110000110
1111110110100000
0000000110011110
1111101011000110
1111110011011111
0000010100111010
0000110100110110
0001011100010111
0010001000011110
0010001101110100
0001001100011010
0001100111110010
0010001100010010
0010011100010000
0001011101001001
0000110100110110
0000011000101110
0000001111100110
0000010111111100
0000101000101100
0001000110010110
0001110000001010
0010010110001010
0010011001001110
0010000101011100
0001011001010110
1111001100101100
0000111010001001
0010000010000010
0010011001111110
1111100100101000
1111111101101110
0000110100011110
0000001111111110
0000010111111100
0001101010000100
0001100101100000
0010010101011010
0010010000110110
0001110110101000
0001001100011010
0001000001000000
0000100100100000
0001010111110100
0010001100010010
0010011100010000
0001001110101100
0000001010010000
1111011100101010
1111011101110010
1111111100100110
1111110110111000
0000111100011011
0001011100010111
0001101110101000
0001010111110100
0001000010001010
1111111011011100
1111010110111110
1111101100100100
0001111001101100
0010011100010000
1111100010011110
1101101100011000
1111010010101000
1111100010011110
1111100011111011
1111100010011110
1110111011100110
1111100010011110
1111100010011110
1111011100101110
1111100010011110
0000010000100100
0000000111111010
1111100010011110
1111100001000011
1111100101010110
1111101001101100
1111101011001000
1111100010011110
1111111010111110
0000010000100100
1111000101101101
1110111000101110
1111001010000000
1111001011011101
1111101111011100
1111100001000011
1110100000001110
1111010001101110
1111100011000100
1111000000010110
1111111010001110
1111101000110110
1111010111100000
1111100011000100
1111010001101110
1111010111100000
1111101110101000
1111111010001110
1111101110101000
0000010111001010
0000010111001010
1111110100011100
0000001011100100
0000010001011000
1111101000110110
0000100010101110
0000011100111100
0000101000100000
0000101000100000
0000111001111000
0000110100000101
0001010001000001
0001111001100010
0010011100010000
0010011100010000
0010001010111000
0010000101000110
0001011100100110
0001111111010100
1111110111110010
1111100111010110
1111100111010110
1111000110011100
0000011000101010
0000101001001000
1111101111100100
1111011111000110
0000011000101010
0000100000111010
1111110111110010
1110111110001110
1110111110001110
0000101001001000
0000110001010110
0000100000111010
0000000000000000
0000010000011100
1111000110011100
1111000110011100
0000011000101010
0000101001001000
0000100000111010
0001000001110010
0001110011001000
0001110011001000
0001010010010000
0010000011100110
0001110011001000
0010011100010000
0001111011010110
0001001010000000
1101110101010110
0000110010101000
0000110111000010
1110010100001010
1110001011011001
0000000010001100
0000000010001100
1111000000001100
1110001111110000
1111010110001100
1111011010100110
1111011111000000
1111110000100111
0000000010001100
0000000110100110
0000001111011001
0000101110001110
0000100101011010
0001110000010000
0001010101110100
0000111111110100
0000111111110100
0010001010101010
0001111101011100
0010001010101010
0001111101011100
0001110100100111
0001100111011100
0001111001000010
0001110100100111
0010011100010000
0010010011011100
1101100011110000
1101100011110000
1101100011110000
1101100011110000
1101100011110000
1101110000010000
1101110010010110
1101111000100110
1110000000111010
1101111101110010
1110101100101010
0000010000101010
1111000011100110
0000111001010010
0010000000001000
0001110110110000
0001010001010000
0001111011111110
0010001001100000
0000110101001000
0000100100011110
1111110011100000
1110101011101000
1110100110011010
1110100011010010
1110000110001000
1101111011101110
1101100011110000
1101100011110000
1101100011110000
1101100011110000
1101100011110000
1101100011110000
1101100011110000
1101100011110000
1101100011110000
1101100011110000
1101100011110000
1101110000100010
1101110000110110
1111001111101000
0000100101111110
0001000011100010
0000101101011000
0001000000110110
1111101100110110
1111111101010100
0001110111010010
0001111101010110
0010000110110000
0001011100110000
0001011100011010
1111111011101000
1110111000011100
1110011011100010
1110000011101100
1110000001101010
1110000000111111
1101110110001110
1101110010111000
1101100011110000
1101100011110000
1101100011110000
1101100011110000
1101100011110000
1101100011110000
1101100011110000
1101100011110000
1101100011110000
1101100011110000
1101100011110000
1101101101001000
1101100111111010
0000010110111010
0010010100011100
0010001101101010
0001111110000010
0000111101001010
0001101000011100
1111011111011010
0000110001100010
0000010000111100
0000001111001010
1111100010111110
1111000100101000
1110011111111010
1110000111101100
1101111010011010
1101110000010000
1101110111100010
1101110101111110
1101100110111000
1101110110100000
1101100011110000
1101100011110000
1101100011110000
1101100011110000
1101100011110000
1101100011110000
1101100011110000
1101100011110000
1101100011110000
1101100011110000
1101100011110000
1110010100110110
0010011100010000
0010011100010000
0010011100010000
1110011101110010
1110000011000000
1110001011111100
1111111011100010
0010011100010000
0010011100010000
1110000111011110
1110110100000110
1111101110001010
0000011111010000
0001001011111010
0001110100000100
1101110001001010
1101110101100110
1101100011110000
1101101100101100
1101110001001010
1110011101110010
1101100011110000
1101100011110000
1101100011110000
1101100011110000
1101100011110000
1101100011110000
0001110000110101
0001111010010100
0010000101010100
0010000110010000
0010000111111100
0001110000000010
0001010110101000
0001010010011110
0001010110100010
0001000110010100
0001100110110110
0001011110101000
0001100100011100
0001101001011110
0001111000001111
0001110101100110
0001110110101110
0001110000001000
0001100101110110
0000001010000000
1110001111100000
1111100110010000
0000101100000010
0001010100101100
0001000111010000
0000000100101110
1111111001101000
0010011100010000
1110011110111011
1110110000101010
1110110010101000
1111010111000111
1111010000001100
1111100011111011
1111100100111000
1111001000010100
1111000111010100
1111011010000010
1111110110101000
0000011010000111
0000110100110000
0001011001001101
0001111111101001
0010000011100110
0010000011100110
0010001110011100
0010000101100100
0010000100100110
0010011100010000
0010010011011000
0010010010011010
0010001110011100
0010001001100010
0010000100100110
0001111110101100
0010010010011010
0001111100101110
0001011111001000
0001010111010000
0000010000010010
1110010001101000
1110010111000100
1110110001100000
1110111010110100
1111001111110100
1111010011101100
1111111001000000
1111111001110010
1111001101011110
1111010100011110
1111011001111010
0000001101001110
0000010110100010
0001010011001100
0001101011010010
0001011000101000
0001011011101110
0001001001110110
0001011110110110
0010001011001010
0010011100010000
0001111101001010
0001100001111100
0001011010001100
0001101100110110
0001100110101000
0010001110010000
0010001010011000
0001000101001100
0000101010110000
0000100101010100
1111100110010110
1110100000111110
1110101000001110
1110100100001100
1111011001010110
1111010100100000
1111010000011110
1111010111101111
1111010010000110
1111011110111110
1111010000011110
1111100100101000
0000100111011110
0001001010000110
0001111101101010
0001111011001110
0001000110111000
0001100111000110
0001100001011110
0001110011111110
0001111110011100
0010011100010000
0001101011111100
0001101011001000
0001001001010010
0001100000101010
0001111001101000
0001111100000001
0001110010011000
0001010011110000
0000110110110010
0000100101110110
0000000010011010
0000101100101011
1101100011110000
1101100011110000
0010011100010000
1101100011110000
1101100011110000
1101100011110000
1111100000110000
1101100011110000
0001000000111110
0010011100010000
0010001010101100
0010010101001110
0010000000001010
0000111101011100
0001001011100000
0010010101001110
0010001110001110
0010011100010000
0001111001001000
0001001111000000
0001001111000000
0001100111100110
0001100000100100
0001101011000110
0001110101101000
0000101011111000
0001100100000100
0001100100000100
0001011101000100
0001000111111110
0001010110000010
0001100111100110
0000111101011100
0001011001100001
0001000111111110
0001101011000110
0001001011100000
0000100100111000
0000110010111010
1111111010101111