1111110001101010
0000110100101000
0000100111111000
0000101100101010
0001101001001110
0001101111100101
0001111001001100
0000110001011100
1111111110011010
1111100001101110
1111100001101110
1111011100111100
1111101001101100
0000001111111011
0000001100110000
0001000010111110
0001011010111000
0001111101111110
0010011100010000
0010010111011110
0010000100010110
0001111101111110
0001110111100110
0001111001001100
0001110010110010
0001011110000100
0000110001011100
0000100011000100
0000000100110010
1111111110011010
1111110110011100
1111010001110000
1111100110110000
0000011001010000
0000111111001000
0001010000100000
0001100101000000
0010011100010000
0010000001011010
0001111100101100
1111111001101100
1111101001111010
1111110001110010
0000001100101000
0000010010111100
0000010100100010
0000101100001100
0000111011111101
0001111100101100
0010011100010000
0010011010101010
0010001001010100
0001001101010110
0000101111010110
0001010000100000
0001100000010010
0000011111100100
0000100010101110
0000100111011110
1111111001101100
1111011000100010
1111010000101010
1110110101110100
1111010011110100
1111011110100010
0000010111111010
0000111011000000
0001000110001010
0001011010111000
0010010101111000
0001111100011000
0010001100010100
0000100100101010
0000000110011000
0000001100110000
0000001001100100
0000011111110111
0000011110010010
0000110110001101
0001000110001010
0001011010111000
0001111111100100
0010011100010000
0010001111100000
0000110011000010
0001100100011100
0001010010111010
0000011100101100
0001011111101010
0000111100100110
0000011011000110
1111110110011100
1111000000001110
1111001001110011
1111000110100110
1110110101000100
1111011010000010
0000001000110000
0000111010011010
0000110000001100
0001010000010100
0010011100010000
0010001010101110
0010010000100100
0000111010011010
0000100001100110
0000001000110000
1111111010001010
0000110100100011
0000110001101010
0000110000001100
0000111101010110
0001101101100010
0010000111110100
0001010001110010
0000110011001000
0001000100101000
0000011011110000
0001010001110010
0001100001110110
0001001010011110
0000101000111000
0000010101111010
0000001101001010
1111011100111110
1111001100111000
1111000001001110
1111001011011101
1111010011001010
1111111101010010
0000111001000100
0000101100110110
0001010001100010
0010011100010000
0010000110100000
0001110100110110
0001100000011101
0000111111110110
1111111101010010
0000001110111100
0000001100001110
0000010100010111
0000111111110110
0001000011111100
0001010001100010
0001100011001100
0001001100000110
0000100100101100
0000010011000010
0000010100010111
0000011111010000
0000110111101101
0000100110000010
0000000101011100
1111100000110000
1111010001110101
1110110011111010
1111000000001010
1111001100011000
1110111100000100
1111011000111100
0000010100101100
0001000100111100
0001000100111100
0000111010100110
0010011100010000
0010010110100000
0001001011110100
0000110011101100
0001000001100000
0000001000000010
0000000011011100
0000000110111010
0000011011100100
0001010111010100
0001011101000100
0001100111011010
0001011011111001
0001010000011100
0000100000001010
0000101010100000
0000101111000110
0000111000010010
0000111000010010
0000111000010010
0000000010010100
1111110001000100
1111001010000000
1111011111110110
1111000110100100
1111000111101110
1111001110100110
1111011010011010
0001001010011000
0000110010111110
0001000000010110
0001101011110010
0001100110110010
0010000100110110
0001100110110010
0000111101000000
0000000111100010
0000000000110110
0000000111100010
0000110100101000
0001000010000000
0001100011011100
0010001001111000
0010011100010000
0010000001100000
0000101111101000
0000010110100100
0001000011101100
0001001010011000
0000101111101000
0001011001011010
0001011011000100
0000101100010010
1111110011011111
1111010010000010
1111000100101100
1111011000101110
1111100001000110
1111010010000010
0000001111001000
0001011111110010
0001000001100010
0001001011100110
0001110011111100
0010001000000110
0001111110000000
0000110111011100
1111001000100100
1111010010101000
1111001000100100
1110010110001010
1110110100011010
1111011100101110
1111011100101110
0000011001001100
1111111010111110
0000011001001100
0010001000000110
0010011100010000
0001110011111100
0001011111110010
0000110111011100
0001000001100010
0000110111011100
0001011111110010
0000101101011000
1110111110011110
1110101010010100
1110111110011110
1111011100101110
1111100110110100
1111010001100100
1111111011110010
0000011101100100
0000010101000111
0001010000001111
0001111010011110
0001101001100100
0000110110111010
1111111011110010
1111110011010110
1111101010111001
1111101010111001
1111111011110010
0000010101000111
0000011101100100
0000101110011100
0001101001100100
0010001011010110
0010011100010000
0010000010111010
0001100001001000
0010000010111010
0001111010011110
0001110010000010
0010001011010110
0001000111110010
0000111111010110
0000111111010110
0000011101100100
0000100110000000
0000101110011100
0000001100101010
1111100011100110
0000010111101100
0001000010010010
0001000111000010
0001100011011100
0010011100010000
0010000100100100
0010010111100000
0000111000110100
0000001001011110
0000001110001110
0000100001001010
0000110100000101
0000110100000101
0000101111010110
0001011001111110
0001101000001010
0010000100100100
0010010010110010
0010000100100100
0001000111000010
0001101100111001
0001010101001110
0001000010010010
0010000100100100
0001100011011100
1111110110100010
1111101101000100
1110111101101110
1110011100100100
1110110100010000
1110111101101110
1101100011110000
1101100011110000
1101100011110000
1101100011110000
1101100011110000
1101100011110000
1101100011110000
1101101000110110
1101101001100010
1110000000010010
1110100001001110
0001011000101010
0010001100010010
0010010111001010
0010011000001100
0010011000110110
0010011001001100
0010010110011110
0010000101001010
0001010010111000
0000001001110110
1110110100111100
1101110011101110
1101101101100110
1101101010001110
1101101011111010
1101101010111000
1101101001111000
1101101010111000
1110001100110110
1101111110111100
1101110001010110
1101101101100110
1101100011110000
1101100011110000
1101100011110000
1101100011110000
1101100011110000
1101100011110000
1101100011110000
1101101000110000
1101101000101000
1110010010111110
1110100000111100
0000000000111110
0010000100000010
0000110100110110
0000110100101110
0001000111001110
0000110001101000
0000111101010100
0000110000101010
1111111101110110
1111001100111100
1110011100001010
1101101111001100
1101101100000110
1101101001101110
1101101001110110
1101101000111000
1101101000111000
1101101001011110
1110011110111011
1110101011100100
1111000100111110
1111010000101010
1101100011110000
1101100011110000
1101100011110000
1101100011110000
1101100011110000
1101100011110000
1101100011110000
1101101011000010
1101101110001010
1110001110011100
1110111011010000
1110000100100100
1110100101011000
1110011011001110
1110010100001101
1110010001110110
1110010001000100
1110010100001101
1110011101100100
1110001010110100
1110010101110000
1110101101001100
1110100010010000
1110001010010010
1101111000100100
1101110001110100
1101110010110110
1101101011000010
1101110000010000
1110010101110000
0000100010011000
0010011100010000
0010011100010000
1101100011110000
1101100011110000
1101100011110000
1101100011110000
1101100011110000
1101100011110000
1101100011110000
1110010100110110
1111101001101100
0010011100010000
0010011100010000
0010011100010000
0001101011001010
1110100010010000
1110011001010100
1110110100000110
1110000011000000
1101110001001010
1110001011111100
1111100101001110
0010011100010000
0010011100010000
0010011100010000
1101101000001110
1110010000011011
1101111010000100
1101101100101100
1101100011110000
0001011101110000
0010011100010000
0010011100010000
0010011100010000
1110000011000000
0010001110010110
0010001110010110
0010010100011110
0010011011101010
0010011100010000
0010011100010000
0010011100010000
0010011100010000
0010011100010000
0010011100010000
0000100000101100
0000100000101100
0000100010011000
0000100111101110
0000100110011010
0000011100111100
1111111111000000
1111111000011000
1111101011101110
1111000111101000
1110101100101010
1110100010010000
1110101001111000
1110111011110010
0001010111000100
0001111011111100
0000110111010110
0000000011111010
1111000101010010
0000010000101000
0001101111111100
0001100010101000
0000010101000100
0000001001111110
0000101001000000
0000110110010100
0010010001001010
0010011100010000
0001100010101000
0001101101101110
0001100100110110
0000001100001100
0000011001100000
0000100010010110
0001001100011110
0001110100010110
0001111101001110
0010011100010000
0010011010000010
0001100010101000
0000010111010010
0000011011101110
0000101011001110
0000010101000100
1111111010011110
1111010000010110
1111100110100000
1111010010100100
1111010010100100
1110011111100110
1111110101001110
0000010010110110
0010010001011110
0001111011111100
0000110000100000
0000011010111100
0001010011100000
0001100110011000
0010001110110010
0010001110110010
0001101001000100
0001010011100000
0001000011010110
0000101101110100
0001001011011100
0001010000110100
0001011000111001
0001011110010010
0001101011110000
0010010110111000
0010011100010000
0001101011110000
0000110011001100
0000111101111110
0001000011010110
0000111000100100
1111110010100010
1111110101001110
1111010010001100
1111010010001100
1111010100111010
1111000100101110
0000101100011010
0000110111111010
0001001011101010
0000110111111010
0000000000000000
1111110110001000
0000110011000000
0000110100101000
0001011100000110
0010001000100000
0010000110111000
0010000000010010
0010011100010000
0001100101111110
0000110110010010
0000101010110000
0000110001010110
0001000001110010
0001010000100110
0001100001000010
0001010010010000
0000111001100100
1111110100100000
0000110111111010
0001011000110100
0001011010011110
0000101010110000
0000011010010100
1111101000111110
1111000011001010
1111010000010100
1110100111001100
1111100111001100
1101100011110000
1101100011110000
0010011100010000
1101100011110000
1101100011110000
1101100011110000
1110010111110110
0010011100010000
1110010111110110
1110001011101101
1110111111110000
1110110001111000
1111000011010000
1111010100100110
0000011010000010
0000010110100100
0000001111101000
0000000000000000
1111111100100010
0000001111101000
0000001101111000
0000010011000110
0000110100000101
0000100010101110
0000000101001110
0001000011101110
0001001000111010
0001101101011000
0001110110000100
0001000101011100
0001011000100010
0001101101011000
0010011100010000
0001111101000000
0001110111110001
0001111110110000
0001111101000000
0001111101000000
0001110110000100
0001100010111110