1111010111000111
0000110001111010
0001011111101110
0000111101010110
1111001100011110
1110100110110110
1110010100110110
1110000101010010
1110000101010010
1101101011111100
1101111101001000
1110001100101010
1110101001010010
1110111101110000
1111010011110100
0000101001101110
0001110001101110
0010011100010000
0001101011001010
0001010100010000
0001010011011100
0001001011010000
0001001101101110
0001000110010110
0000110011100010
0000111100100010
0001010110101110
0001100000100010
0001001111010110
1111100110101000
1110111100000110
1110000010000010
1111011110100110
0001011100001000
0010010011001110
0001010010001100
1111100101110100
1110110101000010
1110011011110001
1110000000101011
1101110100111010
1110001101010010
1110010000111010
1110010100100010
1110010011101000
1110100111100000
1110111101001010
1111100011000110
0001011100001000
0010011011010110
0010000001001010
0001001010000100
0000110010100100
0000101110111110
0001100001100010
0010000101101010
0010011100010000
0010010000100000
0010000110100100
0010000001001010
0001110110010100
0001010100000000
0000111100100000
1111010101100100
1111110000100100
0001100100111100
0010000110101100
0001000000010010
0000000001000100
1111000100000000
1110100101001000
1110110000101000
1110001011111110
1110010010011100
1110011000001100
1110100000000110
1110110000101000
1110110011100000
1111011000001000
1111110010000000
0001001111011000
0001110001111000
0001110000011100
0001001011110010
0001000011111000
0001000010011100
0001001100100000
0001101111101110
0010010001011110
0010010010111010
0010011100010000
0010000011110100
0010000111011010
0001100010000100
0001000110000010
1111111111101010
1111000000101000
0001000010010110
0001011100111000
0000010010011100
1111010000000110
1110011100100000
1110000111001001
1110000010101110
1101111001111000
1101110101011100
1110000100001100
1101111101100010
1110001011100100
1110100100100110
1110110001111000
1111011010011010
0000101101101100
0010011100010000
0010011010110010
0001001011001100
0000010110110110
0000100100110110
0000111001100000
0001011100001000
0010000011111100
0010001001110100
0001110000000010
0001111001101000
0010001001110100
0010000101011010
0000110100010110
1111111000101000
1111000001010110
0001001001001110
0001100100011001
0000110111000110
1111011101010010
1110101001001100
1110011101111000
1110001001100000
1101110010110110
1101110101111000
1110001000110000
1110000100111110
1110001110000010
1110010111000110
1110111100110100
1111100001000100
0000101011110010
0010000100110110
0010011011100000
0001010000110010
0000110111000110
0000100001001110
0000111111011010
0001001000011110
0001110000011110
0001110110100000
0001111110000100
0010010100101100
0010011100010000
0010000101100110
0001011010100110
0000010011101000
1110110001111000
0000110001010110
0001001100000100
0000110111100000
1111010000101110
1110010000010010
1110000101010110
1110000011010010
1101111101110010
1101111010011000
1110001000110000
1110010000010010
1110010001101010
1110110100101000
1111001101111110
1111100100100110
0000101011111000
0010001100100000
0010011100010000
0001000101001110
0000001011101010
0000011100000101
0000111111101110
0001010001100100
0001010101101010
0001000101001110
0001010001100100
0001101100111110
0010000000001010
0001101010111010
0000111101000000
1111110011101010
1111011110111010
1111111011011000
0000110010110100
0000111100110100
1111001010111000
1110000100000100
1110010010101100
1101110110001110
1110000000001110
1101101111010010
1101111010110110
1110101000010000
1110110110111000
1110101110011010
1111000101100000
1111101010011100
0001010001100110
0001111101011110
0010011100010000
0001101001011100
0001010110111110
0001010100101001
0000110011100100
0001000010111110
0000100001000110
0000001010110010
1111110100011110
0000111010100000
0000111100110100
0000101001100100
0000000000110010
1110111101110100
1111001110010010
0001011100010110
0001111000110000
0001101010100010
1111100011100110
1111000000000111
1111011100100000
1110010101011110
1110011100100100
1110110001111000
1110010101011110
1111000111001100
1111101010101100
1111111000111010
0000011100011010
0001101010100010
0010011100010000
0010001110000010
0001100011011100
0010010101001010
0010010101001010
0001100011011100
0000110001101110
0000100011100000
0000001110001110
0001000111000010
0001110001101000
0001110001101000
0000110001101110
1111111000111010
1111001110010010
1110111000111110
1110110001111000
0000111110100000
0001010101111100
0000111110100000
1110111001101100
1110110001111000
1110001010110100
1110100010010000
1110101010000100
1110011010011100
1110100010010000
1110110001111000
1111011000111100
1111100000110000
0000000111110100
0001001110001000
0010011100010000
0010011100010000
0001100101100100
0001011101110000
0001110101001100
0001111101000000
0001110101001100
0001001110001000
0000110110101100
0001000110010100
0010000100110100
0010001100101000
0001100101100100
0000000000000000
1111010001001000
1110100010010000
0000001010001010
0001010011001100
0001101111100101
1111111101111110
0000000010000010
1110101100110100
1111000001000110
1110111101000010
1110101000110000
1110001000010010
1111000001000110
1111000101001010
1110101000110000
1111010101011000
1111010101011000
1111110001110010
0000111010110110
0010000011111010
0010011100010000
0001100011011100
0000111010110110
0000111010110110
0000101010101000
0001110011101010
0001101011100100
0010000011111010
0001100111100000
0001101011100100
0001101011100100
0001011011010100
0000111010110110
1111010101011000
1101100011110000
1101100011110000
1101100011110000
1101100011110000
1101100011110000
1101100011110000
1101100011110000
1101100011110000
1101101001100110
1101101000100110
1111001000001100
0010011001001100
0010010100111000
0001110111111000
0001101010101010
0001100001001111
0001011001111000
0001000111010100
0000111111011100
0000101110111010
0000101110001010
1111011100110010
1110100010110100
1110000110000100
1101110110110100
1101110010100000
1101101110101100
1101101101001010
1101100011110000
1101100011110000
1101100011110000
1101100011110000
1101100011110000
1101100011110000
1101100011110000
1101100011110000
1101100011110000
1101100011110000
1101100011110000
1101100011110000
1101100011110000
1101101010011110
1101101001001100
1111001101000000
0001110001100010
0000101100011010
0000110111001010
0000100101010010
0000110100100011
0001000010111100
0000101010001100
0000101010111110
0000100001001000
0000001111010010
1110111101011110
1110100010011010
1110010001010100
1110000101110010
1110000011111111
1110000001111010
1101110110011010
1101100011110000
1101100011110000
1101100011110000
1101100011110000
1101100011110000
1101100011110000
1101100011110000
1101100011110000
1101100011110000
1101100011110000
1101100011110000
1101100011110000
1101100011110000
1101110001010010
1101101010000000
1110010000100010
1110010100001101
1110000000101011
1110010101110000
1110000000101011
1110001101001010
1110010100111110
1110001100110000
1110000101010110
1101111101001000
1110000111101100
1110010000001100
1110010010101000
1110111001101100
1110111001101100
1110110011111100
1110110011111100
1110101101001100
1101100011110000
1101100011110000
1101100011110000
1101100011110000
1101100011110000
1101100011110000
1101100011110000
1101100011110000
1101100011110000
1101100011110000
1101100011110000
1101100011110000
1101100011110000
1110000011000000
0010011100010000
0010011100010000
0010011100010000
1110111000100100
1101111010000100
1101101100101100
1101110001001010
1101101100101100
1101101100101100
1101101100101100
1101101100101100
1110101111101010
0000001000111100
1110100010010000
1110000111011110
1110001011111100
1101110101100110
1101101000001110
1101101000001110
1101100011110000
1101100011110000
1101100011110000
1101100011110000
1101100011110000
1110011011111110
1110011111000110
1110011101110100
1110011101110000
1110011001101110
1110010100011100
1110010101111000
1110001101101010
1110010010011110
1110011011110110
0000101010010010
0000101100100001
0000101110101001
0000110000001001
0000110101101110
0001000001111100
0001000111000110
0001010001000100
0001011001110110
0001010011010110
0001001111001010
1111110100111110
1111010100010000
0001000001011000
0010010011000100
0001100111111100
0000111001011110
0010011100010000
0000010101010100
0000111000110100
0000111111111001
0000111111111001
0001000111000010
0001101010100010
0001110001101000
0001101010100010
0001110001101000
0001011100010110
0010000110111100
0010011100010000
0010010101001010
0010011100010000
0010011100010000
0010001110000010
0010010101001010
0010010101001010
0001111000110000
0010010101001010
0010010101001010
0010001110000010
0010010101001010
0010001110000010
0010011100010000
0010010101001010
0010010101001010
0010000110111100
0001100011011100
0001100011011100
0000110001101110
1111000111001100
0000110110100000
0000110010111000
0000011001011100
0000010010001010
0000000111010010
0001000101000010
0010000010110100
0010011100010000
0010010001010110
0000101111010000
0001010111001110
0001011110011110
0000111010001000
0001110000101010
0001010011100100
0001011110011110
0001001111111100
0001100101110000
0001000101000010
0001000101000010
0001000101000010
0000111101110001
0001100010001000
0001010111001110
0001011110011110
0001001000101100
0001000001011010
0001010011100100
0000110010111000
0001001100010100
1111111000101110
1111011000000010
0001100111001100
0001110101111100
0001011000011011
0000101111001010
0000010100101000
0000100011011000
0001010010100100
0010000111101000
0010011100010000
0010001101100000
0010010000011110
0001101010001000
0001101010001000
0010000111101000
0001011011011010
0001000011110100
0000100000011100
0000111010111110
1111110111001010
0000010001101100
0001001100101010
0001010101100000
0000001000110110
0000101111001010
0000001110110000
0000111010111110
0000110101000100
0000010001101100
0000101111001010
0000001110110000
0000010001101100
1111011111100100
0001010110010110
1101100011110000
1101100011110000
0010011100010000
1101100011110000
1101100011110000
1101100011110000
1101111101110010
1101100011110000
1110100010010000
1111010000010100
0000011000101010
0000100101110110
0000011011111110
0001011010011110
0010001011110100
0010011000111110
0001111110101010
0010000001111100
0001011010011110
0010011100010000
0010001011110100
0001011101110000
0001101010111010
0000101100011010
1111110111110010
0000000100111100
1111110111110010
0000010010000110
0000010010000110
0000111001100100
1111111110010110
1111100100000010
1111010011100110
1111100000110000
1111010000010100
0000111001100100
1111100100000010
1111101010101000
1111010000010100
1110011011101010