1111011000101110
0000110000100100
0000010010010000
1111101100100000
1111111101110110
1111101101001000
1110000111101010
1110001111000100
1101110001011000
1101111000001010
1110010000111100
1110010101111000
1110010000010100
1110010111001000
1111001000000000
1111010011001000
1111010101101000
1111111000010000
0000110001001100
0001010100011110
0001101000010010
0001100001011110
0001000000000100
0001100111101010
0001111101111100
0010001000011100
0001110001100100
0001010110111100
0001000101101000
0001110011011010
0010000000011010
0010011100010000
1111001000110010
0000000011100001
1111110111110010
1111111111010010
1111110000010000
1111011100000100
1110000100101010
1110001100101001
1110000101001000
1110000100001100
1110011111011100
1110100110011111
1101111011101110
1110011000110110
1110101111111000
1111010100100010
1111011111010110
0000001011111110
0001001111001100
0001100001100000
0010001010011010
0001111101101110
0001011000100101
0010000001000000
0010000101001110
0010000100110000
0001101110001100
0001100111001010
0001011000100101
0001110011010111
0010010000111110
0010011100010000
1111001100000101
0000001111011110
0000100000001100
0000110011111011
0000001010101110
0000000111101110
1111000011000010
1110110110001010
1111000110111010
1111000110000100
1111001010110010
1110100110101110
1110110010101110
1111010100101010
1111101101100010
1111111010110110
0000100001111010
0001001010101100
0001111010010110
0010010001111100
0010011100010000
0010010110101010
0010010110101010
0010011000011000
0010001111110100
0001101101011110
0001011100101110
0001011100010010
0001011010001010
0001111111000100
0010001011000110
0010011001101100
1111000011100101
0000000000100110
0000111111111100
0001010100000001
0000100111001110
0000001001000100
1111011000110010
1111001101100110
1111011111110000
1111011001111100
1111100101100010
1111101011010110
1111101010001100
0000001011000000
0000011000100010
0000110100101110
0001100101110010
0001101011111101
0010011001111100
0010001111100000
0010010110110110
0010001101001100
0010011100010000
0001101000111000
0001000011011010
0001000001011110
0000111110000000
0001000000010100
0001000100111100
0001011110011100
0001111100100100
0010000010110000
1111000110010000
0000000011100111
0001100110100100
0001110110010100
0000110001101010
0000011100101010
1111100110111110
1111110010101100
1111111111100110
1111111111100110
1111111001111100
0000000111010010
0000011111000110
0000111101110001
0001111010010110
0001110011111000
0001111011100010
0001100110100100
0001110011111000
0010001011010010
0010001101101110
0010011100010000
0010000111010000
0000111011010110
0000101100110100
0000101110000001
0000110010011110
0000110010111000
0000111010100010
0001101000111101
0001111111001011
0010011001011100
1111010110011000
0000011001111100
0010010011000100
0010011100010000
0000101011110010
0000010000001110
1111110110110100
0000010100000000
0000001001001100
0000100110011000
0001011001001101
0001010101111110
0001101001111110
0001000101001110
0000101000000000
0000011110110011
0000011011100100
0000000010101110
0001000000111000
0001001001000000
0001111010101110
0001011110101000
0000101011110010
1111110110110100
1111110001011010
1111010011001000
1111101100100010
1111110010011110
1111011010001010
0000010011011110
0000110001001100
0001010101111110
1111101010000100
0001000111000010
0010000111100110
0010011100010000
0000101110011111
0000011001110100
1111110101000010
0001000000100100
0001001101011110
0001100111010100
0000101111001000
1111111101011010
1111110011101110
1111100001000000
1111101101010010
1111011100100000
1110111110110010
1111000011010100
1111000000000111
1111011110011100
0000000101110011
0000001100010010
1111011000101000
1111000110100010
1110111111011100
1101111111100000
1110011100100100
1110100101100110
1110100110111010
1110110101110000
1111001110111100
1111010010110100
0000010000011100
0010011100010000
0010011100010000
0000111001100100
0000010000011100
0000101001001000
1111011111000110
0000000000000000
1111110111110010
0000000000000000
0000010000011100
1110111110001110
0000110001010110
0001000001110010
0000110001010110
1111100111010110
0000100000111010
0000011000101010
0000111001100100
0001000001110010
0001010010010000
0001101010111010
0001010010010000
0001011010011110
0001100010101100
0010001011110100
0001110011001000
0001001010000000
0000011000101010
0001011010011110
0001011010011110
0001111011010110
0000000000000000
0000111101001010
0000101111100100
0000101111100100
0000101111100100
0000101111100100
0000000110110010
1111111001001110
1110100111101100
1110011010000110
1110011010000110
1111111001001110
0000000000000000
1111111001001110
0000001101100101
0000001101100101
1111100100110101
0001000011111100
0001011111000110
0001110011100000
0010000001000100
0010000001000100
0001001010101110
0001111010010010
0010000001000100
0010010101011110
0010011100010000
0010000001000100
0001010001100010
0001111010010010
0010000111111000
0010010101011110
1111001101010010
0000001010001010
0010000111111110
0010010100001000
0000110110110010
0000000010000010
1111111001111010
0000010110010100
0000000110000110
0000011110011100
0000111010110110
0001100111100000
0010011000001100
0001111011110010
0000111110111010
0001000010111110
0000111010110110
0001000010111110
0001100011011100
0001101111100101
0010011000001100
0010000011111010
0001011111011000
0000101010101000
0000011010011000
0000001010001010
0000011110011100
0000100110100100
1111101101110000
0001011011010100
0001110011101010
0010011100010000
1101100011110000
1101100011110000
1101100011110000
1101100011110000
1101100011110000
1101100011110000
1101100011110000
1101100011110000
1101100011110000
1101100111100110
1101110000001000
1110001100011000
1110010111111100
1110111011101100
1111101111010000
0000101001111100
0010000100101100
0010011000001100
0001101001000110
0000000101001100
1111001110001010
1110100110010110
1110000000011000
1101101110010100
1101101010101010
1101101000001110
1101100110100110
1101100011110000
1101100011110000
1101100011110000
1101100011110000
1101100011110000
1101100011110000
1101100011110000
1101100011110000
1101100011110000
1101100011110000
1101100011110000
1101100011110000
1101100011110000
1101100011110000
1101100011110000
1101100110000000
1101101000010110
1101111001011100
1110100111010110
1111100111111010
0000110011110100
0001011110100110
0010000111101100
0000110001001000
1111101011000000
1110101010100000
1110001010000110
1101111101101100
1101101111010010
1101101010000010
1101101001010100
1101100111001110
1101100110111010
1101100011110000
1101100011110000
1101100011110000
1101100011110000
1101100011110000
1101100011110000
1101100011110000
1101100011110000
1101100011110000
1101100011110000
1101100011110000
1101100011110000
1101100011110000
1101100011110000
1101100011110000
1101101111010110
1101101111001100
1110110000110100
0000001110100100
0000010100000000
0000000000101000
1111111000001100
1111001100110000
1111000010011100
1110011011000100
1110000001110000
1101110110001100
1101110000100100
1101101110101100
1110010111110101
1110010011101010
1101101111001100
1101110011111000
1101100011110000
1101100011110000
1101100011110000
1101100011110000
1101100011110000
1101100011110000
1101100011110000
1101100011110000
1101100011110000
1101100011110000
1101100011110000
1101100011110000
1101100011110000
1101100011110000
1101100011110000
1111100101001110
0010011100010000
0010011100010000
0010011100010000
1110101011001101
1110100010010000
1110011001010100
1101110001001010
1110011101110010
0010000001011110
0010011100010000
0000101100101010
1111101001101100
0000010110010100
1110101011001101
1110010000011011
1110000111011110
1101111010000100
1101100011110000
1101100011110000
1101100011110000
1101100011110000
1101100011110000
1101100011110000
1111101001100110
1111100001101010
1111011111111010
1111100001000011
1111011111101110
1111011101110010
1111100000111001
1111101011001010
0000001000000110
0000100011101100
0001111010000110
0010000011100100
0001111110111110
0001111101011110
0010000001110100
0010000011011010
0010000101101010
0010000101111110
0001110011101000
0000001101100000
1110010101110000
0000010111111010
1101101000010000
1101101111111110
1101110111000110
1101111100111110
1110001011110100
1111100010000100
1111111100000000
0000000000000000
0001011100001010
0001011100001010
0001000100000110
0001001000001000
0001010100001000
0001111100001011
0001110000001100
0001011100001010
0001001000001000
0001110000001100
0001110100001100
0010011100010000
0001001000001000
0001001000001000
0000101100000011
0001001100001000
0000111000000110
0001101100001100
0001100100001010
0001111000001100
0000111000000110
0000011100000010
0001001100001000
0000100100000100
0000011000000010
0000011100000010
0000001100000010
0001001000001000
0001011100001010
0001001000001000
0000000101110010
1111101110101000
0000110000001110
0001011010101010
0001011010101010
0000101100010111
0000110100000101
0001101101111110
0001100110010000
0001101101111110
0001100110010000
0001100110010000
0001100010011000
0010001100110100
0001100010011000
0001101010000110
0001110101101010
0001111101011000
0001101101111110
0010011100010000
0000110111111100
0010000001010000
0001010110110100
0001000111011000
0000100100101010
0000000001111100
0000110100000101
0000011001000011
0000111011110011
0001001011001110
0000100000110010
1111100110111101
1111101111011000
0001010110011100
0000001101010100
0010000001101010
0001101010011000
0001000010100000
0001001100011110
0010001000010100
0001100011101110
0001101101101110
0001011001110000
0001010110011100
0001110111101100
0000110101001100
0001011101000110
0001011001110000
0001100011101110
0010011100010000
0001100011101110
0001101010011000
0001010011001000
0000000110101010
0001011001110000
0001000101110100
0001000101110100
0001011001110000
0001010011001000
0000011101111001
0000101011001110
1111101000101110
0001000010100000
1111101100000100
1101100100000100
0010011100010000
1101100011110000
1101100011110000
1101100011110000
1101100011110000
1110000011000000
1101100011110000
1101100011110000
1110110001000010
1111010110000000
1111110100010000
1111110000111000
0010000100101110
0010011100010000
0010000100101110
0001100110100000
0000101101011000
0001001000010000
0001010010010100
0001010010010100
0001011111110010
0000110111011100
0000110100000101
0000010010011110
0000010010011110
0000011111111100
1111110100010000
1111110000111000
0000011001001100
0000110100000101
1111111110010100
0000111110001010
0000111110001010
1111111110010100
0000000001101100
0000001111001000
1111011001010110
1111010010101000
1110111110011110
1110001111011100