1111100011100100
0000110111010110
0000101001111010
0000111110101100
0000010101000110
1111000000101110
1111010100111000
1111001110110010
1110111010100110
1110101011010100
1110101011010100
1111000110001110
1111010111010110
1111001100111100
1111010010011100
1111100111001110
1111100110101000
0000011010000000
0000110110101110
0001011011011100
0010011100010000
0010011010011010
0001101010000110
0010000011110010
0010010100010100
0010010100010100
0001101011111100
0001100000010011
0001100101110100
0001011101111000
0001101000111000
0001111100011100
1111001101010000
0000011000111100
0001001011011010
0001100011011110
0000101111010100
1110111110111010
1111010110011100
1111001011100010
1111001110111110
1110111010111010
1111001010111110
1111001100101100
1111001110111110
1111100100110000
1111011011100110
1111111000010000
1111111100110110
0000010001100000
0000111000011110
0001011100100110
0010011100010000
0010011011000110
0010000101111000
0001111111100110
0010010010100000
0010001111000100
0010000001111000
0001110000101011
0001101110111100
0001011110010100
0001100010111010
0001110100101100
1111000001111011
1111111100011001
0001001101100110
0001011110001010
0000011110000000
1111000010111100
1111001000001001
1110111010101010
1111001001101100
1110110001010110
1110110010111010
1111010101000100
1111000110000100
1111010101100100
1111101100010110
1111101111111110
0000000001100100
1111111001010011
0000010010000110
0001001111001010
0001011110001010
0010011100010000
0010010101000000
0001111111110010
0001111100001011
0010001110110100
0001111100001011
0001111000100011
0001110000110010
0001011011100100
0001011011000100
0001110000010010
1111001101110100
0000010001000110
0001010111010000
0001101000010101
0000100010001110
1111001110011000
1110111111000000
1110101011100110
1110111010011100
1110110111100100
1110110110011100
1111001000001001
1111000001010010
1111011001110010
1111100001001110
1111100101001100
0000000001101110
1111110101001010
0000000100100100
0001000001100110
0001001101000000
0010011100010000
0010010100110110
0010001011101110
0010000111001010
0010010110100100
0010001110100100
0010001101011100
0001111100111000
0001101001100000
0001010111010000
0001110000111010
1111000100111110
0000001010001000
0001010101010001
0001101000011000
0000011010010000
1111001101010100
1111000000110010
1110110000101100
1110111100000000
1110011111011001
1110010110011100
1110110110101010
1110110100110110
1110111110011010
1111010101000100
1111011110100110
1111101100010100
1111100110010110
1111111100011010
0000100100011000
0001000001100110
0010000010000000
0010000111011000
0010011100010000
0010001100110000
0010000011110100
0010001010111110
0010010111011110
0001110001111010
0001100010011010
0001001101100010
0001010101111000
1111001000111000
0000100000100110
0000111100000000
0001011110101110
0000110110100001
1111101111010000
1110111111001000
1111000000010110
1111000111000010
1110111100000110
1110110111001110
1110101111111011
1111000000111100
1111000010110010
1111001010000111
1111000111000010
1111010111100000
1111010100011100
1111101101011010
0000000110011010
0001000010101110
0001100100110100
0010010100111100
0010011100010000
0010010101100100
0001110100101010
0001111010001000
0010000111100010
0001111101110010
0001000100100010
0000111111101010
0001001001011010
1111000100100000
0001100010010110
0001100001100100
0001011100110100
0001010010100000
1111100111011010
1111011001111100
1110110011000100
1110101001100100
1110010000001010
1110011100110110
1110101100101110
1110101001100100
1110111011110010
1110011101101010
1110100111001010
1110111101011000
1111000010111100
1110100000110100
1110111011000000
0000000000110010
0000001010010100
0001101100101010
0010011010101010
0010011100010000
0001011100000000
0001101101011110
0001111100100010
0001100100101101
0000100100100000
0000010100101000
0000011101010110
0000000011001100
0001001111101110
0000111100100110
0000101001011110
0000001001100100
1111111100110100
1111011100111100
1111110000000101
1111101001101100
1111110000000101
1110110110101010
1111010000001010
1111110000000101
1111110000000101
1111101001101100
1111111100110100
1111101001101100
0000110110001101
0000111100100110
0001000010111110
0001111100011000
0001010110000110
0001111100011000
0010001111100000
0010001001001000
0010001001001000
0001101001001110
0001101001001110
0000101001011110
0001010110000110
0010010101111000
0010011100010000
1111011001110100
0000100110001100
0000010001011000
0000111011000010
0000000011011110
1110101001001100
1111010010111000
1111010010111000
1110110000001000
1110101001001100
1110111110000010
1111001011111011
1111100000110000
1111010010111000
1111100111101101
1111100000110000
1111111100100010
0000011111010000
0000111011000010
0001001000111010
0010011100010000
0010010101010100
0001001111111000
0001110010100110
0010001110011000
0001110010100110
0001011101110000
0001101011101000
0001110010100110
0001010110110100
0001000001111110
0001111001100010
1111000001110110
0000000001101100
0001001000010000
0001011111110010
0000100110101010
1110110100011010
1111010010101000
1111000001110110
1111001011111011
1110110111110000
1110110111110000
1111010110000000
1111001011111011
1111011100101110
1111101101100010
1111111110010100
0000000101000010
0000000001101100
0000110100000101
0001011100011010
0010000100101110
0001110111010010
0010001110110100
0010001110110100
0010001011011100
0010011100010000
0010000001011000
0001111010101010
0001100110100000
0001101001110110
0001110000100100
0001011111110010
1101100011110000
1101100011110000
1101101010101000
1101101001110010
1101110000011000
1101110000111100
1101101110111100
1101101100111100
1101101010010110
1101101111100000
1110111111111000
0000101001110000
0001110011001110
0010000110001010
0010010101011000
0001111011001111
0001010011101010
0000110010101010
0000100101011100
1111111111100100
1111010110110100
1111000111101000
1110011100100100
1101110100011010
1101101100010110
1101101100000100
1101101010010110
1101100011110000
1101100011110000
1101100011110000
1101100011110000
1101100011110000
1101100011110000
1101100011110000
1101100011110000
1101101000110110
1101101001000100
1110001010111010
1110100011111101
1111010011100100
0000100001010110
0010001000010110
0001011110001000
0000101000010000
1111110111011110
0001001110100110
0001101101110110
0010001110000110
0010000001000110
0000111001000110
0000001111000000
0000000001010100
1111101110011010
1110110110100000
1110011101011110
1110000000101110
1101110000100010
1101101100000000
1101101011001110
1101101001010010
1101100011110000
1101100011110000
1101100011110000
1101100011110000
1101100011110000
1101100011110000
1101100011110000
1101100011110000
1101110100011010
1101101101001000
1110011010011100
0000101100010000
0001011111110100
0001011011001000
0001100110000100
0001110100001000
0001001101100110
1110111011101100
1110111110110100
1111001000001100
1110110001011010
1110111000111010
1110110000101100
1110110001111000
1110001111100000
1110100101011000
1110010111101100
1101111100010110
1110000111001010
1110101100101010
1110110010111010
1110001010010010
1101101100000100
1101100011110000
1101100011110000
1101100011110000
1101100011110000
1101100011110000
1101100011110000
1101100011110000
1101100011110000
1101111010000100
0000010110010100
0010011100010000
0010011100010000
0010011100010000
0000010110010100
1111010011010110
1111101001101100
0010011100010000
0010011100010000
0000110001000110
1101111010000100
1101110001001010
1101100011110000
1101101000001110
1101100011110000
1101100011110000
1110100010010000
1110100010010000
0000010110010100
1111010111110100
1110011001010100
1101111110100010
1110100010010000
1110010000011011
1101100011110000
1101100011110000
1101100011110000
1101100011110000
1101100011110000
1101100011110000
1111110101100100
1111110111100100
1111111001011000
1111111110101010
0000000001000000
0000000010100010
0000000111011010
0000001010101100
0000001010001010
0000001010101110
0010001101101000
0010001101001000
0010010010110100
0010010001000000
0010010100001110
0010011001001010
0010011100010000
0010011100010000
0010011100010000
0010011100010000
1110010111110110
1111101011110011
0000010010010010
1111111011110000
1111110100001100
0000001000110010
0001011000111001
0000101110111000
1110100101100010
1111010101110110
1111011110000100
1111101010011010
1111101110100010
1111110100001100
0000001010110010
0000011001101100
0000111010000110
0001100110010010
0001101110000000
0001111001110100
0001111110111100
0010000000100000
0010011100010000
0010000010000010
0010000011000100
0001011010111110
0001001111101010
0001000100111000
0001001010100010
0001001110101000
0001010000101100
0001000111111110
0000111010100110
0000101010001010
0000110000010011
0000001011110100
0000001110111010
0000001010110010
1111110011101010
1111000001010010
1110000001111110
1110001110011100
1110100111110000
1110111001100010
1110111111010100
1110111010000000
1111011011110010
1111110111010110
0000100100001110
0001000010000000
0001101000101100
0001101011110011
0001111001100100
0010000100101100
0010011100010000
0010010001100110
0010001010000010
0001110111010110
0010001001100110
0001111100010000
0010001001001000
0001111010011110
0001111011110100
0010000011010110
0010001010000010
0001011001100100
0001101010011110
0000111001100100
0001000100101100
0001000010011110
0000100110000000
1111110101100100
1110101000110110
1110111111010100
1110011111001010
1110100001011000
1110110010111110
1110110110100000
1110111001001000
1111101111010010
0000010101100100
0001000010111010
0001101010100000
0001100111110111
0010001111100000
0001111000100110
0001101110011110
0010010101101010
0010011100010000
0001101010100000
0010000011100110
0010000000000110
0001110101100010
0001101110011110
0001110010000000
0001100101001110
0010001000011100
0001101000010100
0001110001001000
0001001101000010
0000110110100100
0000111001001110
0000111100010100
1111111010101111
1111001010000100
1101100011110000
1101100011110000
0010011100010000
1110100010010000
1101100011110000
1101100011110000
0000110100000101
1101100011110000
1111000110111010
1111011000111100
1111111101000001
1111111010000001
1111101101111110
0000000010111111
0000111001000110
0000010010000010
0000111001000110
0000001111000001
0000101101000100
0010000001001110
0001111110001100
0001010111001000
0010011100010000
0001111011001100
0010000111001110
0001111011001100
0001011010001010
0001010111001000
0000111001000110
0000011110000011
0001011101001001
0001010001001000
0000110110000110
1111110111000000
1111011110111100
0000001111000001
1111101010111110
1111110011111110
0000010010000010
1110011001110110