1111000011000000
0000001001011100
0000101111001000
0001000111011100
0010010100110100
0010011100010000
0001010110010100
0001000011011110
0000101111101000
0000010100110110
0000010111110100
0000001010111010
0000010100010110
0000110111000100
0000100100101110
0001001001011010
0001110011000110
0010001010011010
0001110110100100
0001100100101100
0000110101100100
0000111110100000
0001001011111010
0000111101000000
0001001010011010
0001000000111110
0000111010100010
0000011011110010
0000010100010110
0000000010111110
1111111011100010
0000001000011100
1111001100100100
0000001010011000
0000111110000100
0001001111111100
0010011100010000
0010011000011000
0001010010110110
0000111111000010
0000110010000000
0000011010110100
0000011101001110
0000011100110000
0000001110010000
0000100000001000
0000111001010000
0001000001011100
0001101011111100
0001101101011010
0010010000101010
0001110111000100
0000111101100110
0001010011110100
0001010011010100
0001000000000000
0000111101100110
0001001011000110
0000100110011010
0000010111011100
0000010110111100
0000001011110110
0000010100100010
1111111110010100
1111001111001100
0000001010000100
0001000010111110
0001010100001000
0010011100010000
0010010010011100
0000110011110000
0000011001110000
0000100100000100
0000010001111010
0000000111001000
0000001000000110
0000000110001000
0000001110111110
0000110001010100
0000101000011110
0001000111111000
0001100011110110
0001101110001000
0001111011011000
0001110011100001
0000111111000010
0000110000010011
0000111000101010
0001001101010010
0001000101011010
0000011010110000
1111111111010001
0000001010000100
1111110100011110
1111110011100000
1111110001000010
1111001111011010
0000001011110100
0001010010101010
0001100010000010
0010011100010000
0010000100101000
0000100001001110
0000000110111000
1111111111001100
1111111010110010
1111110100110000
1111111001001000
1111111001101100
0000000001111100
0000010100000010
0000100011111110
0000011111000010
0000100111010010
0001100101111000
0001101111101111
0001011000001010
0000111101110001
0000111100000111
0001000010001100
0001000100111100
0000110000000100
0000011001100010
0000001011110100
1111110101110110
1111110000111010
1111111011010110
1111101110101100
1111011110101110
0000011000111001
0001111000001111
0001111010101010
0010011100010000
0001110101010000
0000010111101100
1111110010100000
1111011000101110
1111100111101110
1111011010100000
1111001100101110
1111100100000110
1111110111010100
1111110011000110
0000010111101100
0000100010100000
0000011110010010
0001001011111000
0010001101110110
0010010111011100
0010000101011110
0001101010011110
0001011111000100
0001101000101001
0001011001101010
0000101001101100
0000000011111010
0000000111100000
1111100110100000
1111010111100000
1111010101001000
1111100011111110
0000100101111010
0010000100110100
0010000111111010
0001101001000110
0001000011100000
1111111000111010
1111010101110010
1110111001011100
1110111100100000
1111000000110100
1110110011010000
1110111100100000
1111011111101000
1111011100100100
1111111010001010
0000001101010000
0000010101111000
0001000101111110
0001110100001100
0010000111010010
0010011100010000
0010001100001110
0001111100110100
0001100111010000
0001011010111010
0000110101111100
0000011101010010
0000000111101110
1111111010110000
1111110000111010
1111111010001010
1111111110000010
0001001111100000
0010010101111110
0010011100010000
0001000101010100
0000010101100010
1110110101001110
1111000100000110
1110110010000100
1110101111101110
1110001110000010
1101111110011000
1101110111010110
1110111110100110
1110111011011110
1110110011101000
1111001001100100
1111011010000000
0000001010100011
0000111000110010
0001101100011110
0010001111101110
0010011000010110
0010000011111110
0001111101101110
0001011100000010
0000100111100100
0000000111011100
1111101011010000
1111001000000000
1111101111111100
1111010000101000
1110110101010010
0000100001111110
0000011011001011
0001100101111010
0010000001000100
0010000001000100
0001101100101100
0001001010101110
0000111101001010
0000101111100100
0000011011001011
0000100001111110
0000000110110010
0001000011111100
0000110110010110
0001011000010100
0001110011100000
0010011100010000
0010001110101010
0001101100101100
0001001010101110
0001000011111100
0001001010101110
0001011111000110
0001010001100010
0001000011111100
0000101111100100
0000011011001011
0000001101100101
0000010100010111
1111111001001110
0000010100010111
1111001011111011
0000010001011000
0000101110010010
0001010001000001
0010010000101100
0010011100010000
0001101000001010
0001001011001110
0000110100000101
0000101000100000
0000100010101110
0000010001011000
0000101000100000
0001000101011100
0001001011001110
0001010110110100
0001111001100010
0010010000101100
0010000101000110
0001101000001010
0001010110110100
0001100010011000
0001010110110100
0001011100100110
0001110011110000
0001101000001010
0000111001111000
0000110100000101
0000111001111000
0000011100111100
0000100010101110
0000110100000101
1111010110101100
0000001000111110
0001011000000000
0001011011100110
0010011100010000
0001111111011111
0000100101101110
0000001100100100
1111111110001110
0000000001110010
0000000001110010
0000000001110010
1111111010101000
0000010000001010
0000010011110000
0000100010001000
0000010111010110
0000010111010110
0001100110011000
0001100110011000
0001100010110010
0000110111101100
0001000010011100
0001010100011010
0001000110000010
0000100010001000
0000101100111010
0000101100111010
0000010011110000
0000001000111110
0000011010111100
0000001000111110
1101100011110000
1101100011110000
1101100011110000
1101100011110000
1101100011110000
1101100011110000
1101100011110000
1101100110111100
1101100110000100
1101101011010010
1111000111001100
0000110100001100
0001110000011010
0010000011001110
0010010111011110
0010010111010110
0001011111001010
0000011101110000
1111111101101000
1111101101110110
1111100100001000
1111000110110000
1110010010101010
1110000000011010
1101110011100010
1101101001111110
1101101000000110
1101100110110010
1101100011110000
1101100011110000
1101100011110000
1101100011110000
1101100011110000
1101100011110000
1101100011110000
1101100011110000
1101100011110000
1101100011110000
1101100011110000
1101100011110000
1101100111000110
1101100110011110
1110000000100001
1111010110001110
0001000110110000
0001010101110100
0001101010000110
0010001111010000
0010000011011100
0000111000101110
0000000001001100
1111100000100000
1111001001000100
1110110101110110
1110101000100000
1110000000001010
1101110101110000
1101101111111000
1101101011110010
1101101001110000
1101101010100100
1101100011110000
1101100011110000
1101100011110000
1101100011110000
1101100011110000
1101100011110000
1101100011110000
1101100011110000
1101100011110000
1101100011110000
1101100011110000
1101100011110000
1101110110100000
1101101101001000
1110100110011010
1110100100010100
1110010001000100
1110001111111000
1110010000101010
1110001101111100
1110001100110000
1110001010010010
1110000011101100
1101111110011110
1101110101110010
1101110000111100
1101111010010100
1101110001110100
1110010100101100
1110100010010000
1110101010100101
1110101100101010
1110000101000100
1101100011110000
1101100011110000
1101100011110000
1101100011110000
1101100011110000
1101100011110000
1101100011110000
1101100011110000
1101100011110000
1101100011110000
1101100011110000
1101100011110000
1101101100101100
0010011100010000
0010011100010000
0010011100010000
0010011100010000
1101100011110000
1101100011110000
1101111010000100
1101111010000100
1101111110100010
1101110101100110
1101111110100010
1110000111011110
1110011101110010
0000001101011010
1111000101111110
1101111010000100
1110001011111100
1110001011111100
1101101000001110
1101100011110000
1101100011110000
1101100011110000
1101100011110000
1101100011110000
1101100011110000
0010011100010000
0010011100010000
0010011100010000
0010011100010000
0010011100010000
0010011100010000
0010011100010000
0010011100010000
0010011100010000
0001101110001000
1111100110010100
1111100101010110
1111100111000010
1111100110010110
1111100100010010
1111100110011110
1111100111010110
1111101001100000
1111110101110010
0000101100101011
1110100010010000
1111111110001010
1111011010011100
0000011000101000
0001000110000100
0001100011000010
0001010011010010
0010000100110100
1111001000001001
1111001111101110
0000101100100000
0000110100000101
0000000000111100
1111111101001010
0000001110001110
0001000111000010
0010011100010000
0010001111000000
0001011000000100
0001100011011100
0001101001000111
0001001100101110
0000110100000101
0000110000010010
0001100111001110
0001111100000100
0001111111110110
0001111100000100
0001111111110110
0001111000001111
0001110100011101
0001111010001010
0001011111101010
0001010110001100
0000100110110100
0000011001100100
1111100110011100
1111011100111110
1111101110000000
1110111010111000
1111110001100010
0000110111101000
0001110001100100
0001011111010010
0000101100111110
0000101001111010
0001000010010100
0001111001001100
0010010111101100
0010010111101100
0001111101110000
0010000000110100
0010011100010000
0010000011111000
0001100010010100
0001010011000110
0001001011011110
0001101101000000
0001110011000110
0001011100001101
0001100011110110
0001010011000110
0001001011011110
0001100101011000
0001001001111100
0001010000000010
0001001011011110
0000100010010100
1110111101101100
1110110110000100
1111010111100110
1110101000010110
0000101111100100
0001010100010000
0010000110100000
0010001001001110
0001000101010010
0000110101000000
0000111011110010
0001011101110000
0010011100010000
0010011010111010
0001010110111110
0001011111000110
0001101011010110
0001011111000110
0000111011110010
0000100011010100
0001000011111100
0001001010101110
0001100000011101
0001001101011100
0001001001011000
0000111111110110
0001000001001110
0001011111000110
0000110011101000
0000111110100000
0000110101000000
0000011101111001
1111001111000110
1110101001000010
1111000100001110
1110101101001000
1111010000110000
1101100011110000
1101100011110000
0010011100010000
1101100011110000
1101100011110000
0000011111010000
1110100010010000
1101100011110000
1110110000100000
1111011001101000
1111100111010110
1111110010010010
1111100001110110
1111100001110110
1111111010100010
0000100110011000
0001011101001100
0010011100010000
0001010111101110
0001000111010010
0001010010010000
0001010111101110
0000100000111010
0000101011111000
0000101110100110
0000010011001100
0000001101101110
0000100000111010
0000101110100110
0000011011011010
0000010101111100
0000010000011100
1111101100110100
1111010001011010
1111010001011010
1111101111100100
1111100001110110
1111011111000110
1111001110101010
1110000111011000