1110010000101000
1111001111000110
1111100011010110
0000000010110100
0000110110010010
0000101010010100
0000100010100010
0000000011110010
1111111101001100
1111110010011110
0000000001100110
1111111010110000
1111111101101100
0000010010111010
0000101110111110
0001011110000010
0001101011001110
0001100101100110
0001000011111100
0000111001011100
0001000111010110
0001011000011011
0001110011100000
0010000111010010
0010010101111010
0010000001001010
0001111100010010
0010001001001110
0010001110000110
0010011100010000
0010001110110110
0010000001011010
1110011010101100
1111010010111000
1111100110100010
1111111100011111
0000110100001010
0000101010000101
0000010000111000
0000010001111010
1111111110110000
1111111011011110
0000001100100110
0000001011010110
0000010111001100
0000111010011101
0001011100000000
0001111101100000
0001110100001100
0000110101101100
0000101000000100
0000101001100110
0000110110101100
0001010010011010
0001110001101010
0010001011111000
0010011001111110
0010001101011000
0010000000110010
0010010000001010
0010011011000000
0010011100010000
0010010011011100
0010000001010010
1110010101001110
1111110101000100
0000000100011010
0000101000100010
0000111110111110
0000101110110010
0000000110111110
0000001110000100
0000000100011010
1111111010011110
0000001110011000
0000000100101100
0000010111110000
0001001010101010
0001111101010000
0001111110111110
0001110011111000
0001000100000110
0000100000010010
0000100001011010
0000101111010110
0001000000101100
0001101110001100
0010010111001000
0010011100010000
0010010011011100
0001111010101100
0001111000011100
0010010010010100
0010010110010010
0010011010010000
0010001101011110
1110011010110000
0000001100110100
0000101111110000
0000110101101100
1111111111110101
1111101001100010
1111100000111110
1111101110010110
1111010101000110
1111001011000100
1111111110010100
1111111010111110
1111011111110110
0000110001100110
0010001110100000
0010001101110000
0001100101101000
0001010100100010
0000110101101100
0000111011101000
0001000010101100
0000101010111010
0001010110110000
0010001110100000
0010011100010000
0001100110000000
0001010100111010
0000101101001010
0000011110101010
0001000110011010
0001101101000011
0001100011000010
1110100010001000
1111110101011000
0000011100110000
0000001100000010
1111011001100000
1111001001001000
1110111010001010
1111000100100110
1111001011001110
1111000000000100
1111011110011000
1111100111000111
1111011110000010
0001001011110010
0001111011110110
0001101110111110
0001100100110110
0001001111100110
0000111100110010
0001000000010010
0000110001101010
0000111100110010
0001100011001000
0010011100010000
0010010111101110
0001001111111110
0001000111010000
0000101100000011
0000111101100000
0001111101100110
0010001010011110
0001101010110010
1110110110010000
0000000111001000
0000001111110110
1111111101110000
1111110011101110
1111011000110110
1111000110110000
1111001011010010
1111010000110010
1111001111001010
1111010111100101
1111101100010010
0001000100111010
0001110101110000
0001111001111110
0001011111110000
0001100000011010
0001100000011010
0000111101011110
0000110111000000
0001000010111110
0001000111100000
0001110111011000
0010011010101000
0010001011000110
0001100011000000
0001100001101100
0001010010001010
0001111000101010
0010011100010000
0010010001010000
0001001000011110
1110110001100010
1111110101000110
1111110000110010
0000100011111100
0000110111000010
0000101001010100
0000110001011010
0000001011101110
1111111100011001
1111111010001110
0000001011101110
0000010111000000
0001001110001100
0010000011100000
0010001101111110
0001011001001101
0001000110111100
0000110000010011
1111101100110000
1111111010110000
0000101010011001
0001000100001110
0001100001100100
0010010010010010
0010011010000110
0010000101011000
0010000011001110
0010010000101100
0010011100010000
0010010011101000
0010000010111100
0001011111001010
1110000001110100
1111010101111100
1111110011111110
0000000101111111
0001001000001000
0000110110000110
0000110000000100
0000000000000000
0000000000000000
1111111010000001
0000000000000000
1111110011111110
0000000000000000
0000001100000010
0000110000000100
0001001110001000
0001111110001100
0010001010001110
0001111000001100
0001000010000110
0001001110001000
0001010100001000
0001001110001000
0010011100010000
0001101100001100
0001100110001010
0001111000001100
0001110010001100
0001001000001000
0010000100001110
0001100110001010
0001001000001000
1110001000110100
1111001101101100
1111101101011110
0000010010100010
0000111100111010
0000111100111010
0000100010011100
0000001101010000
0000000010101010
1111111101010110
1111111000000100
1111111101010110
0000000010101010
0000001101010000
0000101101000010
0001011100101011
0001110111001100
0001101100100101
0001001100110100
0001000111100000
0001010010000110
0001100010000000
0001111100011110
0010010110111110
0010010110111110
0010001100011000
0010001100011000
0010001100011000
0010010110111110
0010011100010000
0010010110111110
0010001100011000
1110001110110110
1111111010101000
0000011000010000
0000101101110100
0000111000100100
0000011000010000
0000000000000000
0000001000000110
1111110101001110
1111111010101000
1111110010100010
0000000000000000
0000001101011110
0001000110000010
0001110011110101
0001111001001110
0001001110001000
0000111011010010
0000001010110010
1111101010011100
0000001101011110
0000010101100100
0001011110010010
0010000001010100
0010000001010100
0001110011110101
0001011011100110
0001010011100000
0001111110101000
0010001001011010
0010011001100100
0010011100010000
1101100011110000
1101100011110000
1101100011110000
1101100011110000
1101100011110000
1101100011110000
1101100011110000
1101100011110000
1101101001100100
1101101001111010
1110111010100000
0000111010110010
0001100110011010
0001111100111100
0010000110010000
0000111000011110
1111011101010110
1111000100100010
1110111101101010
1110101111111100
1111001001111110
1111011000100110
1110110110010010
1110000110110000
1101110111000110
1101111100100100
1101110010001100
1101100011110000
1101100011110000
1101100011110000
1101100011110000
1101100011110000
1101100011110000
1101100011110000
1101100011110000
1101100011110000
1101100011110000
1101100011110000
1101100011110000
1101100011110000
1101100011110000
1101100100111100
1101100100110100
1110010111111000
0000010011011100
0001111111110010
0001010111100010
0000011010011000
1110110010101000
1101110111101000
1101110111000110
1101111001100100
1101111001101100
1110111001110010
1110110100100100
1101111110110100
1101101101001010
1101101010011100
1101101100000000
1101101000101110
1101100011110000
1101100011110000
1101100011110000
1101100011110000
1101100011110000
1101100011110000
1101100011110000
1101100011110000
1101100011110000
1101100011110000
1101100011110000
1101100011110000
1101100011110000
1101100011110000
1101101100000100
1101101110001010
1110111001001010
1111100000110000
1111101010100110
1111100010111010
1111100001111101
1111000110010010
1110110100010000
1111000110110010
1110100111011000
1110011100001111
1110110010110000
1110010011100000
1101111011101100
1110010100001101
1110010000000000
1101111110110100
1110000000011000
1101100011110000
1101100011110000
1101100011110000
1101100011110000
1101100011110000
1101100011110000
1101100011110000
1101100011110000
1101100011110000
1101100011110000
1101100011110000
1101100011110000
1101100011110000
1101100011110000
1101101000001110
0010011100010000
0010011100010000
0010011100010000
1110100110101110
1101100011110000
1111001010011100
0010011100010000
1110111101000010
1101100011110000
1101100011110000
1110000111011110
0010011100010000
0000100011101110
0001101011001010
0000110001000110
1110010100110110
1101101000001110
1110000011000000
1101100011110000
1101100011110000
1101100011110000
1101100011110000
1101100011110000
1101100011110000
0010011100010000
0010011100010000
0010011100010000
0010011100010000
0010011100010000
0010011100010000
0010011100010000
0010011100010000
0010011100010000
0010000111111010
0001110110110110
0001110101101100
0001110011001110
0001110010010100
0001110010001000
0001110001011000
0001101101000110
0001101000011010
0001010001110011
0000101111011000
1111110011100000
0001011111100110
1110101111110001
1110101100100000
1111100001110011
0001000000000000
0001000001101100
0010011100010000
1111011111101100
0000001010110010
0000111011010010
0000101011000110
0000101011000110
0000011010111100
0000100000010100
0000111011010010
0001100000111110
0001010110001110
0001100110011000
0001111011111100
0010000001010100
0010011100010000
0010010110111000
0010010110111000
0001111011111100
0001001011011100
0000101011000110
0000010000001010
0000110101111000
0001110001001010
0001110001001010
0001011011100110
0000110000100000
0001010000110100
0001011011100110
0001000110000010
0000110101111000
0000100101101110
1111011010010010
1110101111001100
1111000011001010
0000011101110100
0001001101100010
0000111000000100
0000011001000011
0000011011011100
0000010100010010
0000101110100010
0010001001001010
0010000010000000
0001011011110110
0010001001001010
0010010111011110
0010001011100100
0010010111011110
0010011100010000
0010001101111100
0001011110001110
1111110111101010
1111011000101000
1111100100100100
0000111111001110
0000101110100010
0000011101110100
1111101110000110
0000001101001000
0000111010011100
0000110000111010
0000100000001110
0000100111011000
0000001111100000
1111100100100100
1111000001100000
0000011111010000
0001000110010100
0000111110100000
0000101100010010
0000100111000100
0000100111000100
0001010101111100
0010011100010000
0010001111001110
0001100000010110
0010000100110100
0010001111001110
0001111111100110
0001110111110001
0001111010011010
0001001011100010
0000111001010010
1111100101111110
1110111110111010
1111100000110000
0000110110101100
0001000001000110
0000110100000101
0000000111110100
0001001110001000
0001011000100010
0001011011001010
0000111110100000
0000011100101010
0000010100110110
1110111100010010
1111111001001110
1101100011110000
1101100011110000
0010011100010000
1101100011110000
1101100011110000
1101100011110000
1101111101110010
1101100011110000
1111001001001110
1111110111111000
0000111000110100
0001101111100101
0001011001010010
0000111010110110
0001110111101110
0001110111101110
0000101010101000
0000001110001110
0000010110010100
0000011010011000
0001111011110010
0010011000001100
0010011100010000
0010000111111110
0000110110110010
0000010010010000
0000110100110000
0001000000111100
0001100101011110
0001000101000000
0001110001101000
0001101101100100
0001011111011000
0000110110110010
0001011111011000
0001110111101110
0000111000110100
0000110100110000
0000011110011100
1111100111101010