1110101101001110
1111100110100100
1111100101010000
0000010011000000
0000111001101010
0000011010110000
1111110100101110
1111100111110111
1111011001101010
1111010010100100
1111100100101000
1111101000011110
0000001111001010
0001000111001100
0001110011101010
0001111010000110
0000111011100110
0000111110001100
0001000010000010
0001101010101000
0010000111000000
0001100110110010
0001010101011000
0001001111100100
0001101011111100
0010011001000010
0010011100010000
0010011001101100
0001101101001110
0001001101101010
0000101110000100
1111111111000010
1110110010110100
1111111011001100
1111101111011000
0000111100111100
0001110011101000
0001011011010000
0000100000111000
0000000101100010
0000011010001110
0000001100111100
0000111000100010
0001000100010110
0010011100010000
0010010011011000
0001001110101100
0000111011011110
1111100010000111
1111110011000100
1111010001110101
1111110100100100
0000011101111001
0001110101000110
0001101011011111
0000111001111111
0000111111001010
0001000101000100
0001000010001000
0000110011010110
0000110011010110
0000101100101011
1111111101011010
1111111000111110
1111001001010110
0000100011011010
0000011101010000
0001011111011100
0010010110000110
0010011100010000
0001110100001110
0001111011111100
0001110111010011
0010010100100100
0010010110111000
0001101010001110
0000101100101010
0000010101100100
1111111111001110
1111101100110000
1111001010111000
1110101110011010
1110010001001010
1110000100000100
1111100000011100
0001001000010110
0001011010000100
0001011000100010
0001001100001100
0001000001011100
0000111010100000
0000101110111100
0000110111011010
0000111101100100
0000111010100000
1111010100001000
1111110100001010
0001011010001010
0001011101011100
0001011011110010
0000010101101000
0001000010100000
0001110100010010
0010011100010000
0010001011001000
0001001100010010
1111110001101110
1111111110110010
1110110110111110
1111010110110010
1111010101111110
0000000000011010
1111010011100010
1111111100010110
1111100111111100
1110111111111100
1110111001011100
1111110001101110
0000100101001000
0000011000000100
1111001010100100
1110101011100100
1111011010000100
1111011011101100
0000000000011010
1111111001000100
1110111101100000
1101111011011010
0000011100101010
0001011111101100
0001111011001010
0001001100010100
1111100000111010
0000111100001010
0010011100010000
0010011001000010
0010001010100000
0000110100000101
1111111100011001
0000001001010010
1111100100001010
1111100100001010
1111101000001100
1111111011100100
1111101111011100
0000011111111010
0000111000001000
0000010010001010
0000010111000000
0000110010011110
0010000110011100
0010001000111000
0000001000011110
1110101001001100
1110100101111110
1111101101110110
1111111100011001
1111100010100010
1110011110101100
1110001000111010
0000011111100110
0001001101101100
0001001100000000
0000110010011000
0000000100010010
0001100010001100
0010010010000000
0010011000110110
0010011100010000
0000111010111010
0000100111010010
0000000001101110
1111111010111000
1111101111110010
1111101110111100
0000010100100000
1111101000000110
0000011011010100
0000100011111000
0000010110001011
1111010010110000
0000010110001011
0001101011100110
0001100111010100
0000000100010010
1110000110110000
0000001010010000
0000110000101010
0000010001000100
0000001001011010
0000001110011111
1111111111001010
0000110001010000
0001011100101010
1111101100001110
0000001011010000
0001010111010000
0001101011011010
0001011110001110
0001101001000100
0010001101100010
0010011100010000
0001101001110110
0001011010010110
0000111111001100
0000011110101000
1111101101000000
1111001111100011
1111010001111000
1111110111110110
1111011111110100
1110000111011010
1110011010110101
1111101100001110
0000001100000010
0001000011000100
0000111111111110
0000101111101100
0000110100010110
0000010110000110
0001101011011010
0010000111010100
0001100111100010
1111111110110110
1110011101111000
1110010110101000
1111011111010010
0000000011100111
0000100000101110
0000010010001010
1111100110100100
1111010000110000
1111001001100000
1111001001100000
1111010000110000
1111001001100000
0000000011100111
0001000101000010
0010001101101110
0010010100111110
0001011010110110
0001101001011000
0001100010001000
0001101001011000
0001110111111010
0001110000101010
0001001100010100
0001011010110110
0001110111111010
0010011100010000
0010011100010000
0010010100111110
0001111111001011
0001010011100100
0001000101000010
0000001010111010
1110010111110110
1111100101111110
1111011101010010
0000111100110000
0001010110110100
1111101110101000
1110111010100100
1110010111110110
1110101001001100
1110101001001100
1111110111010100
1111101110101000
0000000000000000
0000100010101110
0001011111100000
0001101000001010
0000101011011010
0000100010101110
0000111100110000
0001110000110101
0010011100010000
0001111001100010
0001110000110101
0001010110110100
0010000010001110
0010010011100100
0001111001100010
0001111001100010
0001011111100000
0001001110001000
0000111100110000
0000100010101110
1111110011001000
0000110101010100
0000101010010010
0001101100011110
0010000010100000
0001100001011100
0001100101000110
0010011100010000
0010011100010000
0001111110110110
0000010111111010
0000010100001101
1111011001011010
1111111110001010
1111010101101110
0000000001110110
1111001010101100
1111101011110011
1110101001100110
1110001000100000
1110010111001110
0000000001110110
0000100010111100
0000100010111100
0000110001101000
0001011010000100
0001101100011110
0001101000110010
0001001011011000
0000111001000000
1111010101101110
1110101101010010
1101100011110000
1101100011110000
1101100011110000
1101100011110000
1101100011110000
1101100011110000
1101100110011000
1101100110110110
1101101001110000
1101101000001110
1110011100011010
0000110000001100
0010000000101100
0010010111011110
0010000010110110
0010000010001110
0000011011111000
1111111110110010
1111111111110110
1111110011000100
0000101011000110
1111100010110000
1110100011001100
1101111110100010
1101111011101000
1101110101110000
1101110110110110
1101110110000100
1101110011011100
1101110010101100
1101100011110000
1101100011110000
1101100011110000
1101100011110000
1101100011110000
1101100011110000
1101100011110000
1101100011110000
1101100011110000
1101100110010100
1101100110011110
1101100111011100
1101101101011110
1110101111101110
0001011111000000
0001111111101110
0001101001100000
0000110111010100
0001000110101000
1111000111010100
1110110000100110
1110111001110010
1110111000011000
1111100110001000
1110110100110010
1110000111111100
1101110111101100
1101111000110010
1101110010100110
1101110011110010
1101110000101010
1101110010111000
1101110011000010
1101100011110000
1101100011110000
1101100011110000
1101100011110000
1101100011110000
1101100011110000
1101100011110000
1101100011110000
1101100011110000
1101101100000100
1101110010010100
1110000111101100
1111000101001000
1111011100000100
1111010010110110
1110110110000010
1110011110110001
1110011101101110
1110100010111100
1110010110000110
1110001101000100
1110001100000100
1110000111101100
1110001001111000
1101111101000100
1101111111111000
1110101011000110
1110100111011100
1110110011011100
1110101000100000
1110101100101010
1110101000100000
1110101011000110
1101100011110000
1101100011110000
1101100011110000
1101100011110000
1101100011110000
1101100011110000
1101100011110000
1101100011110000
1101100011110000
1110000111011110
1101101000001110
0010001110110110
0010011100010000
0010011100010000
0010011100010000
1111000101111110
1110100110101110
0000010001110110
0010011100010000
0010011100010000
1101110001001010
1110000011000000
0000111110100000
0010011100010000
0001001011111010
0000101100101010
1101111110100010
1101111010000100
1101101100101100
1101101100101100
1101110001001010
1101111010000100
1111000001100000
1101100011110000
1101100011110000
1101100011110000
0010010011000010
0010010010100000
0010010100110000
0010011000000010
0010011100010000
0010011100010000
0010011100010000
0010011100010000
0010011100010000
0010011010010110
0000111001111010
0000110110100100
0000111011010000
0000110101011010
0000110000001000
0000011010110010
0000000111000011
1111111100011100
1111111110100100
1111101100100100
1111110111101010
0000001110101110
1110001011001100
0010011010010100
0000110000100111
0001010001011110
0010011100010000
0001000110010100
1111111111000111
1111101011001110
0001010000011000
0000110111000110
0001010111100110
0000111000111010
0010011100010000
0010001111100110
0001101111000110
0001010111100110
0001000111010110
0010000100110010
0001100111110111
0000101110000100
1111111111000111
0001110000111010
0001011011001110
0000101110000100
0001000011110000
0000110111000110
0000000100100010
0000111100100000
0001011011001110
0001001100110010
0001000011110000
0010011100010000
0010001101110100
0000011111101000
0000001011110000
0000111110010100
0000011100000000
1111001110010100
0000000010111001
0000001010001000
0000011000100110
0000110100000101
0010010010001000
0001011001101100
0001110101001100
0010000010001110
0001101000001010
0001001110001000
0001110110101000
0001110110101000
0001011001101100
0001111010111110
0001110110101000
0001111100011010
0001011110000010
0000110101100010
0001000101011100
0001100000111011
0001100011110100
0001110110101000
0001010001000001
0001100110101110
0001001111100100
0001001001110010
0010000110100100
0001101100100000
0010011100010000
0001110110101000
0000111011010100
0000000111001110
1111011001010110
1111011000100010
0000000101000010
1111100110110100
1111011100101110
1111101111001100
0000001111111110
0001111110000000
0001101000001010
0001001001000110
0001010100110110
0001011011100100
0001011010101110
0010001011011100
0010011100010000
0010011000111000
0010000011111000
0001101001000000
1111110100010000
0000000101111000
1111101110010110
1111100011011100
1110101111010110
1111101011110110
1111101110010110
0001001000010000
0001001110001000
0001100100110100
0001011010101110
0001100010010010
0000111111000000
1111000001110110
1101100100101010
0010011100010000
1101100011110000
1101100011110000
1101100011110000
1101100011110000
1111000001100000
1101100011110000
1101100011110000
0000100001110110
0000001101000010
0001000011101110
0001001000111010
0001101101011000
0010011100010000
0010001100101000
0000101001101010
0000011100101010
0000000010100110
0000001111101000
0001001000111010
0010000010001110
0001101010110010
0001001110001000
0001101010110010
0001010011010110
0010011100010000
0001010000101101
0001011101110000
0001100010111110
0001110111110001
0001101010110010
0001100101100100
0001011101110000
0001010000101101
0001111111100110
0001011101110000
0001011011001010
0010000111011010
1111110010111110
1111100011010110