1110111110011010
0000110110001100
0000111111010100
0001101101100000
0001111000010100
0001111110100110
0001111100111000
0000110101100110
0000111000011110
0000000110110110
0000010100100010
1111111110111000
0000010100100010
0000001110010000
0000101011111010
0001000010101110
0001011000011000
0010000111001010
0010011100010000
0010001010100100
0001010001100010
0001001110101100
0001010011010000
0001010001100010
0001101101100000
0001100010101010
0001101110101000
0001011100111100
0001001011110110
0001001100011010
0001011110101010
0001010110101100
1111000010110110
0000101001110110
0000101011110110
0001101011001110
0001101011001110
0001111011100011
0001111100000100
0000110001110010
0000110011010000
0000001111000110
0000010010100100
0000001001101010
0000010010000100
0000100111111000
0000110010010001
0001001010100010
0001010111111010
0010001001011100
0010011100010000
0001110010101010
0001100001110100
0001001110100000
0001100011010010
0001010001011110
0001101101001100
0001100010110100
0001101011001110
0001010011111100
0001000001101000
0001000001101000
0001011010111000
0001001010000010
1111010111100000
0000111011011100
0000111000110100
0010000101101000
0001111101001110
0010011001101000
0010001111101000
0001010000100000
0001000011111000
0000100100010100
0000010111001010
0000100001001010
0000010011011110
0000111011011100
0000101010101000
0001010101001110
0001100010011000
0010011100010000
0010001110100100
0010010110011110
0010000101101000
0001110110111010
0001101000101100
0001111111110110
0001110000000011
0010001110000010
0001111110110010
0001101010010010
0001011001011100
0001101011010100
0001011111001110
0001010101110000
1111010000111010
0000101000000100
0000111100001110
0001110010000110
0001100000110000
0010000010011110
0001101010001000
0000111001011010
0000010100110110
0000010101110010
1111110110111000
0000001000001100
1111111010001010
0000000110110010
0000101100010010
0000110000111110
0001011111110100
0001101010001000
0010011010110110
0010011100010000
0001101100111100
0001100001101100
0001100110011000
0001011101111100
0001101000101110
0001100110110110
0001000110100000
0001000100101000
0000101110001010
0000101001011110
0000110011110001
0000100100110010
1111011001101100
0000101011110010
0001010011100110
0001111001111010
0001110010111100
0010001010010110
0001011000000100
0001000001101100
0000100000010110
0000100001010110
0000000101111110
1111111110100001
1111111111100000
0000000100111110
0000100101110100
0000111001101110
0001010001001000
0010001010110110
0010011010110000
0010010100010010
0010011100010000
0001110001111100
0001110000011110
0001110001011110
0001100101000000
0001001100001000
0001001001101010
0001010010100110
0001000000101100
0001000110001010
0000010100111010
1111111110100001
1111011110111100
0000111101010100
0001000100101010
0001110000110000
0010000001001000
0010011100010000
0001101000010000
0000111101111000
0000010000000110
0000010011100000
1111101001001000
1111100001001101
1111110110101100
1111101000100100
0000001101010010
0000010101001100
0000111001111100
0001110101010000
0010001001100110
0010010011110010
0010010111101110
0001010010110010
0001001010111000
0001100100110111
0001011011110110
0001001101001000
0001000000001000
0000111101111000
0001001010010100
0001100100010100
0000111100001100
0000001111100010
1111111101101110
0001110010100000
0001101000101110
0001000101011110
0001000101011110
0001111010111110
0001011011000000
0000011010011100
0000001000001010
1111110000000010
1111001001100010
1111011001001100
1111010000000100
1111011011110010
1111101011011100
1111101110101110
0000001110101100
0000101100101011
0010000000001100
0010011100010000
0010001001111110
0001111110111010
0010001001111110
0010010110011000
0010010101000100
0010001111110110
0001100011100000
0001011000011010
0001001010101100
0001001111010010
0001001000110000
0000110011111000
1110000111010000
0000000000000000
0000101010101000
0000010101010100
0000111000110100
0000101010101000
0000000111000110
0000011100011010
0000000111000110
1111100011100110
0000000111000110
0000000111000110
0000001110001110
0000001110001110
0000111000110100
0001001110001000
0001011100010110
0001101010100010
0001111000110000
0001111111110110
0001110001101000
0001111111110110
0001111000110000
0001111000110000
0010001110000010
0010011100010000
0010011100010000
0001111111110110
0001100011011100
0001100011011100
0001011100010110
0001101010100010
1111000010110110
0001010001100010
0001011000010100
0010010101011110
0010010101011110
0010000111111000
0010011100010000
0001001010101110
0001011000010100
0000010100010111
0000110110010110
0000000000000000
0000101000101111
0000000110110010
0000111101001010
0000110110010110
0010000111111000
0010000111111000
0010001110101010
0010001110101010
0001111010010010
0001111010010010
0001010001100010
0000110110010110
0001111010010010
0010000111111000
0001001010101110
0001001010101110
0001001010101110
0010000001000100
0001011000010100
0001101100101100
1111010101000100
0000100111100000
0001000110011010
0001101000110000
0001110011000010
0010001011000110
0001000110011010
0000111000101010
0000010010111000
0000001111011110
1111100110010000
1111000011111010
1111110011111110
1111110000100010
0000001111011110
0000010010111000
0000101010111100
0001111001111010
0001111101010110
0010011100010000
0010011000110100
0001000110011010
0000110001110010
0001101111100101
0001010100001000
0000100111100000
0000111000101010
0000111000101010
0001010100001000
0001010111100100
1111011000100000
1111000011111010
1101100011110000
1101100011110000
1101100011110000
1101100011110000
1101100011110000
1101100011110000
1101100011110000
1101100011110000
1101101000010010
1101100111010000
1101101110110110
0001010101100010
0010000000010010
0010010110101100
0010010110100000
0010001010111110
0001110110110110
0001011100100001
0001001111111110
0000110000100010
0000001011111100
1111101001110010
1110001011001111
1101110000111010
1101110001101110
1101110010110000
1101110011011000
1101110010100100
1101110010110000
1101111001110000
1101110001111100
1101110101011100
1101110111101100
1101100011110000
1101100011110000
1101100011110000
1101100011110000
1101100011110000
1101100011110000
1101100011110000
1101100011110000
1101100111010110
1101100111001000
1101101111100010
0000111001011100
0001111000101000
0010011010000000
0010001110000000
0001110000101011
0001111001111110
0001001110100000
0000111011101000
0000011101001100
0000001011000101
1110101010110010
1110001001110010
1101111101011100
1101110100011110
1101110011010010
1101101111101100
1101101110101110
1101101101110000
1101110011110000
1101110101110000
1101101100010100
1101101101100110
1101100011110000
1101100011110000
1101100011110000
1101100011110000
1101100011110000
1101100011110000
1101100011110000
1101100011110000
1101101100001000
1101100111111010
1110000010011110
1110100000010010
1110011001010000
1110100001110110
1110011100000000
1110001110010100
1110011110101110
1110011001101010
1110100011000010
1110010100100100
1110011001101010
1110001000110111
1111011100100100
1111100100111010
1111100000001110
1110111101110110
1111010000000100
1110111001001010
1110011100000000
1110010111110101
1110011101100100
1101111010001000
1101110100111100
1101100011110000
1101100011110000
1101100011110000
1101100011110000
1101100011110000
1101100011110000
1101100011110000
1101100011110000
1111000101111110
1111001110111010
0010011100010000
0010011100010000
1101111010000100
1110000011000000
1101110101100110
1110000011000000
1110000011000000
1110000011000000
1101111110100010
1110001011111100
0000011111010000
0000110001000110
1111001010011100
1110101111101010
1110011101110010
1110100110101110
1110010000011011
1110000011000000
1101111010000100
1110000111011110
1111010111110100
1111011100010010
1110001011111100
0010011100010000
0010011100010000
0010011100010000
0010011100010000
0010011100010000
0010011100010000
0010011100010000
0010011100010000
0010011100010000
0010010111100000
0000110100111100
0000101110010000
0000110001100100
0000110010100000
0000110000000100
0000110100000101
0000110111111110
0000111000000001
0000111001010100
0000111111010000
1110000111001010
1111110011001000
1101101110010000
1111100010010000
0000111001101011
0001010011111100
0001011111110100
0010011100010000
0000001101111100
0000101001110110
0000110010001110
0001100111010000
0001100100011100
0001011001010010
0001010011101110
0010011100010000
0001110010011010
0001100100011100
0010011001011110
0001100111010000
0010010110101010
0010000011001000
0001011100000011
0001010000111010
0001001011010110
0001011100000011
0001001000100010
0001000010111110
0001110111111110
0001010000111010
0001110010011010
0001101111100101
0001010011101110
0000110111110100
0001001110001000
0000000101100110
1111001000001100
1111110111101000
1111101111010000
1110011000110000
0000000011110100
0000000011110100
0000010101100110
0001000101111000
0000101111000000
1111111110101110
0010011100010000
0001010111101010
0000101111000000
0001101001011100
0001000011010100
0000100010010100
0001010101000111
0001010101000111
0001000101111000
0010001101000000
0010001101000000
0000010011000100
0000011010101100
0000110001100010
0001001101100000
0001011010001100
0000111011101110
0000111110001111
0001100100010110
0001001010111100
0001100100010110
0000110110101000
0000111011101110
0000000110010110
1111100111111000
1111000100010010
1111101000011010
1111101110010100
0000100000011100
0001010100000001
1111111110100010
0000001101010010
0001000110110000
0001000000110110
0001101101000110
0010011100010000
0001101011100110
0001010110111110
0001110100011100
0001111010010110
0001000110110000
0001010100000001
0001100111001100
0001101010001000
0001001001101100
0001001111100110
0001000000110110
0000111100011011
0001100101101110
0001101000101001
0001011111110100
0000101001010010
0000111100011011
0000101111001010
0000110011100110
0000101100001101
1111011000001100
1110101001000010
1101100100000100
0010011100010000
1101100011110000
1101100011110000
1101100011110000
1101100011110000
1110100010010000
1101100011110000
1101100011110000
1111010000011100
1110111000101010
1111100100110101
1111111001001110
0000101111100100
0000101000101111
1111110101110101
0000100101011000
0010011000110110
0010011100010000
0010000111111000
0001011000010100
0001110000000110
0010011000110110
0001110110111000
0001101001010100
0000111001110000
0000011110100100
0000011011001011
0000100101011000
0000000011011010
0000011110100100
0000000011011010
0000011110100100
0000010111110010
0001000000100010
0010010010000100
0001110011100000
0001010001100010
0000101000101111
0000001010001011
1101110100101110