1110101001101100
1111101001111100
0000000011110010
0001001110110000
0001111010110110
0001110010101010
0000010100110010
1111100110001010
1111100001110000
1111011100101110
0000001000110100
0000011000100100
0000100110011100
0001100110000100
0010011100010000
0010001101110000
0001100010111010
0001000101111100
0001000101010100
0001110011111100
0001110011111100
0001101011000110
0001000111001100
0000101111010000
0000100111000100
0000011100111110
0001001100010000
0001100001000010
0001100111111110
0001101010011110
0001100111010100
0001011101010000
1110101111110001
1111111001111110
0000011000001000
0001001101110100
0010001011111110
0001111110101100
1111111011110010
1111101010111001
1111101101010100
1111101000011110
0000011000001000
0000011011001010
0000111001111010
0001011111111010
0010011100010000
0010010011110100
0010001011111110
0001101001100100
0001010110111000
0010001000111100
0001111111111010
0001110110010000
0001011000101100
0001000001110000
0000111110001000
0000111000000110
0001010101101010
0001110010101000
0010000010010100
0001111111111010
0010001101001010
0001111011101100
1110101011001110
1111110100011001
0000010011111100
0000110111011010
0001110010001000
0001100010101000
1111110100011001
1111111001111010
1111101001110110
1111100011110001
0000000011111000
0000001101110110
0000101010001000
0001010101111000
0001101101101110
0010011100010000
0010001001011010
0001001100011110
0001011101101000
0001101100000010
0001100110100000
0001100111000100
0001010101010100
0000110110110110
0000111101100000
0000101111000110
0001000100101110
0001100110100000
0001111000001111
0001110101011110
0001110111001000
0001011000000110
1110101101000100
1111111011110010
0000011001110110
0001010010111100
0001111111011010
0001100000001001
1111111110001101
1111110000011000
1111101100001010
1111010100101110
1111110101001100
1111110101001100
0000100101111000
0000111111101100
0010000100110100
0010011100010000
0010011010011100
0001101001110010
0001100111111110
0001110111000000
0010000111110100
0010000111001110
0001001011101110
0001001000001000
0000111000011111
0000110111010010
0001010101111100
0001111010100110
0010001000011010
0010001111000010
0010000000100110
0001101101011000
1110101011110101
1111111110110010
0000101011000000
0001010000100011
0001101101000000
0000111010001000
1111101111000010
1111100101111110
1111011000000010
1111100001001000
1111100010010100
1111110011111000
0000001010010010
0000011101000100
0001001111111100
0010010100011000
0010011011101010
0001111100110000
0001011001000010
0001110110000110
0010001100100000
0001111101011000
0001011010010000
0001001110101110
0001001000101100
0001001111111100
0001011001101000
0010001000010000
0010011100010000
0010001110010100
0010001100100000
0001110000101010
1110101001001100
1111111110001000
0000110000011000
0001000010111110
0001010101100100
0000000001010000
1111100110100110
1110111101000010
1110100100001110
1111000101101110
1110111000000100
1111110001110000
1111101110101000
0000001101101010
0000101000010100
0001110010101110
0010010001000110
0010001000011010
0001101000001010
0001111010110010
0010010001000110
0010000010110110
0001011111100000
0001001010011010
0000111110101000
0001001001001010
0001011100111111
0010000100101100
0010011100010000
0010001010010010
0010000010001110
0001101011111000
1110111000110110
1111101001110010
0000011010101110
0000100011110010
0000011100111111
1111010010011100
1110111100100110
1110100100100000
1101111110110110
1101101111000010
1101111100100110
1110101101100010
1110111000000110
1111000100111000
1111100101010010
0000111010010110
0001111000000101
0010011100010000
0001101010100100
0001110010000110
0001111100101000
0001110111010110
0001010110111110
0000100110110010
0000011010101110
0000101000010001
0000110010000100
0001011100010000
0001111010011000
0001110011100110
0001001100011100
0000100000000000
1110110101010010
1111101011101001
1111110010011011
0001100101111010
0001011000010100
0001011111000110
0000100001111110
0000011011001011
0000000110110010
0000010100010111
0000010100010111
0000101111100100
0000101111100100
0001011000010100
0010011100010000
0001101100101100
0001101100101100
0001000011111100
0001010001100010
0010000001000100
0001111010010010
0001010001100010
0001010001100010
0000111101001010
0000101111100100
0000010100010111
0000111101001010
0001011111000110
0001010001100010
0001011111000110
0000000110110010
0001010001100010
1110011110010110
1111011111011100
0000010011100010
0001001110001000
0001101110101100
0001101000001010
0000011010000010
1111010010011100
1111010010011100
1111101100011110
0000000110100000
0000010011100010
0000101101100100
0001101000001010
0010011100010000
0010011100010000
0001101000001010
0000110100000101
0001000111101000
0001101000001010
0001101110101100
0001101000001010
0001000001000110
0000100000100100
0000010011100010
0000101101100100
0001000001000110
0001001110001000
0001001110001000
0001011011001010
0001011011001010
0001011011001010
1110100111001110
1111110101010110
0000011000110110
0001010101001110
0001100110111110
0000110001101110
1111100111001010
1111100011100110
1111011000111100
1111010101011000
1111100000000010
1111010101011000
0000000011100100
0000010001110000
0001001110001000
0010011000101100
0010011100010000
0001100011011100
0001001010100100
0001111100010010
0010001010100000
0001101110000110
0001011100010110
0001001010100100
0001001010100100
0001000011011110
0001011000110010
0010000011011010
0010011000101100
0010001010100000
0010000110111100
0001110001101000
1101100011110000
1101100011110000
1101100011110000
1101100011110000
1101100011110000
1101100011110000
1101100011110000
1101100101011010
1101100101001000
1101100101101100
1110110011000000
0000011110110000
0001011001110110
0001111000100010
0010000110110100
0010011001100110
0010011000101100
0001111001010000
0001100001001111
0001001001100010
0000011100111111
1110111101101000
1110001001000010
1101101101110000
1101101000011100
1101100110111000
1101100110100110
1101100011110000
1101100011110000
1101100011110000
1101100011110000
1101100011110000
1101100011110000
1101100011110000
1101100011110000
1101100011110000
1101100011110000
1101100011110000
1101100011110000
1101100011110000
1101100100110110
1101100101000010
1101100101011100
1110111110101010
0000001111000000
0000111111010110
0001100010110100
0001110111010010
0010010000001000
0010000110101110
0001110010110100
0001011000101000
0001000100100000
0000110001100100
1110110010011000
1101110101101000
1101101010010010
1101101000101010
1101100111010000
1101100111000000
1101100011110000
1101100011110000
1101100011110000
1101100011110000
1101100011110000
1101100011110000
1101100011110000
1101100011110000
1101100011110000
1101100011110000
1101100011110000
1101100011110000
1101100011110000
1101100101110100
1101110100011010
1101111011101100
1110111111111100
1110101111101000
1110101100111100
1110100010101101
1110101100111100
1110101110010010
1110100010010000
1110110111010110
1110010011110010
1110001010000010
1110101100011010
1110001100110000
1101110001110100
1110011101000010
1110111111011010
1111110000011000
1110110011111100
1101100011110000
1101100011110000
1101100011110000
1101100011110000
1101100011110000
1101100011110000
1101100011110000
1101100011110000
1101100011110000
1101100011110000
1101100011110000
1101100011110000
1101100011110000
1111100101001110
1101110001001010
0010011100010000
0010011100010000
0010011100010000
1110000011000000
1101101000001110
1101101100101100
1101100011110000
1101100011110000
1101110101100110
1101111110100010
1101100011110000
0010001010011010
0010011100010000
0010011100010000
0000001101011010
1111001110111010
1110001011111100
1101110001001010
1101100011110000
1101100011110000
1101100011110000
1101100011110000
1101100011110000
1101100011110000
0010011100010000
0010011100010000
0010011100010000
0010011100010000
0010011100010000
0010011100010000
0010011100010000
0010011100001000
0010010111110010
0001111010010110
1110010111111100
1110011110111000
1110100001011000
1110100010111000
1110100010010110
1110100010010000
1110011110000110
1110100010011010
1110101101011010
1111011110001010
1111011110101010
1111101001111100
1111001100001010
0000011011000100
1111111100010100
0000101010000000
0000111000001010
0010011100010000
1111110100110110
0000101100101010
0000111101011000
0000110111110100
0000010110010100
0000100001011110
0000110111110100
0001111010110010
0001101111100101
0010001011100000
0010011100010000
0001101111100101
0001011001010010
0001101010000010
0010000101111100
0001111010110010
0001011110111000
0001011001010010
0001010011101110
0001000010111110
0000000101100110
1110110111011110
1111001101110010
1111100100000110
0000101100101010
0001001110001000
0001010011101110
0000100111000100
0000101100101010
0000001011001010
1111011110100010
1111001101110010
0000100011010010
0001001001000110
0001111011100000
0001100010010010
0000111001111110
0001010101101100
0001101001110110
0010011100010000
0010000011000100
0010001101001000
0010001111101010
0001111000111110
0001101100011000
0001110011111100
0001111000111110
0001101001110110
0001110011111100
0001010101101100
0001001001000110
0000011110010000
1111110000111000
1111010101001010
1111011100101110
1111111010111110
0000001111001000
0000101010110110
0000111111000000
0000101101011000
0000100000110000
0000001010000110
1111110101111010
1111000110000010
1111000101110000
0000111010010000
0001110001111000
0001001010001010
0000000101010001
0000110100111110
0001100100101000
0010011100010000
0010001001101110
0010000100011010
0010001001101110
0001110100100010
0001011100101011
0001110111001100
0010001100011000
0001111111001000
0010000111000100
0001011100101011
0001000111100000
0000010010100010
1111011101100100
1110101011010000
1110101011010000
1110110011001100
1111000011000110
0000100010011100
0000011111110010
0000011010011110
1111111010101111
1111010101101000
1111000011000110
1110010110000100
0010001100011100
1101100011110000
1101100011110000
0010011100010000
1110000011000000
1101100011110000
1110000011000000
1101111101110010
1101100011110000
1111000111110000
1111111100010000
0000101011110000
0000100110110000
0000011100110000
0000011111010000
0000100001110000
0000101011110000
0001011000101111
0001101010010000
0010001000010000
0001011011010000
0001011000101111
0000011111010000
0000111111101111
0000111000010000
0001000111010000
0010001101010000
0001111011110000
0010010111010000
0010011100010000
0010000011010000
0010011001110000
0001101100101111
0001011011010000
0001011101110000
0010010100110000
0001100111110000
0001111001010000
0001001100010000
0000110011010000
0000001101110000