1111011000000100
0000010100101010
0001110111000110
0001111011111010
0000101011011000
0000110001100100
0000110111110000
1111111010100000
1111100100011110
1111000000101100
0000000111100100
1111110110011000
1111110001100010
0000101011011000
0000101000101000
0000011111101010
0001011111101100
0001101010101100
0010000100110110
0001101100000100
0001010110000010
0010001101110010
0010001000111110
0010011100010000
0010000110001110
0010000000000010
0001011111000000
0001101111100000
0001101110001000
0001011100010000
0001010011111110
0000100011110010
1111010000101000
0000000100010100
0001001111111110
0001001111010110
0001110010011010
0001111111111100
0001111110000110
0000110111111110
0000010010011110
1111110010011110
0000011010011100
1111111001110110
0000010111111111
0001000110110000
0001001000100110
0001101101100000
0010011100010000
0010001001110010
0010010100010000
0001011100111000
0001111011101010
0010000111111100
0001110000100100
0001100001110100
0001001101100000
0000101010011100
0000100100010010
0000100001001110
0000100000100110
0000001010011110
0000101011000100
0000101000000000
1111001101011011
0000000100110010
0001000110111110
0001000110111110
0001100110001010
0010011010111110
0010010010000100
0001001010110010
0000001110010100
1111110100001110
0000001001111000
1111100111100000
0000011110001101
0000111100110010
0000111011100000
0001101100100010
0010001100111110
0010011100010000
0010010101010000
0010000111010000
0001110111010110
0001110100001001
0010010110100010
0001111011110010
0001001010001010
0000100011111110
0000001110111110
0000000001100110
0000000100110010
0000001100011010
0000000100001000
0000000111111101
1111000110001100
1111110011000000
0000111000001000
0001000111101000
0001100100011000
0001101001111010
0001100010101110
0001000000011100
0000001111001110
1111101111001000
0000001000100100
0000001111001110
0000001100011100
0000011111010000
0000110000111100
0001000101111110
0001101101010000
0010010010010010
0010010110101110
0001101110111010
0010000001101100
0010000110001000
0010011100010000
0010000001101100
0001101110010110
0001010000011110
0000110111000010
0000101011111110
0000101100100001
0000100010000000
0000110010000100
0000101101101000
1110111011110000
1111100110101010
0000110111011100
0001001111011000
0001011101111000
0000110100101000
0000100010110100
0000100011111100
1111100110000110
1111100010110000
1111100110000110
0000001101101010
1111110110110100
1111110110010000
0000001110110000
0000011110111010
0000110101001100
0001011111100010
0010010101100100
0010011100010000
0010000101011010
0010000001100000
0010001111011100
0010010101000000
0001110011100110
0001100010111000
0001000010100100
0000110100101000
0000110011100010
0000101100010010
0001000010000000
0001000000010110
1111000010001111
1111110101000110
0001000110010000
0000111000010100
0000101001001100
0000010101110100
1111111000101110
1111111000101110
1110101011001110
1110110110101110
1110111000100010
1111001101101111
1110101111011101
1111001000010011
1111010110110100
1111001010101110
1111111111011010
0000010010001010
0000110100101100
0010000100101000
0010000100000010
0001111001001000
0010011100010000
0010001110111100
0001011100101010
0000111010110000
0000010101001100
0000011100011110
0000010000010110
0000100010100010
0000100000101110
0000100000000110
1111011011010000
0000010001100000
0000001010101010
0000000111001110
1111011011010000
1111001010000111
1111001000101110
1110100100010100
1110001111101110
1101100111001100
1110100001100100
1110111110011010
1110100101101100
1110110000000000
1110110100000110
1110100010010000
1111001000000010
1111100110010000
0000001000100110
0001010000101100
0001101110001110
0010011100010000
0010010110000100
0010001111111000
0001111101010110
0001010111100100
0000111001010110
0000100110110100
1111100100001100
0000000000010110
0000000110100001
1111111111101010
1111001111001100
0000110000110100
0010001000101110
0010010010100000
0000011101010100
1111101100011110
1111101100011110
1110110001111000
1110111011101000
1110101000001000
1111011000111100
1111011000111100
1111100010101100
0000010011100010
0000010011100010
1111001111001100
0000100111000100
0001101011011100
0010011100010000
0010010010100000
0000001001110000
0001101011011100
0010010010100000
0010011100010000
0001101011011100
0010011100010000
0010001000101110
0010001000101110
0001101011011100
0010010010100000
0010001000101110
0000110000110100
1111000101111110
0000101000001100
0010000001011110
0010001010011010
0000011111010000
0000011111010000
0000101000001100
1111111011100010
1111000101111110
1110111101000010
1111110010100110
1111110010100110
1110111101000010
0000000100011110
0000000100011110
0000001101011010
0001100110101100
0010000001011110
0001111000100010
0001101111100101
0001001011111010
0010011100010000
0010010011010100
0010010011010100
0010000001011110
0010011100010000
0001101111100101
0001100110101100
0010001010011010
0001000010111110
0000010110010100
1111111011100010
1111001110000000
1111101101010000
0000111000010000
0000111011011000
0001000100110000
0000100010011000
0000001001011000
0000001111101000
1110111011010000
1111011101101000
1111101010001000
0000000000000000
1111010001001000
1111111001110000
0000001001011000
1111110011100000
0000000110010000
0001000111111000
0001100111001000
0001010001010000
0001110110110000
0010000011010000
0010011100010000
0010010110000000
0001000111111000
0001010111100000
0001001011000000
0000111000010000
0000000011001000
0001000100110000
0001001011000000
0000101011110000
1101100011110000
1101100011110000
1101100011110000
1101100011110000
1101100011110000
1101101011100110
1101101011010000
1101101100010010
1110000000101110
1101101111010110
1110011101101100
0010001001110110
0001101100001100
0001101100111000
0001000000111010
0000111100110110
0001000011101010
0001001101100010
0000110000111010
1111111010101111
1111001101000100
1110100100100000
1110000111001100
1101110101110100
1101101011010000
1101101101101000
1101101011111100
1101100011110000
1101100011110000
1101100011110000
1101100011110000
1101100011110000
1101100011110000
1101100011110000
1101100011110000
1101100011110000
1101100011110000
1101100011110000
1101101100000000
1101101011010110
1110010001100010
0000100101110000
0010011100010000
0010010000000010
0001000001100010
0001111111101001
0001110111111010
0001011110001000
0001101111011110
0001111110110110
0010001010111010
0001100000100110
0000011000000010
1111001000001110
1110011101110000
1110000101001000
1101111010000100
1101110011101000
1101110001110010
1101101111110100
1101100011110000
1101100011110000
1101100011110000
1101100011110000
1101100011110000
1101100011110000
1101100011110000
1101100011110000
1101100011110000
1101100011110000
1101100011110000
1101101101001110
1101110010010100
1101110110100000
0000110101101000
0001101101111000
0000100100111110
1110011000111000
1110011000000110
1110010011011011
1110001100110000
1110010001000100
1110101101100100
1111010001100001
1111001000101110
1110110011001010
1110110000111000
1110101100011000
1110010101011110
1111000010110010
1110101110111111
1110011101110010
1110000110111000
1101100011110000
1101100011110000
1101100011110000
1101100011110000
1101100011110000
1101100011110000
1101100011110000
1101100011110000
1101100011110000
1101100011110000
1101100011110000
1110100110101110
1111000101111110
0010011100010000
0010011100010000
0010011100010000
0010011100010000
0010011100010000
1110111000100100
1110000011000000
1110000111011110
1101101100101100
1101101100101100
1101101000001110
1110100110101110
1111100101001110
1111001110111010
0001010000010110
0000000000000000
1101110101100110
1101101100101100
1101110001001010
1101111010000100
1101100011110000
1101100011110000
1101100011110000
1101100011110000
1101100011110000
1101100011110000
0001010000110000
0001010111000000
0001011010101110
0001011111111100
0001101011001000
0001110100111011
0010000001010110
0010010001010110
0010011100010000
0010000010001110
0001010000010100
0001001010101100
0001000110110000
0001000001010010
0000110001100000
0000100011001110
0000011000010010
1111111100000000
1111111110010100
0000101101011010
1110101100101010
1111110110110100
0001010100101100
0000000101000010
0001001011000110
0001010111000000
0001110001010010
0010011100010000
1110101110100001
1111001001100000
1111111110011100
0000001011111100
0000001000110100
0000110001010100
0000111001101000
0000100101111010
0000101100001000
0001010101101010
0001001110011000
0001110101110110
0010001111110010
0010011100010000
0010010111000100
0010010011111100
0001110111111010
0001010101101010
0001101001011000
0001101100100000
0001110011110000
0001110010101110
0001101110100100
0001100011001010
0001101101100010
0001011001110100
0001010001011111
0001001111011100
0001010001011111
0000001111000100
0000001110000010
1111011101001110
1110000110100100
1110011011011101
1110110010101010
1111000110000001
1111010111000000
1111001001110110
1111011010000110
0000000110111110
0000100101111010
0000111001111111
0001001111101100
0001101010110000
0010010110000100
0010010010111110
0010011100010000
0010011001111100
0010000101000010
0010001000001000
0010001011001110
0010000101000010
0010001000001000
0010000010101110
0010010010111110
0010011010101100
0010010111100110
0001111011000000
0010001100110010
0010000101000010
0001100110111000
0001101001001100
0001100011000000
0000110010010001
1110011101110110
1111001001111000
1111000110010110
1110101010001100
1110111100101010
1110111110011010
1111001011101000
1111101100001100
0000011101100000
0001001010011000
0000111010100010
0010000111001000
0010011100010000
0001111110010100
0001111101011100
0010010000110100
0001110010111000
0001011101110000
0001100000011010
0001011000011110
0001011100111000
0001100001010010
0001101110011110
0001111111001011
0001100011000010
0001010100111100
0001011100000000
0001000100001110
0000110001110000
0000101100011110
0000110101010000
0000011101100000
0010011100010000
1101100011110000
1101100011110000
0010011100010000
1101100011110000
1101100011110000
1110100010010000
1111001011111011
1101100011110000
1111110000111111
1111111010000001
1111100001111101
0000011110000011
0000011110000011
1110111101111010
1110110001111000
1111100001111101
0000001100000010
1111011110111100
0010000111001110
0010011100010000
0001110101001100
0001010100001000
0000011000000010
0000001111000001
0001100011001010
0001100000001001
0000110000000100
0000110000000100
0000101101000100
1111111101000001
1111101101111110
1111110111000000
1111001001111010
1111110000111111
0000001111000001
1111110111000000
1111111101000001
1111000110111010
1111000110111010
1101110010110010