1111000110111100
0001001001010010
0001011010001000
0001001000101010
1111100001110000
1110000100001100
1110001001001100
1101110101110110
1110001101100010
1110001110001010
1110001100111010
1110100101111000
1111000100011100
0000000111001100
0000110011011110
0001101010010110
0010011011101000
0010011100010000
0001110110001100
0001011010110000
0001101001000110
0010001010110010
0010000011111100
0010001111110010
0010000000110100
0001111010100100
0010010001101010
0010000111101010
0001011111110000
0001100101111110
0000101111101110
1111010000010010
1110111010001100
0000101100011100
0000110100001111
0000001100001110
1111010011100100
1110011001011110
1110000111111000
1101110000111100
1101111000110000
1101110110110010
1101101100000100
1110001101110000
1110101000100110
1110110001111000
1111101000100100
1111110110101110
0001000110110100
0001111101100000
0010000011110110
0001011001110110
0001001010001110
0001001101101000
0001100011100111
0010000011110110
0010011100010000
0010000010111000
0010001101001000
0010001001101100
0001111111111100
0001010100011110
0001001111000110
0000000101011000
1110110011001110
0000101100011010
0000110101001110
1111101100101000
1111000000111110
1110001001100010
1101111101110000
1101111000110110
1101101101100100
1101101111000010
1101101110100010
1110000001001100
1110001100011111
1110101000111100
1110110011101110
1111011101011010
0000001000100110
0001010100001000
0001110011000010
0010000101001100
0001001000011000
0000100111000000
0001000010111110
0001101001101110
0010011100010000
0010010010111100
0010001001001000
0010000100001110
0001111110110100
0001000001111110
0001000100111100
1111111011110110
1110111100100110
0000111101001110
0000111000100100
0000000101111100
1111001110101010
1110010011010010
1101110010101110
1101101101100100
1101100111111000
1101101100100010
1101101000111010
1101101100000000
1110000000001010
1110001001011110
1110101111001010
1111000110111100
1111101100101000
0001000001010110
0010000010011100
0010010000111000
0001011010101010
0000101000000010
0000111000000001
0001100010011010
0010010100100000
0010011100010000
0010000110000010
0010000011011110
0001111100001110
0001000000010100
0000110011111010
1111110000010000
1111101011001000
0001000010000000
0001010011010010
0000010000000110
1111000110001011
1110010001010110
1101111110101000
1110000100111000
1101101000100100
1101101001000010
1101110001001100
1101111101001100
1110000010111100
1110010101001100
1110101110001010
1110111111111010
1111100100011010
0000101111110000
0001111110111110
0010010010101010
0001100110000000
0000110001101100
0000101001100010
0001001000101110
0010001110010110
0010011100010000
0010000110101010
0010001110010110
0010001110010110
0001111001101100
0001010101101100
0000110011001000
1111100010000111
0001010100100010
0001011100001000
0000111011011000
1111001000011100
1110011000111100
1110001000110010
1110001110000010
1101101101010000
1101111000101010
1110000101011110
1110000110011010
1110001011001010
1110100001000000
1110111011101000
1111000110100010
1111101110011100
0001001100111100
0010001011101000
0010011100010000
0001100111000100
0000111100110010
0001000000001000
0001100011101110
0010000101011110
0010000011000110
0001011010010000
0001111011000000
0010001000110010
0010001011101000
0001011100001000
0001000111010000
1111001010110100
0001000100100110
0001100011011000
0001100011011000
1111111010010100
1110011100101000
1110000010100010
1110001011111010
1101101001000110
1101101111001000
1110000100100010
1110010111010010
1110011111111110
1111001010001000
1111110010111101
1111111011101010
0000101001110100
0001100111011000
0001110000110000
0001011101010110
0000111010100100
0001001001010010
0001110110110010
0010001110111000
0010000000110100
0000111101001110
0000110101111000
0000111001001110
0001101000000100
0010010100111000
0010011100010000
0001101010101110
1111110110010000
0000110000110100
0000110000110100
0000100111000100
0000001001110000
1111101100011110
1111000101011010
1110011110010110
1111001111001100
1111011000111100
1111100010101100
1111110110010000
0000011101010100
0001101011011100
0001111110111100
0001111110111100
0001100001101010
0010010010100000
0001111110111100
0001010111111000
0010010010100000
0010001000101110
0001110101001100
0010011100010000
0010010010100000
0001000100011000
0010001000101110
0001110101001100
0000111010100110
0001101011011100
0000111010100110
0000100111000100
1111100111111110
0000011000000010
0000111100000110
0000110000000100
1111001111111100
1110011111110111
1110010011110100
1110000111110100
1110010011110100
1110011111110111
1110110111111000
1110110111111000
1111000011111010
0000011000000010
0001111000001100
0010010000001110
0010011100010000
0010010000001110
0010000100001110
0001101100001100
0010000100001110
0010000100001110
0001111000001100
0001111000001100
0001111000001100
0001111000001100
0001111000001100
0001100000001001
0001101100001100
0000111100000110
0000000000000000
1110011111110111
1111110111010100
0001010110110100
0001011011001010
0001000101011100
1110111110111010
1110110110001110
1110011100001100
1110101101100010
1110000010001000
1110000110011110
1110000110011110
1110100100110110
1110011100001100
1110100100110110
1110011100001100
1110011100001100
1111000111100100
0000100111000100
0000111000011100
0010011100010000
0001110101001100
0001011111100000
0000101011011010
0001000001000110
0001011011001010
0001110000110101
0001010110110100
0001111101111000
0001101100100000
0001101000001010
0001000001000110
0000110100000101
1110011011011101
1110110100010000
1111000000110010
1110111000111110
1110100111001000
1110011001100110
1110011110001000
1110011110010010
1110011101111000
1110100101111100
1110110111010010
0001001101101100
0010001101100010
0010001101101000
0001111100011110
0001011001101110
0000100111010100
0000100010111100
0000010010101000
1111110000010100
1111110100010000
1110100010010110
1101111101011010
1101110110001100
1101110010011110
1101101010001110
1101100110010010
1101100110010110
1101100011110000
1101100011110000
1101100011110000
1101100011110000
1101100011110000
1110000000110010
1110001111001100
1110011010010100
1110010101011010
1110001001011010
1110000101101000
1110000100111110
1110000111110110
1110001001110100
1110010000010110
1110011101001100
0000000100100100
0001110111001000
0010000101011100
0001101010111000
0000101111001100
0000000010011110
1111110001010010
1111100010101010
1111001000100010
1110111101001100
1110000110001000
1101110011111100
1101110000000000
1101101101000010
1101101011001010
1101100111100000
1101101000010110
1101100011110000
1101100011110000
1101100011110000
1101100011110000
1101100011110000
1101101100111010
1101110010000110
1101110111010100
1101110101001110
1101110110110010
1101111000111000
1110001000100000
1110011111011010
1110110011101110
1111000100011010
1111010001111100
1110000111001010
1110001001100110
1110011100001100
1110100010100011
1110010011011110
1110001100111100
1110001000000110
1110010000111010
1110001000011001
1101111001101000
1110011111011010
1110010101001110
1110010100001101
1110010001000100
1110101000100000
1110101100001000
1110101100101010
1101100011110000
1101100011110000
1101100011110000
1101100011110000
1101100011110000
0010010111110010
0000110101100100
1110010000011011
1110101111101010
0010011100010000
0010011100010000
1101110001001010
1110101111101010
1101111010000100
1110000011000000
1111100000110000
0000001101011010
1110111101000010
1110010000011011
1101111010000100
1110000111011110
1101110101100110
1110000111011110
1111010011010110
1111000101111110
0000101000001100
0000001000111100
1111100101001110
1111000101111110
1110001011111100
1110011101110010
1101110001001010
1101110001001010
1101100011110000
1101100011110000
1101100011110000
1101100011110000
1101100011110000
1110100101111100
1110101000010100
1110100001101100
1110100000100110
1110100001011100
1110100011100000
1110100010100011
1110100100100010
1110100000000100
1110010110001100
0000101100000010
0000110000001110
0000110100110100
0000111010111010
0001000001100000
0001001010001100
0001010100010010
0001100010100100
0001110011001000
0001101111101100
0000011001000000
0000101101111110
1110011111000110
1110110110000010
1111101100110000
0000100110001100
0000111101101100
1101100011110000
0001001110001000
0001010100101000
0000100001101000
0000100100111010
0000101111110000
0001000001000110
0001100100111010
0001110101001100
0001111000011100
0001100111000110
0001101100100000
0001111101111000
0001010111111000
0001101000001010
0001101000001010
0001100000100100
0001100111000110
0010000000000010
0001111110111100
0010001110001010
0001101101100110
0010010101110000
0001111001100010
0001111110111100
0010000011010010
0001111101111000
0010011100010000
0010011010000110
0010001010111000
0001100010110000
0001010001011000
0000101101100100
0001010000001111
0001011010111110
0000011111000010
0000010110011110
0000010111100010
0000110110100110
0010000101110010
0010010110111010
0010000100101110
0001011101000110
0001101001111100
0001101000111000
0001100000010011
0001111010000000
0001110110110010
0001100100100110
0001011001111010
0010001100001100
0010001110010110
0010011100010000
0001111011000100
0001110111111000
0010000000011100
0010000001100000
0010000101110010
0001011101000110
0010010000011110
0010000000011100
0010000010100100
0010000001100000
0001010001010101
0000101000101010
0000111110011010
0001011001000011
0000011110011010
1111110000100010
0000000001100110
0000001011001100
0000110110111100
0010011100010000
0010001110011000
0001111011001100
0010000010101010
0001111011001100
0001110010101010
0001111010001000
0010001101010100
0001100000100010
0001011101010011
0001000010101010
0010000100110010
0010000100110010
0001111010001000
0010010101110110
0010010010101010
0010001010001000
0010001101010100
0010000001100110
0010001001000100
0001111000000000
0001101001000100
0001011010001000
0000111110011010
0000011001000011
1101101101001110
1101100011110000
0010011100010000
1101100011110000
0000011111010000
0001111101000000
1101100011110000
1111010110010110
0010011100010000
1111010001100100
1111100010011100
0000100110000000
0001000111110010
0000110100000101
0001001101011010
0010011100010000
0010010001000000
0001011000101100
0000111100100010
0000111001101110
0000110001010010
0001000100111110
0000010111111100
0001000010001010
0001100011111011
0001010000001111
0001000111110010
0001010000001111
0001000010001010
0001001101011010
0001110100110110
0000110001010010
0000011101100100
0001010011000100
0001010000001111
0001000100111110
0001001101011010
0000100011001100
0000000111000010
1111010111001100
1110110010100110