1110101111110110
1111100110001100
1111111011111100
0001011101110000
0010000001000100
0001101001111110
0000110000111010
0000011011001011
0000000100000100
0000000001010110
0000001001100000
0000110101000000
0001101011010110
0010010100000110
0010011100010000
0001111110010110
0001010101100101
0001011100011010
0010010000000010
0010011100010000
0001101011010110
0000101111100100
0000100000100110
0000000110110010
1111111011111100
1111100110001100
1111101100111110
1111101111101100
0000010101110000
0001001110110100
0001010110111110
0001100101111010
1110101110110101
1111101001011110
1111111100100110
0001010101010001
0001101000011010
0001101101110110
0000110001110011
1111110111001000
1111100010101010
1111111000100000
0000001011100110
0000110000011100
0001011110110110
0010011000001010
0010011100010000
0001010011111100
0001010110101010
0000110001110011
0001000000110100
0000011110101110
0000011010101000
1111101110111100
1111111001110110
1111101101100100
1111001100110100
1111010000111010
1111011111111100
1111101101100100
0000001000111000
0000101001101000
0000010001000100
0000011001010000
1110100011001110
1111011010001010
1111110001010110
0000100111000100
0001010111111010
0001011001001000
0000011001101000
0000000010011100
0000000010011100
0000000011101010
0000011110100010
0000101011111100
0001110110011010
0010011100010000
0010010111011000
0001000100011000
0001000101100110
0001011100110010
0001101000111101
0001110000010100
0000110101101110
1111101100011110
1111101000110100
1111011100100110
1111010101010011
1111101000110100
1111111000101100
0000001101011011
0000000110000110
0000010100110000
0000001011000000
0000010111001100
1110011101110100
1111010101011000
1111100111111010
0000101000001010
0001101010110110
0001101000011000
0000111011111010
0000001010100000
0000001011101110
0000010000101100
0000010001111010
0001001000010000
0010000001000100
0010011100010000
0010010111010100
0001000011010100
0001001001100000
0001011111101110
0001111101011000
0001111001101010
0001010101110110
0000011111100000
0000011110010000
1111101100110110
1111110111111110
1111100110101100
0000000011000110
1111101100110110
1111010101011000
1111101111010100
0000010100010111
0000000101100100
1110100010100000
1111011000110010
1111100001001110
0000011111111110
0001100101111110
0001101111100101
0001000001110000
0000101000011010
0000010110010100
0000100011100110
0000100100110100
0001000100001010
0010000101010100
0010011100010000
0010001110111110
0001011011000110
0001010011110110
0001011101100000
0001110101101000
0001111010011110
0001010010101010
0000010000010010
0000000111110110
1111100100110110
1111100011101010
1111111100111110
1111111111011010
0000000101011100
1111110010001000
1111101000011110
1111111001011000
0000011100010110
1110100110010100
1111011000011110
1111100010000111
0000100001110000
0001100000011100
0001101010000110
0001000010100100
0000011011111110
0000011001000011
0000011001000011
0000101001011110
0001001111000110
0010000101000110
0010011100010000
0010010000101100
0001101101000000
0001011001101100
0001110110101000
0010001010111000
0010000101000110
0001100011010110
0000111010110110
0000101100010111
0000100100101010
0000101100010111
0000110101000100
0000110110000000
0000110010001010
0000011111110110
0000001010101000
1111101010110010
1111111010001110
1110011111110111
1111011000101010
1111101110100010
0000001100000010
0001011010101100
0001011100111000
0000101011101110
0000100000110010
0000000011010010
0000001001110110
0000011101100000
0000111000110100
0001110111000110
0010011011001010
0010010001010100
0001101000111010
0001101000111010
0010001111001000
0010011100010000
0001111101101010
0001010111011010
0000111111011000
0000111110010010
0000100110010000
0000111000110100
0001001000001000
0000111111011000
0000110110101000
0000100000110010
0000000111101010
1111110000101100
1111110011111110
1110110001111000
1111101000100100
1111011000111100
0000110110101100
0001111101000000
0001101101011000
0000011111010000
1111111000001100
1111101000100100
1111010001001000
1111110000011000
0000000000000000
0000110110101100
0010011100010000
0010011100010000
0001101101011000
0000100111000100
0000110110101100
0001111101000000
0010010100011100
0001100101100100
0000101110111000
0000101110111000
1111111000001100
0000001111101000
1111011000111100
0000011111010000
0000000111110100
1111001001010100
0001000110010100
0001011101110000
0001000110010100
1110111110001110
0000000000000000
0000010000011100
0001100010101100
0001110011001000
0001110011001000
0001100010101100
1111110111110010
0000001000001110
0000010000011100
0000101001001000
0001001010000000
0001100010101100
0001010010010000
0010011100010000
0001110011001000
0001011010011110
0001010010010000
0010001011110100
0010001011110100
0001000001110010
0000011000101010
1111101111100100
1111010110111000
1111011111000110
1111010110111000
1101110100001100
0000010000011100
0000111001100100
0001101010111010
0001101010111010
0001011010011110
1110100100010010
1111010011110110
1111001101000100
0000010100010111
0001101100101100
0001110000000110
0001000111010110
0000001101100101
0000010111110010
0000011011001011
0000100001111110
0001001010101110
0010010010000100
0010011100010000
0010000111111000
0001100101111010
0000111101001010
0001011011101110
0010000001000100
0001111101101100
0001001010101110
0000100001111110
0000000110110010
0000000000000000
0000001101100101
0000010111110010
0000001101100101
0000001010001011
1111111001001110
1111011110000010
1111101011101001
0000000000000000
1101100011110000
1101100011110000
1101100011110000
1101100011110000
1101100011110000
1101100011110000
1101100011110000
1101100011110000
1101100110000100
1101100110010100
1111001011000010
0000111110100000
0001100101000110
0001101101001100
0001110101010010
0001111010111100
0001110111101110
0000111110011000
0000011100001010
0000000100100000
1111000100010111
1110110000111010
1101111010111010
1101101011110110
1101101001110010
1101101000010000
1101100111001110
1101100110110110
1101110000000110
1101110000000110
1101101010101100
1101101000011000
1101100111011110
1101100011110000
1101100011110000
1101100011110000
1101100011110000
1101100011110000
1101100011110000
1101100011110000
1101100011110000
1101100101010100
1101100101010100
1110111111001000
0000100011000100
0000100110110110
0001000100000100
0010000100101110
0001101000110110
0010001101100000
0001011011111000
0001100100101000
0001111110010010
1111110010010000
1111001101011000
1101111000110100
1101101001111010
1101100111010010
1101100110001010
1101100101101000
1101100110110110
1101110011101010
1110000110110000
1110001011101010
1110011000010100
1110011011010000
1101100011110000
1101100011110000
1101100011110000
1101100011110000
1101100011110000
1101100011110000
1101100011110000
1101100011110000
1101101011000010
1101101010000000
1110011101100100
1110110011011100
1110100111101111
1110101011101000
1110100110111101
1110101001010010
1110100110001010
1110100001011110
1110110100001110
1110101011101000
1110111000111010
1110111010011110
1110101110110000
1110100110011010
1110001100011000
1110010011101010
1101110111100010
1101110101011100
1110000110001000
0000001001011000
0010011100010000
0010011100010000
0010011100010000
1101100011110000
1101100011110000
1101100011110000
1101100011110000
1101100011110000
1101100011110000
1101100011110000
1101100011110000
1110001011111100
0010011100010000
0010011100010000
0010011100010000
1110111000100100
1110001011111100
1110001011111100
1101111110100010
1101111110100010
1111000101111110
1111010111110100
1111000101111110
0010011100010000
0010011100010000
0010011100010000
0010011100010000
1111101001101100
1101101100101100
1101101100101100
0000110001000110
0010011100010000
0010011100010000
0010011100010000
1111101110001010
1101110101100110
0010011100010000
0010011100010000
0010011100010000
0010011100010000
0010011100010000
0010011100010000
0010011100010000
0010011100010000
0010011100010000
0010011100010000
1101100011110000
1101100011110000
1101100011110000
1101100011110000
1101100011110000
1101100011110000
1101100011110000
1101100011110000
1101100011110000
1101100011110000
0000000100001010
1110100010010000
1111010101111100
0000011111101110
0000100100010110
0000101000001100
0000111011111010
0010011100010000
0000010001011000
0000101101001000
0000110100000101
0000110100000101
0000101101001000
0000001010011010
0010000111011010
0010010101010100
0010001110011000
0010011100010000
0001010110110100
0001010110110100
0001001111111000
0000110100000101
0000011111010000
0001111001100010
0001111001100010
0000110100000101
0001010110110100
0001011101110000
0001010110110100
0000110100000101
0001000001111110
0000111011000010
0000000011011110
0001011101110000
0001010110110100
0000000011011110
1111111100100010
0000110100000101
0000101101001000
1111011001110100
0000000110100100
0001001010110110
0001110100110110
0001011010100110
0001000010111110
0001000101100110
0001111010001000
0010011100010000
0001110100110110
0010001111001000
0010001111001000
0001100111101101
0001001010110110
0001001000001110
0001010000000101
0001110100110110
0001110100110110
0001101010010110
0000111011000110
0000110101110110
0001001000001110
0001010010101110
0001010101010110
0001000000010110
0000110101110110
0001001010110110
0000011011100100
0000000011111100
1111110110110100
0000010011101100
0000011011100100
1111110110110100
0000000000000000
0000101101011110
0001111010001010
0001001111100010
0000110101111110
0001000111000010
0010000101100010
0010011100010000
0001101011111101
0010000101100010
0010001110000010
0001010010011000
0001000111000010
0001001001111000
0001011101110000
0001111101000000
0001110100011101
0001100011011100
0000011111010000
0000011111010000
0000010110101110
0000011111010000
0000110000010010
0000000000000000
0000110011001000
0000110101111110
0000110101111110
0000100010000110
1111110100101000
1111110111011110
0000000101101100
1111101001010010
0000110000101110
1101100011110000
1101100011110000
0010011100010000
1101100011110000
1101100011110000
1101100011110000
1101111101110010
0010011100010000
1110001101110010
1110100111011000
1110111001101010
1110110100001010
1110110111110100
1111011100011000
1111100000000010
1111010110111000
1111110111110010
1111111111000111
1111100011101100
1111110100001000
0000110000011100
0000111011011010
0000101010111100
0001011100010010
0001010110110100
0001100001110010
0001111111000000
0001110111101100
0001111111000000
0010001000001010
0010001000001010
0010000010101010
0010000000110110
0010001011110100
0010001111011110
0010010011001000
0010011010011100
0010011100010000
0010001111011110
0001011110001000