1110101011110010
0001011111111010
0001111010111100
0001010010011010
0001011010100000
0000110101100110
0000010001100100
1111111000010110
1111110010000011
1111101011110000
1111000101000000
1111010000101110
1111001100001111
1111101001000010
1111101111010110
0000001011010000
0000000100111110
0000100111001100
0000101111010010
0001011111111010
0010000101110000
0010001010010000
0010011100010000
0010010001011100
0010000011111100
0010010111110000
0010011000101010
0010010100001010
0010000000010110
0001100000110100
0001011100010100
0001010001011111
1110011111000101
0000110110011100
0001000010110110
0001010100100010
0001100110010000
0000011001001101
0000001011111100
1111011001100000
1111011000100110
1110111011011010
1111000000101110
1110110010100010
1110111000110000
1110111011011010
1111011101000010
1111100110110011
1111111101110010
0000010110100100
0000001001010010
0000111101100010
0001001001111010
0010011100010000
0010011010011110
0010001100010100
0010001000110010
0001110111111110
0010000111000000
0001101111000110
0001111110001010
0001011110010010
0001010100100010
0001000000001100
1110111101001000
0000101011001000
0000110000001000
0001001001110000
0001001111011000
0000000010100000
0000001011111000
1111010101100000
1111011001010000
1110111011010000
1111010001001000
1110110001111000
1111000101010000
1110110010100000
1111011001111000
1111001110101000
1111111010011000
1111110101011000
0000011000011000
0000011100001000
0000111100101000
0001000110101000
0010000111101000
0010011100010000
0001110001110000
0001110001001000
0001011001010111
0001110100111000
0001100100101000
0001100000111000
0001010101101000
0000111111001000
1111000001000010
0000110000010011
0000110010010100
0001010100111101
0001011000010001
0000000101000000
0000001010010100
1111000111101100
1111010100010110
1110110101000010
1111000001000010
1110101010011000
1110111000011000
1110110101000010
1111001110011000
1111010110010110
1111110101000000
1111100010010110
0000000101101010
1111110010010110
0000100110111110
0001001100010010
0010011100010000
0010010001100110
0001111000010010
0001110100010010
0001101100111100
0001101001101000
0001100100111100
0001100111101000
0000110000010011
0000111010010011
1111001100001010
0001000010010100
0001000001100100
0010000011111000
0010000010010110
0000001010101010
0000000110111000
1110111101101100
1110111001001000
1110111111001110
1110111010101000
1110100111100110
1110101001001000
1111001100111100
1111010010010010
1111100011000010
1111101010101010
1111011100001100
1111100011000010
0000011000011000
0000100110001000
0001100101011000
0001111001111100
0010000110001010
0010010000110100
0010000101011000
0010011100010000
0001101000011010
0001000001100100
0001001001001010
0001001111010010
0000111000011010
1111010000111000
0000111011110000
0000111000000001
0010000111011110
0001111111010100
0000001110011110
1111111110001010
1111010110110100
1111000110011110
1111110011000000
1111100011011100
1110010100110000
1110101101010000
1110110110111000
1110110101011010
1111000100010000
1110111000011000
1111011011010000
1111000101101110
1111111100101010
1111100100001010
0000010111011000
0001100110000100
0010011100010000
0010000111011110
0001011110101010
0001011001011100
0001111100010101
0001100110110100
0001100011110110
0001001100110100
0000011001100110
1111001111000100
0001000111000010
0001000111110100
0001000001100000
0000110110011100
1111101101110110
1111100101001010
1111110001000000
1111110001000000
1111101001001000
1111010110001100
1110101010110010
1110100101010000
1110010100101100
1110101101111100
1110101010110010
1110100010000110
1110110000010010
1111001010010110
1111011110000100
0000010101010100
0000111111001000
0010010011100100
0010011100010000
0001100001110110
0001010110110100
0001111000110000
0010000101011000
0001111101011110
0000111101100100
0000111000110100
0000001010010000
1110001000000110
0001011010110110
0010011100010000
0010010100111110
0000111101110001
0000100000101110
0000001010111010
1111001001100000
1111100110100100
1111000010001111
1111001001100000
1111011000000010
1111001001100000
1111101101110110
0000000011100111
1111111100011001
0000000011100111
0000011001011100
0000101111010000
0001101001011000
0001110000101010
0001110111111010
0010000110011100
0010000110011100
0010001101101110
0010010100111110
0010010100111110
0010000110011100
0001111111001011
0001101001011000
0001100010001000
0001100010001000
1110111000111110
0001000111000010
0001011000000100
0000100100111100
0001001100101110
0000101010101000
0000010011111000
0000001000100010
1111110001110010
1111110111011110
1110111110101010
1111100110011100
1111100000110000
1111111101001010
1111111101001010
0000011001100100
0000011001100100
0000010011111000
0000110101111110
0001000111000010
0010001011001110
0010001011001110
0001111010001010
0001111111110110
0001110100011101
0010011100010000
0010010000111000
0010001011001110
0010000101100010
0001010010011000
0001011000000100
0001001100101110
1111000111011110
0000111111001010
0000111111001010
0001100111000100
0001100111000100
0000000000000000
0000000110101010
1111000111011110
1111001110001000
1110110011100010
1110110110111000
1110000101000000
1110110110111000
1110100110010000
1111000100001010
1111100101011010
1111111100101100
1111100010000111
1111110110000010
1111111001010110
0000011101111001
0001101010011000
0010011100010000
0010000001101010
0010010010010010
0001111011000000
0010000100111110
0001110001000010
0010000100111110
0001111011000000
0000111000100010
0000111011110110
1101100011110000
1101100011110000
1101100011110000
1101100011110000
1101100011110000
1101100011110000
1101100011110000
1101100111110110
1101101000011010
1101101110000100
1110001001010100
0010000010001100
0000110000010000
0000110000101010
0000110000010000
0000101100100100
0000100011000010
0000100110010110
0001001101110110
0001001100101010
0000101111111000
1111100011000001
1110001010101010
1101110000001110
1101110010010110
1101110011100000
1101100011110000
1101100011110000
1101100011110000
1101100011110000
1101100011110000
1101100011110000
1101100011110000
1101100011110000
1101100011110000
1101100011110000
1101100011110000
1101100011110000
1101100011110000
1101100011110000
1101101000101010
1101101001011000
1110011000101000
1111010011010101
0001010010010110
0010001101111000
0010000000111000
0010000100101000
0010000011111100
0001111001101000
0001001010001010
0001000011111100
0000111110111010
0000011100101010
1111011010100100
1110001110001110
1101111111001000
1101111111010110
1101111010101100
1101100011110000
1101100011110000
1101100011110000
1101100011110000
1101100011110000
1101100011110000
1101100011110000
1101100011110000
1101100011110000
1101100011110000
1101100011110000
1101100011110000
1101100011110000
1101100011110000
1101101001000100
1101110110100000
1110000001111100
0000111001010010
1110100100110000
1111010000100000
1111010000100000
1111010000100000
1111001110101000
1110101100101010
1110001010010010
1110010000000000
1110000000111010
1101111101110010
1110000100100100
1110110110000010
1111011100100100
1110111011010000
1110111100010010
1101100011110000
1101100011110000
1101100011110000
1101100011110000
1101100011110000
1101100011110000
1101100011110000
1101100011110000
1101100011110000
1101100011110000
1101100011110000
1101100011110000
1101100011110000
1101100011110000
1111111011100010
0000110101100100
0010011100010000
0010011100010000
0010011100010000
0010011100010000
1110010100110110
1110001011111100
1110001011111100
1110010100110110
1110111101000010
1110101111101010
1110100110101110
1110101111101010
0000101000001100
1111010111110100
1110011101110010
1110010000011011
1110011001010100
1101100011110000
1101100011110000
1101100011110000
1101100011110000
1101100011110000
1101100011110000
1101100011110000
0001001100001100
0001001100001100
0001001111001000
0001010001001011
0001010101000111
0001011000100000
0001011100000000
0001011100101011
0001011011110000
0001001000001100
0001110011001110
0001110011001110
0001111110000010
0001111110110000
0001111111110010
0010000101000010
0010001000110110
0010001111111110
0010011100010000
0010011100010000
1101111010101010
1111000001100000
1110111101001110
0000010010100110
0001011111101010
0010000101010100
0010011011000110
0010011100010000
1110111000111110
1111110100101000
0000001000100010
0001000100001100
0001000111000010
0000111000110100
0001000001010110
0001001100101110
0001000111000010
0001101011111101
0001101011111101
0001101001000111
0001100110010010
0001101001000111
0000110011001000
0001100110010010
0001101001000111
0001110111010011
0010011100010000
0010011001011010
0001011000000100
0001011000000100
0001001001111000
0001001111100010
0001101001000111
0001101110110010
0001100000100110
0001100011011100
0001001100101110
0001000100001100
0000001110001110
1111101110111110
1110110100011010
1111011010101100
1111011100101110
1111100000110000
1111100100110010
1111011110101110
1111010010101000
1111010100101010
1111111000111101
0000110011011010
0001010111101100
0000001101000110
0001100001110010
0010000110000100
0000111101100000
0000110001011010
0010011100010000
0010010010001010
0010001110001000
0010000110000100
0001010111101100
0001001101101000
0001101001110110
0001100101110100
0001011101110000
0010010010001010
0001101011111000
0001001101101000
0001000111100100
0001010011101010
0001001011100110
0000101011010110
1111110110111100
0001010110000100
0000010110101010
0000001101100101
1111111011011110
1111100111000111
0000000000000000
1111110110111100
0000010100010111
0001100101111010
0001111100100100
0001000011111100
0001011111000110
0001111110110100
0001010110000100
0001001111010000
0010011100010000
0010010111101110
0001101110111110
0001110101110000
0001000001101010
0001001010101110
0001100101111010
0010001100011010
0001101110111110
0001100011100111
0001000011111100
0001000110001100
0000111101001010
0001010011110010
0000100110100000
0000010100010111
0010010000000110
1101100011110000
1101100011110000
0010011100010000
1101100011110000
1101100011110000
1101100011110000
1110001101011010
1101100011110000
1101111011100110
1111011010111100
0000100010011100
0000011101001000
0000110111101000
0000001101010000
0000101010011000
0000001101010000
0001001010001010
0001111100011110
0010011100010000
0010010001101010
0000111100111010
0010010100010100
0010011100010000
0010001001101110
0001011010000010
0000111111100100
0000101101000010
0000111111100100
0000010101001100
0000110111101000
0001001111011100
0001000100110110
0000100111101110
0000011111110010
0000011101001000
0000001010100110
1111111101010110
0000001010100110
0000010111110110
0000000111111100