1110101111110100
0000100100011000
0000100010101110
0000100011100100
0000011011010010
1110101100100000
1110110001111000
1111000010011010
1110111100101000
1110111010001010
1110110100010110
1111010001010010
1111001000001100
1111011111110000
1111010111000100
1111100101001001
1111100011000100
0000001001000110
0000000111110110
0001000000011110
0001011100111111
0010010001111010
0010001001101010
0001100100000010
0001100110000110
0010011100010000
0010011011011100
0001011000111000
0001001101010100
0001011110101010
0001010000100110
0001000111000110
1110101000001100
0000010001001000
0000001100100110
0000101111100100
0000100011001010
1110100111000100
1110011100111010
1110111110000000
1110110000000110
1110100010001100
1110001110010000
1110110001001110
1110110110000110
1111010110110100
1110111111001000
1111010111001100
1111011100000110
1111111001000010
0000000000111100
0000100000100010
0001011110100100
0001111010000010
0001100110000110
0001101010101000
0010000111001100
0010011100010000
0010001110101110
0010001110101110
0001100111111110
0001110111110001
0001011000001100
0001011010000100
1110101000011000
1111111110110110
0000000110111110
0000101110111010
0000001110101110
1110010001001000
1110001011010100
1110010110001010
1110101011011110
1110101011111000
1110010001100000
1110011011001100
1111000111011010
1111000000011011
1110111100111100
1110111110011110
1111001010100000
1111010110111010
1111110011100110
0000001010011110
0001000100101000
0001101100100100
0001111100000100
0001100111001000
0001101110100000
0010010001011010
0010011100010000
0010001010011010
0001110011001010
0001110000110100
0001101110111000
0001010100111010
1110110010101010
1111111010000110
0000110111000000
0001000111101010
1111101010010100
1111000101000100
1101110001110010
1110100000101100
1110101100100000
1110100111010001
1110010001010110
1110011000010110
1110110100011010
1110110101010010
1110110011000110
1110110011100010
1111000101000100
1111001110010000
1111101101110100
0000001100111100
0001001110101100
0010001100000010
0010011100010000
0001110110001000
0001101111000110
0010010011011110
0010010010001010
0010001111111110
0001111110111000
0010000101011110
0001111110111000
0001101101110010
1110111001110000
1111111001110000
0001010011110000
0001010011110000
1111001101010000
1110100101110000
1110010000010001
1110101110010000
1110110110010000
1110011100110000
1110000101010000
1110101001110000
1110111010010000
1110110001010000
1110111010110000
1110101100010000
1110110010110000
1111000010110000
1111011110110000
1111111100110000
0001001010010000
0010001000010000
0010011100010000
0001111111010000
0001101000010000
0001111001010000
0010010010110000
0010010001110000
0001110100110000
0001111000001111
0001110100010000
0001010100110000
1110111111001010
1111110001001000
0001011100011110
0001001100000000
1111000101100011
1110000110110100
1101110101110100
1110110110101010
1111000101000000
1110011101101100
1110100000010110
1110100100100110
1110111011011100
1110111011011100
1110111101100100
1110111111101100
1111000011011010
1110111101100100
1111011000101010
1111110010001100
0000110001011100
0001100000001100
0001111000001000
0001100101100000
0001000111110000
0010000111000000
0010011100010000
0010000010001110
0001010011111110
0001011011011010
0001000011100000
0000101101001100
1111010011101010
0000011001001010
0001000001100010
0000110001101010
0000110110010010
1111001110010110
1110101101010000
1111000100011010
1111010001000000
1110110001111000
1101111100010000
1110101101111010
1110100011111110
1110101111001110
1110101010100110
1111011110001110
1111011001100110
1111010010111110
0000000010000000
0001001100001000
0001111000100000
0001110001111000
0001101111001110
0001110011111000
0010000110011010
0010011100010000
0001111011110100
0001000010001110
0000010010100010
0000101001000100
0000010011001100
1111111100101100
1111000001100000
0000111110100000
0000111110100000
1111001011111011
1110010111110110
1110100010010000
1110101100101010
1111010110010110
1111010110010110
1110010111110110
1110100010010000
1111100000110000
1111100000110000
1111000001100000
1110101100101010
1110101100101010
1111001011111011
1111100000110000
0000011111010000
0001011101110000
0010000111011010
0001111101000000
1111110101100110
1111001011111011
0001110010100110
0010011100010000
0010000111011010
0001111101000000
0001010011010110
0000101001101010
1111000001100000
0000101001101010
1110110011101100
0000110110100000
0000110110100000
0000011001011100
0000011001011100
1111010000110000
1111010000110000
1111010000110000
1110111010111110
1110111010111110
1111000010001111
1111011000000010
1111100110100100
1111011111010010
1111101101110110
1111001001100000
1111011111010010
0000000011100111
0000100000101110
0000111101110001
0001111111001011
0001110000101010
0010001101101110
0001110111111010
0000110110100000
0001110111111010
0010011100010000
0010000110011100
0001011010110110
0001000101000010
0000011001011100
0000100000101110
1110100110000010
1111111110011010
1111110100111100
0000011010110110
0000000111111010
1110100010111000
1110011001011010
1110110101110100
1110001111111101
1110100010111000
1110011100100100
1110110010101010
1110101111100000
1110111100001000
1110111100001000
1111001000110000
1111001011111011
1111010010001110
0000001011000100
0000001011000100
0001000011111000
0000111101100100
0001101100111001
0001100000010010
0001101001110000
0001010011101010
0010011100010000
0010000110001010
0001100110100110
0001000011111000
0001100011011100
0000111010011010
1101100011110000
1101100011110000
1101100011110000
1101100011110000
1101110100100110
1101110011110110
1110010110111110
1101111101011000
1101111011111010
1101110110000010
1101111000111110
0001101110001010
0010010010110000
0001110001110100
0001011001101010
0001011010011000
0001010000001000
0000110101110010
0000101001010110
1111111110001010
1111100110000011
1111001011101100
1110100100001010
1110000101011010
1101111000010000
1101110111100000
1101110110110010
1101100011110000
1101100011110000
1101100011110000
1101100011110000
1101100011110000
1101100011110000
1101100011110000
1101100011110000
1101100011110000
1101100011110000
1101101111000000
1101101110010100
1111110000010010
0001100011100010
1111100110110110
1110111000010000
1110011001000010
0000100000010000
0010000101111110
0001110110011000
0001110001110010
0001010101110000
0000100010110010
1111110000111111
1111001111001110
1110101010011110
1110100000110100
1110011001011110
1110000101101110
1101111101000000
1101111101010000
1101110110001000
1101110010101100
1101100011110000
1101100011110000
1101100011110000
1101100011110000
1101100011110000
1101100011110000
1101100011110000
1101100011110000
1101100011110000
1101100011110000
1101101101001000
1101100110111000
0000111011011000
0010011100010000
0001110000100000
0000110011100100
0000011000011110
1110111111001110
1111100111000000
1111101111110010
1111111010100110
1111101000110100
1111001110110010
1110111011010000
1110101001100010
1110011101100100
1110100000001011
1110010011111010
1110001001010000
1110100001001100
1110101000100000
1110000101000100
1101110101011100
1101100011110000
1101100011110000
1101100011110000
1101100011110000
1101100011110000
1101100011110000
1101100011110000
1101100011110000
1101100011110000
1101100011110000
1101111010000100
0010011100010000
0010011100010000
0010011100010000
0000111110100000
0000110001000110
0001011001010010
0010011100010000
1101101100101100
1101111110100010
1101110001001010
1101100011110000
1101100011110000
1101101000001110
1101101000001110
1101110001001010
1101110001001010
1110100010010000
1110110100000110
1110010000011011
1101110001001010
1101111010000100
1110110100000110
1101100011110000
1101100011110000
1101100011110000
1101100011110000
1101100011110000
1101100011110000
0000000011010010
0000000100000100
0000001000000110
0000000110100000
0000000111100110
0000000111111000
0000000110011100
0000000100111110
1111111011011110
1111101111100110
0010011100010000
0010011000100110
0010010110101000
0010010111010010
0010011100010000
0010011100010000
0010011100010000
0010011100010000
0010011100010000
0010011100010000
1110011110000110
0000111100101010
1110011000010110
1110011110010100
1111110101010100
0001011000101111
0001100011100010
0010011100010000
1101111001011010
1110011111101010
1110111001101000
1111000111010110
1111010101000100
1111100110011000
1111011111001010
1111101101100110
0000110111001110
0000110110100000
0000100011101110
0000110101110010
0001010100110011
0001001010101100
0000111111001010
0001100110110110
0001001100111000
0001111111011000
0001101010011100
0001111101001110
0010000110100110
0001111011110010
0001111111011000
0010011100010000
0010000000110100
0001111101111100
0001111011110010
0001110100100100
0001101000010010
0001011111101000
0001001001111110
0000110111001110
1110000001011010
1110100110101010
1110110011110010
1110101111101000
1111010000110000
1111001001001010
1111011000010110
1111110011010000
0000101101111000
0001100001101000
0001010100011111
0001000101010110
0010001011000000
0001110000110010
0000111101110000
0001001000000110
0001100100011000
0001100000111011
0001110001011110
0001110111000000
0001011110001010
0001111001000100
0010010001111010
0010000111100100
0010001111001010
0010011100010000
0001101011111101
0001001001011110
0001011011011010
0001011000101010
0001010101111000
0000100110111110
1110101101001110
1110111010000110
1111001000111010
1111000101101101
1111101100010110
1111010101001010
0000001100100100
0000000001101000
0000011100101100
0000111001000010
0010001010110110
0001110010011000
0010011100010000
0010011100010000
0001010110000010
0001010011011100
0001000011111110
0001100000111110
0001010111111100
0001011100011110
0001010110000010
0001100100110110
0001101000101110
0001110110010000
0001101111110010
0001010000110111
0001010001011111
0000111100111000
0000100001001100
0000111001101010
0000100011001000
1111100000110000
0001011001011100
1101100011110000
1101100011110000
0010011100010000
1101100011110000
1101100011110000
1111000001100000
0000000101001110
1101100011110000
1111110010010110
1111101111010100
1111101001010000
0000010110110000
0001001010010110
1111100000001010
0000101100000000
0000110010000100
0010010110001100
0010011100010000
0010000000111100
0001110100110100
0010000011111110
0001101000101100
0000101000111110
0000111011001010
0000000100100100
0001000111010100
0000110101000110
0000100010111010
0000101000111110
0001011111100100
0001010011011100
0000110101000110
0000111000001000
0000011001110010
0000011001110010
0000010011101110
1111111110011110
0000001010101000
1111101111010100
1110101111100111