1110101010101000
1111011111101000
0000000000100100
0000111100010001
0001001110101100
0001001101000000
0000001111101000
0000000111110100
1111111110111000
0000001000011000
0000010110010100
0001001101000000
0001110100100111
0010011100010000
0010000111100110
0001011100101000
0001010110100000
0001101100110100
0010000001011110
0010011000111010
0010010110101010
0001111010110010
0001011111111110
0001100001000101
0001011010011010
0001011101001100
0001001001000110
0001001101100100
0001010100110011
0000111011101110
1111110100010010
1111011010000100
1110100100001010
1111011101100100
1111110101000010
0000110110111010
0001001000011000
0001010000011000
0000011001111101
0000001101011110
0000000110100000
0000001110011110
0000101000111100
0001100011010110
0010000001010010
0010001100110010
0001011101010110
0001000110011000
0001000111111000
0001100100010110
0001111111110010
0010011100010000
0010001111010010
0001101111110100
0001011000110110
0001010001111000
0001001110011000
0001010100011000
0001011110010110
0001101100110100
0001100111110110
0001000011111010
0000010100011110
1111101101000010
1110100100100100
1111101110101100
1111111010001110
0000110101100100
0010000010011100
0001111111101100
0000111000110110
0000101101110110
0000101101010100
0001000110100100
0001111010110000
0010011100010000
0010011100010000
0001100101111000
0001000011010010
0001000001000110
0001001110010000
0001101100011110
0010001000011110
0010010000001010
0001110001111110
0001101000101000
0001011010010110
0001001111011000
0001001100101000
0001010110100000
0001101010010010
0001100111100010
0001000000100010
0000100110001010
1111110000010110
1111010000100000
1110100101110010
1111111010000110
0000000110100000
0000111011100100
0010010001000100
0010001000001100
0001101100100000
0001011101001001
0001100100110100
0010011100010000
0010010111100010
0001111010000100
0000111110100000
0000011010100010
0000001011110010
0000010011011110
0000100001000010
0001000000010010
0001110000101000
0010010110111100
0010010101110000
0001101110110110
0001010110000110
0001001100000100
0001100110000000
0001111001011110
0001100101011010
0000111110100000
0000000010010110
1111100111010000
1110111011100110
1110001000010100
1110101010001100
1111111110011100
0000001011000000
0000110101001000
0010001101110010
0010001101110010
0001111011100011
0010010100101110
0010011100010000
0001111011100011
0000110010101000
0000011010101110
1111101110101110
1111101010111100
1111100001100000
1111001001101001
1111001110101010
1111011100011110
0000011011111110
0001010011111100
0001110011111111
0001100001110010
0001001001111000
0000111100000100
0001010000001010
0000110001010110
0000010011110100
0000000110100110
1111001111111010
1110100011010000
1101111111011010
1110001100000001
1110111101100100
0000010000011010
0000001011100100
0000100010101100
0001011110111100
0010000111110100
0001110110100110
0010011100010000
0001111011111110
0000100010101100
1111111110001000
1111100001101000
1111100100110110
1111011100110010
1111101001101100
1111001100101000
1110100011001110
1110010001011110
1110100100110110
1111100001000100
0000101110000000
0000110010010001
0000100011110010
0000001000010110
0000000101001000
1111110110000100
1111110001001110
1111100101011000
1110110011111010
1110100001000100
1110100100010010
1110001111010101
1111101010101111
0001000111110000
0001000011110100
0000010000101110
0001001010010110
0010011100010000
0001111110110010
0001100111110110
0001000010100000
0000010111111010
0000000100010000
1111010101110001
1111011011000000
1111010011110011
1111000101011000
1111001001111101
1110011010001000
1110010110110110
1110000110011110
1110100000101100
1111000110101100
0000000100111010
0000010100101000
1111111101000100
1110101000100010
1110100111111001
1111010000100000
1111000110101100
1110111110001010
1110101011110101
1110001001110000
1110000111110010
1111101110101000
0000011010000010
0000101011011010
0000101011011010
0001001110001000
0001010110110100
0000111100110000
0000011010000010
0000000000000000
0000100010101110
0000110100000101
0001001110001000
0001011111100000
0010010011100100
0001110000110101
0001111001100010
0001110000110101
0001111001100010
0001111001100010
0010010011100100
0010011100010000
0010001010111000
0001111001100010
0001011111100000
0001011111100000
0001010110110100
0001001110001000
0000110100000101
0001001110001000
1111101110101000
1111001011111011
1111101110101000
1110100110010000
1111010100110010
1111111100101100
0000101011001110
0001000101110100
0000111111001010
0000010000101000
0000010000101000
0000001001111110
0000010000101000
0000010111010010
0001000101110100
0001110100010110
0001111011000000
0001111011000000
0001100111000100
0001100000011010
0001110100010110
0010001110111100
0010011100010000
0010010101100110
0010001000010100
0010000001101010
0010000001101010
0010000001101010
0001111011000000
0001100000011010
0001011001110000
0001010011001000
0000111111001010
0000010000101000
1111101111011000
1110100001011110
1111100011000100
1111101010110010
0000100100101010
0001110001110100
0001101101111110
0000100100101010
0000011100111100
0000011001000011
0000110111111100
0001100010011000
0010011000011010
0010011100010000
0001010010111100
0000110111111100
0000111111101010
0001001011001110
0001011010101010
0001110101101010
0010010000101100
0001100010011000
0001010010111100
0001000111011000
0000111111101010
0000111011110011
0001000111011000
0001010110110100
0001011010101010
0000111011110011
0000010001011000
1111110010100000
1111010111100000
1101100011110000
1101100011110000
1101100011110000
1101100011110000
1101100011110000
1101100011110000
1101101000111100
1101101000101010
1101100111111010
1110001000010000
1110101110110110
0000011101001000
0001110010110100
0010000010101000
0010010101010000
0010010000010110
0001100110011010
0001011000111100
0001000001001000
0000100010000010
1111110011001100
1111000010000000
1110001011101000
1101111100000110
1101110110011010
1101110010010000
1101101111011010
1101101100100100
1101110000111110
1101100011110000
1101100011110000
1101100011110000
1101100011110000
1101100011110000
1101100011110000
1101100011110000
1101100011110000
1101100011110000
1101100011110000
1101100110101000
1101100110110000
1101100110110000
1101110111000100
1110000110110000
0000011010100000
0001110001100110
0010010110100100
0010001111111000
0001011110110110
0000011100001010
1111110011110111
1111101101001010
1111011011100000
1110110001000010
1110000111100010
1101110001011010
1101101111001110
1101101110011010
1101101100101000
1101101010110000
1101101010011100
1101101001101000
1101100011110000
1101100011110000
1101100011110000
1101100011110000
1101100011110000
1101100011110000
1101100011110000
1101100011110000
1101100011110000
1101100011110000
1101101111001100
1101101110001010
1110000000111010
1101111001101000
1110000011100001
1110101001111000
1110110011010000
1110110111110000
1110101110110000
1110011101000010
1110011000100100
1110010111010100
1110010001000100
1110001111100000
1110000111000100
1101111100110000
1110000010011110
1110010100101100
1110100110011010
1110011111001000
1110011010111100
1110100011010010
1101111001000110
1101100011110000
1101100011110000
1101100011110000
1101100011110000
1101100011110000
1101100011110000
1101100011110000
1101100011110000
1101100011110000
1101100011110000
1110000111011110
1101100011110000
0000001101011010
0000111010000010
0010011100010000
0010011100010000
1110100010010000
1101100011110000
1110111000100100
1110111101000010
1110100010010000
1101110101100110
1110011101110010
1110011101110010
1110010100110110
1110010100110110
1110001011111100
1110000111011110
1101110101100110
1101101100101100
1101101000001110
1110000111011110
0000010001110110
1101100011110000
1101100011110000
1101100011110000
1101100011110000
0010011100010000
0010011100010000
0010011100010000
0010011100010000
0010011100010000
0010011100010000
0010011100010000
0010011100010000
0010011100010000
0010011100010000
1110010111011010
1110010101011010
1110010010011110
1110001010101100
1110001000110010
1110000110101110
1110001000011100
1110001010100010
1110101011110000
1111100010000000
0000001010011010
0000010010011000
1110010011100000
1110100010011000
0001000100101000
0000100011111100
0001100011001100
0000010011100010
0001101101011000
0001101101011000
0010000100110100
0001111101000000
0001100101100100
0001100101100100
0010001100101000
0010011100010000
0010001100101000
0010011100010000
0010010100011100
0010011100010000
0010000100110100
0001110101001100
0001111101000000
0001100101100100
0000101110111000
0000111110100000
0000110110101100
0000011111010000
0000011111010000
1111011000111100
0000010111011100
1111111000001100
1111111000001100
0000011111010000
0001001110001000
0000111110100000
0001111101000000
0010000100110100
0000001111101000
1111010001001000
0000100011011000
0001011110010110
0010000001101110
0001011000011011
0000101111001010
0000101111001010
0010010000011110
0010011100010000
0001100001010010
0010001010100100
0010011001010100
0001110010111110
0001101010001000
0001110101111100
0001101010001000
0000111010111110
0000011010100010
0000010001101100
0000010111100110
1111111101000100
1111110100001110
1111110001010000
1111101110010100
1111100010100010
1111101000011010
1111110100001110
1111111010000110
0000010111100110
0000101001010010
0001001111100110
0000010111100110
1110100100100110
0000100011000100
0001011100011110
0010001001001000
0001011100011110
0000100011000100
0000110110001101
0010001111100000
0010011100010000
0001011001010010
0001110110000000
0010010010101100
0001101111100101
0001110010110010
0001011100011110
0001101111100101
0000101100101010
0000001100110000
0000010011001000
0000001111111011
1111110000000101
1111101100111000
1111100011010100
1111100011010100
1110111001110110
1111001001110011
1111010000001010
1111011001110000
1111010110100010
0000010011001000
0001000110001010
1111110011010000
1110110011011110
0010011100010000
1101100011110000
1101100011110000
0010011100010000
1110000011000000
1101100011110000
1101100011110000
1101111101110010
1101100011110000
0000001100010010
1111100101101010
0000011010010110
0010011000110000
0010011100010000
0001100100000100
0010000000001010
0001110101101000
0000110010111010
0000100001010110
0000110110011100
0000011101110110
0000010110110100
0000100100111000
0010000111001100
0000101011111000
0010000011101010
0010000111001100
0000111101011100
0000001111110100
1111100010001010
0000000101010001
0000101000011000
1111101001001100
0000001000110010
0000010011010100
0000010011010100
0000011101110110
0000001000110010
0000000101010001
0001001111000000
0000000101010001