1111100111011110
0000011000100010
0000110101010010
0001010011001110
0001000011101010
0001000001010000
0000000000100110
1111011101111000
1111001010101110
1111010011000110
0000000010111111
0000100000111100
0001010100011010
0001101011001010
0010011001110110
0001111111011111
0001100011111110
0001011000000000
0001001001101000
0000110111101100
0010010000010010
0010010000010010
0010011100010000
0001101000110000
0001011110000000
0001011001001100
0001111111011111
0001100001100110
0001101100010110
0001110001001010
0001000111010000
0000110010111000
1111000110110110
1111111000110110
0000011100100100
0001010011000010
0001000111011100
0001000001001100
0000010000000100
1111100001101010
1111011111110110
1111101101010000
0000001001110100
0000000111001010
0001011100110101
0010000110110100
0010011100010000
0001110101110110
0001001100110010
0000111110100000
0000111000010000
0000101001111110
0001111110110010
0001110001011010
0001111111101100
0001111011001110
0001101010010000
0001100111100011
0001101100111100
0001101010010000
0001010110100110
0000111010000010
0000011101011110
0000001110010010
1111001011010010
1111101111101100
0000110100101110
0001100011010110
0001010111001110
0001001001001110
0000011100011100
1111010101100100
1111101001001010
1111110100010110
1111111000000100
0000000110000100
0001001100111110
0010001000101010
0010011100010000
0010011010011000
0001000101100000
0000111110000010
0000101010011100
0001000011101000
0001101100101100
0001110000011010
0001101001111000
0001011101110000
0001011010111100
0001100000100100
0001100010011010
0001010101010110
0001000101100000
0000011110010100
1111100101011010
1111101100111000
1111000111010100
0000001100011100
0000100101010110
0001001100111110
0001011011101110
0000110001010100
1111111110101000
1111101101000110
1111011001110000
1111010101001000
1111110101011010
0000001101011000
0000111101010100
0001110111011000
0010010111101010
0010011100010000
0001100000010110
0001010010100000
0001001011001000
0000111111001010
0000110000011010
0000111000101100
0001011011101110
0001010110001100
0001011010110100
0001011011101110
0001011000111110
0001000000000100
0000100001101010
1111111110101000
1111101001011010
1111001011000000
1110111110110000
0000000000000000
0001000001010000
0001001101001110
0001000000010110
0000000000000000
1111101101101000
1111010100110100
1111001010101100
1111000110000110
1111011011010000
1111010100110100
0000010001011110
0001001101001110
0010010110110000
0010011100010000
0001100110000010
0001000011000110
0000111011110000
0000110101010100
0000110011011110
1111111010100000
0000110010100100
0001000000010110
0001001001100010
0000100110100110
0000101010010010
0000010110000100
1111111011011010
0000010000100010
1111100111001100
1111101101101000
1110110001111000
1111111110010100
0001001011100100
0001001011100100
0000111111101100
1111101100011110
1111011000111100
1110110110001000
1110100010100110
1110101010001110
1111100000100110
1111110001100100
0000100001111110
0001001111110100
0010000001111100
0010011100010000
0001011111111110
0001011101011010
0001100011010110
0001101111010000
0001100101000100
0000110101100000
0000001101100101
0000100111111010
0000111100010001
0001011011101110
0001100100001110
0001001010101110
0000111100010001
0000100110001110
1111101111000010
1111001100001100
1110110110011110
1111111110001010
0000110010100100
0000110101010100
0001000100111100
0000001111101000
1111101010111001
1111000011010110
1110000000010000
1110110001111000
1111001011101000
0000000000111001
0000000100100110
0000111001111010
0001111101000000
0010011100010000
0010010011111110
0001101110010010
0001001111111110
0001100111110111
0001001010011100
0001001001100010
0000011101011010
0000000110011100
0001000110110010
0001011010000100
0001100011010000
0001011100110101
0001010110011010
0000011010101010
0000011010101010
0000000000000000
0000110100000101
0001101000001010
0001101000001010
0001001110001000
0001001110001000
0001000001000110
0000110100000101
1110111110111010
1110110001111000
1111100101111110
1111110010111110
0000100111000100
0000100111000100
0001011011001010
0010001111001110
0010001111001110
0001101000001010
0001011011001010
0001101000001010
0001001110001000
0001110101001100
0010000010001110
0010011100010000
0001011011001010
0000001101000010
1111011000111100
0001001110001000
0000001101000010
1111100101111110
0001000001000110
0000011010000010
0001011011001010
1111010101011000
0000001110001110
0000110100000101
0001000111000010
0001000111000010
0000101010101000
1111110001110010
1111110001110010
1111010101011000
1111101000010100
0000100001001010
0000110100000101
0001010000100000
0001111111110110
0010011100010000
0010010010110010
0001100011011100
0000111101100100
0000100001001010
0001010000100000
0001111111110110
0001111111110110
0001110110011000
0001101100111001
0001110110011000
0001110110011000
0010001001010100
0010010010110010
0010010010110010
0010010010110010
0001101100111001
0000111101100100
1111000110101110
0000001010011010
0000111001010010
0001011000100010
0001011101110000
0000110100000101
0000000101001110
1111100101111110
1111010110010110
1111000110101110
1111100000110000
1111110000011000
0000111110100000
0010000111011010
0010010111000010
0010011100010000
0001011101110000
0001010011010110
0001011101110000
0001011101110000
0001000011101110
1111100101111110
0001110010100110
0001101000001010
0001011000100010
0001100010111110
0000011111010000
0000000000000000
0000001010011010
0001001000111010
0000011010000010
0000011111010000
1101100011110000
1101100011110000
1101100011110000
1101100011110000
1101100011110000
1101100101011100
1101100101001010
1101101111110000
1110010001000000
1101110100111000
1110000110110110
0001000101111100
0010010000010000
0010001011011010
0001101100000110
0001011100110101
0000100001101000
1111111011010110
1111100001000000
1111001011011000
1110100110111110
1110000000111010
1101110001000100
1101101100011010
1101101010011110
1101101001110100
1101100011110000
1101100011110000
1101100011110000
1101100011110000
1101100011110000
1101100011110000
1101100011110000
1101100011110000
1101100011110000
1101100011110000
1101100011110000
1101100011110000
1101100101000110
1101100101000010
1111001000010100
0000101111111111
1110011111101010
1110000101010110
0000001000001100
0010000101010100
0001101110011010
0001100001110000
0000101011010000
1111111010111011
1111001101011100
1110111000111000
1110101010111010
1110010001100110
1101111000101010
1101101100100010
1101101010100100
1101101001001110
1101101000110100
1101100011110000
1101100011110000
1101100011110000
1101100011110000
1101100011110000
1101100011110000
1101100011110000
1101100011110000
1101100011110000
1101100011110000
1101100011110000
1101100011110000
1101100100110010
1101100011110000
1110110110000010
0000110100000100
0001011000100010
0000010110011000
1110011010111100
1110101001100010
1110100110011010
1110101010101111
1110100101110100
1110011100011100
1110001000110010
1110010001101110
1110011101110010
1101111001001010
1110001111100000
1101111010101010
1101111100110000
1110011100100000
1110010010000110
1101100011110000
1101100011110000
1101100011110000
1101100011110000
1101100011110000
1101100011110000
1101100011110000
1101100011110000
1101100011110000
1101100011110000
1101100011110000
1101100011110000
1101110001001010
0010011100010000
0010011100010000
0010011100010000
0010011100010000
0010011100010000
0010011100010000
0010011100010000
1101111110100010
1111101110001010
1110111000100100
0000011111010000
0001000111011100
1110011101110010
1110000111011110
1111101001101100
0001100010001110
0001011001010010
1110001011111100
1101110101100110
1101110001001010
1101100011110000
1101100011110000
1101100011110000
1101100011110000
1101100011110000
1101100011110000
1101100011110000
0000110100011100
0000110101011000
0000111110110110
0001000011101010
0001001010001010
0001001111110000
0001010101010000
0001011001000110
0001100010001110
0001011100100001
1111101110001010
1111101100110110
1111110001100110
1111110000011110
1111110000100100
1111110000011000
1111101111101100
1111101101010110
1111101001100010
1111010111100101
1111101001000110
1111011001011010
1110000000010100
1110110011001000
0000011101110000
0001100000011101
0010010010000000
0010011100010000
1110101001000110
1111100100110010
0000000010101000
0000010001100100
0000101011111000
0000101001010000
0000111011101100
0001001001110000
0001011000101010
0001101101101110
0001111010111010
0010010110111110
0010011100010000
0001111011110010
0001111111010010
0001101001010110
0001101011111101
0001110010001000
0001101111011110
0001111000001111
0010000001111010
0001100101110100
0001100001011100
0001001001110000
0001001010101000
0001011111101100
0001010110000010
0001011101111100
0001000100011110
0000110110011100
0000110010000010
0000010000101100
1101110111010110
1111000101101110
1111000011101010
1111001101111110
1111101011111000
1111111000010000
1111110110001100
1111110010000100
0000110100000101
0000111100010110
0001100010100000
0001110011000000
0010000010011110
0001000111101100
0001000010100010
0001101101110110
0001100001011110
0001101111111001
0001110100000010
0010011100010000
0010011000001000
0010001010101110
0001100110101000
0001111100010010
0001001111111100
0001010010000000
0001100001011110
0001011000001100
0001001000101110
0000100100101000
0000101001110010
0000011011010110
1111110111010110
1111011101111010
1111100100000000
1111110001010000
1111110010010000
1111110100010010
0000100101001010
0000110000010110
0001001011110110
0001001010110100
0001101101011100
0010011100010000
0001101011011000
0001011111001100
0001101010011000
0001011101001000
0001001000110010
0001111101101110
0010001111000010
0010000010110100
0001111110101110
0010000001110010
0000111000011111
0001010000111100
0001001010110100
0001110010100000
0001110111100110
0001111111110000
0001101100011010
0001100001001110
0001011100001000
0001000011101100
0010000100011010
1101100011110000
1101100011110000
0010011100010000
1101100011110000
1101100011110000
1101100011110000
1111010110010110
1101100011110000
0000001000110110
1111101011011000
0000000000000000
0000010100101000
1111100010100010
1111110111001010
0000101001010010
0001100100001111
0010010011011010
0001111000110111
0001101101000110
0001011011011010
0000111101111010
0001100100001111
0001010010100100
0000011101011110
0000010111100110
0000100110010100
0000010100101000
0001001001101100
0001000110110000
0010011100010000
0001000011110100
0000010001101100
1111010011110011
1111100010100010
0000000010111100
0000001011110010
0000011010100010
0000011101011110
1111101000011010
1101111011010110