1110110100000000
1111111111001010
1111111111001010
0000100110101000
0001100111001100
0001111100110110
0010001111100000
0010011100010000
0010000101110000
0010001111111100
0001110011111010
0001101000000001
0000111111101100
0000111000111010
0000101011010100
0000011101010100
0000011000101000
0000101100100110
0000111000000001
0001010111111000
0001100010111100
0001110000111100
0001101011000000
0001000011000110
0000111001010100
0000101100001010
0000101111001000
0000111100101110
0001100001001110
0001110000000110
0010010101000010
0010011010111110
1110111111011110
1111111010011010
0000010011101110
0000100101111110
0001110010110000
0001110011111111
0010011100010000
0010001101010100
0001110110111010
0010001000010110
0010001111110100
0000111010101110
0000100110110100
0000011011001011
0000001101100000
0000100010101010
0000001001110000
0000010101110010
0000111011111101
0001001110001110
0001101010000010
0001011011000110
0001010101010001
0000101101110110
0000101100001100
0000011101101100
0000011111010110
0000100111001110
0001001100111110
0001011000100101
0001110101101010
0001101010111000
1110111100111010
1111110011101110
0000010001100110
0000011110101100
0001101011100100
0001101011100100
0010001101100010
0001110110001110
0001110101011010
0010011100010000
0010011000111110
0001001100111010
0000110111101000
0000101001101110
0000101000100000
0000101000000110
0000010100011100
0000111111000000
0001010000100110
0001011010110100
0001011001001010
0001000101100010
0000110110110100
0000010000110010
1111111101100010
0000000001101000
0000011101110110
0000010010110100
0000100000101110
0001101010110000
0001110010001000
0001000000101000
1110111100001010
1111110000011000
0000001011110100
0000011101010110
0001100010101110
0001110000000010
0010001010101110
0001101100001110
0001110011000110
0010011100010000
0010010000110100
0001111010101110
0001011010101100
0001001110111000
0001010100001110
0001001000110010
0001011100001101
0001011100100110
0001011111101010
0000100000110010
0000010101010110
0000001100100100
1111110111010000
1111111100111100
1111101011110100
1111100010010010
1111110010101010
0000001000110000
0000001111010000
0000111100111110
0000111000110010
0001010001001011
1111000000111000
1111110100110110
0000010001010100
0000101011000110
0001101011110000
0001110101000000
0010001111001010
0001110000010111
0001110101110000
0010011011000110
0010001111111100
0010011100010000
0001111011001010
0001110101110000
0010010101101110
0010000111000110
0001101110011100
0001000110011100
0000011111001100
0000001010110010
1111111101101100
1111100101011100
1111010011010110
1111010110011100
1111011111010010
0000000000010111
0000010011101000
0000000001100010
0000000101011000
0000110011001100
0000110111011010
0001001100111110
1110111000000100
1111111001100000
0000001111010100
0000100001110010
0001111100110010
0001111010010010
0010000101001100
0001101111110010
0001100110100100
0001111110011110
0010000110000010
0010011100010000
0010001110110100
0010001000111110
0010001110110100
0010001110110100
0000110011011000
1111111110001000
1111110001000110
1111010101011101
1111001100101000
1110111110010110
1110110101001000
1110100000001011
1111000110110000
1111010011010101
1111001111111110
1111001010000111
1111001000110110
1111101001001000
1111111000010000
0000011010101000
1110110001110000
0000001011010000
1111111100110000
0000011111010000
0001001111110000
0001100100110000
0001011101110000
0001011111110000
0000110101101111
0000110110110000
0001100000010000
0001111010110000
0010011100010000
0010000110010000
0001001101110000
0001000101010000
0000010100010000
1111010111010001
1110111010110000
1110101101110000
1110010111110000
1110100101110000
1110011111110000
1110011110110001
1110011101010000
1110010001110000
1110010001110000
1110001011010000
1110010100110000
1110011010110000
1110010100010000
1110101000010000
1110100011100010
1111100011010100
1111110110011100
0000011100101100
0001001111101110
0001010110000110
0010001111100000
0001110110000000
0001111100011000
0010011100010000
0010011100010000
0001001001010110
0001001001010110
0000100011000100
0000100011000100
0000100011000100
1111110000000101
0000011100101100
0000101001011110
0000111100100110
0001001111101110
0001001001010110
0001001001010110
0000101001011110
0000010110010100
0000010110010100
0000010110010100
0000010110010100
0001001001010110
0000111100100110
0001110110000000
0001011100011110
1110101010100000
1111101011011000
1111111101000100
0000011010100010
0001100001010010
0001110010111110
0010000100101010
0010010000011110
0001111110110010
0010000100101010
0001100111001100
0001101101000110
0001001001101100
0000110010000111
0000100000011100
0000011010100010
0000001110110000
0000100110010100
0000101100001101
0001001111100110
0001011011011010
0001110010111110
0001110010111110
0000111000000000
0000101100001101
0000010100101000
0000100000011100
0000110010000111
0001100111001100
0001110010111110
0010010110010110
0010011100010000
1110101101010010
1111100100011100
0000000011000100
0000101010111010
0001101000001010
0001011110111110
0001110111100000
0001100010000010
0001100101000110
0010001001111000
0010000000101100
0010010011000100
0010000000101100
0010000110110100
0010011100010000
0010010011000100
0000100001101100
0000001100010000
0000000000000000
1111100111100000
1111011110010100
1111000010101110
1110100111001010
1110110000010110
1111101101101000
1111100111100000
1111011110010100
1111010010000010
1111011110010100
0000001001001100
0000000110001000
0000011000100000
1101100011110000
1101100011110000
1101100011110000
1101100011110000
1101100011110000
1101100011110000
1101100011110000
1101100011110000
1101101000110010
1101101000010110
1110111011011010
0000100110100100
0001101011100110
0010010100100110
0010001110111000
0001111011100110
0001101010010010
0001100111001110
0001000001111110
0000101100010010
1111110100100110
1110110000101010
1101110101101110
1101101100000100
1101101101001100
1101101001001110
1101100011110000
1101100011110000
1101100011110000
1101100011110000
1101100011110000
1101100011110000
1101100011110000
1101100011110000
1101100011110000
1101100011110000
1101100011110000
1101100011110000
1101100011110000
1101100011110000
1101100011110000
1101100101110110
1101100101111000
1110100011011000
0000110010111010
0001111101100100
0001100101001110
0001110101001110
0010001011100000
0010000100111110
0010010101000100
0010001111011110
0001000001110000
1111001101100000
1110001111101001
1101101101001110
1101101001001110
1101101010100100
1101100111011000
1101100011110000
1101100011110000
1101100011110000
1101100011110000
1101100011110000
1101100011110000
1101100011110000
1101100011110000
1101100011110000
1101100011110000
1101100011110000
1101100011110000
1101100011110000
1101100011110000
1101100011110000
1101110001010010
1101101101001000
1110100110111101
1110100111000111
1110101100010100
1110100001001100
1110101101000000
1110100010010000
1110010100010111
1110011001001110
1110001110110010
1101111111010000
1110000101001100
1101111110111100
1101110110100000
1110000011000000
1101110101011100
1101110001110100
1101100011110000
1101100011110000
1101100011110000
1101100011110000
1101100011110000
1101100011110000
1101100011110000
1101100011110000
1101100011110000
1101100011110000
1101100011110000
1101100011110000
1101100011110000
1101100011110000
1101100011110000
1101110001001010
0010011100010000
0010011100010000
0010011100010000
1110101011001101
1110100010010000
1110010100110110
1110010000011011
1110010100110110
1110001011111100
1110010000011011
0000001101011010
0001000010111110
0000011111010000
1111101001101100
1110000011000000
1101111110100010
1110000111011110
1101100011110000
1101100011110000
1101100011110000
1101100011110000
1101100011110000
1101100011110000
1101100011110000
0010011100010000
0010011100010000
0010011100010000
0010011100010000
0010011100010000
0010011100010000
0010011100010000
0010011100010000
0010011100010000
0010011100010000
1111011011001110
1111011110111000
1111100101111010
1111101100101110
1111111010100010
0000000100110110
0000000100101110
1111110010101000
1110110110011110
1101100011110000
1110011100000000
0000001100111000
1110100011110000
0000001100001001
0001001100011000
0000110111000000
0001001110110110
0010011100010000
0000001010011010
0001000001111110
0001110010100110
0010011100010000
0010011100010000
0010000111011010
0001111001100010
0000110100000101
0000011111010000
0001000001111110
0001100100101100
0001011101110000
0001011101110000
0001000001111110
0001010110110100
0001101011101000
0001111001100010
0001100100101100
0001101011101000
0010000111011010
0001111001100010
0001011101110000
0000111011000010
1111110101100110
0000001010011010
0000010001011000
1111110101100110
1111010010111000
1111000100111110
1111001011111011
1110111110000010
1110010100011000
1111110101011000
0001000111010100
0010000011111110
0010010000001000
0010011100010000
0010011100010000
0001010110011110
0000110010000100
0000101000111110
0000111110001100
0001101000101100
0001101000101100
0001010110011110
0000101111000010
0001010110011110
0010000000111100
0010001010000010
0010000000111100
0001010000011001
0001101011101110
0001100101101000
0001010011011100
0000011001110010
0000011001110010
0000000111100110
0000010110110000
1111111110011110
1111010111000010
1110011101011010
1110100110100000
1110100011011111
1110100110100000
0000001111000001
0000111000101110
0001111011110110
0010001110011000
0010001110011000
0010011100010000
0001100100101100
0001001000111010
0001000110100110
0001010110110100
0001100111000000
0001011101110000
0001010100011111
0000111000101110
0001100111000000
0001111001100010
0010000000011110
0001101101111110
0001001011001110
0001001101100010
0001100100101100
0001100010011000
0000011100111100
1111110111111010
1111101100010100
1111110101100110
1111111010001110
1111100101011000
1111001110001110
1111000000010110
1110001000110010
1110010110101100
0000110100100110
1101100011110000
1101100011110000
0010011100010000
1101100011110000
1101100011110000
1101100011110000
1101111101110010
1101100011110000
1111001101000100
1111101000001110
0001010001100010
0001001110001000
0000001101100101
0001000111010110
0010011100010000
0010000100011110
0001011000010100
0001001010101110
0000101000101111
0000110010111100
0000111001110000
0000101000101111
1111111100100110
0000100001111110
0001011011101110
0000101000101111
0000100101011000
0001010001100010
1111010011110110
0000000110110010
0000001010001011
1111100001011100
1111101000001110
1111110010011011
1111110010011011
1111010011110110
1111100100110101
1110110001111000
1110111000101010
1110000101101110