1110111011101100
1111100011101100
1111110100010100
0000101001110010
0001110001111000
0010011100010000
0001111100001010
0001101100101110
0001111010100110
0001111001110010
0000000010001100
1111011110001000
1110111001101100
1110100101100000
1110010011101100
1110101100001110
1110101000101010
1111100111010000
0001000110010100
0001011111101010
0000100110101000
1111101000110110
1111101110011000
1111101001101000
0000010100110010
0000101101110000
0001000011100010
0000110100111000
0000101111010110
0000100000101100
0000101001011000
0000100001000100
1110111000111110
1111101010110010
0000010110111110
0001100001101100
0010011100010000
0010010011001000
0010001000010000
0010001000111110
0010010111101100
0001011111001110
0000000111001100
1111101111010110
1110111100110110
1110111101111000
1110101001001100
1110111010000010
1111000010000110
1111011111001110
0000100011111100
0001011110111000
0001100011011100
0000110000111100
0000001101110110
0000101001111010
0001001011111100
0001100010000010
0001011111111100
0000100110110000
0000111001101011
0000111000010010
0001011111100100
0001011010101010
1110111010011000
1111110011011100
0000100011101010
0001100000001000
0010011100010000
0010010000000010
0001110010001000
0010001100010010
0001010110010010
0000101100110110
1111110001011010
1111010001110101
1110111101011100
1110101100000110
1110100011100110
1110100111000000
1110101110011110
1111000000001010
0000000001000010
0001000100101000
0001100000001000
0001011011011000
0000010110000110
0000101101001100
0000111001000100
0001010110101000
0001011011101110
0000010010101100
0000011100001100
0000011011110110
0001000001001110
0001000010100100
1110110111111100
0000000000111001
0001000011000010
0001110101111110
0010011100010000
0001101101010010
0010011001011000
0010000101001000
0000110011110110
1111110010110100
1111000011110110
1110100010101000
1110010011000100
1110001100001110
1110000100101000
1110000110110010
1110011010010100
1110101010111010
1111100100000000
0000110111011110
0001100011100010
0001100011100010
0000010110001110
0000111100001010
0001010100101110
0001100001000000
0001010000011000
1111110110011100
0000011110001010
0000101001011000
0000111110101100
0000110010110000
1111000010000010
0000010000101010
0001010100101000
0010011100010000
0010011011100110
0010001110010000
0010010000010000
0000111010111110
1111111111000000
1110101111101110
1110100110000100
1110000110011010
1101111100110000
1101101111011010
1101101101000110
1110000001101110
1110000110000100
1110011100000101
1111010101101100
0000100001111110
0001011011111100
0001010110111110
0000101010010100
0001001100010010
0001011111111100
0001011100010010
0000001100101010
1111111111010110
0000110010101000
0000110100111110
0000010010010100
1111101100101100
1111000100011110
0000001110100010
0001111000001100
0010011100010000
0001110000001100
0001100111111010
0000111111101100
1111100100000101
1110100111110000
1101111101010010
1101101101010100
1101110100010110
1101110101010100
1101110000100010
1110000011000010
1101111101100110
1101111010011010
1110000010000100
1110001101100100
1111100011110001
0000011001011000
0000010111001010
1111110111100010
0000010101100010
0000100011111010
1111110111001110
1111000111111111
1110110011111000
1111011010100000
1111010101011000
1111000110011000
1110011111011100
1111000101100110
0000101010011110
0010011100010000
0010011001100110
0000110000111100
0000101110010010
1111110101000000
1110011010110000
1101111001011000
1101110101100100
1110001011111100
1110010011001010
1110010011001010
1110010000100000
1110000001010110
1110001001101100
1110001101000110
1101111101001010
1101111110101100
1110100001001100
1111100001101010
1111010101001010
1111000101001110
1110100111101000
1110101110110110
1111000010111100
1110110111100100
1110010110111100
1110001001101100
1110010110001100
1110101111001110
1110110100001010
1111010011010110
1111110100110110
0000001011001010
1111010011010110
0000101100101010
0010000101111100
0001111010110010
0010000101111100
0010010001000110
0010010001000110
0000110111110100
0000100001011110
1111101001101100
1111101001101100
1111011110100010
1111011110100010
1111010011010110
0000010110010100
0010010001000110
0010011100010000
0001001110001000
0000101100101010
0001000010111110
0000100001011110
0001100100011100
0001101111100101
0001111010110010
0000100001011110
0000110111110100
0001000010111110
0000110111110100
0000010110010100
1111011000111100
1111010001001000
0000001111101000
1111111000001100
0001111101000000
0010000100110100
0001000110010100
0001100101100100
0010011100010000
0010001100101000
0000010111011100
0000011111010000
1111010001001000
1111101000100100
1111011000111100
1110101010000100
1111001001010100
1111010001001000
0000111110100000
0001011101110000
0001000110010100
1111111000001100
1111110000011000
1111101000100100
0000001111101000
0001010101111100
0001100101100100
0001001110001000
0000011111010000
0000001111101000
1111101000100100
1111011000111100
1111011100100000
0000101110001010
0001100011011100
0010011100010000
0001111100010010
0001101110000110
0000110101010010
0000000000000000
1111011000111100
1110100111001110
1110100011101010
1101111100100110
1101101010110110
1110000011101110
1110101110010100
1110100000001000
1110010101011110
1110101110010100
1111000011101000
0000001010101010
0000111000110100
0001000111000010
0000010001110000
0000011000110110
0000111100011000
0000110001101110
1111101110010000
1111101110010000
1111111100011100
1111011100100000
1111001010101110
1110011100100100
1101100011110000
1101100011110000
1101100011110000
1101100011110000
1101100011110000
1101100011110000
1101100011110000
1101100101001100
1101100101110110
1101101011101110
1101111010101010
1110101110100100
0000110000100111
0001111110101100
0010001100001000
0001110100010010
0001011010010000
0001000100100110
0000011010011000
1111110110100110
1110111011110100
1110010000111010
1101111000100000
1101100011110000
1101100011110000
1101100011110000
1101100011110000
1101100011110000
1101100011110000
1101100011110000
1101100011110000
1101100011110000
1101100011110000
1101100011110000
1101100011110000
1101100011110000
1101100011110000
1101100011110000
1101100011110000
1101100011110000
1101100101011110
1101100101111010
1101101010110100
1101110001111110
1110101101100110
0000110010011010
0001111111001000
0001100111000100
0001001101011000
0000100111110010
0000001011110000
1111011100000100
1110110100110010
1110010000010100
1101111001001000
1101101101011100
1101100011110000
1101100011110000
1101100011110000
1101100011110000
1101100011110000
1101100011110000
1101100011110000
1101100011110000
1101100011110000
1101100011110000
1101100011110000
1101100011110000
1101100011110000
1101100011110000
1101100011110000
1101100011110000
1101100011110000
1101110000100000
1101111000110010
1110011010001000
1110010101011100
1110001110110000
1110001001010110
1110000010101100
1110000011010100
1101111111100100
1101110001110000
1101110000011100
1101110101111010
1101110000011100
1101101110101100
1101101101010100
1101101000011100
1101100011110000
1101100011110000
1101100011110000
1101100011110000
1101100011110000
1101100011110000
1101100011110000
1101100011110000
1101100011110000
1101100011110000
1101100011110000
1101100011110000
1101100011110000
1101100011110000
1101100011110000
1101100011110000
1101100011110000
1111010011010110
0000001000111100
0001100110101100
0001001011111010
0000011111010000
0000111010000010
1110101011001101
1101101000001110
1101100011110000
1101110101100110
1101101100101100
1101111010000100
1110011001010100
1110000011000000
1101111110100010
1110000111011110
1101100011110000
1101100011110000
1101100011110000
1101100011110000
1101100011110000
1101100011110000
1101100011110000
1101100011110000
1101100011110000
1101100011110000
0010011100010000
0010011100010000
0010011100010000
0010011100010000
0010011100010000
0010011100010000
0010011100010000
0010011100010000
0010011100010000
0010011100010000
0000111111011100
0001001001001000
0001010000011100
0001010111100010
0001100000010000
0001100110100100
0001101111101010
0010000001000100
0010010001110000
0001111100110100
1111100100111010
0010001011101110
1101110011011110
1101111011011010
1110000110011100
1110101100100110
1110110010111100
1101101110001010
1111101110011100
1111000111100110
0000001000010100
0000110001000000
0000001101111000
0000100111110000
0001100110101000
0001010100001000
0001000111001100
0001111001001000
0001010000011100
0001101000011110
0001101000011110
0010011100010000
0010010011000000
0001011001101100
0001010111110110
0000010101010000
0000111111110010
0000010001100100
1111110010001000
0001000011100000
0001001100110000
0001001001000010
0000111101111011
0000100100000100
0000010001100100
0000110110100100
0000100111110000
0000000100101000
0000010011011010
1110000011001100
1111100100110010
0000001110110010
0000111101011010
0010000001110100
0001111110101110
0001001100111110
0000111000110000
0010000110011110
0000111101011010
0001100111011000
0010000110011110
0000100010111110
0001000101001100
0001010001101000
0001000011101000
0001010111110110
0001010110010010
0000010011011100
0000000111000000
0001010011001100
0001100101110110
0010011100010000
0001111010000010
0000110000111110
0000000101011100
0000010000010100
0000010000010100
0000011100110000
1111110010110010
1111111101101010
1111011110100100
1111100011010000
0001100011010010
0001001101101100
0001110001111100
0010010111111100
0010001000011010
0010000011001110
0000101110101000
0000110101100010
0000111111111000
0010011100010000
0010001100101110
0001000100001100
0001111010100110
0010001100101110
0010001000011010
0001101101101000
0010000110101010
0001100110101110
0000101010010100
0001100011010010
0001101000011110
0010000100000110
0001110110010010
0000110101100010
1111101100001010
0000010011110110
0000011000001001
0000000100010100
0000000100010100
1111111110010010
1111100010101010
1111010001011000
1101100101000000
0010011100010000
1101100011110000
1101100011110000
1101100011110000
1110000011000000
1101100011110000
1101100011110000
1101100011110000
0000011011101110
0010011100010000
0001010000101010
0001000001100010
1111110000111000
1111110000111000
1111111101011110
0000001010000110
0000001100100110
0000001111001000
0001010101101100
0001001110001000
0001000100000010
0001001001000110
1111110000111000
0000000111100100
0000111001111110
0000010001101010
0000011011101110
0000001100100110
0000000000000000
1111110000111000
1111011100101110
1111011111010000
1111110011011010
1111101001010100
1111010000001000
1111000110000010
1111010010101000
1111010111101100
1111010101001010
1110100101010010