1110010011110100
0000000001101000
1111111011001000
0000111010001001
0000100101010110
1110001100000010
1101111111000010
1110011010010100
1110011000011000
1110110110010000
1110010001001110
1110100000001011
1110111101011010
1111010011100000
1111001101101010
1111010111011011
0000011110111000
0000101101001010
0001110111111000
0001111101000100
0001110100100111
0001101101011110
0001110011111110
0001101100110100
0010011100010000
0010010001001110
0010001110100110
0001110101010010
0001110010000010
0001100001110010
0010000000111110
0010000100001110
1110011010010000
1111110011011100
1111111010011010
0000110111010010
0000100110101110
1110011010010000
1110000111100010
1110110000101100
1110100110100010
1111000000101100
1110101111100111
1111000010110110
1111000111000110
1111010110100110
1111100010010110
1111101110000110
1111111010111100
0000000100100010
0000111110001110
0001000000111010
0001111111011010
0010000000011110
0001000101101110
0001000000011000
0001100011100111
0001101101010000
0010011100010000
0010001101110100
0001111110111000
0001101100001100
0010000001100010
0001111011001000
1110011011001100
1111101011010110
0000001000000100
0000110100011001
0000011111110000
1110100000001110
1110100011110000
1110110110111010
1110111110111110
1111001010100100
1110111000011100
1110111011011100
1111010110001010
1111010100001010
1111101110010110
1111100110110100
1111111000011100
1111110111111100
0000100110110100
0001001111001000
0001101110111000
0001101001110110
0001101110111000
0001001111101000
0001011111010000
0001111010011110
0010000100000100
0010011001001110
0010011100010000
0001111110000000
0001111001111110
0010001011001000
1110011110101010
1111100101011000
0000010001011010
0000101101100110
0000001000001100
1110111110111100
1111000010000000
1111000010000000
1110110011101010
1110100111111001
1110110000100110
1110110011001010
1111000110101000
1111010011011100
1111011010000110
1111100000010000
1111011111101110
1111111010111000
0000011000000100
0000111100011011
0001100111011110
0010000001101000
0001111100011111
0001011010001010
0001010100100010
0001100011111010
0001111101000000
0010011100010000
0010010111001000
0010000101101110
0010000011001010
0010000101101110
1110011011100111
1111010000111000
0000101100100100
0000110111110110
1111110101010000
1111011101101100
1110111000110010
1110100001001110
1110101010111110
1110100000101110
1110011110001010
1110101000011010
1110101110000010
1110110101101110
1110111011010110
1111000101000110
1111011001100100
1111100011110100
0000000111001100
0000101100100100
0001010000011100
0010001000110010
0010000100101100
0001011000000111
0001000101101100
0001010101100100
0001110111111000
0010010100100100
0010011100010000
0010010001100000
0010001111111110
0010010010000000
1110101101100110
1111110001100010
0001001000011000
0000110110101010
1111011000001000
1110001110111000
1110101100011010
1110100110100000
1101110100010010
1110001101000110
1110010111001010
1110101011001110
1110011011111000
1110000011101011
1110011000111010
1110101010000100
1110111011001100
1110110100000110
1111101010011100
0000010100010111
0001000001010010
0001111011110000
0010000111100100
0001011000111001
0000111011011000
0001010100001011
0001101010000010
0010001010100010
0010011100010000
0010010001101000
0010001111110110
0010000101110100
1111001010101000
0000010010010100
0001101111110110
0001100001110100
1111001100111110
1101110100111010
1101101101111000
1101111000000000
1110011111110000
1110001011100000
1110100010111000
1110111011110100
1110010100000100
1110000010001010
1110100010000110
1110111111101110
1111000010110100
1110110111111010
1111000000100000
1111011100100010
0000000101110110
0001111000011001
0010011100010000
0001101000110011
0000011011101010
0000101100110100
0001001100110000
0001111111011010
0010000110011100
0001100001110100
0001010110111010
0001010111101010
1110100111010100
1111110011010110
1111101010111001
0000011101100100
0000000100001110
1101111101000110
1110001101111110
1101111101000110
1110011110111000
1110101111110001
1110011110111000
1110100111010100
1111001001000110
1111011010000000
1111001001000110
1111000000101010
0000100110000000
0000111111010110
0010000010111010
0010010011110100
0001010000001111
0000110110111010
0010010011110100
0010001011010110
0010010011110100
0010001011010110
0000111111010110
0000101110011100
0001010000001111
0001000111110010
0001100001001000
0010011100010000
1110011101010100
1111110111110010
1111110111110010
0000111001100100
0000100000111010
1101101011111110
1110100101100010
1110101101110000
1110011101010100
1110101101110000
1110011101010100
1110001100111000
1110101101110000
1110110110000000
1110111110001110
1111011111000110
0000110001010110
0000111001100100
0010011100010000
0010010100000010
0001101010111010
0001101010111010
0001100010101100
0001110011001000
0010011100010000
0001111011010110
0010011100010000
0010000011100110
0001011010011110
0001101010111010
0001111011010110
0010000011100110
1110101000001000
1111101100011110
0000110100000101
0000110000110100
1111110010111110
1111001111001100
1110110101001000
1111000010001010
1110110101001000
1110101000001000
1110111011101000
1110111011101000
1110110001111000
1110111011101000
1110100001100110
1111000101011010
1111010101101100
1111011111011100
1111111100110000
0000010110110010
0001010001011000
0001100100111010
0001111000011100
0001010100101000
0000111010100110
0001010100101000
0001101000001010
0001111011101100
0010011100010000
0010001111001110
0010001000101110
0001111110111100
1101100011110000
1101100011110000
1101100011110000
1101100011110000
1101100011110000
1101100011110000
1101100011110000
1101100011110000
1110110011100100
1110100011111101
1111001110010110
0001100001101010
0010000111000010
0001011100000011
0001010111101000
0001010010100110
0000110110001000
0000101111011100
0000111011001010
0000101111011100
1111111011100010
1111011011001010
1110010000011011
1101111000111110
1101110011111100
1101110010110100
1101110010010000
1101101111011110
1101110011011000
1101100011110000
1101100011110000
1101100011110000
1101100011110000
1101100011110000
1101100011110000
1101100011110000
1101100011110000
1101100011110000
1101100011110000
1101100011110000
1101100011110000
1101110010111110
1101110000000110
1110010100001010
1111111101010010
0001000011000110
0001000100001100
0001001110110010
0010000100110000
0001010101111010
0000111111101111
0000001110011100
1111000011000110
1110100000111000
1101111111110010
1101111010010000
1101111010110100
1101111000110010
1101101011010100
1101101010111100
1101101001111100
1101101001010010
1101100011110000
1101100011110000
1101100011110000
1101100011110000
1101100011110000
1101100011110000
1101100011110000
1101100011110000
1101100011110000
1101100011110000
1101100011110000
1101100011110000
1101100110111000
1101100100110010
1110101111110010
0000000110010000
0000110101001000
0000111101010100
0001000011111110
0001011000101010
0001000111111000
0001000000011100
0000101000101000
1111111000001100
1111110001100010
1110011010110101
0000000101101110
0000110101001000
0000001011011100
1110100010010000
1110101011101000
1110001000001100
1110001010010010
1101100011110000
1101100011110000
1101100011110000
1101100011110000
1101100011110000
1101100011110000
1101100011110000
1101100011110000
1101100011110000
1101100011110000
1101100011110000
1101100011110000
1110000111011110
0010011100010000
0010011100010000
0010011100010000
1111110010100110
1110010100110110
1110010000011011
1101111010000100
1101100011110000
1101101100101100
1111110010100110
1111101110001010
0010011100010000
0010011100010000
0000100011101110
1111110111000100
0010011100010000
0010000001011110
1101111010000100
1110001011111100
1110000111011110
1101100011110000
1101100011110000
1101100011110000
1101100011110000
1111100110111000
1111101000000010
1111101000110100
1111101111010000
1111101101110010
1111101111100110
1111110110110100
0000000111100010
0000010000111100
0000000100111100
0010000001111110
0010000111101010
0010000110110110
0010001100101100
0010001110000110
0010010010100000
0010010100000010
0010010101011110
0010011011000100
0010011001100010
1110010011101010
1111110001010010
1110010010110010
1111011110110110
0000000001111110
0000011000100100
0000101101001000
0010011100010000
0000010100101000
0000010100101000
0000011010100010
1111101011011000
0000101100001101
0001100001010010
0010000100101010
0001111110110010
0001011011011010
0001001001101100
0001101101000110
0001011011011010
0001001001101100
0001110010111110
0010011100010000
0010011100010000
0010011100010000
0001111110110010
0001011011011010
0001111110110010
0010000100101010
0010000100101010
0010000100101010
0001111000110111
0000110010000111
0001110010111110
0001111110110010
0001111000110111
0001000011110100
0000111101111010
0001000011110100
0000100110010100
1111110111100110
0000011111111100
1111101101100010
1111101010001010
1111110100010000
0000010010011110
0001011100011010
0001101101001110
0001101101001110
0001110000100100
0001110011111100
0000111110001010
0001100011001000
0000111110001010
0010011100010000
0010001000000110
0001110111010010
0001000100111000
0000111110001010
0001011100011010
0001100110100000
0001010010010100
0001100011001000
0001010101101100
0001000100111000
0001001000010000
0001100110100000
0001011100011010
0001010010010100
0001001011100110
0000111010110100
0000011100100100
0000000011010100
0000011010100110
0000000000000000
1110100010111010
1111011011011100
1111000111011110
0000001101010100
0000010000101000
0001001111110010
0001111110010110
0001110001000010
0010001000010100
0001110100010110
0001001100011110
0001110001000010
0010011000111100
0010011100010000
0010000001101010
0000111111001010
0000101011001110
0000111000100010
0001000010100000
0001001100011110
0001001111110010
0001000101110100
0000010011111100
0000100001010000
0000100001010000
0001000010100000
0000101110100010
0000011101111001
1111011011011100
1111110010111000
1101100011110000
1101100011110000
0010011100010000
1101100011110000
0001111101000000
1101100011110000
1101111101110010
1101100011110000
1110111111000100
1111110011110100
1111111101111110
0000001010001010
0000100010100000
0000100000011110
0000010000001110
0000011100011010
0000010100010010
0001001001000100
0001010001001010
0001000010111110
0010000001111000
0001110001101000
0001110011101010
0001111011110010
0010010110001010
0010010110001010
0010011100010000
0001100101011110
0001110011101010
0010000001111000
0001101111100101
0001100111100000
0001101101100100
0001001001000100
0000111110111010
0000111010110110
0000100110100100
0000110110110010
0000101010101000
1110110000111000