0000001000010000
0010010100000000
0010001010000110
0010011100010000
0001111111101001
0000000100011010
1111110111001100
0000001111111110
1111101110011010
0000000110000100
1111011111100010
1111110110000110
1111110000100111
0000010001000100
1111111001111100
0000101111010100
0001100111011100
0001110011000000
0001101010001100
0010000111010110
0001100001111100
0000011110110011
0001010110111100
0001111010001000
0010001110100000
0010000101101100
0001000011001000
0000000101100000
1111111101110100
0000000001000110
1111110011111010
1111110010110010
0000000010110000
0010000010011100
0010000000100110
0001111010100110
0001101100110010
0000000110111010
1111110100000010
0000001010100110
1111110110110010
1111100111100100
1111010010011000
1111111001000110
1111100000001100
1111011101011100
1111001000001110
1111100110101010
1111010111111010
0000010000001000
0000111101110000
0001110111011000
0001101000001010
0001111111001110
0001011111011010
0001100100011110
0001110011001110
0010011100010000
0010001000011100
0000110101000000
0000010111100000
0000100011100000
0000000111011000
0000000100100110
1111110001100010
0001100100100000
0001011110011100
0001000101011000
0000110011001110
1111100111100110
1111001100010110
1111100000001110
1111000001111110
1110110100100100
1110100000010000
1110111110000110
1110110001001000
1110111001110000
1110100100100110
1110110111100110
1111010010110110
1111100101110110
0000001110011110
0000100011001110
0001101000011000
0001111011110110
0010000111100000
0010001110110110
0001100001000010
0001101101001000
0010010010110000
0010011100010000
0001011111010100
0001010010010110
0001000100100000
0000111100010001
1111111001100010
0001100011010000
0001001100011100
0001001011011010
0000001100101100
1111001110000000
1111001001010100
1111000100101010
1110011110110110
1110010100011110
1110010000110110
1110010011111100
1110101110111010
1110100001111100
1110011101110010
1110101100010100
1110111011110110
1111010100101110
1111101111001010
0000011110010100
0000111110011100
0010001011001010
0010011000000110
0010001010101000
0001100110111000
0001110000001100
0010001000000010
0010011100010000
0010001110110010
0001101000011100
0001011011011110
0001001110000000
1111111001011010
0001001000100010
0001100000100111
0001100111100000
1110111100000100
1110101001101110
1110011110110100
1110001111010101
1101111100011010
1101111110001000
1101101111001110
1110001101000010
1110000010001000
1110000010001000
1110011011111100
1110011110110100
1110100011011010
1110010010001100
1111000000101000
0000010000111010
0001000111011000
0001010101101110
0010000101111000
0001111101010010
0001100110010110
0001000111011000
0001111010011010
0010011100010000
0001110100101100
0000101101100110
0000110010001100
0000100100111110
1111100110110100
0000101110101000
0010010010001010
0010000101100100
1111001110001110
1110000010000000
1110110000000000
1110101001000100
1110000011111000
1110010101100010
1110001100101100
1110001011011100
1110011101000110
1110100000111000
1110101011100100
1110010010011000
1110110111100010
1111000000011000
1110111100100110
1111011101111110
0000101110000000
0010001011010000
0010011100010000
0010000011101100
0001010001111010
0001010101000100
0001101001001110
0010000100010100
0001101000100110
0001000100101100
0000100111000100
0000000101101010
1110101011000011
0000100100110110
0001011111111100
0000111010110010
1110111111001000
1110000110011110
1110100000000100
1110100100111100
1101111001101100
1110000111000110
1101111001101100
1110010001011100
1110010010000010
1101111100001000
1110011001111110
1110011001111110
1110101001110100
1110101001001100
1110110110000000
1111101110000010
0000101111110100
0010000111100010
0010011100010000
0010000110111100
0001000010101110
0000111000010101
0001011111111100
0001101010111010
0001001010000000
1111110100001000
0000000011010110
0000000100100100
0000000000000000
0001111010110010
0001100100011100
0001000010111110
0000010110010100
1110011011100100
0000000000000000
0000001011001010
0000001011001010
1111110100110110
1111011110100010
1110010000011011
1111001000001100
1111110100110110
1111101001101100
0001111010110010
0010011100010000
0010000101111100
0000110111110100
0000101100101010
1111001000001100
0000010110010100
0001011001010010
0001101111100101
0010000101111100
0001001110001000
0001011001010010
0001000010111110
0000100001011110
0000001011001010
1111101001101100
1111110100110110
0000001000001110
0001110011001000
0001110011001000
0001110011001000
0001001010000000
1111101111100100
0000010000011100
0000100000111010
1111101111100100
1111110111110010
1111010110111000
1111011111000110
0000000000000000
1111110111110010
0000010000011100
0000100000111010
0001101010111010
0000110001010110
0000011000101010
1111110111110010
0000111001100100
1111101111100100
0001011010011110
0010011100010000
0010010100000010
0001010010010000
0000110001010110
0000110001010110
0000000000000000
0000010000011100
0000011000101010
1111110111110010
1111011101101100
0001001000011010
0001000000110010
0000101001111010
0000010011000100
1111001010101010
1111000011000010
1110111011011010
1110011100111010
1110101100001010
1110010101010010
1110100000101110
1110101000010110
1110110011110010
1110001101101010
1110010101010010
1111001110011110
1111011001111000
0000000111101000
0000010110111000
0001001100001110
0001010011110110
0010000101011000
0010001001001100
0001011011011110
0001010000000010
0010011100010000
0010011000011100
0001001000011010
0000111001001010
0001010011110110
0001000000110010
1110100011010000
1111010010010110
1111100000100110
1111101001100010
1111100000010000
1111000110111100
1110111010000110
1110101101111100
1110100100101100
1110101000010000
1110111010110010
0001010100001011
0010010111010000
0001111101111100
0001011001100001
0000110100000101
0000001101111010
1111101011010100
1111100010110000
1111011000110000
1111000001111100
1110110111001110
1110100001110100
1110000001000000
1101110000111100
1101101100010100
1101101001110100
1101101100010100
1101100011110000
1101100011110000
1101100011110000
1101100011110000
1101100011110000
1110010101010010
1111000001101110
1111001011111011
1111010001110000
1111010001110000
1111010010111110
1111011101101010
1111100010111110
1111101110011010
1111110011000000
0000000101001110
0001001011001010
0010001111011000
0001110011101011
0001101010001110
0001101110001000
0000110000001100
1111111110001101
1111100111100110
1111011010010000
1111000000010001
1110110011011010
1110100001001100
1110001110100000
1101111111001100
1110000000111000
1101111101111110
1101111010110100
1101100011110000
1101100011110000
1101100011110000
1101100011110000
1101100011110000
1101111000100100
1101111010101010
1101110101011100
1110001101111100
1110010111010100
1110100001101110
1111010100010000
1111101101110000
0001010100111000
0001101011110011
0000110111001100
1110011111011010
1110010001001100
1110000011000000
1110000001010010
1110001011100000
1110010001001100
1110001111110000
1110010000111000
1110001100000010
1110011000100010
1110010001001110
1110001010011110
1110111100011110
1111001010000000
1110110110101110
1110111011111100
1110011101001110
1101100011110000
1101100011110000
1101100011110000
1101100011110000
1101100011110000
0010011100010000
0001010100110011
1111010111110100
1110111000100100
1110100010010000
1110111000100100
1110001011111100
1101111110100010
1110011001010100
1101101000001110
0010011100010000
0010011100010000
1110100110101110
1101110101100110
1101110001001010
1101111010000100
1101110101100110
1101101000001110
1101100011110000
1101101000001110
1101110101100110
1110111000100100
1110011001010100
1110000111011110
1101110101100110
1101110101100110
1101111110100010
1110100110101110
1101100011110000
1101100011110000
1101100011110000
1101100011110000
1101100011110000
0000010111000101
0000010111111010
0000011000010110
0000011000101010
0000011010000110
0000011010001110
0000010110110110
0000010101010110
0000001010100110
1111101000100010
0000001100001100
0000010010000010
0000010011110010
0000011101011010
0000100110110010
0000110000001110
0001000010110010
0001011010000100
0001110011101011
0001111110101000
1110010001100110
0000111001000000
0000000010110010
0000010101100000
0000100110111110
0001011100111000
0010000010010010
1110110001111000
0000010101110000
0000011101111001
1110111011011000
1110100010111100
1110010001010010
1110100010111100
1110100011100110
1111101011101001
1111001010010110
1110111110000110
1111001000010011
1111101101101010
1111111110101010
1111100111100010
1111100010110010
1111101010010000
0000010010010110
0000010011000010
0000001110010010
0000111001000100
0001010000110110
0001100011111000
0001011000010100
0001000110101010
0001001100110010
0001100111111100
0001111010111110
0010011100010000
0010001001001110
0001100000011101
0001011001000000
0000011111111100
0000000110010010
0000001101111100
1110010111011000
1110011001011110
1110010011111001
1110100011001110
1110100000011100
0000000000101100
0000001000011000
1111011101110100
1111111001101110
1111101110100100
0000000001011010
1111111100100000
0000010101101000
0000101100101010
0000101011010000
0000110001100010
0000111100101100
0001101001010110
0001110000111111
0001110100100000
0010000110101000
0010000010011100
0001110111111110
0001111100001010
0001111000101100
0010010100100100
0010011100010000
0010010100100100
0010001000000010
0000111110000101
0000000011111010
0000010001100100
1110110101110010
1110101100000010
1110100011100100
1110101010101111
1110111100111100
1111101010100010
0000001011101110
0000000001010100
0000000011010000
1111110011101000
0000000101111000
1111110001101100
1111111010110010
0000010010111000
0000101100010010
0000110101011000
0000011011010110
0001000011000100
0001100100111010
0010010010100000
0001110011001110
0010000100001010
0010011100010000
0001111010011010
0001111010011010
0010010100011100
0010001011111110
0001111001110000
0001101000001010
0000100110011010
1101111101111110
1101100011110000
0010011100010000
1101100011110000
0010011100010000
0010011100010000
0000000000000000
0000011111010000
1101100011110000
1111110111110010
1111111010100010
1111011100011000
1111111010100010
1111100100100110
0000001000001110
0000011000101010
0001000001110010
0000110001010110
0001011010011110
0010011100010000
0010011100010000
0010001110100010
0010010001010010
0001000111010010
0000111111000100
0000110110110100
0000111111000100
0001111000101000
0001000100100010
0001011101001100
0001000001110010
0000110100000101
0000100011101000
1111111010100010
0000010101111100
0000101011111000
1111101100110100
1111111101010000
1111101100110100
0000001010111110
1111101100110100