1110001110101110
0000000111111100
0000000010111111
1111110101100110
1111101101100000
1111010011011100
1111000010111000
1111000000110000
1110101011111111
1111000111011110
1110101011111111
1111000101000000
1110111010011010
1111010000111110
1111001010101000
1111100101011010
1111110100111011
0000011001100010
0001010011010100
0001111010110010
0001101011010010
0010001110001010
0001111101100110
0010011100010000
0001101001001010
0001001000110000
0000101011111000
0000011010010000
0000100011011010
0001000011001000
0001011001101010
0001110101001010
1110001100011010
0000001000111000
0000001001011110
1110111100101110
1110110101000110
1111001100101000
1111000111011100
1110101110010111
1110101001110010
1110010001101000
1110010100101100
1110110001101110
1110110010101000
1110101100100010
1110101111100111
1110011011101110
1110100000000001
1111100011111000
1111101101010110
0000111011000000
0001000111110110
0010001101100100
0010011100010000
0001110010101010
0010000011110010
0001001110010010
0001100010011110
0000101100101010
0001000100110100
0000111111100101
0001011001010010
0010000111001010
1110011000000110
0000000001110011
1111110100111110
1111011110100100
1111000000111100
1110111000011000
1110101011111000
1110011101101110
1101111100110010
1101111100110010
1101111100011100
1110000101101010
1110010110011110
1110101001100100
1110111100010110
1110100111111010
1110010010110110
1110100010010100
1111001101011110
0000000111011010
0001011001101110
0010010011010110
0010011100010000
0010010001000100
0001111101101000
0010001100001000
0001111110010010
0001010100110010
0001001110111000
0001011110101100
0001100101010000
0010000110100010
1110010010000010
1111000111110000
0000010001000110
0000010011100100
1110001001011110
1110010101100110
1110001001110110
1110000100001001
1110001001110110
1101111110011100
1110000101100100
1110001011101000
1110011010111010
1110011011101000
1110100100001100
1110010110010010
1110000011110010
1110000100001001
1110101010100110
1111100000010100
0000110000011010
0001110100011000
0010010000001010
0010001100100110
0001111110010110
0010000010101000
0001111101010010
0001011110010100
0001000110110110
0001100000110100
0001101011001000
0010011100010000
1110010001000110
1111000010011100
0000110000010110
0000011110010010
1101111011110100
1110000101000010
1101101010100100
1101101110100110
1110000101110110
1101101110001100
1101111000101000
1110010101000110
1110010101111010
1110100100110000
1110101101100100
1110011001100000
1110011101111010
1110000111011101
1110011111111100
1110101000110000
1111111000111110
0000111100110010
0010000100111110
0010001000100110
0001100111010100
0001011010111000
0001010100110110
0000001100101000
0000110101100100
0000101011111100
0001001001101000
0010011100010000
1110010011010100
1111011001101110
0001001011011000
0000111110000100
1110000000010010
1110010010011000
1101111011100010
1110000110000000
1110100000101000
1110011001000010
1110000110000000
1110010101001110
1110010100010010
1110101011100100
1111010010000110
1111000100010100
1110100111110010
1110011111001111
1110001010110000
1111001100111000
0000110011001000
0010000010100100
0010001101100000
0001100100100110
0001101110001000
0001101110001000
0001000011010100
0000001011101010
0000011101010000
0000101000001100
0001100010001110
0010011100010000
1110111011110000
0000010000001010
0001000101011100
0000111111011110
1110111010100100
1110110101110010
1110101100110010
1110110110011000
1101111110000110
1101111111111000
1110011110011010
1110111100111100
1110100100011010
1111011010111000
1111101110101000
1111010111010010
1111001001100010
1111011010010010
0000000111001100
0000111000111000
0010010100011110
0010011100010000
0010000101100000
0001111110010100
0010000111010100
0000111110001111
0000011100001000
0000000011100110
0000101111111010
0001001101001110
0001101110110000
0010000010100000
1110010011110100
0000001100000010
0000100100000100
1111100111111110
1111100111111110
1111001111111100
0000100100000100
1111110011111110
1110101011111000
1110101011111000
1111011011111100
1111001111111100
1111110011111110
0000000000000000
0000011000000010
0000111100000110
0001010100001000
0010010000001110
0001111000001100
0001111000001100
0001111000001100
0010010000001110
0010011100010000
0001010100001000
0001100000001001
1111100111111110
0000000000000000
0000000000000000
0000100100000100
0000100100000100
0010010000001110
0010011100010000
1111000110011100
0000100000111010
0000101001001000
0000111001100100
0000100000111010
1111110111110010
1111100111010110
0000010000011100
1111000110011100
1111101111100100
1111001110101010
0000000000000000
1111010110111000
0000000000000000
0000001000001110
0000101001001000
0001011010011110
0001110011001000
0001101010111010
0010000011100110
0010001011110100
0010011100010000
0010001011110100
0010011100010000
0001100010101100
0001011010011110
0000111001100100
0000101001001000
0001000001110010
0000101001001000
0001110011001000
0001001010000000
1110000001100000
1111111000100100
1111111100010010
1110111001010100
1110110101100110
1111000000110000
1110111001010100
1111001000001100
1110111101000010
1110100110101110
1110100110101110
1111010011010110
1111001000001100
1111001000001100
1111011010110100
1110110101100110
1110011011100100
1111001111101000
1111001011111011
0000100001011110
0000100101001100
0010011000100010
0010011100010000
0001010001110110
0001010001110110
0001101011111000
0001110011010100
0000110100000101
0000111011100010
0001000010111110
0001010001110110
0010000010001110
1111111000111101
1111111000111101
1111000101001000
1110101111001001
1110101100000000
1110100010100100
1110010100011100
1110000000000011
1101111011010100
1101111110011100
1101111100111000
0001010111001010
0001111001101100
0001110001110110
0001001101101110
0000110111110000
0000101001101000
0000100011010110
0000100001110000
0000011001111010
0000010010000100
1111110111011000
1110111101010000
1110101010011011
1110001011000000
1110000100101110
1110000000000011
1110000011001010
1101100011110000
1101100011110000
1101100011110000
1101100011110000
1101100011110000
1110100011101100
1110011100100000
1110001101101010
1110000110011110
1110000000100010
1101111101001010
1101111001110010
1101110111001110
1101110111101010
1101111011000010
1101111000111100
0000100101101100
0001010101111110
0001111110100110
0001010010100100
0001000000110010
0000011010101100
1111011000001100
1111000100010010
1110111010100100
1110111001010010
1110101100100110
1110010011100110
1110101100100110
1110100110101010
1110011011001110
1110010100111000
1110001011001000
1101100011110000
1101100011110000
1101100011110000
1101100011110000
1101100011110000
1110010011001000
1110000101000100
1110011011011110
1110000000011000
1101111111111000
1110000101000100
1101110000110000
1101110010110110
1101110010010100
1101111100110000
1101111101110010
1111011001011100
1111111000010010
1111111110110100
1111111011101100
0000001011001000
0000010001110000
1111000110110000
1110010000011110
1110000010100110
1110000100100100
1101110110111000
1110011000111000
1111001010111000
1111010100010000
1111010100010000
1110101100101010
1110011110000100
1101100011110000
1101100011110000
1101100011110000
1101100011110000
1101100011110000
1110110100000110
1101100011110000
1101100011110000
1101101000001110
1101110001001010
1101101100101100
1101111010000100
1101110001001010
1110010000011011
1101101100101100
0010011100010000
0010011100010000
1110100110101110
1110010000011011
1110010100110110
1101101100101100
1101111110100010
1101110101100110
1101110001001010
1101110101100110
1101110101100110
1110011001010100
1110100110101110
1110100110101110
1110001011111100
1110000111011110
1101101100101100
1110011001010100
1101100011110000
1101100011110000
1101100011110000
1101100011110000
1101100011110000
0001001011011110
0001000110111010
0001000011110110
0000111100010001
0000110100111000
0000110011100010
0000101111011100
0000100111110100
0000011110110110
0000000111000010
0001000100111100
0001001100111110
0001010000010010
0001010111001010
0001011111000100
0001100100110100
0001101011111101
0001111000100011
0010001001110100
0001110100000100
1110101010100110
0010010001001110
1101111001110010
1110110101111010
0000010000111100
0000101101101110
0000111100000111
0000100011001010
0001000001011100
0010000001000100
0001100001001111
0000111101010100
0000011111000010
0001000100100000
0010001000010000
0001001100101110
0000111100110100
0000100111110010
0001001100001100
0000011110100010
0000111110010110
0000101010110110
0000100111110010
0001001011101100
0000011100011110
0000101110011100
0000111100110100
0010011100010000
0010000111001110
0000100110001110
0000011001011010
0000000011010110
0000110011100100
0000010101010001
0000011101100000
0001001010101010
0001000111000100
1111100001111110
1111100111101000
1110100101011100
0001101011101000
0001110010110010
0000011111000110
0001000100010010
0001011100100110
0001011111011110
0010000101011000
0010000001000100
0010000011111100
0001101011101000
0001111001111100
0010010110100010
0010001001101010
0001110110010110
0001110011100000
0001101000000100
0001001110010100
0001001001010100
0001110001010110
0010010010010000
0010001101111100
0010001111011000
0001110000101000
0001111011010110
0010001011110100
0001010000011100
0001001010000000
0010010010111110
0001111111101001
0001001110010100
0000101000011010
1111010100000010
1111111010011000
1111101001001110
0000011111011000
0000110101001100
0000100110101010
0000111101001000
0000111001001010
0001101000101110
0001010000111100
0001001010010100
0001001000010110
0001010100111010
0001010100111010
0001011001100001
0001001110010010
0010001011101110
0010000101110010
0001101110000000
0001001001101010
0001110101010010
0010011100010000
0010010010010110
0010001110011000
0001101001011000
0001110001111110
0001111100100010
0010000101110010
0001110000101010
0001001111101000
0001000001000100
0000010000001100
1111100111001110
1110010100000011
0010011100010000
1101100011110000
1101100011110000
1101100011110000
0010011100010000
1101100011110000
1101100011110000
1101100011110000
1111101110011010
0000001000110100
0000011000001110
0000011100100110
0000011100100110
1111110101000000
0000000010001100
0000101100000000
0001000100001110
0000111001001110
0000111011011010
0001110110110110
0001101011110110
0001100000110110
0010001100110110
0010001100110110
0010000001110110
0010011100010000
0001111101011100
0010001000011100
0001000010000010
0000110010101000
0000001111011001
1111110000100111
1111111001011010
0000000010001100
1111110010110010
1111110111001100
1111010110001100
1111010001110010
1111001011001100
1110000010100100