1111100101110010
0001000100111010
0001000100111010
0000100110110100
1111001110100000
1110101001101000
1110010110001110
1110000001110110
1101111000001000
1101101110011100
1110000111101010
1110011101111110
1110111100000100
1111001000101100
0000001101100101
0001000110110110
0010010100100000
0010011100010000
0001011001010010
0001100011111110
0001111000010110
0010001101101100
0001101000110011
0000111010001110
0000001011101010
0000010000100000
0000010111010010
0000010101010110
0000100010111100
0000101110100110
0001111000010110
0010001011110000
1111001111010000
0001010011011000
0010000000000000
0001101000010100
1111010011110100
1110111101111100
1110001100110000
1110000101011110
1101110001011010
1101110110111000
1110000111010011
1110000010101110
1110100111001010
1110110001001100
1111101110001110
0000011001000011
0001101100111000
0010011100010000
0010000000111010
0001000010000100
0001011111001110
0001110110000000
0001010011011000
0000011100101100
1111110110011100
1111111010000100
1111011001010010
1111100100001110
1111101110001110
0000010101011010
0001001111101110
0001010001100010
1111011101000000
0001000110000000
0001111001010000
0001011010100000
1111011011010010
1110111000010010
1110101010101000
1110010101010010
1101111100100000
1101110011111110
1110010101010010
1110011110101010
1110101110111000
1110110111011100
1111011010011100
0000000110110110
0001011100001101
0010011100010000
0010000111110000
0001010001111110
0001100111010100
0010001100000010
0010000110111010
0000101011100010
0000011111100110
0000010001000100
1111110100111011
1111111001001010
0000010011101000
0001000010100110
0001100010001100
0001101010101110
1111011101001110
0001001100101010
0001110101101110
0001001010111110
1111001101010100
1110111110001110
1110111010111000
1110010110000010
1110000001111010
1110000001000100
1101111010011000
1110001111010101
1110110001101010
1110110101110110
1111011110000100
0000000100100110
0001100111011110
0010011100010000
0010010110011000
0001101000010100
0001101011101001
0010001111101100
0010001010101010
0001000000111100
0000100001000110
0000010010110110
0000001010011110
0000001101000000
0000100001111100
0000111111010000
0010000001011100
0010000111010100
1111011100010110
0001000011100000
0001101000101100
0000100110101100
1111001010001010
1110110110011100
1110001100101110
1101111100000010
1101111101100010
1101101101101000
1101101011010110
1110000110101010
1110100100111110
1110110011011010
1111010000001110
1111101011100010
0001000110100010
0010010100101010
0010011100010000
0001011010010000
0001100001000101
0010001010110100
0010000001101100
0001001101011000
0000011010100100
0000001000010110
1111111101101110
0000001110011010
0000011010100100
0001001010010110
0001101000101100
0001110010100010
1111111100010010
0001011001000110
0001110001001010
0000110111111100
1111001101000010
1110111011101000
1110001101001100
1101111111111100
1110000100000100
1101101101101100
1101101100000010
1110010100101010
1110101001011000
1110011100001000
1110111110111100
1111010100011110
0001000110000010
0010010100110010
0010011100010000
0001011110000110
0001100100101101
0010001010110110
0010000101111000
0001000001000100
0000010000001010
1111101010111001
1111110000101010
1111110001100001
0000000111000010
0000010011011110
0001011010110010
0001101000110110
0000000010011100
0001001000111110
0001001000000000
0000001101001110
1110011011100111
1110100000100000
1110001111110110
1110010101101110
1110001110110110
1101100101101110
1101110011011100
1110010000110100
1101111110001100
1110001101111000
1110100110011000
1110100110011000
0000100100110000
0010000111101100
0010010101011010
0001001101111000
0001100110011000
0010011100010000
0001101110001110
0000111011010010
1111010100011010
1111000101101110
1110101111001100
1110101101001110
1111010110011000
1111110100101110
0000101010101000
0001011110100010
0001111101000000
0010000111011010
0000111110100000
1111001011111011
1111010110010110
1111110101100110
1111000001100000
0000000000000000
1111000001100000
1111000001100000
1111110101100110
1111000001100000
1111110101100110
0000101001101010
0000110100000101
0000111110100000
0001111101000000
0001111101000000
0000110100000101
0001011101110000
0001110010100110
0010011100010000
0001110010100110
0001001000111010
0000111110100000
0000111110100000
0000111110100000
0000110100000101
0000001010011010
0000010100110110
0001111101000000
0001010011010110
1111101001101100
0001001110001000
0001011001010010
0000100001011110
0000000000000000
1111010011010110
1110011011100100
1110000101001110
1101111010000100
1101101110111010
1110010000011011
1110111101000010
1111001000001100
0000000000000000
0000010110010100
0001000010111110
0010011100010000
0010011100010000
0001111010110010
0010000101111100
0010000101111100
0010011100010000
0001111010110010
0001011001010010
0000101100101010
0000101100101010
0000110111110100
0000110111110100
0001000010111110
0001100100011100
0001101111100101
0010011100010000
1111010001100100
0001011100111010
0001101101110100
0000110110111010
1111000000101010
1111000100111000
1110100011000110
1110010010001100
1101110100101010
1110000101100010
1110001101111110
1110011110111000
1110101011100010
1110101011100010
1111001001000110
1111011110001110
0001101001100100
0010011100010000
0010011000000010
0001010000001111
0001000011100100
0010011000000010
0010001111100110
0000110110111010
0000001000011100
1111110111100100
0000001100101010
0000001000011100
0000001100101010
0000011001010110
0001010100011110
0001100101010101
1101100011110000
1101100011110000
1101100111010100
1101100110011100
1101101000111110
1110001011110010
1101111110011000
1101110011110100
1101110111010000
1101111100110000
1110000001101010
0001011100100100
0001110011110010
0001100110011000
0001011111110101
0001011010011110
0001101000011110
0001101000111010
0001001000011110
0000011010001100
1111011000100100
1110100001001110
1110011100011100
1110001110111010
1110001100111110
1110001010010010
1101100011110000
1101100011110000
1101100011110000
1101100011110000
1101100011110000
1101100011110000
1101100011110000
1101100011110000
1101100011110000
1101101010100000
1101100111010100
1101111101100000
0001000000111110
0000100100000110
1111111110001000
1111010100111000
1110101000111100
1110001010111100
0001000100111000
0001110000111010
0001000000101110
0000111110110100
0001000110110010
0001011011001010
0001101011100010
0001001000011100
0000000101001010
1111000100110000
1110010010011110
1110001110001110
1110001001011110
1110000011001000
1110000011001000
1101100011110000
1101100011110000
1101100011110000
1101100011110000
1101100011110000
1101100011110000
1101100011110000
1101100011110000
1101100011110000
1101110101000100
1101101011000010
1101111010001000
0001011010000110
0010010001010100
0001111100011110
0001100111101000
0000101010101100
1111100111000000
1110001011111010
1110000101001110
1101111011110110
1110000000010100
1110000001101010
1101111100110000
1101111100010010
1101110100101100
1101110100111100
1101111111111000
1101111001101000
1101111001000110
1110001101011010
1110100010010000
1110010000100010
1101100011110000
1101100011110000
1101100011110000
1101100011110000
1101100011110000
1101100011110000
1101100011110000
1101100011110000
1101100011110000
1111100101001110
1110110100000110
0010011100010000
0010011100010000
0001100010001110
1110101111101010
0001001011111010
0010011100010000
0010011100010000
0010011100010000
1111010011010110
1110011001010100
1101100011110000
1101110001001010
1101101100101100
1110011101110010
1110001011111100
1110101011001101
1111111011100010
1110010000011011
1110010100110110
1110011001010100
1110011101110010
1110010100110110
1101100011110000
1101100011110000
1101100011110000
1101100011110000
1101100011110000
1101100011110000
1101100011110000
1110010000010001
1110010000010001
1110010101010100
1110011001010010
1110011010010010
1110011101010000
1110011100110010
1110011110101000
1110011100000101
1110001101100110
0000000001001110
0000000001001110
0000000011001000
0000000001111010
1111111111011000
1111111001110110
1111111010001110
0000000011101010
0000001101001000
0000010100001101
0000101111111010
1111100100011100
1110000011001110
1111000011110100
0001010100100100
0010010110111110
0001111110110010
0010011100010000
1110100100010010
1110110111011010
1111000011100010
1111011101001110
1111101001110101
1111110000111000
1111111001111100
0000010010101010
0000010000101000
0000011101110000
0000011000001100
0000101011110110
0000011011101110
0000101010010110
0000111001111110
0001000111000100
0001011101010000
0001110000111010
0010001001000110
0010011100010000
0010001001000110
0001111100011111
0010000011100100
0001100111010100
0001011110110000
0001010110101100
0000111010011101
0000111100011110
0000100101010100
0000100010110010
0000011001101110
1111011010001100
1110010001110100
1111000011001110
1111010110001110
1111111100101100
1111101101011110
0000001100010110
0000011000001110
0000111010111000
0000110101101010
0000110111100100
0001010110011100
0001011110100000
0001001100111100
0001011100101000
0001101011110011
0010001011001010
0010000110011010
0001111001000110
0010011001111000
0010010011001110
0010011100010000
0010010110100100
0010010000011000
0001111001100110
0001110100110110
0001110010111100
0001110011011010
0001010010001010
0001010001001110
0001001110011000
0001000010111110
0000100100100100
1111101111110010
0000011010100000
0000000110100000
0000000010101110
1111111010000100
0000011001011010
0000100100001110
0001000010100000
0001101111111001
0001101000010101
0010010000010110
0010011100010000
0001001010000100
0000111001010100
0000111100100100
0001110000111111
0001101000010101
0001100111010000
0001100110001100
0001111001101010
0010010001111110
0010010010100010
0001101100000111
0001110110011010
0001011111001010
0001011110101000
0001100100000010
0001010011010000
0000101110011111
0000101010001010
0000100101110110
0000001100011100
0010001100111010
1101100011110000
1101100011110000
0010011100010000
1110100010010000
1101100011110000
1111000001100000
0000101001101010
1101100011110000
1111011011100000
1111111000101100
1111011000100100
1111100001010110
1111001111110100
1111001100111000
1111100001010110
0000000100011000
0001101010100110
0010000001111110
0010011100010000
0001110110010010
1111101101000010
0000100001100110
0000100111011100
1111101111111100
1110111110010010
1111011110011010
1110011011010000
1111000001001110
1111110101110010
1111110010110110
1111110010110110
0000000100011000
0000010101111010
0000101101010010
0000111000111100
0000111110110010
0000000001011110
0000000111010100
0000000100011000
1110110101100010