1110111101100010
0000011101011110
0000110100000101
1111110111110010
1110101001101010
1110010110011110
1110000011010010
1110001011100000
1110001000000101
1110001100001100
1110010010010110
1110100000000100
1110111111100110
1111101100110100
0000100111000100
0001010100111101
0001011111010000
0001001001010100
0001101000110110
0010001101001100
0010011011100100
0010011100010000
0001100011011000
0001100110001000
0001110111111011
0010000000110110
0001010011100110
0000110010000010
0000011010101110
1111010001011010
1111110101000010
1111111001001010
1110111111000100
0001000110001010
0001010010110000
0000100000010010
1111001010001100
1110011000011101
1110010101011110
1110011111111000
1101110011010110
1101111010000010
1110010011010001
1110100000101000
1110101001100010
1111101101000100
1111111010011100
0001110100111010
0010011000100010
0010000101010000
0001110100111010
0001101010100010
0010011010110000
0010011100010000
0010010001001000
0001110001001100
0010010111110010
0010010111110010
0001100000111000
0001001111110010
0000100110001110
1111010010010110
1111001011101010
1111000011100000
1110111100101010
0000110001110110
0000110000100000
0000100001000000
1111001000000110
1110011010111111
1110011000010011
1110011001101000
1101111110101100
1101101111001100
1110000111011101
1110010101100110
1110101100100000
1111000110110000
1111111111010100
0000101100011100
0001111011001111
0010011100010000
0010001010110000
0001101111110100
0010000110000010
0010010110001100
0010001010000100
0001101010011010
0001100000111110
0001011000111001
0001010100001011
0001001010000110
0000011001100110
1111010000110110
1111010010001100
1110101011001000
1111001011111011
0001000010101010
0001001101000110
0000111011000010
1111010010111000
1110101011111111
1110100100010110
1110010000001100
1101111111100010
1101111100000100
1110001111100000
1110001110001000
1110101011111111
1110110111110010
1111011101010010
0000010100001000
0001001101000110
0010011100010000
0010010100101000
0001101000001010
0001111111000110
0010010011111010
0010010000011100
0001110011010010
0001110110000100
0001110011010010
0001101010010000
0001110011111110
0001001100011000
1111011001110100
1111011011111000
1111010000000110
1111010101001010
0000111101000110
0001111001110100
0001010100101110
1111010001110010
1110010100010111
1101111110110000
1101111011011000
1101101110100100
1101101000011110
1101111000101100
1101111100101110
1101110011111100
1110010111101110
1110011011110010
1111011001001100
0000000001101100
0001100110111100
0001111010100000
0001011001011100
0001110001000100
0010010110110110
0010010110001100
0001110011000110
0010000010100110
0010000101010100
0010011100010000
0010010011011110
0000110111101100
0000000000010110
0000000001000000
1111010111110110
1111110010111110
0001101000001010
0010011100010000
0001010011001100
1111101101001100
1110100011011010
1110010010110010
1110001000101010
1101101000000110
1101101111010100
1110000000101100
1110000011100110
1101110110100100
1110010011100000
1110100000100000
1111001011001100
1111110101001010
0010000001100000
0010000101110100
0001011001101100
0001011011111000
0010010110011110
0010001010001010
0001110101001100
0001111001100010
0010001101110010
0010010011100100
0010010111111010
0001111000000101
0000010111111000
0000011100111100
0000001111001100
1111010100011010
0000101110110010
0001001101010110
0000010000001110
1111000001010100
1110000100110110
1101111110011110
1110001100011111
1110001001111100
1101111001011000
1110010111010100
1110100000110110
1110001111101010
1110010110101010
1110101101100110
1111000101110000
1111101101111000
0000111010010000
0000110001010100
0000111111010100
0001011111110010
0001111101101100
0001110011100001
0001011111110010
0001000110010110
0001010100111101
0010011100010000
0010011010010110
0001000010100000
0000000110000010
0000011111100000
0000011110111000
1111101011111110
0000101100000011
0000110100000101
0000010100000010
1110111011111010
1110110011111000
1111000011111010
1110110011111000
1110110011111000
1101111011110010
1110010011110100
1111000011111010
1110110011111000
1111010011111101
0000100100000100
0000110100000101
0000001100000010
0000100100000100
0001110100001100
0001110100001100
0010011100010000
0010011100010000
0000101100000011
0001000100000110
0001111100001011
0010001100001110
0001101100001100
0001011100001010
0001010100001000
0001000100000110
0001010100001000
0001110100001100
0000000000000000
0000111101011000
0001010011101110
0000110111110100
1111010011010110
1111111010011010
1111100100000110
1111011000111100
1111011110100010
1111010011010110
1111101001101100
0000000000000000
1111111010011010
0000101100101010
0001101111100101
0010001011100000
0010000000010110
0001001000100010
0001011001010010
0010010001000110
0010011100010000
0010000101111100
0001011110111000
0001011110111000
0010000000010110
0010000101111100
0001100100011100
0001000010111110
0001000010111110
0000110111110100
0000100001011110
0000010000110000
1111011011010000
0000110111001010
0000110111001010
0000110111001010
1111011111110110
1110111111101010
1110111111101010
1110101101010010
1101111111010100
1110010001101110
1110110001111000
1110101101010010
1111000100010000
1111101001000010
0000000000000000
0001000000010110
0001110010111000
0010010011000100
0001111100000110
0010000101010010
0010000000101100
0010011100010000
0001111100000110
0001110111100000
0001100101000110
0001010111010100
0001010111010100
0001101001101100
0001000100111100
1110111011000100
1110101000101100
1101101000010110
1101101000000010
1101100111101000
1101101001100010
1101101100010110
1101101101110110
1101110000101000
1101101011101100
1101101100111110
1101101100111110
1101110000011010
1110010111000011
0001000110110100
0010010110101010
0001110011000010
0001001001101000
0000100110101000
0000001111011110
0000000110001110
0000001000001010
1111111101101000
1111011001100110
1110101101110100
1110010010001000
1110001000010000
1110001100111110
1101111111000000
1101101110111010
1101101010011010
1101101010110110
1101101000000010
1101100011110000
1101100011110000
1101100011110000
1101100111110010
1101100111110010
1101110011111010
1110011010100000
1110110000110000
0000101100100110
0010000011101110
0010000010001100
0001011111111100
0001000010010110
0001000001111010
0001010001110000
0010010011101010
0001100100011000
0001001101111010
0000101001010010
0000000001111110
1111101111111110
1111010110010100
1111000010000010
1110101011101011
1110010110000010
1110000101111010
1110000000010100
1110000001110000
1101110111100000
1101110001010100
1101101110001100
1101101100111110
1101101001101010
1101100011110000
1101100011110000
1101100011110000
1101100110011100
1101101011000010
1101111000100100
0000000111010010
0000111110100000
0000110100100110
0000110111001100
0000111111100010
0000111101111110
0000110111101101
0000101011001110
1110110101101100
1110010100010111
1110001011101010
1110010101110000
1110010101011000
1110000001010000
1101101111111000
1101101100000100
1101101111111000
1101101110011000
1101111001101000
1110001000101110
1110010001100100
1110000110001000
1110001011110111
1110111000001000
1110110001111000
1110001100111000
1101110111100010
1101100011110000
1101100011110000
1101100011110000
1111100101001110
1110100010010000
0010011100010000
0010011100010000
0010011100010000
0010011100010000
1110110100000110
1101100011110000
1101111110100010
1110010100110110
0001101111100101
0010011100010000
0000100011101110
1110001011111100
1101100011110000
1101110001001010
1110000011000000
1101110001001010
1101110001001010
1101110101100110
1101100011110000
1101110101100110
1110010100110110
1111000101111110
1111001010011100
1101110101100110
1101110001001010
1101110001001010
1101110101100110
1110111000100100
1101100011110000
1101100011110000
1101100011110000
1110110101010000
1110111001110000
1110110111011110
1110111011110110
1110111010100010
1110111000010100
1110111010010110
1111000001100110
1111000001010100
1110100101000000
0000110001101010
0000110010101100
0000110010101010
0000110101011000
0000110110111110
0000111010001100
0000111110111000
0000111100111000
0000111110110110
0001010111001100
0000010010110000
0000001011000010
0001000001011010
0000001101111000
0001000000000100
0010000111001010
0010001010011100
1110010001010100
1110010000011011
1110100011010110
1111001000110000
1111011100100110
1111110101110110
0000000111000000
0000000101001100
0000100100110000
0001000101001110
0001000101101010
0010000011011100
0010001010001110
0010011000001100
0010011100010000
0010000101010000
0001111000001100
0001011011110010
0001011010111000
0001010111101110
0010001100000010
0001100010100010
0001100010100010
0001101101010110
0001100101010000
0001001011000110
0000110101111000
0000100111011110
0000101101010100
1111111111010100
0000000010111100
1111101101110000
1111001011111011
1101111100111010
1110100011111000
1110101111110110
1110111111010000
1111000011101000
1111111001011010
0000010001100110
0000101000111000
0000100011001110
0001100001110010
0001111100001011
0010000011011010
0010011100010000
0010010110100110
0001110001110100
0001110011111111
0001100110110100
0001111101001000
0001110110001110
0001111111000000
0001101110111110
0001100001001010
0001101000101100
0001101010100100
0001010100111000
0001001110010010
0001010000110100
0000111010011101
0000101111001010
0000101101111010
0000101100111110
0000001111101110
1101110110101000
1110011110000000
1110101100011100
1110100100011010
1110110110111010
1111011101000100
0000011010100000
0001010101001010
0001001011001000
0001100011100111
0010010001000000
0001110000000011
0010011100010000
0010010101000010
0010001101000000
0001101000110110
0001110100000110
0010001010111110
0010001111011010
0010010001000000
0001111100100010
0001110000111000
0001101111101010
0001110110000110
0001011111100110
0000111111111000
0001001001000110
0001001011100000
0000110010001110
0000101110100110
0000110110001101
0000011111010110
1111111011101010
1101100011110000
0010011100010000
1101100011110000
1110000011000000
1101100011110000
1110100010010000
0001101000001010
0010011100010000
1111000000011100
1111010010111110
1111101010110100
1111010000010110
1111101000001010
0000000101010001
1111110000001000
0000000111111100
0001000111100000
0001011111010110
0001100111010010
0010011100010000
0000101101000010
0001010100110000
0001010111011010
0000010101001100
0000011111110010
0000010101001100
1111110101011010
1111101010110100
1111101010110100
1111110101011010
1111110010110000
1111101000001010
1111101101011110
1111111000000100
1111110000001000
1111001011000010
1110110101110110
1111101010110100
1111010101101000
1110100011010101