1110100010111000
0000011110000000
0001010001111000
0001000011100000
1111001101011000
1110100100110000
1101111101011000
1101111110000000
1101111100001000
1101101111000000
1101111101011000
1110010000110000
1110100010010000
1111001110101000
0000001000110000
0001011111000000
0001111101000000
0001100100000000
0001000101011000
0001001101100000
0001110111011000
0010001011011000
0010000001011000
0001011110011000
0001010110010000
0010001001100000
0010011100010000
0010010010010000
0001111001111000
0001101110000000
0010000010101000
0001011100100000
1111010010010100
0000111010010010
0001010110100010
0001000111100000
1111101101011000
1110110111111000
1110100100000100
1110010010101000
1101110110111110
1101111101100110
1101110101001100
1110000001110100
1110011001010000
1110110100010010
1111010101111100
0000010100011100
0010000111110100
0010011100010000
0001110000111110
0000111111101100
0001000011010100
0001011010001010
0010000110000000
0010001101110100
0001101011100100
0001100110001010
0010010100011100
0010010110010000
0010010000110110
0001110011010111
0001011101110000
0001100000110000
1111100010011100
0001001000010110
0001011001110100
0001001000111010
1111110111110110
1111000000101010
1110011110111000
1101101101111000
1110000011010010
1110000011010010
1110000001000010
1110010100110000
1110001100110110
1110111110111110
1111010100011000
0000010111011000
0001011011100000
0001111101110110
0001111001010110
0000111101000110
0000111000100110
0001101100011000
0010000101001010
0010001000100010
0001100111010100
0001100011011000
0010010010001000
0010011100010000
0010011100010000
0010000000000110
0001111001111010
0001011001010000
1111010001110110
0000110001100110
0001001010010000
0000101111111000
1111010011000000
1110001110001100
1101111110101100
1110001001000010
1110000011010010
1101101111001110
1101101100111100
1110000001000000
1110001010001010
1111000111100010
1111010000101100
1111110111101100
0001010001101110
0001111100101110
0001101100000110
0000100111010010
0000011100011000
0001001001000110
0001101100101010
0001110000000110
0001010010110110
0001100010010110
0010000100110000
0010011100010000
0010001001111010
0001010100100100
0001010000100011
0001000111011000
1111011010011110
0001000100010010
0001100100010010
0001000011000100
1110110010100000
1110010110001100
1110000000000100
1101110011001000
1101101001111010
1101110100111110
1110000000000100
1110001110110100
1110011110001100
1110110100010110
1111010100010100
1111100001010000
0000110111111110
0010000100010000
0010000111010110
0000111101100010
0000101111111110
0001011100111000
0001111110000110
0001111010011010
0001100000100110
0001011001110100
0001111011101010
0010011100010000
0010001110101110
0001011101100000
0001010000100110
0000111000100110
1111100100111000
0001010001010101
0001110110001010
0001000000100100
1110110001001110
1110011001010110
1110000100101100
1101110100100010
1101110001111110
1101100110010110
1101111000011010
1110010110110000
1110011111001010
1110010001100110
1110111111011100
1111011110011100
0001001100110110
0010010010100100
0010001101011010
0001001000111110
0000110011000000
0001001000010100
0001110111011100
0001111011010100
0001011000011110
0001010011010010
0001011011000010
0010011100010000
0010001111111110
0001100101011000
0001010110100010
0000110001000100
0000000101101010
0001010110010000
0001111000111010
0000110101101110
1111001100011000
1110111010101110
1110111111101010
1111001001100100
1110010110101010
1110000100010011
1110101100100100
1111000100101000
1110111111101010
1111010001010111
1111000010100000
1111101001011000
0000010110101000
0010000111000010
0010011100010000
0001110110110010
0001000101010010
0001010110111110
0001101101100110
0001100101110100
0000101101111110
0000111011011000
0000100100110000
0001110111100000
0010001110001000
0001111101001010
0000110100010100
0000000101101010
1110101110001010
0000010110010100
0001011001010010
0001010001110110
1111000100011110
1110010111110110
1110011111010010
1110011111010010
1110101110001010
1110110101100110
1110111101000010
1111001011111011
1111010011010110
1111111000100100
0000100101001100
0001101111100101
0010011100010000
0010000101111100
0001101000001010
0001101111100101
0010010100110100
0001111110100000
0001100000101110
0001001010011010
0000101100101010
0001100000101110
0001111110100000
0001111110100000
0010000101111100
0001100000101110
0001101000001010
0001011001010010
1110111100000100
0000011011001011
0001001010101110
0000111101001010
1111010111010001
1110101110011110
1110100111101100
1110100111101100
1110100111101100
1110010011010100
1110000101101110
1110101110011110
1110010011010100
1111010111010001
0000011011001011
0010000111111000
0010011100010000
0001011111000110
0000101111100100
0000100001111110
0001110011100000
0010001110101010
0001011111000110
0000000000000000
0000101000101111
0001110011100000
0010000001000100
0010000001000100
0001100101111010
0001101100101100
0001111010010010
0001001010101110
1111001001110110
0001001000101110
0001010010000000
0000111001010000
1111111011010110
1111001001110110
1110111010011000
1101111100100000
1110001111000100
1110011110100010
1110010010001010
1110100111110100
1110101110000000
1110110111010010
1111101000110010
0000010100001000
0001101101110110
0010001100110010
0001110100000010
0001000010100010
0001001000101110
0001011000001100
0010010010111110
0010001111111000
0001100100100011
0001011011010010
0010010010111110
0010011100010000
0010000011100000
0001110100000010
0001110000111100
0001101010110000
1101100011110000
1101100011110000
1101100011110000
1101100011110000
1101100011110000
1101100011110000
1101100011110000
1101100011110000
1101100110110010
1101100110011110
1111010001001110
0001111011100000
0001111000111010
0000111101111011
0000011110110110
0000010001011000
1111111001110110
1111110100110110
1111100111000100
1111011110011010
1111001001110011
1110010101111100
1101111110011100
1101111001111000
1101110010010100
1101101101100110
1101101010101110
1101101010010010
1101101001101010
1101100011110000
1101100011110000
1101100011110000
1101100011110000
1101100011110000
1101100011110000
1101100011110000
1101100011110000
1101100011110000
1101100011110000
1101100011110000
1101100011110000
1101100110110010
1101100110010000
1111001110110110
0001111100010000
0001101011001010
0000010011000000
1111111110101100
1111100111110111
1111010111110100
1111001001001110
1110111010010010
1110101110100100
1110011011110010
1110000000100001
1101110001010010
1101110000001100
1101101100001100
1101101010111010
1101101001011110
1101101000101010
1101101000001010
1101100011110000
1101100011110000
1101100011110000
1101100011110000
1101100011110000
1101100011110000
1101100011110000
1101100011110000
1101100011110000
1101100011110000
1101100011110000
1101100011110000
1101111001101000
1101101000111100
1110101011000110
1110110110100100
1111000101011010
1110101000000110
1110010110100010
1110010100001101
1110010110111010
1110011001001110
1110010000111000
1110001111100000
1110000011101100
1110000100101110
1110001111100000
1110010101001110
1110001110111110
1110100011010010
1110010010101000
1110001011010100
1101111010101010
1101100011110000
1101100011110000
1101100011110000
1101100011110000
1101100011110000
1101100011110000
1101100011110000
1101100011110000
1101100011110000
1101100011110000
1101100011110000
1101100011110000
1101101000001110
0010011100010000
0010011100010000
0010011100010000
1110000011000000
1101110101100110
1101101100101100
1110000111011110
1101110001001010
1101110001001010
1101100011110000
1101101100101100
1110110100000110
0000010110010100
1110010000011011
1101110101100110
1101110001001010
1101110101100110
1101101000001110
1101110001001010
1110101011001101
1101100011110000
1101100011110000
1101100011110000
1101100011110000
1110111010110010
1110111110000110
1110111011100100
1110111111001110
1110111001101110
1110110100110000
1110101100101000
1110100110011000
1110100000010100
1110001111010010
0001010001010000
0001010010101100
0001010011000110
0001010100101100
0001010110101110
0001010111000110
0001010101010100
0001011011010010
0001011101011100
0001010101010100
0000011101001001
1111111100010100
1111010010100010
0000110100001100
0010010110110110
0010010001101100
0010011000111110
0010011100010000
0000000101010001
0001010110000010
0001010110000010
0000101011111000
0000100100111000
0001100000100100
0001110010001000
0010011100010000
0010001110001110
0001111100101001
0001101110100110
0001100100000100
0000111101011100
0001000111111110
0001001011100000
0000100100111000
0001000111111110
0001001011100000
0001001111000000
0001100111100110
0001101011000110
0001100111100110
0001011001100001
0001000100011110
0000101111011010
0000101111011010
0001000111111110
0001000100011110
0001010110000010
0000111101011100
0000111101011100
1111101001001100
0000010010010100
0000011101100100
0000001111011110
1111100010011100
1111001110101110
1111110110001010
0000011010110000
0010010011110100
0010011100010000
0001100110110000
0001101001100100
0000101011101000
0000100000011000
0000110100000101
0000101011101000
0000011010110000
0000000001011010
0000010010010100
0000001001110110
0000001001110110
1111111011110010
1111101101101100
1111110000100010
1111011100110100
1111001011111011
1111101010111001
1111111110100110
1111101010111001
1111011111101000
1111011111101000
0000000001011010
1111011111101000
0000110111011000
0001101011000010
0001001011000100
1111111100010100
1111110010011110
0000001000101000
0000110100111010
0001100011101010
0010001011000010
0001111001110100
0010011100010000
0010000011101010
0010010010011010
0010011001110010
0010000011101010
0010000011101010
0001001011000100
0001001011000100
0001000011101010
1111110010011110
0000000110001010
0000000110001010
1110111110110010
1110100011101110
1111000001010000
1111110010011110
1111010100111100
1111010111011011
1111001011000110
1110101101100100
1111101000101000
1111010010011110
0001011110000000
1101100011110000
1101100011110000
0010011100010000
1101100011110000
1101100011110000
1101100011110000
1110000011000000
1101100011110000
1111110100100000
0000010010000110
0000000001101010
0000011111010000
0000100101110110
0000001000001110
0000011000101010
0000001000001110
0010011100010000
0001110001100000
0001100111101000
0001110100110001
0000111001100100
0001010111001010
0000101100011010
0000011000101010
0000000001101010
1111110111110010
0000000100111100
1111101101111010
1111011101011110
1111101101111010
1111101010101000
1111111110010110
0000001011100000
0000010010000110
1111110100100000
1111000011001010
1111110111110010
0000001011100000
1111001101000000
1110100101100010