1111101010001100
0000111100110100
0001101000111100
0001111000010110
0000101001110100
1111101110010010
1111011100010110
1111001111000000
1111011011010100
1111011100010110
1111011101111000
0000001100000100
0000010000001010
0000111101110110
0001101100000000
0001111011111100
0010010010000000
0010001100010110
0001011111101100
0001100110111000
0010001010110100
0010010111101000
0010011100010000
0001110101110000
0001011111101100
0001000000011010
0001000100000000
0001100100110110
0001100101010101
0001111001010110
0001011100101000
0001000111100110
1111100100101110
0000110001010010
0000111000010101
0001010100000100
0000011101111100
0000000011000110
1111011001101110
1111001101110100
1111001010110000
1110101101101100
1110111111010100
1111100001001101
1111100111110010
1111111001011010
0000000100110110
0000110100011000
0001100010001010
0001111001000010
0010010011011100
0010011100010000
0001011010101010
0001100011011110
0010010110000110
0010000110101100
0010010011111000
0001101101001010
0001110101100010
0010010000110100
0010001011100010
0010001111000010
0001110111010010
0001010110010010
1111011011000010
0000011001001100
0000110100110110
0001000000101000
1111100111110000
1111001101111001
1110110111101010
1110011011100010
1110011100011100
1110010111011110
1110100110011100
1110111001111100
1111000000101110
1111011001101100
1111110111001010
1111111011101100
0000110000010011
0001011100010100
0010000111011000
0010001000010010
0001100111101000
0001010010010100
0001100100011110
0001111110110010
0010001011000000
0010001111100100
0010001001101010
0010000111011000
0010011100010000
0010010101000000
0001110110100110
0001011000101010
1111011101101010
0000101000010100
0001101000011111
0001001111001000
1111000101110010
1110011000100000
1110001010100100
1101110010101100
1101110001101100
1101111101101000
1110001001000100
1110100101111100
1110101001111010
1110111010010110
1111010000001110
1111010101101100
0000000010000000
0001001011001000
0010000010011000
0010011100010000
0010000000111000
0000101110010010
0001001111001000
0001011101100100
0001111100111010
0010000100011000
0010000001011000
0001101000011111
0001110111011100
0010000001111000
0010000011011000
0001110100011100
1111100000011100
0001110011010110
0001111001111010
0000001111111010
1111100011011110
1110011110010100
1110001110001010
1101100100010000
1101101001010100
1101101100010110
1101111101100000
1110011000110000
1110010111010000
1110101011111100
1111000000001000
1111011000011000
1111110101101010
0000100001000100
0010000001100000
0010011100010000
0010010011001010
0000110111110010
0001001010111110
0001001101000000
0001110001010110
0001101111110100
0001010101000100
0001001001011110
0001100001101100
0001110010110110
0010010110001100
0010001110101000
1111100101010000
0001000001010000
0000110110010000
1111111101010000
1110101010010000
1110011110110001
1110000101010000
1101110110010000
1101101110010000
1101111011110000
1101100111010000
1110001011010000
1110011000110000
1110111000010000
1110111100110000
1111010101010000
1111100011110001
0000001010010000
0001010111010000
0010011001110000
0010011100010000
0001011001010000
0001011111010000
0001101101110000
0010000100010000
0010000101110000
0001100111010000
0000111110110000
0001011110010000
0001100110110000
0010001000110000
0010011001010000
1111011010111110
0000100010100000
0000101100001000
1111101101110000
1110100001101010
1110011000100000
1101110001011100
1101111011100110
1110011100100100
1110011001100010
1110010000111010
1110011110100111
1110100111101111
1110101011110010
1110100110101110
1111000010101000
1111011010111110
1111111010111100
0001000111100010
0010011000001100
0010011100010000
0001101011100100
0001101011000010
0001110000001000
0010001111100100
0010000011011010
0001100011111011
0000101010101000
0000111110011010
0001010111010000
0001110000101000
0001111110010100
0000000000000000
0001110111100000
0001101110010010
0001010010101110
0001001001100010
1111101101101000
0000000000000000
0000000000000000
1111110110110100
1111011011010000
1111011011010000
0000001001001100
0001000000010110
0001101110010010
0001110111100000
0010010011000100
0010010011000100
0001101110010010
0001101110010010
0001010010101110
0001011011111001
0010011100010000
0010010011000100
0010011100010000
0001110111100000
0001110111100000
0001110111100000
0001010010101110
0001010010101110
0010010011000100
0001101110010010
0010000000101100
1111011111010010
0000010010001010
0001010011100100
0001100010001000
1111100110100100
1111001001100000
1111011111010010
1111100110100100
1111011111010010
1111101101110110
1111110101000110
0000001010111010
0000101111010000
0001010011100100
0001110111111010
0010000110011100
0001110111111010
0001011010110110
0000111101110001
0001101001011000
0010010100111110
0010011100010000
0001111111001011
0001010011100100
0001001100010100
0000110110100000
0000101111010000
0000111101110001
0001000101000010
0001010011100100
0000101111010000
1111111100011001
1111101101011010
0000110111110100
0001101111100101
0001010001110110
1111110001001000
1111000100011110
1110010111110110
1110000101001110
1110010100001000
1110011111010010
1101101110111010
1111001011111011
1111000000110000
1110110001111000
1111101101011010
1111011110100010
0000010110010100
0001001010011010
0010001101011000
0010011100010000
0001110111000100
0000110100000101
0001011001010010
0001011001010010
0001111010110010
0001111110100000
0010000101111100
0001100000101110
0001011100111111
0001111110100000
0001111010110010
0001100100011100
1101100111001010
1101100111110110
1101101000000110
1101101000100010
1101100111110110
1101101001011110
1101101010100100
1101101011011000
1101101011000110
1101101101101100
1101111010101000
0001100111000000
0001011101010110
0000101111000010
0000101010011001
0000010000100010
0000100100001010
0001000101101010
0000000110100110
1111010000101100
1110110001001110
1110011100100010
1110001011010000
1110000100011101
1101111000000010
1101110011000000
1101110000110100
1101101100001100
1101101001111000
1101100111010010
1101100111000010
1101100011110000
1101100011110000
1101111010111100
1110011000100000
1110100101000000
1110110000011110
1111000001100110
1111011110011110
1111101001110000
1111111110100010
0000001010011010
1111110110111100
1111011111000000
0001011000101110
0001101000100100
0001101111011110
0010001010101010
0001000110100010
0000011111010000
0000000111101000
1111011110111010
1111011000011010
1111010101100111
1110110101011000
1110001011001010
1110001010000010
1101111010001100
1101110011111010
1101101111111100
1101101110011100
1101101101010100
1101101000110110
1101101000101100
1101100011110000
1101100011110000
0001110011000000
0010011100010000
0010011100010000
0010011100010000
0010011100010000
0010011100010000
0010011100010000
0010011100010000
0010011100010000
0010010110111100
0001111010010010
1111000010000010
1110011101110100
1110100010111000
1110101011000000
1110101011101000
1110001000111100
1101110100001110
1101110100110010
1110110011010010
1111101010101100
1111010110100000
1110111110011000
1111001000010000
1110111110011000
1110010100101100
1110001101011010
1110001100111000
1110011000010110
1101110111100010
1101111100110000
1101100011110000
1101100011110000
0010011100010000
0001100010001110
1110000011000000
1110000111011110
1110010000011011
1110010000011011
1110000011000000
1110000011000000
1110000011000000
1110010000011011
0010011100010000
0010011100010000
0000010001110110
1110100010010000
1101111010000100
1101110001001010
1110101011001101
1110011101110010
1110000011000000
1110000011000000
1110010000011011
1111101110001010
1111010111110100
1101111010000100
1110011001010100
0000000000000000
1110011001010100
1110000011000000
1110010100110110
1110000111011110
1110000111011110
1101100011110000
1101100011110000
0000001000110100
0000001100110000
0000001111000110
0000010011001100
0000010110100100
0000011001010100
0000011010111100
0000011000010010
1111111101110010
1110111110110010
1111101001001100
1111101101111110
1111101011101110
1111110011101000
0000000001100010
0000010011101110
0000100110101100
0000111011101000
0001010001000110
0001100100111100
1110111011010000
0000100110100110
1111011110110110
1111110100000100
0001101011111101
0001110100110000
0001100101000100
1111011000111100
1110101111101110
1111000110001000
1111110010101100
1111111111010001
1111111010110010
0000001000001110
0000100100101000
0001001011110100
0000101000110100
0000101011001110
0001000000011100
0001001101000000
0001000001101000
0001000101110100
0001010001110010
0001100111010100
0001110110111000
0001101001000111
0001111000011000
0010010010101100
0010011010011110
0010011100010000
0010001001001000
0010000000011100
0010000011001000
0010001100101100
0001110001100000
0001111001010000
0001010101111110
0000111111110110
0000110010011000
0000010100001100
1110001111111010
1110110101110000
1111000000010110
1111100001111010
1111101001010110
1111101110010100
0000001000101100
0000101101011010
0000011110100010
0000100001101100
0000111111001100
0001000000010100
0000111001110010
0000110000100100
0000101010000010
0001001001010110
0001101010011110
0001011001110010
0001001111111000
0001111011110100
0010010011011110
0010011100010000
0010010101100000
0010010001111000
0010010000100010
0010001111110110
0010010111010010
0010000011010000
0001111110110000
0001011010101100
0001000010010110
0000011100100000
1101100111010110
1110011100101000
1110101111110110
1111010010001010
1111100001100010
1111100101010110
0000000000000000
0000101011011100
0000101000110100
0000010101100110
0001000111110000
0000111111100101
0000101111110000
0000111001011000
0000111111100101
0001000001000010
0001111010111000
0001010101001110
0001011111111111
0001110001110010
0010010110111110
0010011100010000
0001111000100000
0010000001100110
0001111110101110
0010000101111100
0001111110111110
0001111110000000
0001101101101100
0001010001110110
0000111010010011
0000100001100110
1101101110111110
1101100011110000
0010011100010000
1101100011110000
1101100011110000
1101100011110000
1111100000110000
0010011100010000
1101100011110000
0000011001101100
0000101100111100
1111110111011100
1111101100110000
1111001010100000
1111101000011110
1111011011101000
1111100110010100
0000001110111110
0001101111010100
0010000010100100
0001101011000010
0010000100101110
0001101011000010
0001000110101000
0001011001111010
0001100110110000
0010011100010000
0010001101010010
0001101111010100
0000110101100000
0001010011011110
0001101111010100
0000100000000110
1111110101010100
1111111101111000
0000110111101010
0000110111101010
0000011011110100
1111100100001100
1111010101001100
1110100011111110