1101111111101010
1111111110101110
0000000111100000
0000101101001100
0000111011101001
0001010001010101
0001100101100000
0010001101010010
0010011100010000
0010000011011110
0010000001111010
0010000010011100
0010000100100000
0001101100001110
0001101000000110
0001001100001100
0001000100011100
0000110111000000
0001000011111100
0001001001000110
0001101001000111
0001011111110100
0000111111010010
0000110000010010
0000101001100110
0000101101001100
0000011000000010
0000001110101110
0000010010010110
0000000001110011
0000100100111100
0000011111110010
1110010100100001
1111111001110010
1111111110000110
0000100111001100
0000101011111110
0001010010001100
0001011010110010
0010001110111000
0010011100010000
0001101010000100
0001110001101110
0001110100001000
0010001110011010
0001110101000100
0001011010010100
0001000110101110
0000111001110100
0000101000101000
0001000101010010
0000111101001010
0001011101001100
0001011010010100
0001000010011010
0001000100010110
0000100000000000
0000100110101110
0000001010000001
0000010101000010
0000000110101100
0000010110111100
0000010001001100
0000011110100110
1110101001111000
0000000100000100
0000000110011100
0000101011001100
0000101010001110
0001010101101000
0001010110001000
0010010001110000
0010010110100010
0001111011010110
0010000000100110
0010010001110000
0010011100010000
0001110101100110
0001111101101110
0001001010101010
0001010010110010
0000111111101100
0001001101100010
0001000111010100
0001011000111110
0001000100011110
0001011101110000
0001000111110100
0000110011010010
0000011011111010
0000011011011100
0000001101001000
0000010100110000
0000000100100010
0000011100011000
0000010100010010
1110111000100100
0000010001011110
0000001101111000
0000111000000001
0000101110110010
0001011101100010
0001100100110000
0010011001001010
0010001011010010
0010000100100110
0001110101001100
0001110100101100
0001100100001110
0010010110000110
0010000110101010
0010011100010000
0010001101010110
0001111010010100
0001100101010000
0001101010011010
0001010100010010
0001101000110110
0001010100010010
0001101111100010
0001011010111110
0001010001101110
0000111000100010
0001000001010010
0000100110000010
0000101011001100
0000010101100110
0000101010101010
1110111110000100
0000010111011000
0000010010001010
0000111111110110
0000111011001100
0001100010001000
0010000000110000
0010011100010000
0001110101110110
0001010011000100
0000111000000100
0001001001001100
0001001100110100
0001011001110100
0001100100101101
0001101110100100
0001111110101010
0010000111100000
0001111100100110
0010000000001110
0001101001111010
0001100110010000
0001111000111100
0001110000101010
0010010100011110
0010001001100100
0001111000111100
0001100111010100
0000111111110110
0000101011100110
0000101110101110
0000011000111001
1111001100100010
0000110011011110
0000101000101010
0001010100000000
0001011011001110
0001111100111100
0001010101110100
0001101001101100
0000110101010010
0001000111010110
0000001011001000
0000010100001010
0000101001110110
0000101110000100
0000100111011100
0000100101000010
0000110001000100
0000101000101010
0001100111110111
0001100110101010
0010011100010000
0010001000111110
0001110100100000
0001011110001110
0001100000100111
0001100011101010
0010000011100100
0001100111010000
0001001100001010
0000110010010001
0000110101010010
0000011000011000
1110011100110000
0000001110110010
0000010100011010
0000001010100011
0000101101000010
0001001110001000
0000111101111011
0000100001110010
0000001010100011
1111011100000110
1111001111011100
1111000011011110
1111100101111110
1111011100000110
1111010100011000
1111100100100100
1111100111011000
0000000000101110
0000000111110000
0000011011011100
0001011001010111
0010001000100010
0010011100010000
0010000000000110
0001110100001000
0001101100011000
0001110110111100
0010001100110010
0010000101000010
0001010010010110
0001001101011010
0000100100100110
1110011010000110
0000010100010111
0000100110100000
0000101111100100
0001001010101110
0000101111100100
0001110011100000
0010000001000100
0010001010001000
0010001110101010
0001100101111010
0010001110101010
0010011100010000
0010001010001000
0001101110111110
0001011000010100
0001010011110010
0000110100000101
0001001111010000
0001000110001100
0001101010011100
0001100001011000
0000110100000101
0001001010101110
0000111000101000
0000111101001010
0000101011000010
0000100110100000
0000110100000101
0000001111110110
0000101111100100
0000010100010111
1110011001101000
1111111010101000
0000000000000000
0000101011000110
0000110101111000
0001010000110100
0001110001001010
0001101011110000
0010011100010000
0010010001011110
0010001100000110
0010001100000110
0001111011111100
0010000001010100
0001010000110100
0001010000110100
0000111011010010
0001000110000010
0001000000101010
0001100000111110
0001011011100110
0001010000110100
0001010110001110
0000100101101110
0000110000100000
0000010101100100
0000011010111100
0000001010110010
0000000101011000
0000000101011000
0000100101101110
0000100101101110
1110011111101010
1111111101011010
0000000000000000
0000100111000100
0000101001101010
0001010101111100
0001100000010110
0010001111001110
0010011100010000
0001101010110010
0001101101011000
0001101101011000
0010001100101000
0001110111110001
0001001011100010
0000111001010010
0000110100000101
0000100100011110
0001000001000110
0000110100000101
0001011011001010
0001011011001010
0000111011111010
0001000001000110
0000011100101010
0000100100011110
0000000111110100
0000010100110110
0000001010011010
0000011010000010
0000001111101000
0000100001110110
1101100011110000
1101100011110000
1101100011110000
1101100011110000
1101100011110000
1101100011110000
1101100011110000
1101100011110000
1101101010010110
1101101100011100
1110110010100100
0001010110001000
0010000111110000
0010010100111110
0010001100111110
0001111101000000
0001101110000100
0001011100000000
0000111000010000
0000110100011100
0000011010110000
1110110001001100
1101111100000100
1101111000100110
1101110110100000
1101101110111000
1101110011101110
1110001100000010
1110011111001000
1101100011110000
1101100011110000
1101100011110000
1101100011110000
1101100011110000
1101100011110000
1101100011110000
1101100011110000
1101100011110000
1101100011110000
1101100011110000
1101100011110000
1101100101010100
1101100101010100
1110010111010100
0000000011000110
0000111111001100
0001110010111010
0001010111100110
0001000111110100
0000011010001110
1111100101110010
1110110110110010
1110010101010100
1110000100101010
1101111000011110
1101101101000110
1101101100001010
1101101010011010
1101100111011000
1101100110100100
1101101000011010
1101101001111000
1101100011110000
1101100011110000
1101100011110000
1101100011110000
1101100011110000
1101100011110000
1101100011110000
1101100011110000
1101100011110000
1101100011110000
1101100011110000
1101100011110000
1101101110001010
1101110010010100
1110000100000010
1110101000111100
1110100110101100
1110100110010000
1110100101011000
1110101000000011
1110101011001010
1110101011001010
1110011101110010
1110010011000000
1110010011011011
1111100000010110
1111101100101110
1111010010001010
1111011101000110
1110100101111000
1110001110111110
1101110100111100
1101101101101000
1101100011110000
1101100011110000
1101100011110000
1101100011110000
1101100011110000
1101100011110000
1101100011110000
1101100011110000
1101100011110000
1101100011110000
1101100011110000
1101100011110000
1101111010000100
0010011100010000
0010011100010000
0010011100010000
1110110100000110
1111010111110100
1110011001010100
1110010000011011
1110011001010100
1110011101110010
1110111000100100
0000000000000000
1111110111000100
0000001101011010
1110101011001101
1110001011111100
1111001010011100
0000101100101010
0000001101011010
1110010000011011
1110111000100100
1101100011110000
1101100011110000
1101100011110000
1101100011110000
0010011100010000
0010011100010000
0010011100010000
0010011100010000
0010011100010000
0010011100010000
0010011100010000
0010011100010000
0010011100010000
0010011100010000
1101100011110000
1101100011110000
1101100011110000
1101100011110000
1101100011110000
1101100011110000
1101100011110000
1101100011110000
1101100011110000
1110111100010100
1110000000111010
1111100100011100
1110101001010110
1111011011100110
0000001011010010
0000011011111010
0000111110100100
0010011100010000
1110011111100110
0000001001111110
0000111111001010
0001111011000000
0010001110111100
0010011100010000
0010011100010000
0010010101100110
0001110100010110
0001111011000000
0010000001101010
0001111011000000
0001110100010110
0001011001110000
0001000101110100
0001011001110000
0001100000011010
0001011001110000
0000111000100010
0000100100100100
0000100100100100
0001001100011110
0001101101101110
0001111011000000
0001111011000000
0001111011000000
0001111011000000
0001101101101110
0001001100011110
0000111000100010
0000001001111110
1111001110001000
1111001111100110
0000100101010110
0000010111100000
0001100111101101
0010001000111010
0010000000100110
0010011100010000
0001100111101101
0001010001100110
0001000011110000
0001100100111100
0001010001100110
0001001110110100
0000011010010001
0000010111100000
0000111011011110
0001101010011110
0001100010001100
0000010111100000
0000001111001110
1111011101011100
0001000011110000
0001100010001100
0001101010011110
0001101101010000
0001110000000000
0001111000010100
0001010111001000
0001001110110100
0001001001010010
0000110000011010
1111110110010100
1111100101101111
0000111110001110
0001100010001100
0010001110011100
0010001000111010
0010010110101110
0010011100010000
0001111101110110
0001011100101010
0001001100000100
0001100010001100
0001011001111000
0000111000101100
0000111011011110
0000100010100100
0000110101111100
0001010001100110
0001001001010010
0000011111110100
0000001111001110
0000000100001010
0000101010111000
0000110101111100
0001001100000100
0001001110110100
0001000011110000
0000110011001010
0000100101010110
1111101110000010
1111110110010100
1111011101011100
1110111111000000
1111101100100110
1101100011110000
1101100011110000
0010011100010000
1101100011110000
1101100011110000
1101100011110000
1101111101110010
1101100011110000
1110001100101110
0000001111011000
0000010111000100
0001001010010010
0000001010010000
1111010001111010
1111110011001100
1111110000101000
1111101110000100
0000000000000000
0000111101011110
0001100011111010
0001110000101110
0010011100010000
0010001111011100
0001101110001010
0000101000111110
0000101000111110
0000111101011110
0001000000000010
0000110101110010
1111101011100000
0000001010010000
1111101110000100
0000100011111000
0000001111011000
0000001010010000
1111100001010000
0000001010010000
1111011100001000
0001011001101010
0000001111011000