1110100100101110
1111011011001000
1111100111011010
0001000110001110
0001110000010111
0001011110110100
0000101101101010
0000001100010010
0000001010100010
0000001111110100
0000100011001000
0000111000001011
0001101001010110
0010011100010000
0010011000110000
0001100100000100
0001010110000010
0001010100010010
0001101001010110
0010000001111010
0001111110011010
0001010100010010
0000110001001010
0000100001010110
0000011101110110
0000101101101010
0000110110011100
0001010110000010
0001000110001110
0000011010010110
0000110001001010
0000011111100110
1110100000010010
1111110000100010
1111110111100100
0001010101111000
0010000010111010
0001111011110111
0000100110000000
0000010101000111
0000001100101010
0000001111011110
0000101011101000
0000110001010010
0010000001100000
0010011100010000
0010010101001110
0001000010001010
0001000010001010
0001010111010010
0001110111101010
0010000100010100
0001100101010101
0000111100100010
0000100111011010
0000011001010110
0000010111111100
0000011010110000
0000110101100000
0001001001001100
0001000010001010
0000100110000000
0000111001101110
0000100110000000
1110010110010100
1111100110101110
0000000100100010
0000111011000000
0001111011110110
0001110000001010
0000011111110010
0000001101101000
1111111111010110
0000000000101010
0000100111100100
0000110001111100
0001111111101110
0010011100010000
0010000011101000
0001000100000100
0001000100000100
0001011100101110
0010000001000010
0010000011101000
0001100111000110
0000111101100110
0000101110000001
0000010110101100
0000010110101100
0000100011101010
0001000110101010
0001010110001110
0001001110011100
0000111000011010
0000111101100110
0000110011001110
1110010010111101
1111100010000010
0000000100011110
0000101001011110
0001110011011100
0001101011110010
0000110001000110
0000010110010100
0000010001001110
0000010010100000
0000110010011000
0000111111001000
0001111000100010
0010011100010000
0010001011101010
0001001010101000
0001001011111010
0001100000010011
0001111001110100
0001101011110010
0001010011100010
0000111101111000
0000100000100010
0000010011110010
0000011000111000
0000100011000100
0000110011101010
0001001011111010
0000111111001000
0000100001110100
0000100100010110
0000011000111000
1110011111101010
1111101001111000
0000001011101110
0000110000001100
0001110111110001
0001101111111110
0000111110100000
0000011010000010
0000101000011000
0000100101110000
0001000001000110
0001001010001110
0010001100101000
0010011100010000
0010011000010110
0001100110111000
0001100001101010
0010000100110100
0010001010000010
0001111111100110
0001011001110110
0001000001000110
0000101101100100
0000100011001010
0000101101100100
0000110101011000
0001001111011100
0001010010000010
0001000111101000
0000110010110010
0000101100010010
0000100101110000
1110100101110100
1111101001001000
1111111110101110
0000111001001010
0001101111110010
0001101010101110
0000111111100010
0000011101001110
0000100010010100
0000100111011000
0000111100111110
0001001110110000
0010010100101000
0010011100010000
0010011000011100
0001010011110110
0001100000100010
0001111100011111
0001101110100010
0001011111010010
0000111110001111
0000101111000000
0000011010101100
0000001111010000
0000001010001010
0000101100011110
0000101001111010
0000101101101110
0000001100101110
0000001010001010
0000001101111101
0000000010100010
1110100010101101
1111010001111010
1111101100111000
0001001001000100
0001011111100100
0001010110100100
1111111100101000
1111010001111010
1111111000001000
0000001001000000
0000010011001000
0000011111011110
0001101101000010
0010010010001000
0010011100010000
0001100000101100
0001011000110100
0001010010000100
0000111010011101
0000100111010110
0000001111110000
0000000101101000
1111101100111000
1111110000010000
1111110111000000
0000000100100000
1111111101110000
1111011110010010
1111011010111010
1111001100010010
1111010001111010
1111000100011100
1101111000100110
0000000000000000
0000010100110110
0000111110100000
0001010011010110
0001001000111010
0001010011010110
0000111110100000
0000110100000101
0000111110100000
0001001000111010
0001101000001010
0001101000001010
0010010001110110
0001111101000000
0010011100010000
0001111101000000
0001110010100110
0001111101000000
0000110100000101
0001111101000000
0001101000001010
0001011101110000
0001011101110000
0000111110100000
0001010011010110
0001001000111010
0001010011010110
0000111110100000
0000110100000101
0000111110100000
0000010100110110
1110110101100110
1111111000100100
0000011101110000
0001100000101110
0001110111000100
0001010001110110
0001011001010010
0000101100101010
0000100101001100
0000100101001100
0000101100101010
0001011001010010
0001101111100101
0010011100010000
0010010100110100
0001101111100101
0001101000001010
0001110111000100
0001110111000100
0010010100110100
0010001101011000
0001101000001010
0001001010011010
0000110100000101
0000110100000101
0001000010111110
0001001010011010
0001100000101110
0001100000101110
0001010001110110
0001001010011010
0001001010011010
1110101011011000
1111111001100000
0000010110110010
0000110100000101
0001011110011010
0001101011011100
0001010100101000
0000100000100100
0000100111000100
0000110100000101
0001000111101000
0001011110011010
0010010101110000
0010010101110000
0010011100010000
0001110001111100
0001101000001010
0010001000101110
0001110101001100
0001101110101100
0001010100101000
0001000111101000
0000101101100100
0000101010010100
0000101010010100
0000110000110100
0000110100000101
0001000100011000
0000100011110100
0000100011110100
0000101010010100
0000100000100100
1101100011110000
1101100011110000
1101100011110000
1101100011110000
1101100011110000
1101100011110000
1101100011110000
1101100011110000
1101100101000010
1101100100100100
1101101000010010
1111010001010000
0001100000101010
0001011011110110
0010001010100010
0010011100010000
0010011001000100
0010001000011100
0001110100101110
0001000010000010
0000000000000101
1110000110111100
1101101001101000
1101100110110000
1101100101101000
1101100101010010
1101100101001010
1101100100111010
1101100100110000
1101100101100100
1101100101001110
1101100100111010
1101101001001110
1101100011110000
1101100011110000
1101100011110000
1101100011110000
1101100011110000
1101100011110000
1101100011110000
1101100011110000
1101100100010110
1101100100010010
1101100110010100
1110110001011000
0000101010100110
0000011001101010
0001111111110010
0010001100110100
0010010101111100
0010001100110110
0010001011111010
0001100110111000
1111100010001100
1101110110110000
1101100111010100
1101100101101110
1101100101000110
1101100100110100
1101100100110000
1101100100011110
1101100100011000
1101100101001010
1101100100110010
1101100100011010
1101110110010000
1101100011110000
1101100011110000
1101100011110000
1101100011110000
1101100011110000
1101100011110000
1101100011110000
1101100011110000
1101101110011010
1101101111001100
1101110100111100
1110110110000010
1110101011101000
1110011111001000
1110100011010010
1110100111011100
1110101100101010
1110100101011000
1110110001111000
1110101101001100
1110100001011110
1110111111001010
1110010111010100
1110100010110000
1110100010010000
1110011010011100
1110000011100001
1101110000010000
1101101011000010
1101111101110010
1101111000100100
1101110001010010
1110011011011110
1101100011110000
1101100011110000
1101100011110000
1101100011110000
1101100011110000
1101100011110000
1101100011110000
1101100011110000
1111001010011100
1111000101111110
0010011100010000
0010011100010000
0010011100010000
0010011100010000
1111001010011100
1110100010010000
1110101011001101
1110100010010000
0000100011101110
0010011100010000
0010011100010000
0010011100010000
0010011100010000
1110101111101010
1110000011000000
1101111110100010
1101101100101100
1110011001010100
1101111110100010
1110010100110110
1101111110100010
0010011100010000
0010011100010000
0010011100010000
0010011100010000
0010011100010000
0010011100010000
0010011100010000
0010011100010000
0010011100010000
0010011100010000
0010011100010000
0010011100010000
1101100011110000
1101100011110000
1101100011110000
1101100011110000
1101100011110000
1101100011110000
1101100011110000
1101100011110000
1101100011110000
1101100011110000
0000000110010000
1110010011100010
1101100110001010
1110001110000100
0000001010100110
0000100111001100
0001010110101000
0010011100010000
1111110100111100
0000100100010100
1111001000110000
0000100100010100
0001001101010110
1111100010000000
0001101100111001
0010011100010000
0001000111000010
0000110111010000
0001100110100110
0001111100101100
0001110011001110
0001100000010010
0001001101010110
0001000111000010
0001010011101010
0000011010110110
0000110100000101
0000110111010000
0001001010001100
0001101001110000
0000101010101000
0000010100100010
0000011010110110
0000011010110110
1111110001110010
1111111110011010
1111010101011000
1111101000010100
0000010100100010
1110110101110100
0000011001101000
1111111101011100
0000010100100000
0001001010010010
0000011001101000
0001110101110100
0010011001101100
0010011100010000
0001111000011000
0001011110110010
0001100110011110
0001101001000010
0001101011100110
0001111010111100
0010011100010000
0001010111000110
0001000111101110
0000111101011110
0001100110011110
0001000101001010
0001101110001010
0000110101110010
0001000000000010
0001010100100010
0000010100100000
0001011110110010
0001010001111110
0000100110011100
0000100110011100
0000011110110000
0000110101110010
1111000111101011
0000001110011100
0001000000111010
0001011011010110
0001101110100100
0001100010100100
0001011101110000
0010011100010000
0010010010101000
0001110101110010
0001100100111110
0010001011011100
0010000100001110
0001010001101110
0001111101000000
0001111101000000
0001100010100100
0001101110100100
0000100110011110
0001000000111010
0000111110100000
0001010100001000
0001100111011000
0001001111010100
0000101101101100
1111110011111110
0001001000001000
0001100100111110
0000111100000110
1111111011001100
0001001000001000
0000111001101011
0000010101101000
1101100011110000
0010011100010000
1101100011110000
1101100011110000
1101100011110000
1101100011110000
1101100011110000
1101100011110000
0010011100010000
1110001011111100
1111100111011100
0000011010110010
0000101110111000
0001110110010100
0010011010000010
0010011100010000
0001100010001110
0001001011111010
0001101000111010
0001100100011100
0001010100110011
0000111010000010
0000110101100100
0000111100010001
0000111100010001
0001001001101010
0000110011010110
0000111110100000
0001101101011000
0001010111000100
0001101011001010
0001101101011000
0001111010110010
0001010111000100
0001011111111110
0001011001010010
0001101000111010
0001101101011000
0001101000111010
0001001011111010
0000110001000110