0000000001000110
0001101101001110
0001100000010000
0010011000011110
0010011100010000
0010011011101110
0010000110101000
0010001001111000
0001110000011110
0001101001011100
1111010101110110
1110101011001000
1110110000100010
1110100011100100
1110101010100101
1110100100101000
1110100100101000
1101111001111010
1110000010000010
1110000011101011
1110110001000100
1111011010101100
1111010011001000
1110111000101000
1110110111100100
1110101011001000
1110010110000010
1110110111100100
1111001111010110
1111000100000000
1110010110000010
1101111000010010
1111011010100000
0000011111100010
0000100000000000
0000110011110001
0001011011110100
0001100101011110
0010011100010000
0010001010110000
0001101111100101
0001000010100000
0000110001111100
1111111010010000
1111101100111010
1111011010100000
1110110111111110
1111000110101100
1110000000010010
1110000011000010
1101111100100110
1110100101000110
1111000011000010
1111101100111010
1111110110000110
1110101000010100
1110010110011000
1110000101110100
1110000101110100
1110100101100100
1111010101111000
1111010010001110
1110100110111101
1110001101001010
1111011101110110
0000100100001000
0000100001101010
0000110011000110
0001010000100000
0001101011111010
0010010101010010
0010001101010100
0010011100010000
0001110100111000
0001101110011010
0001010010000000
0000101110100110
0000000101101110
1111100111010110
1111011110010110
1110001101001000
1110101101000000
1110111101011110
1111100100010110
1111110000010100
0000010110001011
1111111000010010
1110100111000010
1110111001011110
1110110100000000
1110111111011110
1111000111111100
1111010110111000
1110100010100100
1110100000000100
1110000010101010
1111010111110000
0000011001011010
0000011100000101
0000101011011000
0000111110101110
0001010001101000
0001110011010110
0010010001011110
0010011100010000
0001001010011010
0000111101011000
0001011001010000
0000110111111110
0000110111000110
0000001100011000
0000000000001110
1111100110001010
1110111001001100
1110111111111100
0000000010000010
0000011010010100
0000111000011100
0000001100110100
1111010101100000
1110001011010100
1110010010000100
1110011001010000
1110110000001100
1110111001001100
1110110000101000
1110101000000110
1110000100100100
1111100100000101
0000101110111000
0000110001010000
0001000110100100
0001011110101100
0001011111001010
0010011100010000
0010000010101100
0010000111011010
0001010000000010
0001000001010110
0001000101100110
0001001001111000
0001110010001000
0001011001111110
0001101011011110
0000110111110111
0000101010101000
0000011011011110
0000000111100100
0000000100110000
0000100001101000
0000010110010000
1111101011001010
1111011000101100
1111010110110100
1110111000111110
1111000100010111
1111000011011010
1111011001101010
1111100100000101
1111000100010111
1111110110100100
0001010100000000
0001000011111000
0001101100110110
0001111111101110
0010011100010000
0001111001010010
0001110110111110
0000101001101010
0000100111110100
0000000111100110
1111111000111000
1111110011010110
1111101100011100
1111100110000000
0000110010110110
0000111111010010
0001000101101110
0001000110101010
0001001110000000
0001000101101110
0001001001011010
0000110000100100
0000100011001110
0000011111100010
0000011101001110
1111111101011110
1111111010010000
0000000110101100
0000000000101100
0000001010110100
0000010010001100
1111101011011010
0010001010010100
0010010100000000
0010001011110010
0010011100010000
0001011101110000
0001101011010100
0000100011001000
1111110110100100
1111001111110010
1111010100001010
1111110001001110
1111101000100000
1111101010111100
1111110001101110
1111110000110000
1111110110100100
0000011011110110
0000110010101000
0001010110000000
0001110100000010
0001111100010010
0001110001001000
0001110101000000
0001110011100100
0001101101010000
0001010110011110
0000010110000001
0000011001011100
0000001000111110
0000010110000001
0000111101110001
0000011010000010
0010001000101110
0010000010001110
0010011100010000
0010010101110000
0000011010000010
0001000001000110
0000110100000101
0000000000000000
0000001101000010
1110111000011000
1111100101111110
1111110010111110
1111100101111110
1111011000111100
1111011000111100
1110110001111000
1111001011111011
1111011000111100
1111000101011010
1111000101011010
1110111000011000
1110110001111000
1111001011111011
1111011000111100
1111010010011100
1111010010011100
1111011000111100
1111011000111100
1111100101111110
1111100101111110
1110111110111010
0000100111101010
0001101101100110
0001011111101000
0010011100010000
0010010111100110
0010001001100110
0001110010010010
0010000100111100
0001101101100110
0001001100111110
0000100010111110
0000000111000000
1111100001101100
1111111001000000
1111111001000000
0000000010010110
1111110100010110
1111001010011000
1111100110010110
1111100110010110
1111101011000000
0000010101000000
0000100010111110
0000001011101010
1111111001000000
1111101111101100
1111101011000000
1111011000010110
1111100110010110
1111011000010110
1111011101000010
1110111100011000
1111110110110100
0001001011011000
0001000000010110
0001100001011100
0010001101100010
0010011000100100
0010011100010000
0010011100010000
0001000000010110
0000110001101000
0000011111010000
0000000001110110
0000000101100000
1111110110110100
0000010100001101
0001101100011110
0001101100011110
0001100101000110
0001010110011010
0001010010101110
0001000111101100
0001100001011100
0000101101111110
0000100010111100
0000001100111000
0000001001001100
1111111010100000
1111111010100000
0000011111010000
1111110011001000
1111101111011110
1111001010101100
1101100011110000
1101100011110000
1101100011110000
1101100011110000
1101100011110000
1101100011110000
1101100011110000
1101100111100000
1101100111101010
1101101000001100
1110000011110110
0001101000101100
0001111000101010
0001010000011000
0000111111110110
0000100101001000
0000010001110010
0000011100001000
0000111100100000
0001100010110010
0001000001100110
0000000110011000
1110010011011100
1101101101110100
1101101000011100
1101101000011100
1101100111000110
1101100011110000
1101100011110000
1101100011110000
1101100011110000
1101100011110000
1101100011110000
1101100011110000
1101100011110000
1101100011110000
1101100011110000
1101100011110000
1101100011110000
1101100011110000
1101101000010010
1101101000101000
1101101000011010
1101110111011010
0000011010001100
0010000100101000
0001111001100100
0001110101111010
0001010001010000
0001000001010110
0000111110100100
0001000110011010
0000101011101010
0000001000000010
1111010000001010
1110000011111100
1101110011110000
1101110000010000
1101110000100000
1101101010110110
1101100011110000
1101100011110000
1101100011110000
1101100011110000
1101100011110000
1101100011110000
1101100011110000
1101100011110000
1101100011110000
1101100011110000
1101100011110000
1101100011110000
1101100011110000
1101110110100000
1101110111100010
1101110101011100
1101101011000010
1101110011000000
1101111101000100
1101111100110000
1110000000110101
1110001000010100
1110001000101000
1110001000010100
1101111111010000
1101111101101100
1101111110111100
1101101110011000
1101111000000100
1111001100111100
1111110001011010
1111001111100100
1110101101001100
1101100011110000
1101100011110000
1101100011110000
1101100011110000
1101100011110000
1101100011110000
1101100011110000
1101100011110000
1101100011110000
1101100011110000
1101100011110000
1101100011110000
1101100011110000
1101101000001110
1101100011110000
1110010000011011
0010011100010000
0010011100010000
1111110111000100
1110001011111100
1101101100101100
1101110101100110
1110000011000000
1110100110101110
1110100110101110
1111100101001110
1111001010011100
1111101001101100
1111100101001110
1110101111101010
1110000011000000
1110000111011110
1111010111110100
1101100011110000
1101100011110000
1101100011110000
1101100011110000
1101100011110000
1101100011110000
0001111011111110
0010000010110000
0010000110101110
0010001101110100
0010010110110100
0010011100010000
0010011100010000
0010011100010000
0010011100010000
0010011100010000
1111101010101111
1111101110111110
1111101110101010
1111100110101100
1111010111110000
1111001111111110
1111000011011110
1110111001100100
1110011110101000
1110101110011100
1110011001111010
0000011001110000
1101110101110010
1110110110111110
0000111000011100
0000101100101011
0000111110100100
1111000000001100
0000000101001110
0000010001001100
0001100000011100
0001111111110110
0001111111110110
0001011010011110
0001001011100000
0001010011000000
0001101001011010
0001011011111110
0001010001011111
0001111110010110
0010000101110100
0010001000110100
0010011100010000
0010001110110010
0001111000011000
0001110000111000
0001011110111100
0010000001010110
0001111001111000
0001111011010110
0001001011100000
0001100110011100
0001001010000000
0001000100000010
0001001011100000
0001000001000010
0000110000100110
0001011011111110
0001000100000010
1111110111110010
1111110110101110
0000000110001100
0001101111011000
0010011100010000
0001110010011110
0001000100000100
0001001000101110
0010001000001000
0010000000011010
0001100011000000
0001010101000110
0001011011010010
0001011100110100
0001000010100010
0001011000001100
0001100011000000
0001100100100011
0010000011100000
0001010110101000
0001000100000100
0001110101100100
0001001101010110
0001010000011100
0001011001101110
0000111001010000
0000101001110010
0000101001110010
0000100101001000
0001000111001010
0001000000111110
0000110111101100
1111100010100110
0001101000001010
0010011010111100
0010000111011010
0010011100010000
0010000110001000
0001000001000110
0001100001101010
0001001011100010
0001010011010110
0001000101000000
0001010100101000
0001010011010110
0000111001010010
0000101101100100
0001100010111110
0001101100000100
0000101100010010
0000100100011110
0000100101110000
0001001100110100
0000110010110010
0001101111111110
0001011001110110
0001010100101000
0001011000100010
0000110110101100
0001010101111100
0000111010100110
0000000110100000
0000100001110110
0000001111101000
1111110101100110
1101100110110110
0010011100010000
1101100011110000
1101100011110000
1101100011110000
1101100011110000
1110100010010000
1101100011110000
1101100011110000
1110110001111000
1111100101001010
1111010100000100
0000001110101010
0000010011100010
1111011101110100
1111110110010000
0000001001110000
0000000100111000
0001110101001100
0010011100010000
0001110000010100
0010001000101110
0001110111100111
0001011100110010
0001000110110100
0000011101010100
0000100010001100
0000100100101000
0000110000110110
1111111101100100
0000001100001110
0000010001000110
0000101011111100
0000100100101000
1111111101100100
1111000000100010
1111110110010000
0000010011100010
0000010001000110
1111010110100000
1111001010010010