1110100100100000
1111100110101010
1111110110001010
0001000011100100
0001111001000100
0001111001000100
0000110001010010
0000011001010110
0000010110100010
0000001110000100
0000100001110010
0000101111111000
0001001110110110
0010001001111100
0010010110101000
0010001011010110
0001101100011000
0001100101010101
0001110100110110
0010001011010110
0010010101001110
0001100101010101
0001010101111000
0001001100000000
0000111101111011
0000111101111011
0000111111010110
0001011100111010
0001100010100010
0010001001111100
0010011100010000
0010010110101000
1110100010110010
1111010011010110
1111100101110000
0000111011000110
0001010001011010
0001011001010010
0000111100011010
0000001110011100
0000001010100000
0000000110100100
0000100010001000
0000110000100110
0001011011111001
0001110010001110
0010001100100000
0001101100111110
0001100101000110
0001011011111001
0001110000111010
0010001100100000
0010001111001000
0001100010011110
0001010100000001
0001000100010010
0001000000010110
0001000100010010
0001010010101110
0001101011101001
0001111000110100
0010010011000100
0010011100010000
0010000111010000
1110100001110010
1111011010000110
1111101010001010
0000110011101100
0001101001101100
0001110101001100
0000111111001100
0000011010011100
0000011001010010
0000001100101000
0000011001010010
0000111000010010
0001011101000100
0001111111100010
0010010000110000
0010000101010010
0001111010111100
0001101001101100
0001110010111000
0010011100010000
0010010101010110
0001100010110100
0001010011111000
0001000011110010
0000111010100110
0000101100110100
0001011110001110
0001101000100100
0001110100000010
0010000101010010
0010010111101010
0001110110010110
1110011100011110
1111001101111100
1111011101101000
0000011111111110
0001111111010010
0001111111010010
0001100101111110
0000101000011010
0000000110101000
0000001010010000
0000010110010100
0000101100000010
0001101010110010
0010001100100100
0010010011110100
0010001000111100
0001101100000000
0001100011100010
0001111010011110
0010011100010000
0010011001110110
0001001111000010
0000111010100010
0000110010000100
0000110000111000
0000100110000000
0001000100001010
0001011110101110
0001010001011100
0001011110101110
0001100010010110
0000111110001000
1110010100011000
1111010111010001
1111101011111101
0000100101000110
0001110010111010
0010010010100010
0001110000011110
0000100001011100
0000101101100110
0000100111100010
0000100110010100
0001010011010010
0010001000110010
0010011100010000
0010001110111000
0001100001111000
0001100110110000
0001011110010000
0010001010000000
0010001100011100
0010010010100010
0001001010110010
0001001010110010
0000111101011010
0000101001111100
0000010111101110
0001000100101100
0001010110111100
0001011010100110
0001100011000110
0001011001010111
0001001010110010
1110010111011110
1111000010001100
1111100111010010
0000001011010000
0001011000110100
0010011100010000
0010010010001000
0001001011010100
0000111100101100
0000101011110110
0001000001001100
0001011011000100
0001111100110010
0001111101111010
0001111100110010
0001010010000100
0001010011001100
0001011111100100
0010000001010010
0010000100101010
0001100010111010
0000111011100100
0000101111001110
0000111010011101
0000110001011110
0000110000010110
0000100010110110
0000011001110110
0000000001001000
0000001010001000
0000010101010110
1111111000001000
1110010001100010
1111001001010000
1111110000000101
0000001111111011
0001000001101100
0010001011010110
0010001101010100
0001000100101010
0000011011111000
0000110010110000
0000111010101110
0001111101011010
0010011100010000
0010010011010010
0001101000011111
0001011011100100
0001100011100010
0001101100011110
0001111111011000
0001110001011110
0001001011101000
0000111101101110
0001000010101100
0001000111101010
0000111110101100
0000101101110010
0000001111111011
1111111111000000
1111101110000110
0000000011111110
0000000010111111
1111111001000010
1110001111100000
1111001110000000
1111010100010000
0001000100110000
0001111101000000
0001110110110000
0000011111010000
0000001100100000
0000010010110000
1111110011100000
0000000110010000
0000101011110000
0001010001010000
0010000011010000
0010001111110000
0010000011010000
0001011101110000
0001010001010000
0001011101110000
0010001111110000
0010001111110000
0001010111100000
0001010001010000
0001000100110000
0000111110100000
0000101011110000
0001000100110000
0001010111100000
0001011101110000
0010000011010000
0010011100010000
0010010110000000
1110100011101010
1111100011100110
1111100011100110
0000101010101000
0001110001101000
0001101010100010
0000101010101000
0000000000000000
1111101010101100
0000000000000000
0000001110001110
0000100011100000
0000100011100000
0001111000110000
0010010101001010
0001111000110000
0000111111111001
0001010101001110
0001001110001000
0010000110111100
0001111000110000
0001001110001000
0001000111000010
0000101010101000
0000110001101110
0000101010101000
0000010101010100
0001001110001000
0000111111111001
0010000110111100
0010011100010000
0010011100010000
1110000100110110
1111000011010110
1111011001011010
1111101011110011
0001001011011000
0010011100010000
0010000110001100
0000001001001100
0000011111010000
0000000101100000
1111110011001000
0001000100000000
0001100101000110
0001111110110110
0010000110001100
0000110001101000
0000111100101010
0000100110100110
0001110000001000
0001110011110100
0001010110011010
0000111001000000
0000100010111100
0000001001001100
0000001001001100
1111110110110100
0000011111010000
0000011111010000
0000010000100010
0000110001101000
0000110101010100
0000100010111100
1101100011110000
1101100011110000
1101100011110000
1101100011110000
1101100011110000
1101100011110000
1101100011110000
1101100011110000
1101100111000000
1101100110010110
1110101101110010
0001010110101010
0001011000000110
0001100010011000
0010011010100100
0001111010100000
0010001101010000
0010010100000010
0001101110010000
0001000000011000
1111110110001110
1111010010110010
1110001011011001
1101110010000110
1101101001110000
1101101000010100
1101101000101100
1101100110110000
1101100111001000
1101100011110000
1101100011110000
1101100011110000
1101100011110000
1101100011110000
1101100011110000
1101100011110000
1101100011110000
1101100011110000
1101100011110000
1101100011110000
1101100011110000
1101100100110110
1101100100101010
1110010010010010
0000100010101110
0001010001101110
0001111000010110
0010011100010000
0001110100001000
0001011000100100
0001110111110110
0001001110110110
0000010101001100
0000101100110100
0000001100101100
1110000010000000
1101110000010110
1101101100011100
1101100110001000
1101100101100110
1101100101010000
1101100101000010
1101100011110000
1101100011110000
1101100011110000
1101100011110000
1101100011110000
1101100011110000
1101100011110000
1101100011110000
1101100011110000
1101100011110000
1101100011110000
1101100011110000
1101110001010010
1101101011000010
1110011110000100
1110111101010100
1110111000001000
1111001000110010
1110110101000000
1110011010011100
1110100100100110
1110010000010010
1110001101111100
1110010110100010
1110011011001110
1110100101011000
1110100110111101
1111000101101010
1111001110100000
1110001110011100
1110000001111100
1101101100000100
1101110100011010
1101100011110000
1101100011110000
1101100011110000
1101100011110000
1101100011110000
1101100011110000
1101100011110000
1101100011110000
1101100011110000
1101100011110000
1101100011110000
1101100011110000
1101111010000100
0010011100010000
0010011100010000
0010011100010000
0010011100010000
1110101011001101
1101111010000100
1110100110101110
1110100110101110
1110111000100100
0001101011001010
0010001110110110
0001000111011100
0010011100010000
0010011100010000
0000101000001100
0010011100010000
0010011100010000
1110010000011011
1101101000001110
1111000101111110
1101100011110000
1101100011110000
1101100011110000
1101100011110000
0010011100010000
0010011100010000
0010011100010000
0010011100010000
0010011100010000
0010011100010000
0010011100010000
0010011100010000
0010011100010000
0010011100010000
1101101100100000
1101101100100000
1101110110010000
1101110110010000
1101110100000110
1101111100100100
1110000100100111
1110000000110010
1101111001100100
1101100011110000
0000001000010110
1110011010111010
1110000000011000
0000100010101110
0000111001000000
0001110100010000
0010010000100010
0010011100010000
0000010011100010
0001110101001100
0001111110111100
0001101011011100
0000111010100110
0001110101001100
0010001000101110
0010001000101110
0001100001101010
0010001000101110
0010010010100000
0010001000101110
0000100111000100
0000010011100010
0001001110001000
0001010111111000
0001001110001000
0001101011011100
0010010010100000
0010011100010000
0010011100010000
0001110101001100
0001000100011000
0001001110001000
0000110000110100
0000111010100110
0001001110001000
0001001110001000
0000111010100110
0000010011100010
1110111011101000
1110010100100100
0000011101011110
0001001100101010
0001101010001000
0001100100001111
0000100110010100
0000101100001101
0001111000110111
0001111110110010
0001101010001000
0010000111101000
0010001010100100
0001111000110111
0001001100101010
0001010010100100
0001000110110000
0001110010111110
0001101010001000
0000011010100010
0001011110010110
0010011100010000
0010000001101110
0000101001010010
0000111101111010
0001000000110110
0000101100001101
0000010111100110
0001001001101100
0001010010100100
0001000000110110
0000111010111110
0000000101111010
1111001101111001
0000000001011111
0000101011001010
0001111110100000
0001011101110000
0001000000000000
0000111010000010
0001100011101100
0010001010011010
0001110101100100
0010000100011100
0010011100010000
0001101111100101
0001010111110100
0001100000101110
0001100110101100
0010000111011010
0001111011100000
0000001101011010
0001001000111010
0001101111100101
0001001110111000
1111111011100010
0000100010001110
0000110001000110
0000110100000101
0000000001011111
0001000000000000
0000110111000100
0000110111000100
0000010110010100
1111100110101100
1111010111110100
0010011100010000
1101100011110000
1101100011110000
0010011100010000
1101100011110000
1101100011110000
1101100011110000
1101111101110010
1101100011110000
1111000111010010
1111100101011000
1111111010001110
0000111000101110
0000001000000110
0000101101001000
0001101001010100
0010011100010000
0001010110110100
0001001101100010
0001001011001110
0000111011000010
0000011111010000
0000010011101100
0000101010110100
0000110001110010
0001000001111110
0001011011011100
0001110111001110
0001110111001110
0001010110110100
0001100111000000
0000111000101110
0001001101100010
0001010100011111
0001011011011100
0001100100101100
0001100000000100
0000011000010011
0000011000010011
0000001100101110
1111011110011100