1110111110011100
0000000100110110
0000110011000000
0001010000001010
0001010111011100
0001100110110100
0000110000100100
0000110001011000
0000001111011000
0000010000001100
0000000001101000
0000000111010010
0000100100011100
0000100000011000
0000110010001100
0001100110000000
0001101001010000
0010001010011100
0010001010011100
0010011100010000
0010010000111010
0010001000000000
0010010001101110
0010001101101100
0001111010010000
0001110101011000
0001110110001100
0001101101010010
0001010101000000
0001100110110100
0001110010111110
0010000100110010
1111001111100100
0000010010110000
0000111110100000
0001011101110000
0001011110100010
0001101110111100
0001000000000100
0000110011100100
0000100001100110
0000100000000010
0000011111010000
0000010100010100
0000110011100100
0000110001001110
0001000010011010
0001010101111100
0001100011001110
0010010100011100
0010010111100100
0010011000010110
0010010000100010
0010011100010000
0010001111110000
0010011100010000
0010001101011010
0001101011000010
0001001111101100
0001010110101110
0001101000101100
0001101000101100
0001011001000011
0001010001010000
1111000010111100
0000000110100100
0000110111100010
0001010100011111
0001001100001110
0001011101011101
0000101100100000
0000101000010110
0000011000100000
0000010101101110
0000010000111010
0000001010000000
0000101100100000
0000010101101110
0000101101001100
0001000110101110
0001010010011100
0001111110100110
0010000010101110
0010001101000100
0010001011101100
0010011100010000
0010001101110000
0010010101010110
0010000000101010
0001011100110010
0001001000110010
0001010011001000
0001010101111000
0001011010000010
0001100111001000
0001100001101000
1111000011111110
0000000111111101
0001001001110010
0001100011110100
0001001000010110
0001010011111010
0000101000100000
0000100111000100
0000100100111010
0000011011100000
0000001101000010
0000010011100010
0000101001001110
0000011110011000
0000101001111110
0001001000010110
0001001010100000
0001101110101100
0001101111011010
0010010101000010
0010000000000010
0010001010001010
0010010100010010
0010011100010000
0001110001100100
0001110000110101
0001010000010010
0001001000010110
0001011000111110
0001001110001000
0001011110000010
0001101100100000
1111000110101000
0000001111100010
0001010111101100
0001110100100100
0001010011010110
0000111111111000
0000000100101100
1111110010101010
0000001110000100
0000001110000100
1111111100110000
1111110001001110
0000010010011010
0000001001110000
0000011111011010
0000100100011100
0000110010001010
0001010010101000
0001011010100100
0010000000110100
0010000100011100
0010011100010000
0010001110100010
0010001111111110
0001111000110111
0001101001101110
0000111100010000
0000101011101010
0000111101000000
0000110111001110
0000111011100010
0001001101100110
1110111111011100
0000010010101110
0000111000001010
0001100111100010
0001010010111010
1111110101101100
1111101101010010
0000000010101100
1111011010001100
1111100100001000
1111000000001100
1111001000100110
1111101011000000
1111101111100100
0000000011011100
0000000100111110
0000101100101011
0000111001101011
0001100110110010
0001101001000100
0010011100010000
0010001110100000
0010010000110010
0001111001000110
0001111100001010
0001011111111000
0001010011101010
0000111010011100
0001001100110010
0001010111100000
0001001111000110
0001100000101010
1110110000011100
1111111100000000
1111111110010010
0000100000101000
1111111010110110
1111011011111100
1110101110001010
1110110101000010
1111000000011110
1111000011111010
1110110111010100
1111000011111010
1110110101000010
1110100010101110
1111000101000100
1111110111011010
0000010001110000
0000100100000100
0001001100001000
0010001110100000
0010011100010000
0001100100001010
0001011100001010
0001010100001000
0001001100001000
0000011110010110
0000011111011110
0000011001110000
0000001010111000
0000001111011110
0000100100000100
0000111111100010
1110101010100000
1111100101011110
0000100000011100
0001000011110100
0000100110010100
0001001001101100
0000111000000000
0000100000011100
0000010100101000
0000001000110110
1111100101011110
1111110001010000
0000000010111100
0000001000110110
0000001110110000
0001000011110100
0001011011011010
0001111110110010
0010001010100100
0010001010100100
0010010110010110
0010011100010000
0010010110010110
0010010000011110
0010010000011110
0001111000110111
0001111000110111
0001101101000110
0001100111001100
0001101101000110
0001100111001100
0001110010111110
1110110001111000
1111110011111110
0000101010000100
0001000010000110
0001001110001000
0001100110001010
0001000010000110
0000101010000100
0000001100000010
0000001100000010
0000000000000000
0000010010000010
0000010010000010
0000000000000000
0000111100000110
0001100110001010
0001100110001010
0010001010001110
0001111110001100
0010011100010000
0001111110001100
0001100000001001
0010010000001110
0010011100010000
0001100000001001
0001110010001100
0001111110001100
0001101100001100
0000110000000100
0001100110001010
0001111000001100
0010010000001110
1111001000001100
0000010000110000
0001011001010010
0001110101001100
0001010000111010
0001000010111110
0000000000000000
0000000010110010
0000011011111010
0000010110010100
0000010011100010
1111111101001110
0000010110010100
0000001011001010
0000100100010010
0000110101000000
0000111101011000
0001011001010010
0001011001010010
0010000011001000
0001111010110010
0010011100010000
0010000101111100
0010011100010000
0001110010011010
0001100111010000
0000110101000000
0000101111011100
0001000101110000
0000111101011000
0001000010111110
0001000101110000
1101100011110000
1101100011110000
1101100011110000
1101100011110000
1101100011110000
1101100011110000
1101100011110000
1101100011110000
1101100111000000
1101100110110110
1110011111111100
0000100010010000
0001001100010100
0001110100111010
0001111101011100
0010001001100110
0010011000110100
0010011000010000
0010000011110010
0000100110010000
1111010011001110
1101111010110010
1101101111001010
1101101100011100
1101101000011110
1101101000110100
1101100111110000
1101100111001100
1101100111111010
1101101001000000
1101101000011110
1101101000110100
1101101000110100
1101100011110000
1101100011110000
1101100011110000
1101100011110000
1101100011110000
1101100011110000
1101100011110000
1101100011110000
1101100101111100
1101100110000010
1111001001111101
0010011010010010
0001101101010110
0001111010010110
0010000100000100
0001101111101110
0001011001010000
0000110001100010
0000001011011100
1111100000101100
1111011110110100
1101101110111010
1101101001000010
1101101000000100
1101100110111000
1101101010111000
1101111110000000
1110100100001110
1111100100001010
1111010101000100
1110110110011100
1110111010010100
1110111000000010
1101100011110000
1101100011110000
1101100011110000
1101100011110000
1101100011110000
1101100011110000
1101100011110000
1101100011110000
1101110000010000
1101101010000000
1110100010110000
1111010101000010
1111010001110000
1110111110011000
1110111101001000
1110110000101000
1110101010011000
1110101001001000
1110101100010000
1110111011111000
1111010100010000
1110100010010000
1110100000001011
1110001011010100
1101111101110010
1110000010011110
0000010100010100
0001101110011010
0001101011010010
0001010100011000
0001010010110100
0001011000100010
0001010001010000
1101100011110000
1101100011110000
1101100011110000
1101100011110000
1101100011110000
1101100011110000
1101100011110000
1101100011110000
1110010100110110
0010011100010000
0010011100010000
0010011100010000
1111000001100000
1101111010000100
1101101100101100
1101110001001010
1110001011111100
0000000100011110
0000010001110110
0001011101110000
0010011100010000
0010011100010000
0001111000100010
1101110001001010
1101110001001010
0010011100010000
0010011100010000
0010011100010000
0000111110100000
1110100010010000
1101111110100010
1101110101100110
1101110001001010
0010011100010000
0010011100010000
0010011100010000
0010011100010000
0010011100010000
0010011100010000
0010011100010000
0010011100010000
0010011100010000
0001111011010100
0001010011001000
0001001011110110
0001001011110110
0001001000100010
0001001001110010
0001000111010010
0001000000010110
0001000010000010
0001001000101100
0001001101000110
1110001101011010
1110110100101000
1111111000010110
0001101010010010
0010010001001100
0001100100000010
0001110111000010
0010011100010000
1111010001001000
0000011111010000
0000111110100000
0001001110001000
0000001111101000
0000111110100000
0001000110010100
0000110110101100
0001001110001000
0010010100011100
0010011100010000
0010010100011100
0010010100011100
0010001100101000
0001010101111100
0001011101110000
0001111101000000
0010001100101000
0010001100101000
0001110101001100
0001100101100100
0000001111101000
0000001111101000
0000000111110100
0000000000000000
0000000111110100
0000000000000000
0000000111110100
1111111000001100
1111100000110000
1110111001101100
1110101010000100
1101111111001010
1111011001101000
0001000111010010
0000111100010100
1111110101000010
0000011110001010
0000101011111000
0000110100000101
0001011101001100
0010001110100010
0010000110010100
0010001001000100
0010011100010000
0001110011001000
0001100010101100
0001101010111010
0001011111111100
0001110000010111
0001110011001000
0001001111100000
0001000111010010
0000110110110100
0000010101111100
0000001000001110
0000000101011110
0000001000001110
1111100100100110
1111101111100100
1111101010000100
1110110110000000
1110100101100010
1110000111011000
0000000110001010
0001010100111010
0001101011000010
0001100011101010
0000110111011000
0000101111111110
0000101101100010
0001010100111010
0001111100010000
0010011100010000
0010001111111100
0010011001110010
0010010100111000
0010011001110010
0001110010011010
0001110100111000
0001110111010110
0001111110101110
0010010010011010
0010001101100000
0001100001001100
0001011100010010
0000110111011000
0000111110110000
0000110010011011
0000110010011011
0000100011101100
0000100001001110
0000001011000100
1111101011000110
1111110100111100
1111100011101100
0010011100010000
1101100011110000
1101100011110000
0010011100010000
1101100011110000
1101100011110000
1101100011110000
1101111101110010
0010011100010000
1110101010101100
1110111000001110
1111001001000110
1111011000010100
1111011010000000
1111011010000000
1111101001001100
1111111011110010
0000101011000100
0000110000001001
0001000110000110
0001100110001100
0010001011010110
0010001001101010
0010011000111000
0001010000001111
0010010011110100
0001110111000110
0010010111001100
0010000111111110
0010000010111010
0001110010000010
0010011100010000
0001111000110010
0001111101110110
0010001011010110
0001111111100010
0010000001001110
0001111000110010
0001111000110010
0001110010000010
0001001100110110