1101111111011110
1110100101111100
1110111101000010
1111110110000000
0001001101110000
0001110010101100
0001011000100010
0000010100110010
0000001010000000
0000000000110010
1111110110000000
0000001011100010
0000011110000010
0000011010111100
0000101101011010
0001011011100110
0010011010101110
0010011100010000
0001110010101100
0001010000110100
0001100110011000
0010000101001010
0010010011000000
0010010100100100
0001100011010010
0001001010101010
0000111011010010
0000101101011010
0000100100001100
0000110011100100
0000110110101010
0000110110101010
1110011010110101
1110111000100100
1111111110100001
0000010110010100
0000111110100000
0001110111000100
0001111101000000
0001000111011100
0000011100010010
0000011111010000
0000011101110000
0000110101100100
0000101100101010
0001000101111100
0001011100010000
0001110001000110
0010011001010010
0010000100011100
0010000111011010
0001111000100010
0001110100000100
0010010011010100
0010011100010000
0010011001010010
0010000001011110
0001011001010010
0001001110111000
0001001110111000
0001001101011000
0000111101000000
0000101011001010
0000111010000010
1110100000011110
1111010001010111
0000001000001010
0000100101110010
0001010000101101
0010001001000000
0010001110111010
0000111101011110
0000110000001000
0000101011101100
0000011100111000
0000011100111000
0000101010001110
0000110111100010
0001000001111010
0001111010001100
0010000000001000
0010010110010100
0010001010011110
0010001011111110
0010000111100000
0010010011011000
0010011100010000
0001110111001110
0001101000011010
0001101001111010
0001001111010000
0001001100010010
0001000000011100
0001000001111010
0001000000011100
0001001101110000
1110100101110010
1111010000101100
0000001011000000
0000100010001000
0001001001101110
0001111011001111
0010000110010000
0001000101010100
0000111010010011
0000011000001110
0000101111010100
0000100111101000
0000111110101110
0001001010110100
0001011010001110
0010000100000010
0010010001010000
0010011100010000
0010000110010000
0001111110100010
0010010001010000
0010010111110110
0010010100100100
0001110101110000
0001100000110110
0001100110010110
0001001111001110
0001000101010100
0001001000101000
0001010010100010
0001001010110100
0001011001001000
1110110001011000
1111010000000001
0000001110010100
0000011100100110
0000111111010100
0001111100100110
0001111011100011
0001010100110000
0000111100010000
0000110010000010
0000110010000010
0000111110010010
0001001011100100
0001011000110110
0001110100011010
0010001100111100
0010011100010000
0010011000001010
0010001001111000
0010011000001010
0010010111001010
0010010010000010
0001110011011010
0001101011001110
0001011100111100
0001010010101110
0001000111100000
0001000111100000
0001000110011110
0001000111100000
0001010001101100
0001011100111100
1110001110110010
1111000000100110
1111100000010100
1111110101110101
0000111100000000
0001100000010000
0001100111000010
0001000111010110
0001000001101010
0000101011000010
0000011111101100
0000101111100100
0000111110010010
0001011010100110
0001111001001010
0010010101011110
0010011100010000
0010011100010000
0010010010000100
0010001110101010
0010001110101010
0001101110111110
0001011000010100
0000111110010010
0000111001110000
0000101111100100
0000011101011100
0000110001110011
0000101011000010
0000110101001110
0000110111011110
0001000001101010
1101100111010100
1110011011100111
1110110101110000
1111010011011100
0000111100000000
0001011001101110
0001010100111101
0000011110010100
0000001000111010
1111110100101110
0000001010000110
0000001110110110
0000100110101000
0001001100101000
0001110011110101
0010010111100000
0010011100010000
0010010010110000
0010001110000000
0001110111011010
0001000110101100
0000111001101000
0000101101110000
0000000111101110
1111111110001110
1111111111011010
1111110011100010
1111111011110110
1111111011110110
0000000010111110
0000000100001010
0000011110010100
1110001010110100
1111001011111011
1111100101111110
0000001101000010
0001000001000110
0001100001101010
0000100000100100
0000101101100100
0000110100000101
0000100000100100
0000100111000100
0001000001000110
0001000001000110
0000101101100100
0001010100101000
0001110101001100
0010010101110000
0010010101110000
0010001111001110
0001011011001010
0010001111001110
0010010101110000
0001111011101100
0010011100010000
0010010101110000
0001101110101100
0001001110001000
0001011011001010
0001010100101000
0001100001101010
0001100001101010
0001000111101000
1110000101000000
1111000000110110
1111100010000111
0000010111010010
0001000101110100
0001110100010110
0010000001101010
0001000101110100
0000101011001110
0000101011001110
1111111100101100
0000110001111000
0000101011001110
0001001100011110
0001011001110000
0001000101110100
0010011100010000
0010000001101010
0010001000010100
0010001000010100
0001010011001000
0010011100010000
0010001110111100
0010011100010000
0001111011000000
0001100111000100
0001100111000100
0001011001110000
0000010111010010
1111110110000010
0000110001111000
0001000101110100
1110010101100010
1111000100100010
1111101110000010
1111101000100000
0000111110001110
0001011111011010
0001011100101010
0001001110110100
0001001100000100
0000101101101000
0000100101010110
0000111000101100
0001000001000000
0001011001111000
0001110010110010
0010010001001100
0010011001100000
0010011001100000
0010001011101010
0010010011111110
0010011100010000
0010000000100110
0001100100111100
0001011111011010
0001001100000100
0001000001000000
0000111000101100
0000111110001110
0000111000101100
0001000011110000
0001000110100010
0001001110110100
1101100011110000
1101100011110000
1101100011110000
1101100011110000
1101100011110000
1101100011110000
1101101010000000
1101101000100010
1101101101100110
1101110000110110
1110100010100110
0000000111010100
0000010010010100
0001010000110111
0001110111000000
0010000011001110
0010011100010000
0010010101000110
0001110101110100
0000101010011100
0000000001010110
1111011101000000
1101110101000010
1101110100001000
1101101101100110
1101101001011010
1110000111001100
1101111011111000
1101110000010000
1101101100011000
1101101100000110
1101101110001100
1101101111101010
1101100011110000
1101100011110000
1101100011110000
1101100011110000
1101100011110000
1101100011110000
1101100101000100
1101100101000010
1101100110101000
1101101001011100
1110010111100110
1111011000100110
1111111111010010
1111111011111110
0000101110111110
0001011101010010
0001101000011100
0010010001111110
0010010100100000
0001001011100000
0000100001101010
1111101001101000
1101101100110010
1101101001001100
1101100111000100
1101100101011100
1101111100001110
1110000001100110
1110001110010010
1110100001101000
1111001100111000
1111101011101010
0000111010111110
1101100011110000
1101100011110000
1101100011110000
1101100011110000
1101100011110000
1101100011110000
1101100110111000
1101101010000000
1101111000000100
1110011111101000
1110100110011010
1110110001111000
1111000101101010
1111001011111011
1110110110000010
1110111101010100
1110110111000100
1110111101010100
1111000011100101
1110111100010010
1111001100111100
1111001001110100
1111011001111110
1111000100101000
1110011010111100
1110000110001000
1110101111110010
0010000000101000
0010011100010000
0010011100010000
0010011100010000
0010011100010000
0010011100010000
1101100011110000
1101100011110000
1101100011110000
1101100011110000
1101100011110000
1101100011110000
1110011101110010
1110001011111100
1111101001101100
0010011100010000
0010011100010000
0010011100010000
0010011100010000
0000110101100100
0000000000000000
1111010011010110
1101101000001110
1101111010000100
1111000001100000
0010011100010000
0010011100010000
0010011100010000
0010011100010000
0001100010001110
0000111010000010
0010011100010000
0010011100010000
0010011100010000
0010001010011010
1110001011111100
1110101011001101
1111110111000100
0000011111010000
0010011100010000
0010011100010000
0010011100010000
0010011100010000
0010011100010000
0010011100010000
0010011100010000
0010011100010000
0010011100010000
0010011100010000
0000011111101000
0000011111101000
0000011010010001
0000011010010001
0000011001010100
0000001101110110
0000010000111110
0000001001101010
0000001100010110
1111000101110100
1110101100101010
1110001100001100
1110100110101100
1111010000010000
1111111111010010
1111111011111110
0000101110111110
0010011100010000
1110110011100010
1111101111011000
0000110001111000
0000110001111000
0000000011010100
1111110110000010
0000010000101000
0001000101110100
0001111011000000
0001111011000000
0001110100010110
0010011100010000
0010001110111100
0001100000011010
0001001100011110
0001001100011110
0001100111000100
0001110100010110
0001110100010110
0001100111000100
0001101101101110
0001100000011010
0001011001110000
0001011001110000
0000111000100010
0000010000101000
1111011011011100
1111011011011100
0000000011010100
1111101000101110
1111000111011110
1110001011101010
1111000110100100
1111111100000000
0001010100001000
0001101110110110
0000111110110010
0000101100000011
0000110001011010
0001110001100000
0010010110111010
0010001110111010
0001110001100000
0010011100010000
0010000100001110
0001110110110110
0001010001011110
0001000110110010
0001111001100010
0001111001100010
0001111100001011
0001110110110110
0001111110111000
0001101110110110
0001010110110100
0001001001011100
0000111100000110
0000111100000110
0000001001010110
1111111110101010
0000101110110000
0000001001010110
1111011110101000
1110010110100000
1110100101110100
1111001011111011
0010000000010100
0010001010011110
0000001000111010
1111111100001100
0000010101100110
0000110001100010
0010011100010000
0010001111100010
0001010111101010
0010010111001010
0001111101110000
0001001000011010
0000100100110110
0000110110101000
0001001000011010
0001100001110100
0001101001011100
0001011100101110
0001110011100110
0001000011010100
0000111001001010
0000110100000101
0000100010010100
0000001011011100
1111101111100000
1111111001101010
0000011000001000
0000000110010110
1111011000101000
1111000110110110
0001101011101100
1101100011110000
1101100011110000
0010011100010000
1101100011110000
1101100011110000
1101100011110000
1101111101110010
0010011100010000
1101111100111010
1110000010001110
1110100010000000
1110101011010000
1110110011001100
1110111000100000
1111001100010110
1111010100010100
1111001001101110
1111001101101100
1111000111000100
1111010001101011
1111001000011000
1111011001100110
1111011110111010
1111111010101111
1111111000000100
1111101101011110
1111101110110010
0000001010100110
0000100110011010
0001000110001100
0001001011011110
0001001011011110
0000100001000110
0000101101000010
0001000010001110
0001011110000000
0010011100010000
0001111111001000
0001000100110110
0000011011110100