1110101010000110
0000011001001000
0010011100010000
0010011000001110
0001000011110100
0000100110001100
0000010001100110
1111100011111000
1110110011101000
1110010001111110
1110010011011110
1110111000101010
1110110111001010
1110110110101010
1110100000000010
1110110001101000
1110110100001000
1110100011000100
1110100011000100
1110001111011111
1110100001100010
1110111000001010
1111101011011010
1111100100011000
1111000000001100
1110111011001010
1110011101100010
1110101000100110
1110110011001000
1111010100010010
1111100101011000
1111100111011000
1110100010000100
1111011010111000
0000111101000000
0001010011001010
0001110011110010
0010011100010000
0010010111111000
0001001000000110
0000011111100110
1111111110011010
1111001011101110
1110111010100010
1110111111001100
1110110111010110
1110110011100100
1110110011010000
1110111010010000
1110110101100110
1110101010110100
1110100111000010
1110110011110110
1111001100111000
0000010011101010
0000100101101110
0000001010101000
1111011110000100
1111011100111010
1111100010001010
1111110011010110
0000000101111110
0000011000111001
0000010110000000
1110010101010010
1111000001111011
1111111101111100
0000000101111110
0000101001010110
0010001000100000
0010001100001010
0010011100010000
0010000111010010
0010001100101000
0000111001001110
0000100001100010
0000011010111110
0000000000110110
1111110000110000
1111110111010110
1111110101111000
1111101101110100
1111111100011111
0000000101101110
0000010000011110
0000101111111100
0001100100110111
0001100101110110
0000101010010100
0000001111110000
0000011011111011
0000001111111110
0000101111011100
0000111101010110
0001001011100000
0000111101010110
1110011010000000
1111001011001010
1111110101110110
1111111100111010
0000100010110000
0001111010010110
0001111110010100
0010011100010000
0010010010101010
0010001100001010
0001111111101110
0001100000111010
0001001100100100
0000010000111100
1111101011011000
1111101000100100
1111010101101000
1111101010110100
1111110100101100
0000001101000000
0000110000000010
0001001001001100
0001010111000010
0000111000011111
0000000011000110
1111110011110111
1111011010011010
1111101110011110
1111111101110000
1111111110100110
0000011000010011
0000101010011000
1110100100100000
1111010100111010
0000001010011100
0000000011011110
0000011001100100
0001110001100110
0010000110110010
0010011100010000
0010001000111000
0001110101100010
0010000011110000
0010001110010110
0010001011111010
0010001101011100
0001111001011110
0001010000111100
0000111101111000
0000101011101110
0000011110011010
0000101010110100
0000110101000110
0001010001001110
0001100001111000
0001000011010100
1111111001001100
1111100010100000
1111010001111000
1111010000000100
1111011001011100
1110111011011110
1111101010000100
1111100110011100
1110001001100110
1110111110010110
1111101001101000
0000001000100100
0001011101010011
0010010000010000
0010001011100000
0001010010000010
0000100100111100
1111111011110100
0000010010000000
0000011011110110
0000010011110100
0000101011110110
0000111010000010
0001011000100101
0001111100111110
0010010110110010
0010011100010000
0010010000111110
0010001011100000
0010001110000100
0010011001101110
0010011010000100
0010010010110010
0001101011001000
0000110001101010
0000010101010001
0000011100100100
0000000001101000
1111111111110101
0000000111000110
1110100000000001
1111010111000010
0000011101010100
0001001001100000
0001101010000010
0000100101010110
0000001010110110
1111001000111110
1110110100000110
1110011010011000
1110100111001110
1110110010011110
1110110001101100
1111000001110001
1110011111100110
1110111010111010
1111001000111110
1111111001001010
0001001001111010
0001110000000011
0010011100010000
0010000110100100
0010000110001010
0010000101110000
0001101000000001
0001010101111110
0000001100011100
1111111100110010
1111111010011000
1111011001000010
0000001000011100
0000001100000100
1111010000011100
0001100101111010
0010001110101010
0010001110101010
0010011100010000
0001110011100000
0001110011100000
0001011000010100
1111011110000010
1111011110000010
1110100111101100
1111011110000010
1111011110000010
1111011110000010
1111010000011100
1111111001001110
1111011110000010
1101111110111100
1110011010000110
1110100111101100
1111011110000010
1111000010110110
0000000110110010
0000000110110010
0000000110110010
1111101011101001
1110110101010010
0000000110110010
0000000110110010
1111101011101001
1111111001001110
1111011110000010
0000100101101110
0010000110101100
0010011100010000
0010011100010000
0010010001011110
0010010001011110
0010000110101100
0001010000110100
0000010000001010
0000010000001010
0000100101101110
1111111010101000
0000010000001010
0000000101011000
1111100101000100
1111100101000100
0000110000100000
0001000110000010
0000010000001010
0000100101101110
0000111011010010
0000111011010010
0000010000001010
0000100101101110
0000100101101110
0000100101101110
0000000101011000
1110111001111110
1110000100000100
1111011010010010
1111001111100000
1111000100101110
1110010111110110
1111000111111010
1111111000000000
1111110011111110
0000010000000010
0001010100001000
0001110000001100
0001110100001100
0001100000001001
0001001000001000
0001001100001000
0001011100001010
0001010100001000
0010000000001110
0010011100010000
0001111100001011
0001101100001100
0001100100001010
0001101100001100
0001100100001010
0001100100001010
0001110000001100
0001111000001100
0001111000001100
0000111100000110
0000001100000010
0000001000000000
0000100100000100
0000010100000010
1111111000000000
1111101011111110
0000001100000010
1101100011110000
1101100011110000
1101100011110000
1101100011110000
1101100011110000
1101100011110000
1101100011110000
1101101100001100
1101101110101100
1110001001000000
1110000010100100
1110111000101110
0000000110001110
0001110101100000
0001001000010010
0000010100001000
1111011101011110
1111011011011110
1111001101000100
1111000010001010
1110111001001100
1110100110110100
1110001101111110
1101111010000110
1101110001101010
1101110000001010
1101101100001100
1101101111101100
1101100011110000
1101100011110000
1101100011110000
1101100011110000
1101100011110000
1101100011110000
1101100011110000
1101100011110000
1101100011110000
1101100011110000
1101100011110000
1101100011110000
1101101001100100
1101101001111100
1101110010001100
1101110000101010
1110000001110100
1110011010111100
0000010011001010
0001111110010110
0001001101100100
1111111010110010
0000000010010000
1111110110000000
1111010010001010
1110010101100010
1110000010000100
1101111110111110
1101110010101110
1101101111111000
1101101111010110
1101101101001010
1101110110010100
1101100011110000
1101100011110000
1101100011110000
1101100011110000
1101100011110000
1101100011110000
1101100011110000
1101100011110000
1101100011110000
1101100011110000
1101100011110000
1101100011110000
1101110011011000
1101101100000100
1101111110110100
1101111000100100
1101111110111100
1101111101110110
1110010000011011
1110011111001000
1110100100001010
1110011010110010
1110001110111110
1110010100010111
1110010001110000
1110000011001010
1101111101111100
1110010111010100
1110100010110000
1110011100100000
1110001100011000
1110000001111100
1101111110110100
1101100011110000
1101100011110000
1101100011110000
1101100011110000
1101100011110000
1101100011110000
1101100011110000
1101100011110000
1101100011110000
1101100011110000
1101100011110000
1101100011110000
1110010000011011
1101101100101100
1110000011000000
1101101100101100
1110101011001101
1110101011001101
0000010001110110
1111000001100000
1110000111011110
1110001011111100
1110011001010100
1111101110001010
1111011100010010
1110010100110110
1110000011000000
1110010000011011
1110000111011110
1101110101100110
1101101100101100
1101101100101100
1110010100110110
1101100011110000
1101100011110000
1101100011110000
1101100011110000
1101100011110000
0001010110000000
0001001111010100
0001001101001000
0001001101000100
0001010011011000
0001100101011110
0010000010010100
0010011100010000
0010011100010000
0010011100010000
1111101010000100
1111100011001011
1111011011010110
1111011010010010
1111011011011000
1111100011111011
1111111010010110
0000011010011000
0000010101101010
1111111000101110
1110101010100110
0010011100010000
1101101010100110
1101111111100110
1110000000110010
1110000001001010
1101111111001110
1101100011110000
1111111001100000
0000111010100110
0001010100101000
0001001110001000
0001101110101100
0010011100010000
0010011100010000
0001101110101100
0000111010100110
0001001110001000
0001011011001010
0010001000101110
0001001110001000
1111101100011110
0000000110100000
0000011010000010
0000100000100100
0001000001000110
0000000110100000
0001001110001000
0000000000000000
0000101101100100
0000010011100010
0000100000100100
0000110100000101
0000100000100100
0000001101000010
1111101100011110
1111110010111110
0000110100000101
1111100101111110
1111011000111100
0000001111111011
0001010110000110
0001001111101110
0001001001010110
0010011100010000
0001011100011110
0001100010110110
0001101001001110
0001011100011110
0001110110000000
0010001001001000
0010000010110000
0000101001011110
0001000010111110
0001001111101110
0000110110001101
0001101111100101
0000010110010100
0001011100011110
0001001001010110
0001101001001110
0000110110001101
0000101001011110
0000101111110110
0000001111111011
0001001001010110
1111100011010100
1111100011010100
0000010110010100
0000110110001101
0000110110001101
1111111100110100
0001001110001000
0001110111110001
0010011100010000
0010001100101000
0001011101110000
0000001111101000
0001011101110000
0001100010111110
0001101101011000
0001011101110000
0001001110001000
0001101000001010
0010000111011010
0001010011010110
0001011000100010
0001001110001000
0000101001101010
0001011000100010
0001001110001000
0000011010000010
0000011111010000
0000011010000010
0001011000100010
0001011000100010
0000011010000010
1111100101111110
0000011010000010
0000101110111000
1111110000011000
0000101001101010
0000011111010000
1111100101111110
1110010111010111
1101100011110000
1101100011110000
0010011100010000
1101100011110000
1101100011110000
1110000011000000
1110000011000000
1101100011110000
1111101000001010
1111100000001110
0000010101001100
1111101101011110
1111100010111000
1111110010110000
0000000010101010
1111101010110100
0000011111110010
0001000111100000
0010011100010000
0010001111000000
0010001001101110
0000100101000100
1111111000000100
0000010101001100
0000110111101000
0000101010011000
1111101000001010
1111011101100100
1111011010111100
1111101101011110
1111010000010110
1111100000001110
1111000101110000
1111011101100100
1111110101011010
1111110010110000
1111111000000100
1110110101110110
1110111101110010
1110011011011000