1110110000001000
0000001110110110
0000010001000010
0000111010100000
0001011000001010
0010011100010000
0010010111011100
0001110110010010
0001101101100100
0001011001000010
0001010111010010
0001001111000000
0001001100110100
0001101001001100
0001101010111100
0010000011011000
0010000010000100
0001001101101100
0001001100011000
0000111000010100
0000110111110111
0001000101011010
0001001000000000
0001010110110110
0001101001101000
0001010011011000
0001001000011100
0000110001010100
0000101000100101
0000111010100000
0001000100111110
0000111110011010
1111000111001010
0000100000000000
0000011101111001
0001010111001100
0001011000111000
0010011100010000
0010010101000110
0010000010111110
0001111010100100
0001100001010010
0001011000011011
0001010101100000
0001001011110100
0001100111001100
0001011100101010
0001100010001000
0001011000011011
0001000000110110
0000110110010110
0000110101100000
0000101010111110
0001001000011100
0000111001101011
0001011100001101
0001010101000100
0001000111001100
0000111001101011
0001000010100010
0000111000000000
0001000110010110
0001000111100110
0001010000000010
1111010110011000
0000101000011010
0000101001101000
0001011111100010
0001110011101000
0010011100010000
0010001000001000
0010011001000010
0001111111101100
0001110010000010
0001100111100011
0001111010111000
0001110010110100
0010000000100000
0001001000100110
0001001100101000
0000101010110110
0000110100000101
0000101010011100
0000101110110110
0000110001101010
0000110011010010
0001000110100110
0001000100001010
0001011111001000
0001011100010100
0001000001010110
0000111001101110
0000110010011110
0000111111010110
0001011011100000
0001010010010000
1111001111011110
0000010110110010
0000100110101000
0001001001111000
0001110000010010
0010000011101100
0010010001100100
0010011100010000
0001101011100010
0001101001111100
0010000110111000
0010001001010000
0001011000111001
0001001001111000
0000101000100101
0000011000010110
0000010111001010
0000000111101110
0000001100011110
0000000000001011
0000001001010100
0000011100101110
0000100101110100
0000110110011110
0000111011001110
0001010011110010
0001001011000100
0000100111011010
0000011111000110
0000001100011110
0000100110001110
0000111000000001
1111001110110100
0000001110011010
0000101000100000
0000111111000000
0001101111100101
0001111011000100
0010011100010000
0010011011011110
0001111101000010
0001110110010100
0010010001100110
0001110101111100
0000101101010000
0000001010000100
0000010001111110
1111111000101100
1111110110101110
1111101100011100
1111011110001110
1111101001010010
1111101011010000
1111111011011110
1111111100101010
0000000101101110
0000111010010010
0000111001111000
0000100110111010
0000011001000110
0000000001000000
1111101011010000
1111110101100010
0000101110000001
1111010101111100
0000100100110000
0000100101001100
0001001100100100
0010001000010110
0010011100010000
0010001110111110
0010011000101110
0010010101001010
0010010010100000
0000110000010000
0000010011011110
1111101001011100
1111010100001100
1111100100001000
1111000110000001
1111000100010000
1111001011010100
1111010100001100
1110110001101010
1110110010000110
1110101010001000
1110100110001010
1110111110111100
1111001101111110
1111101110010010
1111100101111001
1111011100001010
1111011011101110
1111011011010000
1111100111101010
1111101110010010
1111100011001100
0001100100000000
0001011000011110
0001000110001010
0001010111110010
0010010000000100
0010001110000000
0010011100010000
0001101110001010
0000100001100100
1111100011001100
1111001110110110
1111100010100000
1111101000101000
1111110110001010
1111100011001100
1111100001001010
1111011011000100
1111010111101010
1111000100101100
1111011101110010
1110111101001110
1110110011000100
1110011010101011
1110100000000110
1110101011100110
1110110000010110
1111010010111010
1111001100110100
1111100110100110
0000010110000001
0000001000011110
1110001000100000
0000000011000100
0000010101011100
0000011011100100
0001011110111110
0010010110001000
0010010110001000
0001101011001110
0001011110111110
0001000110011110
0001011000110110
0000011011100100
0001000000010110
0001000110011110
0001110001010110
0010001001111000
0010011100010000
0001101011001110
0001100101000110
0001000110011110
0001011000110110
0001011000110110
0001010010101110
0001000000010110
0001110001010110
0001110001010110
0001100101000110
0001011110111110
0001000000010110
0001000000010110
0001011110111110
0001101011001110
1110100010010000
0000001110001110
0000001110001110
0000110101111110
0001010010011000
0010010110100100
0010010110100100
0001110100011101
0001101110110010
0001011101110000
0001001100101110
0001101001000111
0001100011011100
0001111111110110
0010000101100010
0010011100010000
0010010110100100
0001011101110000
0001011000000100
0001011000000100
0001011000000100
0001011101110000
0001011000000100
0001111010001010
0001110100011101
0001101001000111
0001101001000111
0000110101111110
0001000001010110
0001000001010110
0001000111000010
0001010010011000
1111001111111100
0000011011000001
0000101010000100
0001001110001000
0010000111001110
0010011001010000
0010000111001110
0010010000001110
0010011100010000
0010010110010000
0001010111001000
0001001011001000
0000000101111111
1111100111111110
1111100100111111
1110110001111000
1110110001111000
1111001001111010
1111011000111100
1111000000111010
1111001111111100
1111001111111100
1111101101111110
0000000000000000
0000000101111111
0000000000000000
1111100001111101
1110111101111010
1111010101111100
1111001111111100
1111101101111110
1111110011111110
1101100011110000
1101100011110000
1101100011110000
1101100011110000
1101100011110000
1101100011110000
1101100011110000
1101100011110000
1101100101111000
1101100110001000
1101111000000010
0001010111100100
0010000011001100
0010000111101100
0001110001101100
0001100011111010
0001001101110000
0000110010011011
0000101001111110
0000100010010010
1111101001110010
1110011100011001
1101101011101110
1101101011101110
1101101011111110
1101101001100110
1101100011110000
1101100011110000
1101100011110000
1101100011110000
1101100011110000
1101100011110000
1101100011110000
1101100011110000
1101100011110000
1101100011110000
1101100011110000
1101100011110000
1101100011110000
1101100011110000
1101100011110000
1101100101100000
1101100101101010
1110010010110110
0001101100101110
0001110111100010
0001100101000100
0001000001101100
0000110110010000
0001010000011000
0001101100000110
0001010000001111
0000001111011000
1110111111100000
1101111111001000
1101101011111110
1101101000111000
1101100111111010
1101100110100010
1101100011110000
1101100011110000
1101100011110000
1101100011110000
1101100011110000
1101100011110000
1101100011110000
1101100011110000
1101100011110000
1101100011110000
1101100011110000
1101100011110000
1101100011110000
1101100011110000
1101100011110000
1101101100000100
1101100101110100
1110010100001101
1110010110100010
1110001110010100
1110001110101110
1110001101011010
1110010001100100
1110010101011000
1110011101101110
1110010000111000
1110001111110110
1110010001111010
1110000101000100
1110011100000000
1110000011100001
1110001000101110
1101101011000010
1101100011110000
1101100011110000
1101100011110000
1101100011110000
1101100011110000
1101100011110000
1101100011110000
1101100011110000
1101100011110000
1101100011110000
1101100011110000
1101100011110000
1101100011110000
1101100011110000
1101100011110000
1101101100101100
0010011100010000
0010011100010000
0010011100010000
1110011101110010
1110011001010100
1110010100110110
1110010100110110
1110000111011110
1110100010010000
0000000000000000
0000111010000010
0000001101011010
0000000100011110
1111010111110100
1110011101110010
1110011001010100
1111000001100000
1101100011110000
1101100011110000
1101100011110000
1101100011110000
1101100011110000
1101100011110000
1101100011110000
0010011100010000
0010011100010000
0010011100010000
0010011100010000
0010011100010000
0010011100010000
0010011100010000
0010011100010000
0010011100010000
0010011100010000
1110100001100110
1110100100000010
1110100000100110
1110100000100010
1110100000110110
1110100110110100
1110100110011000
1110011111001111
1110101001101000
1110110111001010
1110001011010110
0000000001110110
1110001011001111
0000100101111100
0001110100101110
0001111011111010
0010000011010100
0010011100010000
1110110001111000
1111101100011110
0000110100000101
0001011011001010
0001011011001010
0001001110001000
0001110101001100
0010011100010000
0010011100010000
0010001000101110
0001111011101100
0010001111001110
0010010101110000
0010000010001110
0001101000001010
0001101000001010
0001011011001010
0000101101100100
0000101101100100
0000101101100100
0000101101100100
0000101101100100
0000011010000010
0000110100000101
0001010100101000
0001011011001010
0001010100101000
0000111010100110
1111111001100000
1111110010111110
1111011000111100
1111000101011010
1110011111001000
1110111000001000
0000101011110000
0001100000111000
0000000110010000
1111101010001000
0000011001000000
0010010110000000
0010011100010000
0000011001000000
0000011111010000
0001100100000000
0010000000001000
0000111011011000
0000010101111000
0000111110100000
0000110101001000
1111111100111000
0000000000000000
0000000011001000
0000010010110000
0000010010110000
0000001111101000
0000011100001000
0000101110111000
0000111011011000
0000111110100000
0000001001011000
1111101010001000
1111011101101000
1110100010010000
1101101101001000
1111101010100100
0000011110101000
0001001100100110
0010001100111100
0001011011111001
0001100010000010
0001011000110110
0010010011000100
0010011100010000
0010000000101100
0001110111100000
0001110111100000
0010000110110100
0010000000101100
0001110001010110
0001101110010010
0001100101000110
0000110111001010
0000110111001010
0000111010001110
0000011000100000
0000110001000010
0000001111010100
0000100001101100
0000110100000101
0000101101111110
0001010101110010
0001000011011010
0000001100010000
0000000011000100
1111001110111110
1110001000100000
0010010100100010
1101100011110000
1101100011110000
0010011100010000
1101100011110000
1101100011110000
1101100011110000
1101111101110010
1101100011110000
1111001101011110
1111100000010010
0001011111001010
0010011100010000
0001111101101110
0000110010100010
0001000000101000
0000111001100100
0000101101110100
0000001000001110
1111100111010110
0000000011100001
0000000011100001
0000000101111000
1111111110110100
0000110010100010
0001000111101010
0001010101110000
0000111110001111
0001000111101010
0001000010111110
0001000111101010
1111110011000100
1111111100011111
0000000001001100
0000101101110100
0001001010000000
0000111001100100
0000011111101110
0000011011000001
1111111110110100
1110110110000000