1110010111001110
0000001110001110
0001000100111000
0000101011001010
1110011111110010
1110001001110100
1110011101000110
1110101101001100
1110011100100100
1110011110101110
1110111001100000
1111000101010100
1111010110011110
1111110011011010
0000111101011000
0001111111010100
0010010110010110
0010001001100000
0010000010000000
0010001101110010
0010011100010000
0010011001000010
0001111001111100
0001100000001110
0010000111111000
0010011010101010
0010001101110010
0001101011011110
0001010010010010
0001000011010010
0000111001101000
0000010011000010
1110101001000000
1111110100101110
0001101000001010
0001101000001010
1111100100101000
1110110110111110
1110110010101100
1110111000000100
1110111010001100
1111010000110000
1111100111010100
1111111101110110
0000110011100010
0001101101100010
0010010011101010
0010001100001010
0001111000110100
0010010011001000
0010011100010000
0010001111011000
0001010000100010
0000111111111001
0000110001011010
0001100001101110
0010000101001010
0010010011101010
0001100110100100
0001000011101010
0000110100101000
0000111001111111
0000110111010100
0000011111001010
1110110001011100
1111111011001010
0001111100110110
0010000100010000
1111111011001010
1111001000111000
1111010110000000
1111001010100110
1111010011101110
1111101011101110
0000011110000000
0001001100010010
0001110111101100
0001111000110110
0001011001111110
0001011101111110
0010000110100010
0010010111101100
0010000100010000
0000101010000000
0000100101011010
0000000101011100
0000110000010010
0001010011001000
0010001101011010
0010011100010000
0001001110100100
0000100000010010
0000110100110110
0000111110000000
0000101010000000
0000001110000000
1110110001100100
0000100111001110
0010011100010000
0010001010100110
0000011111011000
1111110000010100
1111100001111101
1111101100011000
1111101111101010
0000111111011010
0010001001111100
0010001101001110
0001011110110010
0000101001001100
0000001001110100
0001010100010101
0010000000110010
0010000100101110
0001011010111000
0000100010101010
1111110010111101
1111101111101010
0000011000110110
0001100110101010
0010000110000010
0010000010110000
0001001000100100
0000100111001110
0000110110010000
0000110111100100
0000100010101010
1111100001010010
1110101100101100
0000110110001000
0010001100001000
0010011100010000
0000001011111010
1111001110011110
1111000010111110
1111010110001010
0000110011000100
0001111000111100
0001110000100000
0000001010011000
1111101101001100
1110101101011110
1110011101010110
1111000011101111
0000001011111010
0000010001010010
1111111011000000
1111100100110000
1110000100110010
1110001010001010
1110100101000000
1111101110101110
0000010010110100
1111111110110110
1111011111011000
1110100101110010
1110101010011000
1110011100100100
1110011000101110
1111011010000000
1110111001100100
0000100110111000
0010011100010000
0010010001010000
0000001110101010
1111011011010100
1111010010100010
0000010110000000
0001011000101111
0000101100000000
1111011011010100
1110110010010000
1110011100010000
1101101111100000
1101101111100000
1110000110001110
1111111001011010
0000100001000000
0000010111011110
1111011100000100
1111001010011100
1111001010011100
1111000000001100
0000011010011010
0001011100011100
0001100001100100
0000001101001110
1111011111101110
1111000110110010
1111100001111101
1111100100001000
1111011001001000
1110101001101000
0000001010110110
0001000100011100
0001011010001010
0000010000100010
1111010010001110
0000110101010110
0010011100010000
0010010101101010
0000001100110000
1110110010001000
1110101101011000
1110101100011100
1101101100010000
1110000111101000
1110001011011010
1111110111000010
0000111110110010
0000110000100111
1111000111110101
1110110001001010
1101101010010110
1101111010011010
1111100110000011
1111110101001010
0000011001111101
1111100110111110
1110011011011101
1101110111100100
1110000100110010
1110101111010011
1101111011010110
1110011110010110
0001000111101000
0001010100101000
0000101101100100
1111010010011100
1110110001111000
1111001011111011
1111010010011100
1110111110111010
1110011110010110
1110100100110110
1110011110010110
1110010001010100
1111011111011100
0000000000000000
0000111010100110
0010000010001110
0010001111001110
0001110101001100
0000111010100110
0001000111101000
0010011100010000
0010010101110000
0001000001000110
0000100111000100
0001100001101010
0001101110101100
0000111010100110
0000111010100110
1111111001100000
0000100000100100
0000100000100100
1110000111010000
0000111111111001
0001010101001110
0000111000110100
1110000111010000
1110000000001010
1110110001111000
1110110001111000
1110100011101010
1110101010110010
1110011100100100
1110100011101010
1111000000000111
1110111000111110
0000010101010100
0001010101001110
0010011100010000
0010011100010000
0001000111000010
0000111000110100
0010010101001010
0010011100010000
0001011100010110
0000110001101110
0001101010100010
0010000110111100
0001011100010110
0001101010100010
0000100011100000
0000101010101000
0000101010101000
0000010101010100
1110100111000100
0000001100000010
0001101100001100
0001101100001100
1111111101100110
1111001000101110
1110110101011110
1110111010010010
1111101010011000
0001110101110010
0010011100010000
0001110000111110
1111111101100110
1110110101011110
1111010111001000
0000100100000100
0001100111011000
0001110000111110
0000110010011110
0000101101101100
1111101111001100
1111100101100100
1111101111001100
0001000101101110
0001001111010100
0000100100000100
1111101111001100
0000000010011010
0000010000110100
1111101111001100
1110101011111000
1110110000101100
1101100011110000
1101100011110000
1101100011110000
1101100011110000
1101100011110000
1101100110100110
1101101010101000
1110000011001010
1110010001000110
1110100100000100
1110111100111010
1111110010110100
0001011001010000
0010010000101010
0010010000001010
0010001001101000
0001011100000110
1111110011000000
1111011101101010
1111000100010100
1110010111010100
1110000101010110
1101110111000100
1101101101000000
1101101000001000
1101100011110000
1101100011110000
1101100011110000
1101100011110000
1101100011110000
1101100011110000
1101100011110000
1101100011110000
1101100011110000
1101100011110000
1101100011110000
1101100011110000
1101100011110000
1101100101101100
1101100111011100
1101110101111100
1110000101011000
1110011011011110
1110100111101111
0000000111000110
0010001000111100
0000110011011010
0000011111000111
0000000111111100
1111100100001100
1110100011101001
1110010011101010
1110000101101100
1101111011000110
1101110101011100
1101101100111100
1101101001001110
1101100110011010
1101100011110000
1101100011110000
1101100011110000
1101100011110000
1101100011110000
1101100011110000
1101100011110000
1101100011110000
1101100011110000
1101100011110000
1101100011110000
1101100011110000
1101100011110000
1101101000111100
1101110101011100
1110011100000000
1110100010010000
1110101101001100
1110011111101000
1110011110011010
1110111110011000
1110011111001000
1110010111000000
1110000011000000
1101111101101100
1101110000111000
1101110001110100
1101101100110100
1101101110101100
1101110110110100
1101110010010100
1101110111100010
1101101101101000
1101100011110000
1101100011110000
1101100011110000
1101100011110000
1101100011110000
1101100011110000
1101100011110000
1101100011110000
1101100011110000
1101100011110000
1101100011110000
1101100011110000
1101100011110000
1110111101000010
0000111110100000
0010011100010000
0000110101100100
1111001110111010
1111101110001010
0010000001011110
0000000000000000
1110001011111100
1110000111011110
1101110101100110
0001000010111110
0001011101110000
1111001110111010
1111001110111010
1110001011111100
1110011101110010
1110010000011011
1110000111011110
1101111010000100
1101100011110000
1101100011110000
1101100011110000
1101100011110000
1101100011110000
1101100011110000
1101100011110000
1101100011110000
1111001101101111
1111001011001010
1111010011000010
1111010110101110
1111011011010110
1111100010011100
1111101101100110
1111111001001000
0000001010110110
0000100000111110
0001001000001000
0001000110001000
0001000100111000
0001000001110100
0000111100000010
0000101101100010
0000011001111100
1111111000111000
1111100000111100
1111110001011000
0000010000101010
0000010110000100
1110011111010000
1110100001010110
1111010000001010
0001010101000110
0010001100001100
1101111111000110
0000010101001010
0000011100011000
1111010001000100
1110111010011000
1110110101001110
1110110101001110
1110111110100000
1111001111000000
0001000001100000
0000110101001000
0000110100000101
0010000010011110
0010001110110110
0010011100010000
0010001010101110
0001010010000000
0000011110011100
1111011011011000
1111111011010110
1111100001100100
1110111111100010
1111100010100110
1111011000010010
1111001001110110
1111000011101010
1111110110001100
1111110011000110
1111110011000110
1111001001110110
1110111010011000
1110100001101000
1101110111010110
0000101101110010
0000111110100000
1111110000110000
1111100010111100
1111010010001110
1111011000000010
1111111101110100
0000010110100010
0001100001011000
0001101010000110
0001001111001110
0010011100010000
0010010000101000
0010010111111000
0010000111001100
0001001001011010
0000100100010110
0000001010001011
0000110010001010
0000110111111110
0000001001011100
0000101100010110
0000010001011100
1111101010111100
1111011101110110
1111110011101010
0000010011101000
0000001000101110
1111100101110110
0000000101110011
1111110101000110
1111010000000010
0000101001110100
0001000110001110
1111011110110110
1111000000000111
1111001110010010
1111010011000010
1111101001111010
0000101111010110
0001111111110110
0001110111001001
0001111110010000
0010011100010000
0010000100100100
0010010101001010
0001111011111010
0001001010001100
0000100011100000
1111110100001010
0000011110000000
0000110111010000
0000000011111100
0000001010010000
1111111001101100
1111110001000000
1111011110000100
1111100100011000
1111110100001010
1111101101000100
1111100010110100
0000000110010100
1111110011011000
1111000110011010
1101111111001010
1101100011110000
1101100011110000
0010011100010000
0000000000000000
1101100011110000
1101100011110000
1111011011100010
1101100011110000
1111101111000100
0000010100101110
0000100000000000
0001110110100110
0001011111111111
0000011000011110
1111101011010010
0000001101001100
0001011100010000
0010011100010000
0001110110100110
0000111110001000
0001000001111000
0001001101001100
0000000101101010
0000001001011010
1111000101101010
1111101111000100
0000010000111100
0001001001011010
0001000001111000
1111111110001000
0000000001111000
0000011000011110
0000101011010100
0001000101101010
0000111010010110
0000011100001111
0000100111100010
0000110110100110
1111110010110100
1110110010110100