0000011011100100
0001010101010001
0010010010100100
0001111110101000
1110010110110100
1110001111001011
1110001011100110
1110001111101010
1110001000000000
1101100111110110
1110001101001000
1110010001101110
1110000101011100
1110010000101100
1110101100010000
1110111000100000
1111011000001010
0000010000110110
0001010000001010
0001111100100110
0001101001001100
0001000010011000
0001000001111000
0001001000100000
0001100100100110
0010010101101000
0010011100010000
0010010100100110
0010000001001100
0000101110011110
0000101001111000
0001000010111010
0000101100100001
0001011001110100
0010011100010000
0010000100001000
1110000000010010
1110010110011100
1110010001000010
1110010000000010
1110001010101000
1101101100001000
1101101001101010
1110010001000010
1110010110111100
1110011011110110
1110110000000010
1110101110100100
1111000100101100
1111110111011000
0000100000001110
0001101100000010
0001100111000110
0001100001001100
0000101101000010
0000111001010110
0001101110111110
0010000001001100
0001110101111000
0001010011111010
0001000001001110
0000110010011011
0001010000111110
0001001111011110
0000100000011010
0001001101000010
0010011100010000
0010000001110110
1101111011110000
1110010100101110
1110011011011101
1110010011010010
1110010010110010
1101100100101110
1110000110010100
1110010110001010
1110010000111000
1110011101010110
1110101011010010
1110101100010000
1111000000111000
1111011000011010
0000101101011000
0001010000011001
0001101100010000
0001011110010100
0000100000011010
0000101101110110
0001010110001010
0001101010110100
0010000111100110
0001100110100000
0001011100111000
0000111110101010
0001011100111000
0001011101110110
0000011101000010
0001001100101000
0010011100010000
0010000011001110
1110011010010110
1110011100110110
1110000110010100
1110001011110100
1110011101110110
1101100101010000
1101111010010010
1110101100111000
1110011010110110
1110000011110101
1110001101110100
1110001011110100
1111000110111010
1111011000011100
0000001110100010
0000111111000110
0001011110001010
0001011010001010
0000111010000110
0000111000100110
0001010011101000
0001110000001100
0010010001001110
0001110011001100
0001011110001010
0000110111000110
0001010101101000
0001011111101010
0000100001000010
0001010100011111
0010011100010000
0010001000100000
1111000001111000
1110101110000110
1110010111001110
1110100000000100
1110110100111000
1110000111000110
1110000001011000
1110000111101000
1110011101011110
1110010110101110
1110011101011110
1110101011000000
1111000110100010
1111111011000100
0000101001010110
0001100111101101
0001011110111010
0001010000110110
0001001111110100
0001011101110110
0001110000100100
0010010110000000
0001111010011100
0001110101110010
0001001010000110
0001001101110000
0001001100001100
0001011101110110
0000010011111100
0001011010001100
0010001100100010
0010001010011100
1111110011011010
1110111110111110
1110011010010010
1110000100110010
1110011001110000
1110011101011100
1101101011101000
1101111101111110
1110000001001000
1110100100110010
1110100001000110
1110101010100010
1110110000110100
1111100011001011
0000011011110010
0001001101000100
0010010001010000
0010011100010000
0010001111101010
0001101101000011
0001110111100100
0010001001011000
0001111110011000
0001011011001110
0000111100110100
0000110100111110
0001000101110000
0000110111000100
0000010101000010
0010011100010000
0010001001001100
0001001010010110
0000100001011000
0000000100110010
1111010010010010
1110011001101000
1101110111011000
1101111101100100
1110011011110110
1110100111101000
1110000111101010
1110100010000010
1110101101010000
1110101110011000
1110101111100000
1111000011001000
1111101100000110
0000000000110110
0001011110100010
0001111100110110
0001100111100000
0001100100101101
0001100101110110
0001010110001000
0000111010000100
0000001010011000
0000000100110010
1111111011001110
0000000100001110
1111111001000000
1111101011111110
0000111100000110
0001010100001000
0001000100000110
1111011011111100
1110110011111000
1101111011110010
1101111011110010
1110001011110100
1110110011111000
1110111011111010
1110001011110100
1110100011110110
1110111011111010
1111000011111010
1110111011111010
1111110011111110
0000101100000011
0001100100001010
0001110100001100
0001100100001010
0000111100000110
0000110100000101
0000111100000110
0001101100001100
0010010100010000
0010011100010000
0010010100010000
0001111100001011
0001100100001010
0000110100000101
0000100100000100
0000010001011000
0000110100000101
0010000010001110
0001110000110101
1110111010100100
1110001111001011
1110000110011110
1110100000100000
1110100000100000
1101111101110010
1110110001111000
1111000011010000
1110111010100100
1110010111110110
1111000011010000
1111010100100110
1111010100100110
0000011010000010
0001000101011100
0001101000001010
0001101000001010
0000110100000101
0000011010000010
0001011111100000
0001101000001010
0010011100010000
0001111001100010
0010001010111000
0010001010111000
0001110000110101
0000111100110000
0000111100110000
0000010011010000
0001000110101000
0010000110110110
0001111110010010
1111100100001100
1110001010010010
1110101100100010
1110110000110100
1110111101101010
1110100011111110
1110010111001000
1110011111101101
1101111001001010
1110110000110100
1110100011111110
1110100011111110
1110111101101010
1111101100110000
0000111001110010
0001000110101000
0001011100000010
0010001011001000
0001110101101110
0001010011011110
0010000010100100
0010010011101100
0010011100010000
0001100000010011
0001000010010110
0000100100011000
0001000010010110
0001000110101000
1101100011110000
1101100011110000
1101100011110000
1101100011110000
1101100011110000
1101100011110000
1101100011110000
1101100011110000
1101101010110010
1101101010000100
1110100110011111
0010000001111010
0010001110111010
0010001110001110
0010001110111010
0010001000111100
0001111010001100
0001100001101000
0001100101011110
0001101000010010
0000110010100100
0000100101001110
1110000111100100
1101110000110000
1101101010000100
1101101110010010
1101101100100010
1101100011110000
1101100011110000
1101100011110000
1101100011110000
1101100011110000
1101100011110000
1101100011110000
1101100011110000
1101100011110000
1101100011110000
1101100011110000
1101100011110000
1101100011110000
1101100011110000
1101101111110110
1101101111000110
1110110000100110
0010001000111010
0001110001001110
0010000001101010
0010000110110000
0010000011001000
0001111100010101
0001100111010100
0001101101100110
0001110011011010
0000101001101100
0000010011011110
1110010110100000
1101111110110100
1101111010001110
1101111011101100
1101111000000100
1101100011110000
1101100011110000
1101100011110000
1101100011110000
1101100011110000
1101100011110000
1101100011110000
1101100011110000
1101100011110000
1101100011110000
1101100011110000
1101100011110000
1101100011110000
1101100011110000
1101101101001000
1101101100000100
1110010100101100
1110010110110010
1110010111110101
1110010111100100
1110011000100110
1110011011001110
1110011000111000
1110101001010010
1110100011100010
1110011010111100
1101101111011110
1101110111111100
1111101010001000
1111000001100000
1110110000110100
1110101110110000
1110101011101000
1101100011110000
1101100011110000
1101100011110000
1101100011110000
1101100011110000
1101100011110000
1101100011110000
1101100011110000
1101100011110000
1101100011110000
1101100011110000
1101100011110000
1101100011110000
1101100011110000
1101101100101100
0010011100010000
0010011100010000
0010011100010000
1101101000001110
1101100011110000
1101100011110000
1101100011110000
1101100011110000
1101100011110000
1101100011110000
1110100010010000
1111100101001110
1111011100010010
0000001000111100
1111010011010110
1101111010000100
1101110001001010
1111000001100000
1101100011110000
1101100011110000
1101100011110000
1101100011110000
1101100011110000
1101100011110000
1101111010000000
1101111111110110
1101111100001000
1101111110110110
1101111101001100
1101111100101110
1101111000011100
1101110110001100
1101110111010100
1110000110001010
0010010010111010
0010001111111100
0010001100100010
0010001011001110
0010000111111100
0010001100010100
0010001000101010
0010000110110010
0010000100110110
0010001000001100
1110111001001010
0001000101110110
1110111010010010
0001011011101110
0010001001011010
0010001000001100
0010001010001000
0010011100010000
0000001111111011
0000100011000100
0000100011000100
0000100011000100
0000101001011110
0000100011000100
0000110110001101
0001010110000110
0001010110000110
0010001001001000
0010001001001000
0010000010110000
0010001111100000
0010011100010000
0010011100010000
0001111100011000
0001101111100101
0010001001001000
0010011100010000
0010011100010000
0001111100011000
0001001111101110
0000001111111011
0000011100101100
0000100011000100
0001001001010110
0001010110000110
0000110110001101
0000110110001101
0000110110001101
0000010110010100
1111000011011010
0000001000011010
0000010101110110
1111110100010000
1111101101100010
1111110100010000
1111101010001010
1111001011111011
1111111010111110
0000001011110000
0001111110000000
0001100110100000
0000111010110100
0001111110000000
0010010010001010
0001111110000000
0000101010000000
0001001011100110
0000111010110100
0010001011011100
0010011100010000
0001100110100000
0000100110101010
0000001000011010
1111100110110100
0000001111001000
0001100011001000
0001100110100000
0000011001001100
0000100011010010
0000110100000101
1111100110110100
1110110111110000
0001010011111000
0001100001000010
0000111001100100
1111100100000010
1111011101011110
1111101010101000
1111100100000010
1110111111110110
0000001110110100
0001011010011110
0001100111101000
0000011111010000
0001011101110000
0001110100110001
0001110001100000
0000111001100100
0001011010011110
0001110001100000
0010011100010000
0010000101001110
0001000011011100
0000100010100010
1110111111110110
1110110110000000
0000000100111100
0001011101110000
0000111100110110
0000001000001110
0000001011100000
0000110110010010
0000001011100000
1111010011100110
0010011100010000
1101100011110000
1101100011110000
0010011100010000
1101100011110000
1101100011110000
1101100011110000
1101111101110010
1101100011110000
1110111101011100
1111001011000000
1111100110001100
1111100110001100
1110111101011100
1111100011011110
1111010101111000
1111101011101001
0000001100001110
0001010010111000
0001000010100100
0001010000001010
0010011100010000
0010000110100000
0001001010101110
1111101000111011
0000000100000100
0000100001111110
0001011000010100
0001100011001100
0001010101100101
0001010000001010
0000111101001010
1111101000111011
1111010101111000
1111011000100110
0000011111010000
0000110111101101
0001001010101110
0000000100000100
0000111010011100
0000011001110100