1111011101110100
0000110001011100
0001010011101000
0001101001100110
0000010111001100
1110010111000011
1110101011001010
1110011011111011
1110101110001110
1110110000101010
1110101110110101
1111010001101000
1111010111101111
1111110011001100
1111111100010110
1111111111011000
0000110101000110
0001010111010010
0001111010101100
0010010011101110
0010011100010000
0010000111100000
0001110111100111
0010000111100000
0001011010111100
0001010001110010
0000111000001010
0000110000001110
0001000001010100
0001001010011110
0001011111001110
0010001001111100
1111010100001000
0000010000010100
0001001101000000
0001010111100010
1111100101001010
1110010000011011
1110010001111010
1110100110011111
1110100011111110
1110100100011110
1110100000011100
1110101011011110
1111001011100111
1111010101101000
1111100110101010
1111110110001110
0000000001010000
0000100010011000
0001011111000100
0010010000101110
0010011100010000
0001111110101010
0001110011101000
0010000100101100
0001110101101000
0001011000100010
0001001101100000
0001000000011110
0001000010011110
0001001010000000
0001010001000000
0001100111100110
1111001111010000
0000000111111000
0001100010100100
0001011100010010
1110111111100000
1101110010011100
1110000111011010
1110100000000100
1110010010111101
1110001011100110
1110001100001000
1110111010010000
1110111100111000
1111001111110000
1111001001011111
1111011000101100
1111110011111100
0000011000001000
0001001001111100
0001111110111000
0010011001000110
0010011100010000
0010000100001000
0001110100111011
0001101100000000
0001101101100110
0001100010000100
0001000010100110
0001001101100110
0001001011100000
0001011000000110
0001101101000011
1111010001011100
1111111110000000
0000111001111111
0000100001011010
1111111100010010
1110110100010100
1101110100111000
1110100011001011
1110110000010100
1101111000010100
1110001011001010
1110001011001010
1110011010100110
1110110010000010
1111000100010100
1111001100010100
1111011001011100
1111101011101110
0000110000010010
0001100011101100
0010011000010000
0010011100010000
0010001111101100
0001110110100010
0001101100110110
0001101100110110
0001100001111110
0000111110100100
0001001101011010
0001000011101100
0001001001111110
0001011100010000
1111010001000000
0000001000101010
0000101010010010
0000100111101010
0000011100000101
1111001001101010
1110111010111100
1110111010111100
1111000000101110
1110010100000100
1110100101011010
1110010101001000
1110011000110010
1110101110010111
1110110110001110
1111000001110001
1111001010001010
1111010110010000
0000001101111010
0001001011111010
0001110110011100
0010011100010000
0010001111001000
0010000100000110
0001111010101000
0001101111000110
0001011101110000
0000111111110100
0000110011101110
0000111001100000
0000111101001100
0001001010010100
1111100111000100
0000011101000110
0001011000111100
0000100010111010
1110100110010000
1110000011010111
1110010100110010
1110101110100100
1111011001110010
1110111011110110
1110010000101000
1110010100110010
1110010110011100
1110010010010010
1110110010101110
1110010011001000
1110100010111010
1110110011100010
1111001100011110
0000101100000011
0001001110001000
0010011100010000
0001100110001110
0001100111000100
0010010010010010
0010010100110010
0000111010001100
0000010110011100
0000000111011110
0000001110000111
0000000011010100
0000011101000110
0000011011001000
0001011010011110
0000001101001010
1111010100011010
1101110000111010
1110000110010010
1110000101011110
1110110111101000
1111001001101110
1111010100011010
1111010000010100
1110110110110100
1110110101001010
1110110111101000
1110111111000010
1111010000010100
1111010010110010
1111011011110100
0000111111010100
0001110111010000
0010000100011010
0010001110010010
0001110010010100
0001111100001011
0010011100010000
0010010100000010
0001101111000010
0000110111000110
0000010000011100
0000101111101100
0000100000000100
0001010001011010
1111100010010000
0000101100101010
0000011101110000
0001000010111110
0000000111011100
1111000100011110
1110111101000010
1110110101100110
1111100010010000
1111100010010000
1111110001001000
1111100010010000
1111000100011110
1111111000100100
0000001110111000
0000001110111000
0001011001010010
0001011001010010
0010011100010000
0010010100110100
0001110111000100
0001101000001010
0001100000101110
0001101111100101
0001101000001010
0000011101110000
0000101100101010
0001010001110110
0000000111011100
0000111011100010
0001011001010010
0001101000001010
1111010001100100
0000011101100100
0000111111010110
0001100001001000
1111111011110010
1110001101111110
1110111000001110
1110011110111000
1110100111010100
1110101111110001
1110101111110001
1111100010011100
1111011010000000
0000000100001110
1111111011110010
0000000100001110
0000001100101010
0001011000101100
0001111010011110
0010010011110100
0010011100010000
0001000111110010
0001010000001111
0001010000001111
0001000111110010
0001101001100100
0000101110011100
1111101010111001
0000111111010110
0000100110000000
0001011000101100
0001100001001000
1110110110011110
1111101101101000
0000101001011000
0000010010011000
1111111011011010
1110101101010010
1110110001111000
1101111111010100
1111001101011100
1110111111101010
1101111010101110
1110011111100000
1110000011111010
1101111111010100
1110101000101100
1110001101001000
1110010001101110
1110101101010010
1111001000110110
0001000000010110
0001101001101100
0010011100010000
0001110111100000
0001010111010100
0001011011111001
0001101001101100
0000101101111110
0000010110111110
0000000100100110
0000000100100110
0000000000000000
1111110010001110
1101100011110000
1101100011110000
1101100011110000
1101100011110000
1101101100101000
1101101101001010
1101110101100010
1101110100011110
1110000111110100
1101110000110100
1110100111001010
0001101001000010
0010010101111110
0001111101011010
0010010011111000
0001110000111000
0000100011100010
1111110100100000
1111110111101000
1111100001101100
1111000100011100
1110110101110010
1110011011101010
1101111111111110
1101110001010110
1101101100101000
1101101110101110
1101101110101110
1101100011110000
1101100011110000
1101100011110000
1101100011110000
1101100011110000
1101100011110000
1101100011110000
1101100011110000
1101100011110000
1101101100001000
1101101100001000
0000101100111010
0001011011110010
0010011100010000
0010011100010000
0001010110110110
0000010011100100
0001101000111000
0001111010101110
0010000101101100
0001010100011110
0000010100110110
1111111100010110
1111110001100110
1110101110110000
1110011011101000
1110010101001100
1110001010000000
1101111001101100
1101110101110100
1101110101110100
1101110001100000
1110000011110010
1101100011110000
1101100011110000
1101100011110000
1101100011110000
1101100011110000
1101100011110000
1101100011110000
1101100011110000
1101100011110000
1101110010010100
1101101101001000
1111011010100000
0001101100110110
0001111110000010
0001100011011110
0001000001101000
1111000011100101
1110101110011000
1111000100101000
1111010000000100
1111000010100010
1111000111110000
1111010011101001
1111001111111000
1110010101001000
1110010001011000
1110010010111101
1110100000001011
1110111111011010
1111000100101000
1110110111000100
1110001001010000
1110010110110010
1101100011110000
1101100011110000
1101100011110000
1101100011110000
1101100011110000
1101100011110000
1101100011110000
1101100011110000
1101100011110000
1101110101100110
0010011100010000
0010011100010000
0010011100010000
0010011100010000
0001010100110011
0010011100010000
0010011100010000
1110101011001101
1101101100101100
1101100011110000
1101101100101100
1110100010010000
1101101100101100
1111100101001110
1111110010100110
1101101100101100
1101111010000100
1110000011000000
1101110101100110
1101111010000100
1110000011000000
1110010100110110
1111100000110000
1101100011110000
1101100011110000
1101100011110000
1101100011110000
1101100011110000
1111001011011110
1111001011111100
1111001010110110
1111000111110000
1111000011001000
1111000100111100
1111000001101000
1110111110001110
1110111101001010
1111000010000010
0000111110100100
0001000000100110
0001000101001000
0001001000111000
0001001101001010
0001010001001010
0001010111110000
0001100010001000
0001110010010000
0001111000100010
1110111101010110
0000010000100010
0001001100100000
1111111000101100
0000001110101000
0000100011000010
0001001010011000
0010011100010000
1110010111000011
1110110001011000
1111000000111010
1111001011101100
1111101010000100
1111110100001100
0000011110101110
0000110010111110
0001010011010110
0001100000110110
0001111001110100
0010000011010010
0010010000000110
0010011100010000
0010010010110100
0010001110110000
0001110101000110
0010000010100110
0001110101110010
0001101111000010
0010001001010110
0010000111010100
0010001010000010
0001110111001000
0001110011110000
0001100000110110
0001101000010010
0001001110101000
0001001011010000
0000110000010000
0000011011010110
1111011001001100
1110000110110010
1110001010001100
1110011000111000
1110101101110010
1111001010000010
1111100000000100
1111101011111101
0000011011111110
0001001000101000
0001001100000000
0001100011110000
0010001001000010
0010000001101100
0001111001001110
0001111110111000
0010000010110100
0010000111010110
0010000000000000
0010001000011110
0010010110100110
0010011100010000
0010011000010010
0010001110101100
0010001110001000
0010000100100010
0010000001101100
0001111000101010
0001110111100010
0001101011101001
0001001011011100
0000110011001010
0000011111011000
1110001011100000
1110011010100100
1110010001101010
1110010111001010
1110010110011110
1110101001101010
1111100001001010
0000001110011010
0000111111000100
0001010111000010
0001100010101100
0010011100010000
0010001011001000
0001111001010100
0001110000010111
0010001011110100
0010010001010010
0010000000110110
0010000011100110
0001111001010100
0001100010101100
0001111100101110
0001111010000000
0010000011100110
0001110011001000
0001010010111100
0001100011011000
0001011110100100
0001001000101010
0001001011011000
0000100101000000
1111011101110000
0010011100010000
1101100011110000
1101100011110000
0010011100010000
1101100011110000
1101100011110000
1110100010010000
0000000000000000
1101100011110000
1111111100011001
1111110101000110
1111101001000000
0000001111110000
0000011110010010
0000000110000100
0000001111110000
0000111011010110
0001100110111110
0010000001100110
0001001001111000
0001000000001100
0010010111011010
0010011100010000
0001010110000000
0001011010110110
0001010001001010
0001001001111000
0000111101110001
0000100011001000
0001101001011000
0010000001100110
0001110000101010
0001000101000010
0001001110101110
0000111011010110
0000111011010110
0001000101000010
0000100000101110
0000000011100111
0000100101100100
1111010000110000