1110101101100000
0000101110011100
0000110001001010
1111101000100000
1111011001110000
1110000010010110
1110000110001010
1101101001110000
1101111001000100
1101110111111110
1110001101110100
1110100110111101
1110110110010000
1111000001101110
1111001110110110
1111110001110010
0000101111100010
0001111100100100
0010000110111100
0001010011100110
0001000011110000
0001001001110000
0001101000111010
0001100110101110
0000111100101010
0000110011111010
0000110011111010
0000111110110100
0001011111000100
0001110001101000
0001101010000000
0010011100010000
1110110110011110
0001000100000000
0001000001110010
0000001111010000
1111111111101110
1110010000001010
1110001000011001
1101110100111110
1101111011000100
1101101001110110
1110010000101110
1110101010110100
1110100010011110
1110101110101100
1111000111101011
1111110000001100
0000110001001000
0010010101100110
0010011100010000
0001101001001100
0001010001111000
0001100001011001
0001111011100000
0010001000110100
0001001100111000
0001010100000110
0001000011011100
0001001110100010
0001100010100010
0001110000011010
0001010101001100
0001110101011010
1111000101010100
0000111101100010
0000110010110000
0000010101010001
1111101110001000
1110000110111010
1110001101001010
1110001111011010
1110000100000100
1101110101010110
1101101101111110
1110010110110010
1110010110110010
1110101110101000
1111000000001100
1111110010000110
0000011010111100
0010001110101000
0010011100010000
0001100001110110
0001101011011110
0001111010001110
0010010001011110
0010000111010000
0001010101010110
0000111110000101
0000110111110111
0000111100011010
0001011001010100
0001100000001000
0001010010100010
0001101001110010
1111011011110000
0001000010000110
0001001000110010
0000101001001000
1111100101100000
1110011110110110
1110100001111000
1110000100000010
1110001001100010
1101111100101110
1110000000011000
1110100001111000
1110100110001010
1110101001110100
1111000000111100
1111011110110100
0000011101100010
0010000101000110
0010011100010000
0001110001100110
0001100001110010
0001101001101100
0010001100011010
0001110110011110
0000110100101100
0000110010010000
0000100000100110
0000100011101000
0001000110111110
0001011110101110
0001011011101100
0001100000100100
1111110000110000
0001010011110110
0001110000011100
0000110111010000
1111001101001100
1101111111101100
1101101100000000
1110000110101100
1110001001111000
1110011100111010
1110101100110010
1111000101100100
1110010101111100
1110011010011000
1110011001000110
1111011000000000
0000001100101110
0001111111000001
0010011100010000
0001010111101010
0001010011001110
0001100000100010
0001100001110100
0001011110101000
0000101011110100
0000101000101010
0001000010000100
0000101110011000
0001000101111000
0010000100001000
0001101101111000
0001101011010110
1111110110000100
0001100110111110
0010010010101110
0000111100110110
1111100001011000
1110110101101010
1110001110101100
1110010101110110
1110011010101000
1110010110101000
1110001100010101
1110010100010000
1110001101000110
1101110110110110
1110011101000000
1111001111111010
0000001101111010
0001111010000100
0010011100010000
0001101100100010
0001100110111110
0001100110111110
0001101110001000
0000111111001110
0000010101111000
0000010010101100
0000110001101100
0000101000001010
0001001010010110
0001101110001000
0001100110111110
0001010100101100
1111010000100100
0001000100000000
0001011001010110
0001000001110100
1110100101001100
1110001011011110
1111001101101000
1111010100010000
1110011110100100
1110011101000110
1110000111110010
1110010011100010
1110101101010010
1110111000010100
1111011101000100
1111011100010110
0000110101010100
0010011100010000
0010000000010100
0001100110100100
0001110011110100
0001101110101010
0001010110011010
0001001001001010
0000110010011000
0000110011000110
0000101001100010
0000100010111100
0000101000000100
0001010101101010
0001011110100000
0001011100010010
1110111111001110
0000110001100010
0000111001001010
0000000011110100
1111001110011110
1110001001111000
1110001001111000
1110000010010000
1110010001011110
1110101000010110
1110101111111110
1111000110110110
1111001110011110
1111001110011110
1111011101101100
1111111100001100
0001000000110010
0001101110100010
0001110110001000
0001011111010010
0001010111101010
0001100110111010
0001110110001000
0001101110100010
0001010000000010
0001001000011010
0001001000011010
0001010111101010
0001101110100010
0001110110001000
0001110110001000
0010011100010000
1110111111001110
0000110001100010
0000111001001010
0000010011000100
1111110100100100
1110101111111110
1110110111100110
1110101000010110
1110010001011110
1110011001000110
1110011001000110
1110100000101110
1111000110110110
1111011101101100
1111101100111100
0000000011110100
0001001000011010
0010001101000000
0010011100010000
0001100110111010
0001000000110010
0001000000110010
0001100110111010
0001100110111010
0000110001100010
0000100010010100
0000100010010100
0000011010101100
0001010111101010
0001011111010010
0001011111010010
0010011100010000
1111101100111100
0001101010101110
0001110110001000
0001000000110010
1111100101010100
1110111111001110
1110111011011010
1110011100111010
1110101000010110
1110101111111110
1111100001100000
1111100001100000
1111100101010100
1111001110011110
1111010110000110
1111010110000110
0000100110001000
0010000101011000
0010011100010000
0001110010010110
0001011111010010
0001110110001000
0001011111010010
0001010111101010
0000110001100010
0000110001100010
0001010000000010
0001011011011110
0001111101110000
0001111001111100
0010001001001100
0010010000110100
1101100011110000
1101100011110000
1101100011110000
1101100011110000
1101100011110000
1101100011110000
1101100011110000
1101101010011010
1101101011010110
1101110000000110
1110101011111100
0001111010100010
0010001110000000
0010010111100000
0010001010101100
0010000001101010
0001101101101110
0001001100111100
0000110100001111
0000100110000000
0000001000000100
1111001000011100
1110100110010000
1110011010011000
1110010001010110
1101111011000010
1101110010111100
1101110011111010
1101101101101110
1101100011110000
1101100011110000
1101100011110000
1101100011110000
1101100011110000
1101100011110000
1101100011110000
1101100011110000
1101100011110000
1101100011110000
1101100011110000
1101101001011100
1101101001100110
1101101111101110
1110010011110110
0001000011010100
0001011101111010
0000000101011010
0000011111110111
0000011001000010
1111100000001001
1111011110101100
1110111111011010
1110110101010010
1110101000101000
1110010011000000
1110010001110110
1110000110110000
1101111100111100
1101111001101010
1101110101011010
1101110011010000
1101110001011010
1101100011110000
1101100011110000
1101100011110000
1101100011110000
1101100011110000
1101100011110000
1101100011110000
1101100011110000
1101100011110000
1101100011110000
1101100011110000
1101101010100000
1101101010100000
1101111000100100
1110110010111010
1110110001100000
1110111110000000
1110010101011000
1110011010100110
1110011111011110
1110010000100010
1110011000111000
1110001101101000
1110000101001100
1110010010010100
1110010010101000
1110110000110100
1111000100000110
1110110010011000
1111000011100101
1111000101001000
1111001110100000
1110110000110100
1101100011110000
1101100011110000
1101100011110000
1101100011110000
1101100011110000
1101100011110000
1101100011110000
1101100011110000
1101100011110000
1101100011110000
1101100011110000
1110001011111100
1101110001001010
0010011100010000
0010011100010000
0010011100010000
1110000111011110
1110000011000000
1101101100101100
1110000111011110
1110011001010100
1110110100000110
1110000111011110
1110000011000000
1101101000001110
1101110001001010
1101111110100010
1110000011000000
1101110101100110
1110000111011110
1101110001001010
1101101100101100
1101110101100110
1101100011110000
1101100011110000
1101100011110000
1101100011110000
1110011011011010
1110011101101110
1110011101010000
1110011111100110
1110011101001010
1110011000101110
1110011010101011
1110011110001010
1110100011100000
1110110001110110
0001010101011011
0001010011001010
0001010111010010
0001010100110011
0001011000101100
0001011010100000
0001011001111110
0001011001010111
0001010011100000
0001000111101100
0000100111100110
0000010000100010
1110011111111100
1111110000010110
1111110110011110
0010011100010000
0010001101001010
0001101101011000
1111001110011110
0000001011011100
1111111100001100
1111111100001100
1111101100111100
1111000110110110
0000000011110100
0000110001100010
0000100010010100
0010001101000000
0010001101000000
0010001101000000
0001111101110000
0001100110111010
0000110001100010
0001101110100010
0010011100010000
0010011100010000
0001000000110010
0001100110111010
0001010000000010
0001010000000010
0001110110001000
0001010000000010
0001011111010010
0001001000011010
0001010000000010
0001101110100010
0001111101110000
0001010000000010
0000100010010100
1111111100001100
1111101100000100
0000000110101010
1111100101011010
1111101100000100
1111011110110000
1111010100110010
0000000000000000
0000001101010100
0000100111111010
0001011101000110
0001011101000110
0001001001001000
0001101010011000
0001100011101110
0001010110011100
0001111110010110
0010011100010000
0001110111101100
0000100111111010
0001100011101110
0001100000011010
0001100011101110
0001110111101100
0001111011000000
0001001111110010
0000111111001010
0000110101001100
0001101010011000
0001001001001000
0000101011001110
0000010011111100
1111011011011100
0000001100010010
0001010010100000
1111110000001100
1111001001100100
1111010000100110
1111010100001000
1111101001001100
1111111010101111
0001001011100000
0001100100000100
0001000111111110
0001110101101000
0001011101000100
0001011001100001
0001100100000100
0001111001001000
0010011100010000
0010011000110000
0001000000111110
0000010011010100
0000101000011000
0000110110011100
0001000111111110
0001000000111110
0001000000111110
0000000101010001
0000001100010010
0000100100111000
0000011010010110
0000000101010001
1111100101101010
1110111000000010
0000010011101000
1101100011110000
1101100011110000
0010011100010000
1101100011110000
1101100011110000
1111000001100000
1101111101110010
1101100011110000
1110000111111100
1111100100000010
0000011011111110
0000001000001110
0000011011111110
0000100010100010
0001011101110000
0010000001111100
0001111000000100
0001100100010110
0010001111000110
0010001011110100
0000101001001000
0001111110101010
0010000101001110
0001011010011110
0001010000100110
0010011100010000
0001010111001010
0000110011000000
0000010101011000
0000000100111100
0000011011111110
0000101100011010
0000101111101100
0000101111101100
0000111100110110
0001000110101110
0001001101010100
0001101010111010
0001001010000000
1111011010001010