1111100111101010
0000011110101000
0010000100101100
0010011100010000
0000010110110010
1111100010111100
1101110110100110
1110010010111000
1110000111111000
1101101110110000
1110100001000000
1110110000101100
0000110011000010
0001111110011010
0010010010110100
0001010100000000
0001011000101110
0000110100100110
0010001110001000
0010011100010000
0010000100101100
0001001111010100
0000011101000100
1111111100000100
1111110100001110
0001000001001010
0000111110000010
0010000100101100
0010011010101100
0010001100100010
0001100010001010
1111101100011000
1111001110100000
0000000001111100
0001100111100010
0001111100000110
1111111011100000
1110111101110010
1110010000110000
1110010011010110
1101110000101000
1101110100011110
1110100001011110
1110010111001101
1110100100000100
1111011010000100
0000100100101010
0010001110000110
0010011100010000
0001100110010000
0001111111111101
0010000101000110
0010001000111110
0001100001000101
0000000100100000
0000000101110010
0000010110100000
0000100000110010
0001000111011000
0010000011110100
0010000001010000
0001101010000110
0001000011100000
0000110101011000
1111010111011100
0000000010101110
0001001011001010
0001001110011010
1110111000000110
1110010101100000
1110001100110110
1101110110001000
1110000110010110
1101111010011110
1110010111101011
1110011000110000
1110011001110100
1110110111000000
1110110101111100
0000110110100110
0001011000000111
0001011111101100
0000101011110010
0000101010101101
0001011101100010
0010011001000000
0010000111101110
0000101000100100
0000101011110010
0000110110100110
0001110010000110
0010010010100010
0010011100010000
0001101000010101
0010000110101000
0001010000100011
1111100010101110
0000001011100010
0000110100011000
0000101111000100
1111010100100000
1110010101011110
1110000101100000
1110010100100100
1110001010110100
1101110110011010
1110011100100100
1110100100100100
1110001001111100
1110100110010110
1110110000000110
0000011001110000
0001010111111000
0001110110000100
0001011111111000
0001000000110100
0001010000110010
0010000001101000
0010011100010000
0010000010100000
0001111100010010
0001100101001110
0001100111110111
0001100100010100
0010010010100000
0010001110000010
0001011111000000
0001001011011110
1111100010101000
0000011101011000
0001000110011100
0000101000100101
1111011110111000
1110100101111110
1110010001011110
1101110010101100
1101110111010110
1101111100111100
1110101110011000
1110101111010100
1110011000111010
1110101001101110
1110111110010000
1111010111011011
0000111001011000
0001100010011010
0001100011010110
0000011000101110
0000011101011000
0001000000110110
0010000110110010
0010011100010000
0010010101101110
0001111111010101
0001100101001110
0010000110110010
0010011010011000
0010010001000100
0001101110100010
0001010101010110
1110110011110100
0000100001001100
0001000001011100
0000001001110000
1111010100000100
1110001110101110
1110000111111000
1101110111010010
1110000001000010
1101110110010100
1101111010001110
1110101011000011
1110101111111011
1110000001000010
1110001110101110
1110110100110100
0000000110110110
0001001010001110
0001001100001010
0000001011101110
1111101010100010
1111111000001100
0000001110101010
0001010001000100
0001001111000110
0001011010110100
0001010000000100
0010010101011010
0010011001010100
0010011100010000
0001011011110010
0001001000010000
1111010010111110
1111111110011010
0000010101101110
1111101111100110
1111001001011100
1101111010000000
1101101110010110
1110001000110100
1101111000111100
1101111100001000
1110000111110010
1110011100111110
1110011001110010
1110100011010101
1110101000100110
1111001010100000
0000111001101110
0010001000001000
0010000000101110
0000010100101010
1111110111000000
0000011100000100
0001010001000001
0001101001011010
0010011100010000
0010000000101110
0001111100011110
0010001110011110
0010011001000100
0001111010010110
0000010011100110
0000001111011000
0000001000101100
0000110100000101
0001111001100010
0001111001100010
0000101011011010
1111011101010010
1101110101001000
1111101110101000
1111101110101000
1110101001001100
0000000000000000
1111110111010100
0001011111100000
0010000010001110
0001111001100010
0000100010101110
0001000101011100
0000000000000000
0001101000001010
0001110000110101
0001110000110101
0001000101011100
0001000101011100
1111101110101000
0000010001011000
0000101011011010
1111001011111011
0000100010101110
0001111001100010
0010011100010000
0001110000110101
0000100010101110
1111111000100100
0000000111011100
0001111110100000
0001111110100000
0000010110010100
0000000111011100
1110011111010010
1110111101000010
1110110101100110
1110011111010010
1111100010010000
1111110001001000
0000111011100010
0001111110100000
0001111110100000
0000101100101010
0001000010111110
0000111011100010
0010010100110100
0010011100010000
0001110111000100
0000111011100010
0000000111011100
0000000111011100
0000010110010100
0000111011100010
0001101000001010
0001110111000100
0001101111100101
0000100101001100
0001001010011010
0000111011100010
1111011011101010
0000101111010000
0001000001011010
0000011101000100
1111101101110110
1110111010111110
1110101000110010
1110001000000110
1110010011000000
1110001111010110
1110110011101100
1110110000000100
1111000010001111
1110111110100110
1110111110100110
1111110001011110
0000100111111110
0000110010111000
0000111010001000
0000000011100111
0000000111010010
0001001111111100
0001111111001011
0010001101101110
0010001101101110
0001101001011000
0001100010001000
0010011000101000
0010011100010000
0010001010000110
0001111011100010
0001110000101010
1110000000110101
1101111111000010
1110000001001010
1101111110010100
1101111111110000
1101111100111010
1110010110011010
1101111100001100
1101111101010000
1101111000101010
1110011100000110
0000111100100110
0010010001010010
0010001101000000
0001011001101000
0000101010001010
0000011011101000
0000010111011000
0000001101110100
0000000101101010
1111100001001101
1111000110010000
1110101010111110
1110001000010000
1110000111100010
1110010010100010
1110010010111000
1110010000011011
1101111010011100
1101110111111100
1101101111000110
1101101100111110
1101101010110110
0010011100010000
0010011100010000
0010011100010000
0010011100010000
0010011100010000
0010011100010000
0010011100010000
0010011100010000
0010011100010000
0010011100010000
1111110110101100
0000010100001000
0001111010111000
0001111011110100
0001101101011100
0001001100101000
0001010001110110
0000100000101000
0000100001000000
0000000111110110
1111011011011110
1111010111010110
1110101100010010
0010010001010000
0000000101110010
1111001111100011
1110000111011000
1110010110110110
1101111010100000
1101111111001010
1110001000110111
1101111011011100
1101110010101010
0010001011000100
0010000100110100
0010010000010000
0010000111011010
0010010110000000
0010011000000100
0010010011011000
0010010110100000
0010011011101110
0010011001101000
0001010101011010
1110011010110000
1110011010001000
1110001000101000
1110001111100000
1110000110110000
1110100100110110
1110001011110111
1110001101011010
1101110111000000
1110011001011000
1111001100011100
1111000101101010
1111111000101100
0000001000110110
1111010110110110
1110110000110100
1111000011100101
1110111101110110
1110110111100110
1111111000001100
1111001101011110
1110100101111000
1110000111011110
1101111110100010
1101111010000100
1101111010000100
1101111010000100
1101101000001110
1101101100101100
1101101100101100
1110010000011011
0001100010001110
0010011100010000
0010011100010000
0001111101000000
1110100010010000
1110101011001101
1110100010010000
1110100110101110
1110101011001101
1111010011010110
1110010100110110
1110010000011011
1101111010000100
1110001011111100
1111100000110000
1111001110111010
0000110101100100
1110111000100100
1101111110100010
1101110101100110
1111010111110100
1111001110111010
1111110010100110
1110011101110010
1111001101011000
1111001101011000
1111001101000100
1111001010011100
1111010010000000
1111010101000100
1111010100001100
1111001110000000
1110110111100000
1110101011111111
1110110000110000
1110110000110000
1110111100010110
1111000001110110
1111000101001010
1111001101001110
1111011010111010
1111110011001000
0000011001100100
0001000010000010
0000000110010000
1111000001100000
1111101011001000
1111100101101111
0000101111001100
0001100100101100
0010010000010100
0000000111110100
1101111001110100
1101110101011110
1101111111110010
1110011000101110
1110100001100110
1110110001101000
1111001101011100
1111000110101110
1111000101100011
1111011011110100
1111100110110110
1111100010110000
1111011101111110
0000010001010000
0000101011110110
0000110111010110
0001000000111100
0001011101011101
0010010001001110
0010011100010000
0001111011001100
0001110110111000
0001110000101000
0001101010111000
0001101100000110
0001010010011100
0001001100011100
0000111101110110
0001001001000110
0000110110001010
0000100111010100
1111110010000110
1110001111011100
1101110111100100
1110000010100100
1110100100011110
1110101110011110
1110110010100010
1111011001100010
1111010101110110
1111000110001000
1111001101101100
1111100010101110
1111101001101011
1111111101000010
0000100000111110
0001000101111010
0001101000100110
0010001000010000
0010001111110100
0010011000011000
0010011100010000
0010010001001110
0010000100100100
0001110111100000
0001111001110000
0001111000111100
0001101011011110
0001101010011100
0001011111110101
0001010010001010
0001010010001010
0001001001100110
0000001001000110
1110001000001000
1101110011111010
1110001111011100
1110101011101000
1110101100111100
1110110010110000
1111110110000110
1111100110001100
1111010100111110
1111101100001100
1111111010011010
0000000010110100
0000001111000100
0000100110100010
0001001010101100
0001000001001110
0001011101110110
0010010000110110
0010011100010000
0010000010110110
0001110100001110
0010001001010100
0001111111101000
0001101101110000
0001110010100000
0001011111001000
0001100010110010
0001010001100100
0001011100001000
0001001010010000
0000111111101110
0000001100011110
1111000000001110
1101100011110000
0010011100010000
1101100011110000
1101100011110000
1101100011110000
1110100010010000
0010011100010000
1101100011110000
1111000000001000
1111001111100000
1111011010010010
1110101111001100
1111000111110101
1111010101101010
1111001111100000
1111011000110000
0000111001101110
0001010101011011
0000001011100010
0001001111010010
0001111011111100
0001111111000000
0010011100010000
0010001011010100
0000001010000000
1111111111001110
1111101011001110
1111011000110000
1111001101111110
1110111000011010
1110111110100100
1111100110100110
1111101100110000
1111100001111110
0000010000001010
0000010001101110
0000000000110010
0000000101011000
1111101111110110
1110010101000000