0000110000001001
0010011100010000
0001101100000110
0000010111100000
1110100000010000
1110111011010010
1110111110001110
1110111110001110
1110101100100110
1110010001100100
1110000100000100
1110110111110000
1111000001001010
1111000000100100
1110101101110000
1110011111000101
1110110100110100
1111001100111010
1110111000111100
1111010010110010
1111011011000000
1110111000111100
1110101100000000
1110110101011010
1111000001110001
1111011111000110
1111011011100110
1111101010110110
0000100101000000
0001111011010110
0001110001011000
0001000101111010
1111111000011010
0000111001010010
0001000001101100
0001001010111110
1111000000110100
1110100101011100
1110010001010000
1110011111111110
1110000010111010
1101110111001000
1101100110101100
1110010010111010
1110100010000110
1110101000110100
1110011110010010
1110101111001001
1111000101011110
1111100101111001
0000010101000100
0000110011110100
0000111011011000
0000000111001010
0000000000110110
1111111110110000
0000011010100010
0000100001101100
0001001110110000
0001100110110000
0001111010111110
0010011100010000
0010011001010100
0010001100101010
1111100110011110
0000101101011100
0010001111101100
0010010101110000
1111110000110110
1110100111010010
1110110110000000
1101110101100000
1101111111000010
1110001111000010
1110101100011110
1110011111111010
1111000010000110
1111100101100110
1111100010100100
0000001111100110
0000110001010110
0001010001011000
0010011100010000
0010000001110110
0010000111111010
0001111111010000
0001111010111100
0010010100000010
0010010100000010
0010010010010010
0001010001110011
0001101000010100
0001110011001000
0010011010000110
0010010000100100
0010011000010110
1111100000000100
0000011111111100
0010011001101110
0010011100010000
1111110111010110
1110100110001000
1110101110001101
1110010000001010
1110010100011000
1110100100111000
1111001001010000
1111011010001010
1111110110111010
0000010111111010
0000101000011000
0000110000110110
0000110010100010
0000111101111011
0001010110000100
0000111110011000
0001010000100011
0001101001000110
0001010101001110
0000010010011010
1111110101101000
1111110011100010
1111101010001110
0000001001000110
0000010000010010
0001001110000010
0001001011111010
0000110000011010
1111101101100100
0000111111001100
0010001011001000
0010011100010000
0000100001110010
1111010100001000
1111010000001010
1110100101100110
1111001000101100
1111011101010100
1111011111111110
1111011110101010
1111000011111001
1110111000000010
1110101101000100
1110100101001010
1110101111010000
1110110010010100
1110101100001010
1110010001110110
1111010111101000
1111010010110010
1110100010100000
1101111101001110
1110000010111010
1110010010101110
1110010000111110
1110110001111000
1110111111011110
1111101110011100
1111111001110110
1110111100011010
1111110100001110
0001011100010000
0001110101100100
0010011100010000
0001011010111010
0000010110000000
0000011110000000
0000010110011100
1111010110011100
1110101010011100
1110010110011100
1110101000001110
1110011000001110
1110011011110001
1110010001111110
1110011000101010
1110011101100010
1110000101000110
1110000101100010
1110011001000110
1111000101100011
1111000110011100
1110010100101010
1110000101111110
1110001011110000
1110011011110001
1110011101111110
1110101010111001
1111010001000110
1111000111010100
1110100100101010
1110011100101010
1111110101000000
0010011100010000
0010001000000110
0001100111001010
0000111001111110
0000000000101000
0001110000111010
0010010111011000
0001101111101100
0001110100100100
0000010000011110
1111100111100110
1111110010100101
1111000101011010
1110110101100010
1111000111110110
1110111111010100
1111001101111100
1111100111100110
1111110110010000
1111111001010011
1111100010000111
1111110110010000
1111101011010000
1111101101000110
1111101000110100
1111011010001010
0000100111000100
0000011101010100
1111100011010100
1111011000111100
0000001001001010
0001100000001001
0010011100010000
0010010000001110
0000111100000110
0000101010000100
0000110110000110
0000011000000010
0000011110000011
0000011110000011
0000100100000100
1111110011111110
0000000000000000
0000110110000110
0001001110001000
0001001110001000
0000010010000010
0000110000000100
0001001000001000
0001001000001000
0000110000000100
0000101010000100
0000110000000100
0000100100000100
0000011000000010
0000110110000110
0000101010000100
0000000000000000
0000001100000010
0001001000001000
0001110010001100
0001100110001010
0001100000001001
0001001011111010
0010011100010000
0010000001011110
0000110001000110
1111110010100110
1111111011100010
1111111011100010
0000101000001100
0000011111010000
1110100010010000
1111001110111010
1111100000110000
1111101001101100
1111100000110000
1111100000110000
1111000101111110
1110111101000010
1110111101000010
1111111011100010
0000010110010100
0000010110010100
1111111011100010
1111110010100110
1110101011001101
0000000100011110
0000000100011110
1111110010100110
1111100000110000
0000010110010100
0010000001011110
0010000001011110
0000110001000110
1111011101010010
0000100010101110
0010010111111010
0010011100010000
0000001101000010
1110101101100010
1110111110111010
1110110001111000
1110100100110110
1110101001001100
1111011101010010
0000000000000000
0000011010000010
0001011111100000
0001011111100000
0000001000101100
1111110111010100
1111100101111110
0000010001011000
0000010001011000
0000101111110000
0000101111110000
0000101011011010
1111010000010000
1111000111100100
1111001011111011
1111000111100100
1111100001101000
0000000100010110
0001001110001000
0001000101011100
1111100001101000
1101100011110000
1101100011110000
1101100011110000
1101100011110000
1101100011110000
1101100011110000
1101100011110000
1101100011110000
1101101001000010
1101101000000100
1101111100000000
1110101001010110
1110110001010010
1111100001110000
0000111110011010
0010000100010000
0010010110100000
0001101101011100
0000100111100110
0000000000011110
1111001010010001
1110011010001110
1110000111100000
1101111110111000
1101110100010100
1101101011011100
1101101001010010
1101101010101110
1101101001100000
1101100011110000
1101100011110000
1101100011110000
1101100011110000
1101100011110000
1101100011110000
1101100011110000
1101100011110000
1101100011110000
1101100011110000
1101100011110000
1101100011110000
1101101011011000
1101101010111000
1101111000000000
1110011000110000
1110100011111101
1111101010110010
0000111010101100
0010001010111010
0010000010001010
0001000101100010
1111111111000010
1111011110001000
1110110101011100
1110100011001000
1110001010101010
1110000001010000
1101111010011100
1101110101100110
1101110100010010
1101110011111110
1101110101111010
1101100011110000
1101100011110000
1101100011110000
1101100011110000
1101100011110000
1101100011110000
1101100011110000
1101100011110000
1101100011110000
1101100011110000
1101100011110000
1101100011110000
1101101101001110
1101110111100010
1101111011001100
1101111000001010
1110000001010100
1110101000010000
1110100010000000
1110010010110110
1101111111011000
1101111000111000
1101101111100100
1101110000101100
1101101010001110
1101111111011010
1101111111010110
1110010011101010
1110100101011000
1110111010001100
1110111110011000
1110110011111100
1110011111001000
1101100011110000
1101100011110000
1101100011110000
1101100011110000
1101100011110000
1101100011110000
1101100011110000
1101100011110000
1101100011110000
1101100011110000
1101100011110000
1101100011110000
1111101001101100
1101110101100110
1111001010011100
1110111101000010
1111001010011100
0000001101011010
1110010000011011
1101110101100110
1111001110111010
1111101110001010
1111011100010010
1101101100101100
0000101000001100
0000011010110010
1110000011000000
1101101100101100
1101110001001010
1110000011000000
1101110001001010
1101101100101100
1110101111101010
1101100011110000
1101100011110000
1101100011110000
1101100011110000
1110101111011110
1110110010101110
1110110010011010
1110101100101100
1110101100110010
1110101001010100
1110100011010010
1110101001010010
1110110000010010
1111101000010010
1111100110000000
1111101001110101
1111101101011010
1111110000100000
1111111000110010
0000000100110010
0000011101011100
0000110111011110
0000110101001100
1111111000101100
1110100100010110
0001011111100110
1101111000000000
1110010010011100
1110011000010000
1110010111011110
1110011010110110
1101100011110000
1111101000101110
1111100010000111
0001001001001000
0001010110011100
0001001111110010
0000111011110110
0010011100010000
0010000100111110
1111010001011110
0001100011101110
0010001110111100
0001100000011010
0001010110011100
0001001001001000
0000111011110110
0001111110010110
0001111110010110
0000101110100010
0000111011110110
0001001001001000
0001011101000110
0000111000100010
0001100111000100
0001010110011100
1111110110000010
0001010011001000
0000111000100010
0000100100100100
0000001001111110
1110111010001100
1111010100110010
1110010010010010
0000000001001100
0000100000001110
0000100000001110
0000111100110110
0001001101100010
0001001000110000
0001111000011110
0001110110000110
0001101010001010
0001110011101011
0001101110111100
0001011011110110
0010011001111000
0010001101111100
0001011110001110
0010001011100100
0010011100010000
0000110000111010
0001101010001010
0000100000001110
0001001000110000
0001001000110000
0000010001111010
0000110000111010
0001010111000100
0001100101011000
0001100000100111
0001110001010100
0000011001000011
0001000100000000
1111101001010110
1111100010001100
0001000011100100
0001011010110010
0000111001000000
0001001100000000
0000111111010110
0001100011010000
0010011010001000
0001110100001000
0010010101111010
0001011111000010
0001001001111010
0001100011010000
0010001101011110
0001100001001000
0001111000010110
0001100111011110
0001011100111010
0001100111011110
0001011111000010
0001011010110010
0000110100110010
0000110010101100
0001010010010110
0001011111000010
0000111111010110
0001011100111010
0010001011010110
0010011100010000
0001100011010000
0001111010011110
0001000011100100
1110100011000110
1101100101011000
0010011100010000
1101100011110000
1101100011110000
1101100011110000
1101100011110000
1110100010010000
1101100011110000
0010011100010000
1110100011111101
1111101111010000
1111100001010100
1111110100110110
1111100110111000
0000100100010010
0001001110001000
0000011110101100
0001000000001100
0000101111011100
1111110100110110
0000011001001000
0000011110101100
0000111101011000
0000010011100010
0001001011010110
0010000101111100
0000101111011100
0001001011010110
0010011100010000
0001001110001000
0001001110001000
1111111010011010
0000000000000000
0000000010110010
1111111101001110
1111101001101100
0000000010110010
1111011000111100
1111000010101000
1111011000111100
1110100110101110