1110100001011110
1111110011110010
1111110000111100
0000110111010010
0000101110001011
0000100011101010
0000001000011000
1111101100101000
1111010011010000
1111011100110100
1111011100010110
1111100101111010
0000001000011000
0000101110101001
0001101010111110
0010010001010000
0010010110100000
0001110011100100
0001011000010001
0001101110110010
0010001111110100
0010011100010000
0010010011101000
0001110111011010
0001100111100110
0001101110110010
0001111011001110
0001111010110000
0001100010110100
0001000011101110
0001000101101000
0000111010001001
1110100100111000
1111110100101010
1111110011101000
0000101111001110
0000110001001110
0000101110101100
0000100001000100
0000011001000000
1111111100101110
1111111110001110
1111111011101110
0000010011111100
0000111000110010
0001101010110010
0010011000101110
0010011100010000
0010000001100000
0001100011001100
0001010000100010
0001101001110000
0010010011001010
0010011010001110
0010000111000010
0001110000110101
0001100001001100
0001100101101110
0001101011010010
0001101111010100
0001100110110000
0001010100000100
0001010000000010
0000110000101110
1110100111110100
0000000111101000
0000000000100010
0000101110010010
0000111001001010
0001010111101010
0001010011010100
0001100101010000
0001010110000010
0001011111110100
0010000001100100
0010001111101110
0010001100011110
0001110010111000
0001011001010010
0001000101101100
0001010100011000
0001001010000010
0000011010101100
0000111000000100
0001101110100010
0010001111101110
0010001110101000
0001111101110000
0001100101110100
0001110010111000
0010001100011110
0010011100010000
0010010100101000
0010001101000000
0001011000001100
0000100110101010
1111010101110010
0000110100010010
0000110100111100
0001000011011010
0001000000111010
0001011010101110
0001110000110010
0010001111101010
0010011100010000
0001110100100100
0001001110001000
0001000000010000
0000010000011000
1111101100011110
1111110110100100
0000000001010000
0001001101100000
0001011101010000
0000101000010100
1111101000000100
0000011100010110
0001001101100000
0001111010001110
0001111000010110
0001010101000100
0001000010110010
0001101100011000
0001100001101010
0001001001101110
0001011100000000
0000110011000010
1111011001100100
0000010010110110
0010000001101010
0010011100010000
0000100000111000
1111100000100110
1111001011111011
0000011001100000
0001011110111100
0001100111110100
0000011010111110
0000010100010100
0000010101110010
1111010010100100
1110100110010000
1110111101111000
1111010010100100
0000101011111110
0000111011011110
1111101101111010
1111101010001110
1111010111000000
0000000010100110
0001000100010110
0001110001011010
0001000110100100
1111101000000001
0000100011110110
0000110011010110
1111011101101010
0000101100101011
0001000000101010
0000100011110110
0000000000101111
0010001100000010
0010011100010000
1111110100111100
1111001000000000
1110011011110001
1111110111001010
0000101111001010
0001000001100110
1111110100111100
1111011110000110
1111011010011010
1110010010001100
1110000111111000
1110011011000010
1110111110011010
0000001000000110
0000001110110000
1111011011111000
1110110101100100
1110110110010100
1110111011011110
0000011101011110
0001001100101010
0000111000110000
1110110001111000
0000010111100110
0000011111101100
1111101000011010
1111111011100100
0000011100000000
0000010000001110
1111010001111010
0000101100010100
0001000001110110
0001000010011100
0001001111000010
0001010010101000
0000111100011110
0001110100001000
0010010101101010
0010011100010000
0001100000111110
0000001110111110
1111101001010000
1111010111010010
1111000010010110
1111001101101111
1111011100101100
1111010011101100
1110001110010000
1101101000100010
1110001000111000
1110100011110100
1111101000000100
0000101000000111
0001011111110010
0001011011000000
0001001101110100
0000110001000110
0001001101001110
0001001010001110
0000011101111100
1111010011000110
1101110001101000
1111100000110000
1111100000110000
0000101101001000
0000111011000010
0000011111010000
1111100000110000
1110111110000010
1110101001001100
1110111110000010
1110110111000110
1110110000001000
1111100111101101
0000000011011110
0001010110110100
0010010101010100
0010011100010000
0001001111111000
0000110100000101
0001100100101100
0010000111011010
0010011100010000
0010000111011010
0001110010100110
0001011101110000
0001101011101000
0010000000011110
0010000000011110
0001001000111010
0001001000111010
0000111011000010
0000110100000101
1101111110010110
1111101000101110
1111011011011100
0000110001111000
0000110001111000
0000101011001110
1111010100110010
1111000000110110
1110011111100110
1110010010010010
1110111010001100
1110110011100010
1111010100110010
0000000011010100
0001010011001000
0010010101100110
0010011100010000
0001001100011110
0000001001111110
0001000101110100
0001111011000000
0010010101100110
0010001110111100
0000111111001010
0000110001111000
0001011001110000
0001110100010110
0001111011000000
0001010011001000
0000110001111000
0000110001111000
0000110001111000
1110111001111110
1111111010101000
0000001000111110
0001001101001110
0001010000110100
0001011000000000
0001011000000000
0010001101111000
0010011100010000
0010000110101100
0000011010111100
0000000001110010
1111011101111000
1111101000101010
1111101000101010
1111100101000100
0000110100000101
0000110111101100
0000001100100100
1110110010110010
1111110111000010
0000010111010110
0001001001101000
0001000110000010
0000010111010110
0001000010011100
0001111011111100
0001111011111100
0001001101001110
0001001101001110
0000010111010110
1110101000000000
1101100011110000
1101100011110000
1101100011110000
1101100011110000
1101100011110000
1101100011110000
1101100011110000
1101100011110000
1101100100101010
1101100100101110
1110110000001010
0001111010101000
0010001111011000
0010001101100010
0001101101110000
0001101011110010
0001010001111100
1111100101001110
1111010101001100
1111000011010000
1111010001000000
1110101111000010
1101111100001010
1101110001010110
1101101000010000
1101100110010100
1101100011110000
1101100011110000
1101100011110000
1101100011110000
1101100011110000
1101100011110000
1101100011110000
1101100011110000
1101100011110000
1101100011110000
1101100011110000
1101100011110000
1101100011110000
1101100011110000
1101100011110000
1101100100011010
1101100100010110
1110011011100111
0001010000100010
0001011110100100
0001011001010111
0001001011011000
0000011010010001
1111010111101000
1110001010001010
1110000000110000
1101111011010000
1110000110001100
1110000100111000
1101101100011100
1101101001001110
1101100111010100
1101100110100110
1101100011110000
1101100011110000
1101100011110000
1101100011110000
1101100011110000
1101100011110000
1101100011110000
1101100011110000
1101100011110000
1101100011110000
1101100011110000
1101100011110000
1101100011110000
1101100011110000
1101100011110000
1101100111111010
1101101101001000
1110011100000000
1111000110100000
1111000100010100
1110111110000100
1110110101101000
1110100110010100
1110010101011100
1101111001101000
1101110000110100
1101100110111000
1101110101101000
1110001011001111
1101111111111000
1110001110111110
1110100001101110
1110011111001000
1101100011110000
1101100011110000
1101100011110000
1101100011110000
1101100011110000
1101100011110000
1101100011110000
1101100011110000
1101100011110000
1101100011110000
1101100011110000
1101100011110000
1101100011110000
1101100011110000
1101100011110000
1101111110100010
0010011100010000
0010011100010000
0010011100010000
1101111010000100
1110100010010000
1111001010011100
0000011111010000
0010011100010000
1110111101000010
1110010100110110
1101110001001010
0010000001011110
0001100110101100
0010011100010000
1110111000100100
1110010000011011
1101110101100110
1101100011110000
1101100011110000
1101100011110000
1101100011110000
1101100011110000
1101100011110000
1101100011110000
0010011000101010
0010011001001110
0010011011001100
0010011011000100
0010011100010000
0010011100010000
0010011100010000
0010011100010000
0010011100010000
0001110110011100
0000101010110010
0000101010100011
0000100111100010
0000100010100100
0000011101111001
0000011010001110
0000001111010000
1111111110011100
0000001000001010
0000011000010110
0001001000111010
0000100110100110
1101111110011100
0001010111000010
0001001110000100
0001010110000110
0001100010010110
0010011100010000
0000010100101000
0000100110010100
0000101100001101
0000010100101000
1111111101000100
0000101100001101
0001100001010010
0001100111001100
0001100001010010
0001100001010010
0001110010111110
0010000100101010
0001110010111110
0010011100010000
0010011100010000
0001111000110111
0001111000110111
0001001001101100
0000010100101000
0000001110110000
1111000010000110
1111110111001010
1111110001010000
1111001101111001
1111111101000100
1111110001010000
1111110001010000
0000000010111100
0000000010111100
1111110111001010
1111010011110011
1110110000011010
0001000011010110
0000111011010010
0001101001000100
0001100011101100
0001000000101010
0000111011010010
0001101011110000
0001110011110101
0001110011110101
0010000001010100
0010010001011110
0010011100010000
0010001110110010
0001111011111100
0010001110110010
0001110110100010
0010001001011010
0001010011100000
0000000010101100
0000001101011110
1111000111011100
1111010111100110
1111010111100110
1111110101001110
1111110101001110
0000100101101110
0000100101101110
0000100101101110
0000001000000110
1111101101001010
1111001100110100
1110010100010000
0000110011001110
0000111101101110
0001011010100110
0000111011000110
0000100110000100
0000101011010110
0001001000001110
0001111100110000
0010001111001000
0010001001111000
0010011100010000
0010011100010000
0010001001111000
0010000111010000
0001110111100000
0001100101000110
0001001101011110
0000011110001100
0000000001010100
1111001010001010
1110100101011010
1110111111101010
1111000111100010
1111001111011010
1111101001101100
0000011011100100
0000010011101100
0000000001010100
1111101110111100
1111011001111100
1111001010001010
1110111010011010
0010011100010000
1101100011110000
1101100011110000
0010011100010000
1101100011110000
1101100011110000
1101100011110000
1101111101110010
1101100011110000
0000000001110011
0000010000010110
0000101001110010
0000110001000100
0010000100101000
0010011100010000
0001100010001000
0001000011001110
0000100111111110
0000011110111000
0000101011100110
0000101101011010
0001010111001110
0001000110110110
0001011010110110
0001100111100011
0000110010111000
0000101111010000
0000101111010000
0000100111111110
0000110100101100
0000111011111101
0000110100101100
0000111011111101
0000011101000100
0000010101110100
0000010111101000
0000011110111000
0000001110100010
0000001100101110
0000000011100111
1111101111101010