1111001001100110
0001010101100000
0001110011000100
0001001000010010
1111101101010110
1111001011001000
1111001110010000
1111001000110100
1110101001101110
1110101111111100
1110110011000010
1111011000010110
1111101000101100
0000100110111000
0001000001010100
0001101011010010
0001010111000100
0001001000010010
0000010011011100
0000100111101010
0001111000100000
0010001101011110
0001111010000010
0000111010010011
0000110100111000
0001000101111110
0001010001101000
0001111111011111
0010011100010000
0001101100110110
1111111010100100
0000110100111000
1110111010101100
0001001001000110
0001010101101100
0000110100010010
1111101100011110
1110011011110100
1110111111110000
1110101100001110
1110101101011110
1110011110010110
1110100110100010
1111001010011100
1111000111010010
1111100100010010
1111101101000110
0000000000000000
0001001001101110
0001111100110000
0010010000111010
0010000011000100
0010000001110010
0010011100010000
0010011000011110
0001111100001000
0001011101010000
0001101000100110
0001111010001110
0010000110110110
0001011011010110
0000111101001000
1111011100101110
0000010011100010
1110110001000000
0001000101111100
0001001000101110
0000101110010010
1111000001101110
1110101010000010
1110101000101010
1101111110111010
1101111011011010
1101110101001010
1101110101001010
1101111110001100
1101110110100010
1110011011011101
1110011110111011
1110010111010000
1111011110111100
0000100011001010
0010011010110110
0010010110101100
0001111011100010
0010011000000100
0010011100010000
0010010011111010
0001100011111000
0001101001011100
0001101111000000
0001100101111110
0001010011001010
0000000100100010
1111001000101010
0000011010110010
1110101100011100
0000101001111100
0000101110100100
0000010111011110
1110111010010100
1101111100110110
1101111110001100
1101111010111000
1110000000001010
1101100111101110
1110001011011001
1110001001011010
1110001010000100
1110001110101100
1110101010011100
1110011101001110
1111011000101100
0000100000000010
0001110111010000
0001111011001110
0001110001111110
0010010101101010
0010011100010000
0001111110100010
0001010010010000
0001101100101100
0001100011011100
0001101100101100
0000110110100000
1111111101101100
1111010010110000
0000010101011110
1110100011010000
0000001110111100
0000011111110000
0000001100011100
1110111000011010
1101111000010010
1101111111001000
1101110101110100
1110000001000000
1110000100001001
1101101110111110
1110000010111000
1110001100110110
1110100010101000
1110100111100110
1110101011010111
1111011101001000
0000011010110010
0001111010101000
0010011100010000
0001101011101100
0010001000111100
0010000100100110
0010000010101110
0001011010111000
0001010110100010
0001011111010000
0001100001001000
0001000110111110
0000010001011100
1111001011101110
1111111110110000
1110110000100110
0000001110100110
0000101001111010
1111110111110000
1110101010111001
1110001001001110
1101101010000110
1110000001100110
1110001011001000
1101101011011000
1110000111111110
1110010010110000
1110100110011100
1110110010100000
1110110101101100
1110100101001010
1111101011101100
0000111000100010
0010010101111010
0010011100010000
0001110010010110
0010010101010000
0010001011000110
0001010111101010
0000110000111010
0000110110101000
0001010101110000
0001001000011010
0001000010101100
1111111111011000
1110101110101100
1110101111010110
1110110111100110
1111111101111000
0000100111011000
1111101001100100
1110100010011010
1110010000101000
1101111111101100
1110100000101110
1110101110010010
1110011100100000
1111000000000100
1111011000101000
1111101111100000
1111100011101000
1111000111101100
1111100011101000
1111100001111101
1111101110101000
0001001010111100
0010011100010000
0010011011011010
0001110110001000
0001011010001100
0000011110000011
0000000100101010
0000010101100110
0000011010101100
0000101010110010
0000011001110110
1111010010101100
1110101010000010
1110111010111110
0000101001101010
0001010011010110
0001111101000000
0001101000001010
1111110101100110
1111110101100110
1111001011111011
0000000000000000
1111110101100110
1111010110010110
1111000001100000
0000000000000000
0000011111010000
0001001000111010
0010000111011010
0001110010100110
0000110100000101
0000110100000101
0000011111010000
1111110101100110
0001111101000000
0010011100010000
0010000111011010
0000000000000000
0000111110100000
0000110100000101
0000010100110110
1111110101100110
0001011101110000
0000111110100000
0000010100110110
0000000000000000
1111011011010000
0001100101000110
0010000000101100
0001001001100010
0000110111001010
1111010010000010
1111100100011100
1111010010000010
1110110110011110
1110110110011110
1111001000110110
1111010010000010
1111110110110100
0001000000010110
0001010010101110
0010000000101100
0001011011111001
0000011011100100
0000010010011000
0000101101111110
0001001001100010
0001100101000110
0001100101000110
0001000000010110
0001000000010110
0001010010101110
0001100101000110
0001011011111001
0010011100010000
0001100101000110
0000010010011000
0000110111001010
1111000010101100
0001001001001100
0001010101000100
0000101001100010
1111101010010000
1110111010110010
1111001110100100
1110110010111000
1110111010110010
1110011011001001
1110110110110100
1110111110101110
1110101110111010
1111010010100000
1110110110110100
1111100110010010
1111110110001000
0010000000100100
0010011100010000
0010001100011100
0001100000111010
0001101100110010
0010000100100010
0001101100110010
0001001101001000
0001010101000100
0001100000111010
0001110100101100
0001000101001110
0000101101100000
1111001010100110
1111111010000100
1101101001100100
1101101001110100
1101101010010110
1101101010100110
1101101010000110
1101101001100100
1101101001110100
1101101011001000
1101101011011010
1101101011111100
1101111001011000
0001011011111001
0010010001111110
0001010110111010
0000001110101000
1111101011110100
1111011010001010
1111001101100000
1111000011110000
1110111010100000
1110100111100010
1110001111100010
1101110100111010
1101101101100000
1101101011101010
1101101010100110
1101101010010110
1101100011110000
1101100011110000
1101100011110000
1101100011110000
1101100011110000
1101100011110000
1110001011101110
1110010101000000
1111010010000110
1111011010101000
1111110101100100
1111111001010110
1111101000100010
1111111100010000
1111110001001110
1111010101101110
1110101000110100
0000100111000110
0010010000100010
0001111100111110
0000001110010110
1111101101010100
1111011101100010
1111100011001100
1111100000001010
1111001010000000
1110100000111000
1110000111100010
1101110011100010
1101110000010110
1101110001101010
1101101101010100
1101101101110000
1101100011110000
1101100011110000
1101100011110000
1101100011110000
1101100011110000
1101100011110000
0001001111101100
0010000010001100
0010001110101100
0010011100010000
0010011010101100
0010011100010000
0010011100010000
0010011100010000
0010011100010000
0010001110001100
0001110011101000
1110001001101000
1110001101001010
1110011100101100
1101111100000010
1110000110001000
1110010110001010
1110100110111101
1110100100110110
1110011111111110
1110010100001101
1110100001101110
1110010000101110
1110011000000000
1110101000101010
1101110101101000
1101110111001100
1101100011110000
1101100011110000
1101100011110000
1101100011110000
1101100011110000
1101100011110000
0010011100010000
0001010100110011
1111101001101100
1110000111011110
1110010000011011
1101101000001110
1101101000001110
1101110101100110
1101111110100010
1111111011100010
0010011100010000
0010011100010000
0000000100011110
1110110100000110
1110111101000010
1101100011110000
1101100011110000
1101100011110000
1110000011000000
1101111110100010
1111100000110000
1110111101000010
1110000111011110
1101111010000100
1110000111011110
1110100110101110
1110010000011011
1101100011110000
1101100011110000
1101100011110000
1101100011110000
1101100011110000
1101100011110000
1111101111000000
1111110010010110
1111110111011100
1111110101010100
1111110000100000
1111110010111000
1111110011100010
1111101101110110
1111011100000110
1111001010010001
0000000001101100
0000000110010110
0000001110001110
0000010001101010
0000011101011110
0000101000110110
0000110110111100
0001001011111100
0001011101111110
0001011011000010
0000011011000110
0000000011101100
1110100011101001
1111000111010000
0000100000100110
0001100000011100
0010000001000010
1111010110010110
1110101001110110
1111000111100110
1111000100000100
1111010000011100
1111010111001110
1111011001010010
1111011101000110
1111110100011001
0000000111001110
1111111110101100
1111101110011110
0000001010110000
0000010010011010
0000001011111100
0000100001101110
0000111001111000
0000110101001010
0001010010000010
0001110100100000
0010010110000100
0010011100010000
0010000111101000
0001110100110001
0000110110010110
0001101000001000
0001011100010110
0000111101011010
0001000100110010
0001001001100000
0000111110100110
0000011111000100
0000000111110100
1110010100101000
1110100100111100
1110100111110110
1111001111011110
1111011111000100
1111011001101100
1111111010010010
1111111100111110
1111110001000010
1111111001110100
0000011111010000
0000001100010010
0000001101010000
0000010101000010
0000101001101110
0000101110110100
0000111110111000
0001010000110111
0001101010111000
0010010010010010
0010010011010000
0010011100010000
0010001001100010
0001010101000000
0001111101011000
0001110110100100
0010011001100100
0010010111001010
0010000010011110
0001111010011100
0001110011001010
0001100000011100
1110001000011010
1110101000110010
1110110001101000
1111011001110100
1111100001011010
1111001000011000
0000001011111000
0000011001110010
1111111000001010
1111111010111100
0000100100011010
0000011110110110
0000010111000000
0000011101010110
0000110011110110
0000111100111100
0000111011001010
0001000111010100
0001011010110010
0010010010001000
0010001111100110
0010011100010000
0010010000101000
0001100010100110
0001011110010100
0001011110000100
0001110010010010
0001111001101000
0001100100101000
0001011010010000
0001011010100000
0000111100001100
1101111111100100
1101100011110000
0010011100010000
1101100011110000
1101100011110000
1101100011110000
1101100011110000
0010011100010000
1101100011110000
1111000100101110
1111111101010100
1111100010011000
1111101010011100
1111110010100010
1111100101000100
0000010010110110
0000010010110110
0000101101110100
0001100110011000
0001111110101000
0000111011010010
0000101101110100
0000101011000110
0001010110001110
0001000110000010
0000100000010100
0001011000111001
0010011100010000
0000110101111000
0000100000010100
0000010000001010
1111110010100010
1111110101001110
0000000010101100
0000000010101100
1111011111101100
1110111100101010
1111011111101100
1111010100111010
1111100010011000
1111001111100000