1110111010001000
0000000111001111
0000111100000000
0001001110011110
0000010101000110
1111011111101100
1110010101110110
1110110010111000
1111000010000010
1111010010100000
1111010111001000
1111101110001100
0000001101001100
0000011010011000
0000111101111110
0001101100000111
0010011100010000
0010010011000010
0001111011010010
0001111111010000
0010000001111000
0010001111101110
0010001001001000
0001101011011110
0001011010111110
0001011010111110
0001110110000000
0010000111110100
0010011001101000
0001110100101100
0001000101111000
0000110010000110
1110101100011100
1111100111011000
0001011011100100
0001100011100110
0000001010111000
1111110101101100
1110100001100100
1111101010010000
1111100010110100
1111110100100100
1111010011111101
1111101111011010
0000100001110010
0000111001110100
0001001100101100
0001111111101000
0001111001010110
0010000111101010
0010010111000110
0010011100010000
0001101010011110
0001011011000000
0001011010011100
0001001110011010
0001001010011010
0001000111100010
0010000000110010
0010001111000110
0001101011000010
0001010001110110
0000110001110010
0000110000000100
1110110101001000
0000001000011000
0010001001101000
0010001111110100
0000011110001000
1111100001010000
1111011110110000
0000010110000100
0000001001000000
0000000111110001
0000000110100001
0000110100100000
0001010111111010
0001100111011100
0001100011000110
0001111100100100
0001100001110110
0001101010100100
0010011100010000
0010010001000100
0001100100010110
0001000010001010
0000011000100010
0000100101100110
0000101101101010
0000111000001110
0001010001101100
0001010100110011
0001000111001000
0000100010011110
0000001010111000
0000000111110001
1111000111100110
0000010100000110
0010010101110010
0010011100010000
0000100100111110
1111101100100100
1111111011011110
0000011010100110
0000001101101000
0000011101001100
0001010010010110
0001001110011100
0001010001101100
0000111001101011
0001000100000100
0000100000011010
0000110110011110
0001001001111010
0010001101010110
0010001100101100
0000101100110000
1111111100110000
0000000011010000
1111101100100100
1111111000001111
0000001000011100
0000001000011100
0000000110011110
1111110110010010
1111100011011110
1111001100110010
1111001010001100
1111001110010100
0000010000010110
0010010011000110
0010011100010000
0000101111000100
1111011111010100
1111111001011111
0000011000110110
0001001111000110
0001011111011100
0001000011010110
0000011000110110
1111100110100000
1111011100000010
1111111001011111
1111010001100110
1111010110110100
0000001010011110
0000011000001100
0000100000000010
0000011001100000
0000001111000001
1111111001011111
1111010011100010
1111101111101010
0000100010000000
0000011000110110
1111110101100010
1111001100010110
1111010000010010
1111000110011110
1110111000110000
1111001111000000
0000100111101100
0001111111101001
0010011100010000
0001010001001010
0000010110100010
0000011001011000
0000110010011010
0001000010111000
0000010000000110
1111110001010110
1111001111101110
1111000111111000
1110101010100010
1110110100100100
1110110011110110
1110110011110110
1111100011000010
0000010100010111
0000110110000000
0000110001000000
0000011001011000
1111101110011110
1111001110010100
1111101010001100
0000011000101010
0000100011011010
0000001001101010
1111100001100110
1111000111001010
1111010000011100
1111100100011110
1111101000010010
0010011100010000
0001111100101000
0001000001000100
0000000101011110
1111111010100010
0010000000010010
0010001100011100
0000001001001000
1111100101110110
1110111101101110
1110011111010110
1111000010100110
1110100100001100
1111001100010100
1110101100101110
1110111010000110
1111100011011100
0000001101111101
0000010100000011
1111110011001110
1111101110011000
1111111110001101
0000001111001100
1111010111010001
0000000001110011
0000000100010000
1111111110001101
1111011111110010
1111011010111010
1111001011000110
1111001100010100
1111010101011000
0000110100000101
0000000100110000
0000111101100100
0000010111101100
1110001001101000
1110011100100100
1110111000111110
1110000000001010
1110101111100000
1111010101011000
1111011110110110
1111110001110010
1111111011010000
0000001110001110
0000000100110000
0001110110011000
0001100011011100
0001111111110110
0001110110011000
0010010010110010
0001101100111001
0010010010110010
0001000111000010
0001011001111110
0000110100000101
0001011001111110
0001110110011000
0010011100010000
0001110110011000
0001000111000010
0000001110001110
1111000000110110
1111111100101100
0000101011001110
0001000101110100
0000010111010010
1111100010000111
1110101100111000
1110011111100110
1111000000110110
1111000111011110
1111100010000111
0000001001111110
0000010000101000
0000101011001110
0000101011001110
0001100000011010
0001110100010110
0010001110111100
0001100111000100
0001101101101110
0001111011000000
0001101101101110
0010001110111100
0001110100010110
0001011001110000
0001011001110000
0001101101101110
0010011100010000
0010010101100110
0001100000011010
0001010011001000
0000111000100010
1110100110010000
1111111100101100
0001110111101100
0001111110010110
0000100001010000
1111100101011010
1111011011011100
0000001001111110
1111111100101100
0000000110101010
1111100101011010
0000011010100110
0000111011110110
0001011101000110
0001110100010110
0010010101100110
0001111110010110
0010000001101010
0010011100010000
0010000001101010
0001110001000010
0001001111110010
0001000010100000
0001000010100000
0001000010100000
0001001001001000
0001011001110000
0001011001110000
0001101010011000
0001000101110100
0000110001111000
0000100001010000
1101100011110000
1101100011110000
1101100110011110
1101100110111000
1101100111010000
1101101011111010
1101101010001010
1101101010010110
1101101010110000
1101101011100010
1110110111101110
1111101111010010
0000000101101000
0001010010000000
0010001110110110
0010011001101110
0010000111011110
0001101011000110
0000110010101110
1111110001110100
1111000101111010
1110001100011000
1101101101010010
1101101001110010
1101101000001110
1101100011110000
1101100011110000
1101100011110000
1101100011110000
1101100011110000
1101100011110000
1101100011110000
1101100011110000
1101100011110000
1101100011110000
1101101000000000
1101101000010100
1101111110011000
1110011110101010
1110100110000100
1111000100101010
1111001110110110
1110110101101110
1110101100001110
0000010111001000
0001111110110110
0010001101100000
0001100111100110
0001000011011110
0000110101011010
0000100000011010
1111110101011110
1111000110000010
1110100011101100
1101111110100100
1101101100000100
1101101001100110
1101101000100110
1101100011110000
1101100011110000
1101100011110000
1101100011110000
1101100011110000
1101100011110000
1101100011110000
1101100011110000
1101100011110000
1101100011110000
1101101111010100
1101110000010000
1101110111000000
0000110000011100
0001010100011000
0001000111010110
0000110110101100
0000110111101101
1111001111100100
1111000101100000
1111011101101000
1110111101011110
1110001101010000
1110010011100000
1110000011111000
1101111110000100
1101111110000100
1110000001101010
1101111111111000
1101111101100010
1110000110001000
1101111010101010
1101101000111100
1101100011110000
1101100011110000
1101100011110000
1101100011110000
1101100011110000
1101100011110000
1101100011110000
1101100011110000
1101100011110000
1101100011110000
1110111101000010
1110100110101110
0010011100010000
0010011100010000
0001010000010110
1111010011010110
1101111010000100
0000110101100100
0010011100010000
0010011100010000
1110110100000110
1111010111110100
1111111011100010
1111000101111110
1111101110001010
1111110111000100
1111110111000100
1110101011001101
0001000111011100
0000110101100100
1110100110101110
1101101100101100
1101101100101100
1101100011110000
1101100011110000
1101100011110000
1101100011110000
1101100011110000
1101100011110000
1101100011110000
1101100011110000
1111101101000000
1111110000111111
1111110100000100
1111111000010000
1111111101011010
0000000001001010
0000000111101000
0000010100101000
0000100010100100
0000111000010000
0000101010100110
0000101000101010
0000100111011110
0000100011100100
0000100010101100
0000100010010110
0000011010111100
0000000001110011
1111011000010110
1111101010000010
1110100010010000
1111100010100110
1110101011010100
1111001011001100
0000011101111100
0001011000101111
0010000011000000
1111101000100100
1110101011010100
1111001110010010
1111100010100000
1111100000110110
1111100110111000
1111110010010110
1111111011101000
0000011101100000
0000100111111000
0001000010000110
0001100110001010
0010001101100000
0010010111010110
0010001111101100
0001101011000110
0001101100101110
0001101000111010
0001100001001111
0001111101000110
0010010100100110
0010011100010000
0001111010111100
0001111010011000
0001100111110100
0001100011111110
0001010000110110
0001001000101010
0000111010011101
0001001110101010
0001000101111100
0000110100011100
0000000010001100
1101110010000110
1110011101100110
1110101001011110
1110110000111000
1111000000101110
1111010001100010
1111011010111010
0000000001111110
0000101100000000
0001001010101010
0001010100000100
0010000011100010
0010011100010000
0001100000011010
0001101011010100
0001100110010110
0001011010000000
0001010011100100
0001100110110110
0001111011001000
0010000001000100
0001110100101100
0001100100011000
0001010100100100
0001011011011110
0001001010001010
0001010101100010
0001011100111110
0001001100101010
0001001111100110
0000111100110100
0000000011011110
1110110101111000
1111100010010100
1111100101111010
1111000101011000
1111001110001010
1111100101011010
1111100100011000
0000010011111000
0000101011101010
0001000100011100
0001101101110000
0010011100010000
0010010000111000
0001011010101010
0001111111010100
0001100110100010
0000110101011110
0001000010011000
0001101001000111
0001100110000000
0001010110000000
0001011110010010
0001010000110110
0001001011101010
0001000011111100
0000110101011110
0001000000010100
0001010000010100
0001001000000100
0001001001000110
0001000010011000
0000100100011010
1111101001001100
1101100011110000
1101100011110000
0010011100010000
1110100010010000
1101100011110000
1101100011110000
0000101001101010
1101100011110000
1111100110111101
0001000011100000
0001001111000110
0001011110100010
0000111111101010
0000110000001110
0001010010111100
0000011001000011
0001010010111100
0010011100010000
0010000101000110
0001010010111100
0001001111000110
0000110100000101
0001000111011000
0001101101111110
0001010110110100
0010010100100010
0001110001110100
0001101010000110
0000110100000101
0000011001000011
0000110111111100
0001011110100010
0001100110010000
0001001011001110
0000110100000101
0000110111111100
0000111111101010
1111111110000100
0000001001101010
1110110000111010