1110010000000100
0000011111011110
0000110101000100
0001000111101110
1111111100100000
1110110101011000
1110111010000010
1110110000101110
1111001100101100
1111000011011000
1111001110011100
1111101000000110
1111101101010110
1111110111110110
0000100100101110
0001001010000010
0001111000000101
0010011100010000
0010000101100000
0010000010000000
0010001010001100
0010001001100110
0001000001111000
0001000001010100
0001001000010010
0001001000111000
0001000111101110
0000110001100100
0000010101100100
0000001000001010
0000001010100000
0000100000000100
1110001101101010
0000011001011110
0001010111001100
0001101100000111
0000100110100000
1111011000011000
1111010001100100
1110111100101000
1111011010101000
1111100010000000
1111110001110110
0000000110001110
0000010010001000
0000100110100000
0001001100011100
0001110101110000
0010001000011100
0010000000100000
0010001111110010
0010010001100000
0010011100010000
0001100001011000
0000110010011000
0000100001011010
0000101100001010
0001001000011110
0001000101101000
0000111010111000
0000100011101010
0000011010000010
0000101001010100
0001000110110000
1110011000110100
0000010111100100
0001100010110110
0001110110111000
0000111110000000
1111101011001010
1111100110010010
1111100010011110
1111110011010010
0000000100100110
0000100101101010
0000111001101011
0001011111100110
0001110111111110
0001110111111110
0001101001010110
0001011111000100
0010000100111110
0010001111110010
0010011100010000
0001110011101000
0001000010111000
0000111011110110
0000101001011100
0000110110111110
0001001000010100
0001001100101000
0001010001011111
0000111000000100
0000101111111100
0000110011001100
0000111011110110
1110001110001110
0000010111001110
0010000111111000
0010010110100110
0001010001100010
1111111110010100
1111111010111011
0000000111011000
0000011111000111
0000101001111010
0001100101010101
0010011001011010
0010011100010000
0010011000010010
0001100011000100
0001011100110101
0001011111000110
0010010000111100
0010010111101110
0010001111001110
0001110101110000
0001010010000110
0000110010011000
0000100000110110
0000110110111010
0001011011001010
0001011101111110
0001011001011100
0001010010000110
0001000110001100
0001010101100000
0001011011101110
1110001111111110
0000001101000110
0001010101010000
0001100011110100
0001010101110110
0000000000010010
1111110010111010
0000010000000000
0000100100111100
0001101001000010
0010011100010000
0010001011011000
0001010011100000
0000101101000110
0000011001111010
0000000010000010
0000100011110010
0001011100110100
0001010101110110
0001010001001011
0000001110110110
1111101110110110
1111010100101010
1111010110011010
1111100100010110
1111110010010100
0000000001011110
1111110111100100
1111100000111001
1111110110011010
0000000000111000
0000000010101000
1110010011100110
1111111110100001
0001111000011000
0010011100010000
0001101010111010
1111101101010100
1111011101101000
0000001000001110
0001010100011110
0001111100110110
0001011010011110
0000000010010000
1111010011111010
1111000111111100
1111001001011100
1110111101011110
1110111110111110
1111010000001010
1111110011010010
0000000110101101
1111101000110100
1110101010110010
1110100000010100
1110001111110110
1110101010000010
1110110011000000
1110110001100000
1110110110000000
1110110101010000
1110110110110000
0000001110111100
0000011110101010
1110100001011000
1111110000100111
0010000111001000
0010011100010000
0001010110101110
1111011011011110
1111110101111000
0000111111110100
0001000101000110
1111110000100111
1111010100011100
1110101001010010
1110011100000110
1110101001010010
1110110110100000
1110101001010010
1110110010111110
1110011100000110
1110100001011000
1111010000000010
1111001011101000
1110111101100010
1110101111011110
1110101110100100
1110001110000000
1110110010111110
1110110010000110
1110101000011010
1110111010111010
1111001111001010
1111101101111110
1111101010011100
1111000110001000
0000111001111000
0001011100100110
0001010001000001
1111111010001110
1111101110101000
1111110100011100
1110111010100100
1111010111100000
1111010001101110
1110111010100100
0000010001011000
0000000101110010
1111110100011100
0000011100111100
0000111111101010
0001111001100010
0010011100010000
0001111001100010
0001101101111110
0001111001100010
0001111111010100
0001101101111110
0000111111101010
0001011100100110
0001010110110100
0001010110110100
0000101110010010
0000111001111000
0000100010101110
0000111001111000
0000100010101110
1110011101111000
0000100000101110
0000100111111110
0000111101110001
0000000011100111
1111001001100000
1111000010001111
1110101100011100
1110111010111110
1110110011101100
1111000010001111
1111011111010010
1111110101000110
1111111100011001
0000100111111110
0000111101110001
0001000101000010
0010011100010000
0001111111001011
0001010011100100
0010000110011100
0010000110011100
0000111101110001
0000111101110001
0000110110100000
0000110110100000
0000110110100000
0000011001011100
1111110101000110
1111110101000110
1111100110100100
0000101111010000
1110100011100110
0000001000011010
0001100011001000
0001110000100100
0001001000010000
1111110100010000
0000000101000010
0000000101000010
0000011111111100
0000111110001010
0001111010101010
0010011100010000
0010000001011000
0001011111110010
0000111110001010
0000010101110110
0000110111011100
0001110000100100
0001110011111100
0001110011111100
0001001000010000
0000010010011110
0000000101000010
0000001000011010
0000010010011110
0000101101011000
0001000100111000
0000011111111100
0000010101110110
0000100110101010
0000101010000000
0000101101011000
1101100011110000
1101100011110000
1101100111000110
1101101010011100
1101101001101000
1101101001101000
1101101001101000
1101101001010110
1101101100101100
1101110011111100
1111000111011100
1111110011000000
0000101000000100
0001101010100010
0010001000001010
0010010011000010
0010001111101100
0000011100010110
0000010001011110
1111111111111000
1111100111000000
1110101000011100
1110001001001010
1101110101101000
1101111000111110
1101110110011110
1101100011110000
1101100011110000
1101100011110000
1101100011110000
1101100011110000
1101100011110000
1101100011110000
1101100011110000
1101100011110000
1101100111111010
1101101001010100
1111101110001000
1110110110010000
1111001101100000
1111010101110100
1111001010011000
1110011101011110
1111000100000000
1111101111000100
0000011011011110
0000110000101010
0001100011011100
0010010000111010
0001110110011010
0000011101111001
1111100101010110
1111001000111000
1110101101000000
1110001100010000
1101111010100010
1101110000000000
1101110001001010
1101101111110010
1101100011110000
1101100011110000
1101100011110000
1101100011110000
1101100011110000
1101100011110000
1101100011110000
1101100011110000
1101100011110000
1101101000111100
1101100110111000
0000101111111010
0010000010101110
0010001100000110
0010000101010100
0001110100101010
0001100000010110
1110100011110100
1110100011110100
1110100010010000
1110010110111010
1110010111101100
1110011001101010
1110000001011100
1110011111100000
1110000100111100
1110001000000101
1101111110010100
1110001110101110
1110001010110100
1110010000100010
1101110111100010
1101101111101110
1101100011110000
1101100011110000
1101100011110000
1101100011110000
1101100011110000
1101100011110000
1101100011110000
1101100011110000
1101100011110000
1101110101100110
0010011100010000
0010011100010000
0010001110110110
1110100110101110
1101110001001010
1110110100000110
0010011100010000
0010011100010000
0001100010001110
1110000111011110
1110000011000000
1101111010000100
1110011101110010
1111001110111010
1111110010100110
1111100101001110
1111000101111110
1110010000011011
1101111110100010
1110001011111100
1110000111011110
1101111110100010
0010011100010000
1101100011110000
1101100011110000
1101100011110000
1101100011110000
1101100011110000
1101100011110000
1101100011110000
0000011100111110
0000010111101110
0000011000111000
0000010110101100
0000010110111100
0000011010010110
0000100010111110
0000101001110110
0000111010101110
0001001011001000
0000100110001010
0000100011110000
0000100001011110
0000011110100000
0000011010011110
0000001111011001
1111111011110010
1111011101000000
1110101111010000
1110100010110000
1111101101010000
1111110011001000
1111001111100110
1111100100001100
1111100011111100
0000000001011100
0000001010001000
1110101010000100
1110010111011110
1110000011000010
1110101001001010
1111001001110100
1111001100111110
1111010100101100
1111100101111010
1111011100110110
0000010000000110
0000011011000000
0000111010010010
0001001111100110
0001000101101000
0000111111010010
0001001001010000
0001010110011010
0001010010010100
0001100101011000
0010001011011110
0010011100010000
0010000110011110
0001010101100000
0000111110011000
0000111100000110
0000101011010100
0000100100111110
0000110000010011
0000111111010010
0000110110001100
0000101110000001
0000000011011010
1111101011110100
1110000000000011
1101111101101010
1110011011111000
1110101111111011
1110111000100100
1110101111001001
1111000010011001
1111010111111110
1111100111010010
1111110110001100
0000000001111110
0001000101000110
0001010001010010
0000111110000010
0001001001000010
0001010110110000
0001011110001110
0001000100010100
0010000100010100
0010011001000110
0010011100010000
0001111001101100
0001010100011010
0000111100000100
0000111011010010
0001001011011000
0001001101010110
0000111001010100
0001000011111010
0000111011101100
0000011010010100
1111110110001100
1111100001010110
0000001001111100
0000000010100110
1111101000101100
1111011111001100
1111110110100000
0000000011000010
0000010011011100
0001010110010100
0001010111001100
0001101101101000
0001100100001000
0001110001100010
0001111011110111
0001110001000110
0001111101100110
0010001100101110
0001010011110000
0010000100100000
0010011100010000
0010001111101110
0001011100010111
0001010110110000
0000111110001010
0001000111001110
0001000001100110
0001001001011000
0001100000010000
0001010101111010
0000100100010000
0000010010001000
1111110000111010
0010011100010000
1101100011110000
0010011100010000
1101100011110000
1110000011000000
1101100011110000
1101100011110000
0001001000111010
1101100011110000
1111110101100110
0001001100011000
0000101101001000
0010000111011010
0010011100010000
0000001010011010
0001000101011100
0000110000100111
0000011000010011
0000011011110010
0000010100110110
0001001100011000
0001010110110100
0000101101001000
1111101110101000
0000011000010011
0000110111100100
0000100010101110
0001110110000100
0001111101000000
0000001101111000
1111110101100110
1111111100100010
0000000011011110
1111010110010110
0000011111010000
0000111011000010
0000110111100100
0010000000011110
0001110110000100
1111101110101000
1110011011010100