1111001110101110
0000010110011010
0000111001101010
0001011000101110
0010001111000110
0010011100010000
0001101010101010
0001101110110110
0001111001000000
0001110010011100
0010001010010100
0001110111110100
0000110011101100
0000010011011010
0000100010010110
0000000101101100
0000001000101010
0000011001011010
0000010111100110
0000101110010100
0000100101111100
0001000101000000
0000101110111010
0000001000000100
1111100111001110
1111101110011000
1111010111000100
1111010101010011
1111001111111010
1111100100001110
0000001101011011
0000110111010010
1111001101001010
0000010011011100
0001000010100010
0001011100010000
0010010011011110
0010011100010000
0001100010100010
0001011111011000
0010000110111010
0001110010001110
0001101001011010
0001000010100010
0000100110111010
1111110110100110
1111110101010110
1111100110111010
1111011001000110
1111001001011010
1111101011010010
1111111101100000
0000011101100000
0000100110010010
1111110101010110
1111010100101100
1110101011111010
1110110111001110
1111000110010010
1111001011010010
1111010000010100
1111001000110010
1111010011011100
0000000000101000
1111010110101100
0000011000100010
0001010110001110
0001101011001010
0010011100010000
0010011001110110
0001101001011000
0001111111011111
0010010101101010
0001011110000000
0001010110001110
0000011100110000
0000001110111110
1111100011111000
1111001111100000
1111011100101100
1110111001010110
1110110111100100
1111010100111010
1111010110000110
1111101100110110
1111110010001110
1111101110101000
1111000010010110
1110111111111100
1110111100010110
1110100110110100
1110101111001100
1110101001110010
1110010101011100
1110101000100110
1111011111101100
1111011000100010
0000010111001010
0001100011100000
0001101111111000
0010010011110010
0010000011011110
0001100110000110
0010011100010000
0010011100010000
0000110111110010
0000011111000000
1111111000100000
1110111001111000
1110110111010000
1110110010000010
1110010101010110
1101111100100010
1101111100100010
1101110100101110
1110001101100000
1110101101011110
1110111110011100
1111001011011110
1110111010100010
1110100001101110
1110010000001000
1110010000001000
1110000010011010
1101110111111110
1101101111100000
1110000000011110
1110111010100010
1111100101000000
0000100111001010
0010000101011100
0010001100010010
0010011100010000
0001111110100110
0010001011100010
0001111101000100
0001101101111000
1111111110111000
1111000001010010
1111000000100000
1110010010111010
1101111101100110
1110010000101000
1110000110101110
1101111110011000
1101111011010100
1101110111100010
1101111111111000
1101111000010010
1110110111011000
1111000101110111
1111010001010000
1111000010000010
1110011110010010
1101110010001100
1101111011010100
1101110001011100
1110001100000100
1110000111100000
1111000100010100
1111111010000010
0000111101011110
0010011100010000
0010011010100010
0010011100010000
0010000111110000
0010001011001100
0000101011100010
0000000101001000
1110111111000110
1110011100111110
1101101111101110
1101110010010000
1101110011001000
1110000010100000
1110000001101000
1110011111100011
1110100101100000
1101111101011000
1110010110111110
1110100101100000
1101111101011000
1110010011100101
1110100011110011
1110000101000100
1110001100101110
1101110010010000
1101101000000010
1101110101101100
1101110100110100
1110010010101110
1111000000110100
0000011010110010
0001100011010110
0010011100010000
0010010111110010
0010010001000110
0010000100110100
0001101100010000
1111011110100010
1110101011001101
1110001001101100
1101111000111110
1110100101100110
1110111101000010
1110111000100100
1110111000100100
1110111110001010
1101111101011010
1110001001101100
1110000000110010
1110111011111010
1110110100000110
1101111101011010
1110010000011011
1110101100010010
1110110101001110
1110110000110000
1110110110010110
1110100100011110
1110011011100100
1110101000111100
1110011110111011
1110000111011110
1110111110111010
0000001101000010
0000110100000101
0001010100101000
0010001000101110
0010011100010000
0001100001101010
0001110101001100
0001111011101100
0001110101001100
0010011100010000
0010001000101110
0000111010100110
0000010011100010
0000100111000100
0000000000000000
0000011010000010
0000100000100100
0000100111000100
0001000111101000
0001000111101000
0001100001101010
0001001110001000
0000001101000010
1111101100011110
0000000000000000
1111011000111100
1111100101111110
1111101100011110
1111100101111110
0000100111000100
0001001110001000
1110111011010000
0000000110010000
0000101011110000
0001001011000000
0010001001100000
0010011100010000
0001010111100000
0001100100000000
0001101010010000
0001011101110000
0010001001100000
0001110000100000
0000100101100000
0000000110010000
0000010010110000
1111101101010000
1111110011100000
0000001100100000
0000001100100000
0000011001000000
0000001100100000
0000101011110000
0000010010110000
1111111001110000
1111100000110000
1111011010100000
1110110101000000
1110111011010000
1110110101000000
1111001110000000
0000000000000000
0000010010110000
1111001110011000
0000010111111010
0001011101110000
0001101000110010
0010010100111010
0010001001111000
0001100001011100
0010010100111010
0010011100010000
0001000111101100
0000111100101010
1111111010100000
1111010101101110
1111000011010110
1111000011010110
1110101001100110
1110010111001110
1101111101100000
1101111001110100
1110010111001110
1110101001100110
1110111000010100
1110101001100110
1110100010010000
1110110100101000
1110011010111010
1101101011000110
1101101011000110
1101101110110010
1110000001001010
1110000001001010
1110111000010100
1101100011110000
1101100011110000
1101100011110000
1101100011110000
1101100011110000
1101100011110000
1101100011110000
1101100011110000
1101100110100100
1101100110100100
1110110010110010
0001101111001110
0010000001111100
0010010110111000
0010001100010110
0001011111010100
0000100101011100
1111111111000010
1111100000011100
1111001010011010
1110101001000000
1110001011100011
1101110101000000
1101110000110110
1101101010101110
1101100111111010
1101100011110000
1101100011110000
1101100011110000
1101100011110000
1101100011110000
1101100011110000
1101100011110000
1101100011110000
1101100011110000
1101100011110000
1101100011110000
1101100011110000
1101100011110000
1101100011110000
1101100011110000
1101100110101010
1101100110011100
1110111001011100
0001100110001100
0001111100100100
0010010101001000
0010000011100010
0001001111101100
0000001111101000
1111011000100100
1110110110011100
1110100011000010
1110001100001100
1101111010001010
1101101100110100
1101101011110000
1101101000110010
1101100111011000
1101100011110000
1101100011110000
1101100011110000
1101100011110000
1101100011110000
1101100011110000
1101100011110000
1101100011110000
1101100011110000
1101100011110000
1101100011110000
1101100011110000
1101100011110000
1101100011110000
1101100011110000
1101101011000010
1101101110101100
1110001001010000
1110001101011010
1110001100111000
1110001100011000
1110001100110100
1110001000110010
1101111110000100
1101111100010010
1101111101001100
1101111101101000
1101111100110000
1101111110100010
1110000011000000
1110000001111100
1101111111111000
1101111110110100
1101100011110000
1101100011110000
1101100011110000
1101100011110000
1101100011110000
1101100011110000
1101100011110000
1101100011110000
1101100011110000
1101100011110000
1101100011110000
1101100011110000
1101100011110000
1101100011110000
1101100011110000
1101111010000100
0010011100010000
0010011100010000
0010011100010000
1110001011111100
1110010000011011
1110010000011011
1111100000110000
1111100101001110
1110100010010000
1110100110101110
1110001011111100
1110011001010100
1110101111101010
1110010000011011
1101101100101100
1101110001001010
1101111110100010
1101100011110000
1101100011110000
1101100011110000
1101100011110000
1101100011110000
1101100011110000
1101100011110000
0010011100010000
0010011100010000
0010011100010000
0010011100010000
0010011100010000
0010011100010000
0010011100010000
0010011100010000
0010011100010000
0010011010101010
1101110000001110
1101101111101000
1101110100110010
1101101111101000
1101110101010100
1101110111101000
1101111000001000
1101110100010000
1101111101011110
1110101110010010
1110011110000110
1111011011010000
1110111011101010
0001001101010000
0001101011011100
0001111001010100
0001111101000010
0010011100010000
0000011111010000
0000111011101001
0001010010011000
0001011000000100
0001011101110000
0001001100101110
0001010010011000
0001000111000010
0000111011101001
0001000111000010
0001101001000111
0001101001000111
0001011101110000
0001001100101110
0000110000010010
0001111010001010
0010011100010000
0010011100010000
0001111111110110
0001011101110000
0001111111110110
0001111010001010
0001011101110000
0001010010011000
0001001100101110
0000010011111000
1111100110011100
1111001111101110
1111001111101110
1111011011000100
1111100110011100
1110110011010010
0000110001000110
0001011101110000
0010011100010000
0010011100010000
0010010000010110
0001110101100100
0001011010110010
0000111010000010
0001000000000000
0000111101000000
0001011010110010
0001011010110010
0001001110111000
0000110001000110
0000110001000110
0001100011101100
0001111000100010
0010010011010100
0001101100101000
0000110111000100
0001111110100000
0001111011100000
0001001110111000
0001001000111010
0001001110111000
0000000111011100
1111010001111000
1111001110111010
1111001011111011
1110101110001010
1110101110001010
1110000001100000
0000101001110110
0001100001101010
0010001000101110
0010011001011110
0010010001000110
0010011100010000
0001110010011010
0001010110100000
0001000010111110
0001001110001000
0001100100011100
0001101010000010
0001001011010110
0000111010100110
0001000000001100
0001001110001000
0010000101111100
0010000101111100
0001110111111110
0001000101110000
0001100001101010
0001101111100101
0001001011010110
0000110101000000
0001000000001100
1111100001010100
1111001011000000
1110110001111000
1110010000011011
1110101100010010
1110010011001100
1110001000000010
0001111010100110
1101100011110000
1101100011110000
0010011100010000
1110000011000000
1101100011110000
1101100011110000
1101111101110010
1101100011110000
0001100100110111
0001101000110011
0010000100100010
0001101000110011
0001011100111110
0010000100100010
0001000001010010
0000111001010110
0010010100010110
0001110100101100
0001101000110011
0001000001010010
0001101100110010
0010011100010000
0000111101010100
0001101000110011
0000111001010110
0000000101111100
0000011101101010
0001010001000110
0000110101011010
0000110001011100
0001001001001100
0001011100111110
0001001001001100
0001000101001110
0000011101101010
0000111001010110
0000011001101110
0000111101010100
0000010001110100
1111100110010010