1111100110011110
0000010010010000
0001010101111010
0001000111010100
1111011100100000
1110110100000010
1110001100001110
1110000100111100
1110001101100100
1110111000101100
1110110010000010
1111010110100010
1111010000100100
1111100100011110
1111101111110000
0001000110000000
0001110111110000
0001111001000110
0001001000101010
0001000000101100
0001000110101010
0001010011010010
0001100001001100
0001011110100010
0001100011001100
0010000010011000
0010011000111100
0010011100010000
0010000101101100
0001011011001110
0001011000100100
0001100110100000
1111011010001100
0000001010000110
0000110011000010
0000100101110100
1111001011000100
1110011000101100
1110011000101100
1110011010100100
1101110111111010
1101101001011010
1110000110011010
1110011010100100
1110001001100100
1110010100111010
1110110101101010
1111110111110100
0000110010011010
0001000111001100
0000100001011010
0000010001000000
0000011100111110
0000111001111110
0001001010010110
0001111110000000
0010010101111100
0010001101001000
0010010101111100
0010011100010000
0010011000011110
0001111010001110
0001101101000000
0001101011110000
1111110100010000
0000101111000000
0000101010111000
0000011101000010
1111010001101100
1110001010011110
1110101100010110
1110111000110010
1101110110011010
1101101101011100
1101101100110000
1110101001100110
1110110110000010
1110101000111000
1111001001011000
0000001101001000
0001001001111110
0001111111001110
0010000110001000
0001001110110100
0000011101000010
0000110101010000
0001001110110100
0001111010011000
0010010110101110
0010010100101010
0010001100010110
0010011100010000
0010011010111000
0001011111011010
0001100011100100
0001101001000110
1111000010010000
0000010100100110
0000001101001010
1111100110000000
1111001011101100
1101111111011100
1110001001100100
1110010001101010
1101110001111100
1101110100101000
1110000110110110
1110010001101010
1110000001011100
1110001111101001
1110011011110010
1111011001001100
0000100100110010
0001101111101110
0001110100011100
0000011111011000
0000000011101110
0000001000011100
0000101101100100
0001101000010010
0001110101000110
0001111001001010
0010000101010100
0010011100010000
0010011010001110
0010000100101000
0001100010111000
0001001011010000
1110111111000100
1111111000111101
0000000110011100
1111001010000000
1110100100101100
1101111010010000
1101110100011110
1101110111000010
1101101110101100
1101111110110000
1101111110110000
1110011011101100
1110010011111110
1110001000011010
1110010110100100
1110110001100100
1111110111101010
0001001001010100
0001001000000010
0000011111100000
1111111001100100
0000000011110110
0000010101111000
0000011100111100
0001100110111000
0001100100010100
0001110100011000
0010010011010000
0010011100010000
0010000101110000
0001011101111000
0001011010000010
1111011011010010
0000001001111000
0000001001010100
1111010111111110
1110111010111010
1110010111110110
1110010000001010
1110011000011000
1110011000011000
1101111011010100
1110010100100010
1110101011100100
1110100101000000
1110011011001001
1110110100111000
1111011010001010
1111110110101100
0001010100011100
0001011100000110
0000111111100101
0000011101000100
0000101100011010
0000110100101000
0001000110001100
0001110010000010
0001111110000110
0010010101101010
0010011100010000
0010011001100000
0010010001110110
0001101111110110
0000111101011010
1111000010001010
1111011000010010
1111101001001110
1110110011001100
1110001110000100
1101101111011110
1110010000000010
1110011100011010
1110000110010000
1110000101100110
1101110101010110
1110001011011110
1110001110000100
1110001110000100
1110001000111000
1110110001001110
1111101101001000
0001010101010001
0001100100001111
0000101100010010
0000010010001110
0000000011010000
0000011110100110
0001001001100100
0001010101010001
0001110010100110
0001111010011010
0010001111111000
0010011100010000
0001110011111000
0001100001000000
0001001000010010
0000010011000100
0000101001111010
0000110001100010
0000111001001010
0000011010101100
0000001011011100
1111111100001100
1111010110000110
0000001011011100
0001001000011010
0001011111010010
0001111101110000
0010000101011000
0001010111101010
0001111101110000
0010011100010000
0001011111010010
0010001101000000
0001101110100010
0001011111010010
0001011111010010
0001011111010010
0001110110001000
0001100110111010
0001111101110000
0001011111010010
0001100110111010
0001010000000010
0000110001100010
0000110001100010
0001000000110010
0001010111101010
1111110011111110
1111111100000000
0001011100001010
0001000100000110
1111101011111110
1111000011111010
1110011011110110
1110011011110110
1110010011110100
1110100011110110
1110110011111000
1111001011111011
1111000011111010
1111111100000000
1111101011111110
0001001100001000
0010001100001110
0010000100001110
0010001100001110
0010011100010000
0001111100001011
0000101100000011
0001000100000110
0000111100000110
0000001100000010
0001100100001010
0001101100001100
0010000100001110
0001101100001100
0001100100001010
0000100100000100
0001001100001000
1111011111001110
1111110110010110
1111111110000100
1111001111110010
1110100001011110
1110000110011110
1101111010111010
1101111110110000
1110000110011110
1110011001110000
1110100001011110
1110100101010110
1110111000101000
1110100001011110
1110111100100000
1111010011101001
0000011100111100
0000110100000101
0000110100000101
0000110111111100
0000110111111100
0000111111101010
0000110111111100
0000111011110011
0001010110110100
0000111111101010
0001001111000110
0001010110110100
0001111101011000
0010011100010000
0010001000111110
0001111101011000
1101100011110000
1101100011110000
1101100011110000
1101100011110000
1101110110001000
1101111100000110
1110000101110000
1110010100011110
1110011011110100
1110100001010110
1110101101110000
0001011100010111
0001101110110000
0001011010000100
0000111111111000
0000101100001000
0000011010001100
0000011011100100
0000001010100011
1111100100011100
1111010111100101
1111001101111010
1110101101010010
1110010011000111
1110000000101100
1101111001010110
1101110001000100
1101110011011000
1101110001000100
1101101100111100
1101101111010000
1101101011000110
1101100011110000
1101100011110000
1101100011110000
1101100011110000
1101100011110000
1101101110101110
1101110001011110
1101110101010100
1101111100101000
1101111101100100
1101111111110000
1110001010000000
0000100111111000
0001111100111110
0000110010100000
1111111001011010
0000101000010000
0000001010011100
0000101110101001
0001001010011110
1111111011000100
1111101000001110
1111001010100100
1111100000111010
1110000110111000
1101111101001100
1101111010011100
1110000101001110
1110000000000110
1101110111100000
1101101110100010
1101101110100010
1101101100111010
1101100011110000
1101100011110000
1101100011110000
1101100011110000
1101100011110000
1101110100110010
1101111010001000
1101111001000110
1101101110001010
1101101100100110
1101101100100110
1101101110101100
1110100011011010
1110111110110000
1111010001001000
1110100101110000
1111000011000100
1110111101111110
1111000001001000
1111100100111010
1111010111000000
1111000010100010
1111010100010000
1110111110011000
1110101100001000
1110110101000000
1110110011111100
1111101010001000
0000000001100100
1111000100000110
1110100001001100
1101111011101100
1101101100000100
1101100011110000
1101100011110000
1101100011110000
1101100011110000
1101100011110000
1111001110111010
1101110001001010
1101101000001110
1101110001001010
1101101000001110
1101101000001110
0010011100010000
0010011100010000
1111100101001110
1111000001100000
1110000111011110
1110001011111100
1101111010000100
1110010000011011
1110100110101110
1110111101000010
1110000011000000
1110111000100100
0000010001110110
0000010110010100
1101111110100010
1110011001010100
1110110100000110
1111101001101100
1111111011100010
1110101011001101
1110000111011110
1110001011111100
1101100011110000
1110110001110100
1110101100001100
1110101001111000
1110100110100010
1110100010010110
1110011101000000
1110100101100010
1110100101001010
1110100101001010
1110100101001100
0000100100001000
0000101110101100
0000110010010001
0000111110000101
0001001111101100
0001011111010110
0001100100101100
0001100110010110
0001100110000010
0001110010010100
0000010000101010
1111111100010100
1110000101001110
1111010111001100
0000101110110110
0001000111111010
0001100101011000
0010011100010000
0000101000011000
0000111111110010
0001011000011000
0001001010010100
0001100010111010
0001010110000010
0001111010010100
0001110000111100
0001111100101001
0001110011010010
0001110011010010
0001000011010100
0001110110110010
0010000001010110
0001010001010101
0001010010100000
0000100010100010
1111111011111010
0001010010100000
0001010001010101
0001100001101110
0001000000111110
0000110010111010
0001010011101100
0001000010001000
0000101001100100
0000111100010001
0000010011010100
0000100011101100
0000010011010100
0000000111100110
1110011011111100
0010011100010000
0001111000001010
0001000010000000
0001111110111010
0001101010101000
0001001000110010
0001001101010010
0000100110111010
0001011010110100
0001100001100110
0000111100010110
0001100001100110
0010001100011110
0001101010101000
0000110110101110
0001000101011000
0001011010110100
0000001001100110
0001011010110100
0001100111001110
0001110010100000
0001011010110100
0000111010000110
0000100011100010
0001000110100000
0000111010000110
0000110111110110
0000010111001000
1111100100011000
1111110100001010
0000000011111100
1110100110010100
0010011100010000
0010000100011000
0000011011110110
0001100111111110
0001000011101000
0000111010100010
0001011011011110
0001001000001010
0000101001011110
0001001100101110
0000110111001000
0001000000001110
0001100001001010
0001010010011000
0000011010101110
0000100000011000
0000000110010000
1111111110010010
0000001011111100
0000110001011100
0000010110001010
0000100111001110
0000011100111110
0000100010101010
0000010101000010
1111110000101010
1111110101001110
1111101100001000
1111011001111100
1111010101011000
1111110001110010
1111000011001110
1101110011001000
0010011100010000
1101100011110000
1101100011110000
1101100011110000
0001111101000000
0000000000000000
1101100011110000
1101100011110000
1111011100010010
1111100111011100
1111110000011000
1111111101110010
1111110111000100
1111011100010010
1111100111011100
1111110111000100
0000010110010100
0001111111001110
0001111111001110
0001100100011100
0001101000111010
0010010101100100
0010011100010000
0001110100000100
0001010100110011
0000101110111000
0000000100011110
1111110111000100
1111100101001110
1111010111110100
0000010100000110
0000010100000110
0000111100010001
0010000011101100
0001101111100101
0001000101001100
0001000010111110
0000001011001010
1111111011100010
1110111101000010