1111001110010000
0000110110110000
0010011100010000
0010010010001100
0000100001101010
1111011011010100
1111000110001110
1111011011010100
1111001000001110
1111000011001110
1111010110010100
1110111100001100
1110111011001010
1111010001010010
1111101011011010
0000101010101101
0001100010111110
0010001000001010
0010000001001000
0001110100000100
0001110111000100
0010000110001010
0010001001001010
0001111000000100
0001010100111010
0001010001111010
0000111010110010
0001101111000010
0001111111001000
0010001011001010
0001011111111110
0001011100111100
1111001001000000
0001000011001110
0010011100010000
0010001100100010
0000001101000110
1111001010110000
1110110110101100
1110111011111010
1110010110011000
1110010011110000
1110001111011010
1110100100010110
1111011010011110
1111100011001100
1111110101100010
0000010111100100
0001011001111010
0001111011111100
0010010110001000
0001110101110110
0001101110110110
0001111100110100
0010001001111010
0001111100110100
0001010110011010
0001000100111110
0001001000011100
0001100011100000
0001111011000101
0010001010110010
0010001110010010
0001101110110110
1110111111101110
0000110010011110
0010000001011010
0001110000010100
1111100011100010
1111000010001010
1110101010100101
1110100001100110
1101110101101010
1110001000011001
1110100010011010
1110110001111000
1111001101100010
1111011001110000
1111101010110110
0000000011010000
0000110100111010
0001111110111100
0010011100010000
0001101101000011
0001010011110100
0001100110100010
0001101001110010
0001010100101000
0000111101000010
0000110010011110
0000111100001110
0001011010010110
0001110000010100
0001111100011111
0001110000010100
0001010111000100
1111000011110110
0001010001110011
0010010001111000
0001110111000010
1111100101100110
1111010110000010
1110010101000110
1110101010101111
1110110010100010
1110101001111000
1110101111000100
1110111111100000
1110111100000010
1111010111110000
1111100001010010
1111111100000110
0001000100110100
0010001010111100
0010011100010000
0010001010000100
0001110111000010
0010000110100110
0010000101110000
0001100011001000
0001001010000000
0000110001110010
0000111010011100
0001100110100110
0010001100101010
0010010100011110
0010000111011110
0001101000010100
1110111010100100
0001010111101100
0001111010011010
0001000110010100
1111111001111100
1111101100111010
1110110101010110
1110110101010110
1110100010010000
1110011100001100
1110100110100110
1110110000001000
1111000011010000
1111011001110100
1111011111111000
1111110110011100
0000100111111100
0001101001000010
0010011100010000
0010010010101100
0001111011001111
0010001010000010
0010001010000010
0001101000001010
0000110110101100
0000111100110000
0000110001011110
0001101111111110
0001111110110000
0010000001010110
0010000000011110
0001100111010100
1111000010001010
0001001000110110
0001011011001100
0000111011000110
0000001000101110
1111011001000100
1110111011101110
1110101010010100
1110001100000100
1110010110001010
1110011000111010
1110010000101010
1110101011001110
1111000101110100
1110101111110100
1111101111000010
0000010100101000
0001111000100000
0010011011010110
0010000011100000
0010000000110000
0001101101100000
0001101110011100
0001001110010110
0000111100111100
0000110000001000
0000110110100001
0001101000111100
0010010100111010
0010011100010000
0001110011111100
0001011001010110
1111001100111010
0000000001011111
0001000011111110
0001001001111010
1111100011101110
1110101101001010
1110100011010000
1110100001010000
1110001000011110
1101101101101010
1110000111011110
1110010101010110
1110110000001000
1110110101000110
1111000100111110
1111011000110100
0000100100001110
0001111000100010
0010010001010110
0001111111011110
0010011001010010
0010011100010000
0001011101110000
0000101011001010
0000101001001010
0000000101011110
0000000101011110
0000100011001110
0001100011101100
0001100100101100
0000101101001000
1111100011101110
1111011000000010
0001011010110110
0010011100010000
0010001101101110
0000100111111110
1111010000110000
1110111010111110
1111011000000010
1111011111010010
1111001001100000
1111100110100100
1111001001100000
1111001001100000
1111101101110110
1111011000000010
0000111101110001
0001100010001000
0001110111111010
0001100010001000
0001101001011000
0001110111111010
0001010011100100
0001110111111010
0001110111111010
0001011010110110
0000101111010000
0001000101000010
0001010011100100
0001010011100100
0001110000101010
0001100010001000
0001000101000010
1111000110011100
0000111001100100
0010010100000010
0010010100000010
0000101001001000
0000000000000000
1111011111000110
1111011111000110
1111001110101010
1111010110111000
1111001110101010
1111001110101010
1111000110011100
1111011111000110
1111110111110010
0000101001001000
0001110011001000
0010011100010000
0001111011010110
0010001011110100
0010000011100110
0010010100000010
0010011100010000
0010001011110100
0001101010111010
0001100010101100
0001010010010000
0010001011110100
0010010100000010
0010011100010000
0010010100000010
0001111011010110
1110101101111110
0001000010011010
0001011101110000
0000110010110010
0000000000000000
1111011100110110
1110111101100110
1110111101100110
1110011010011100
1110000011000000
1110010110100010
1110100010010000
1110101101111110
1111010001001000
1111010001001000
1111101100011110
0000011011010110
0001101001011110
0010011100010000
0010000100110100
0001101101011000
0001101001011110
0001111101000000
0000111010100110
0000111110100000
0000100011001010
0000101110111000
0001010101111100
0001111101000000
0010001000101110
0001011001110110
0001001010001110
1101100011110000
1101100011110000
1101100011110000
1101100011110000
1101100011110000
1101100011110000
1101100011110000
1101100011110000
1101100101101110
1101100101100010
1110111110011000
0000001001010110
0000111101011000
0001101011011110
0010000011110100
0001110001111000
0010001101010010
0010010100101010
0001001011011000
0000000010001010
1111011010011000
1110101101110110
1110000111001001
1101101101001110
1101101000011110
1101100111000000
1101100101111010
1101100101111010
1101100101101000
1101100011110000
1101100011110000
1101100011110000
1101100011110000
1101100011110000
1101100011110000
1101100011110000
1101100011110000
1101100011110000
1101100011110000
1101100011110000
1101100011110000
1101100111010110
1101100111000000
1111001010101000
0000010100100000
0001001110110100
0001111100011000
0010001101110000
0010000110101000
0010010101111010
0010010111100100
0001100101101100
0000101000001100
0000010010010010
1111011011010110
1110001001111000
1101101111111100
1101101100110000
1101101001101010
1101101000010010
1101101000010010
1101100111100000
1101100011110000
1101100011110000
1101100011110000
1101100011110000
1101100011110000
1101100011110000
1101100011110000
1101100011110000
1101100011110000
1101100011110000
1101100011110000
1101100011110000
1101110001010010
1101100110111000
1110011000111000
1110000100111000
1110001100011000
1110001111100000
1110001011001000
1110001000101110
1110001001010000
1110000111001010
1110000010011100
1110000111110110
1110011000100010
1110011011101010
1101110011000010
1110100101000010
1110100000010110
1110100000010110
1110000100001110
1110000110010010
1101111100111010
1101100011110000
1101100011110000
1101100011110000
1101100011110000
1101100011110000
1101100011110000
1101100011110000
1101100011110000
1101100011110000
1101100011110000
1101100011110000
1101100011110000
1101111010000100
0010011100010000
0010011100010000
0010011100010000
1110000111011110
1101110101100110
1101100011110000
1101100011110000
1101100011110000
1101100011110000
1101101000001110
1101110101100110
0000011111010000
0010011100010000
0010011100010000
1111111011100010
1110010100110110
1110100110101110
1110000011000000
1101101000001110
1110011001010100
1101100011110000
1101100011110000
1101100011110000
1101100011110000
0000001100011000
0000001100011000
0000001100111000
0000001111010100
0000001100110000
0000001010000100
0000000010100000
1111111010011000
1111101111101010
1111101101001000
0000111111101010
0000111111101010
0001000100000010
0001000100000000
0001000001110110
0001000001100100
0001000001101000
0000111111101010
0001000011100010
0001000010101010
1110111011010000
1111000011010110
1111100011100100
0000001000011010
0000011010000000
0000111111010000
0001101000001000
0010011100010000
0000000000000000
0000011111010000
0000001100100000
1111101101010000
1111001110000000
1111111001110000
1111111001110000
0000000110010000
0001010111100000
0001110000100000
0010011100010000
0010011100010000
0001101010010000
0000100101100000
0000100101100000
0000111110100000
0000111000010000
0000111110100000
0000111110100000
0000010010110000
1111110011100000
0000010010110000
0000011111010000
0000011111010000
0000001100100000
1111100111000000
1111100000110000
1110101110110000
1110111011010000
1111011010100000
1111010100010000
1110011100000000
0000011001000011
0001100111110010
0001001000110000
1111111110110100
0000001010110000
0000001010110000
0000010001111010
0000001101001000
0001100101011000
0001010010010100
0001101110111100
0010011100010000
0001100111110010
0001010111000100
0001011110001110
0001011001011110
0000110000111010
0001010111000100
0001101010001010
0000111100110110
1111101001010110
0000001010110000
0000100100111110
0000010110101010
1111111010000010
1111111010000010
0000010001111010
1111010001011110
0000010110101010
0000001101001000
0000010001111010
1111011000101000
0000100110000000
0010011100010000
0001101001100100
0000000100001110
0000000100001110
0000010010010100
0000000001011010
0000111001101110
0001111101010010
0010000000000110
0010000010111010
0010010110101000
0001110100110110
0001100001001000
0001101111001110
0001101111001110
0001010000001111
0001010011000100
0010000101101110
0000110110111010
1111011100110100
1111111110100110
0000100011001100
0000100110000000
0000011101100100
0000100110000000
0000100110000000
1111001110101110
0000110110111010
0000010010010100
0000100000011000
1111011100110100
0000011111000010
1101100011110000
1101100011110000
0010011100010000
1110000011000000
1101100011110000
1110000011000000
1101111101110010
1101100011110000
1111110101001010
0000000111110000
0000101111111110
0000100110101100
0001000010100010
0000110011000100
0000111001010000
0001110111001000
0010011100010000
0010010110000100
0010001111111000
0001101101110110
0001010101000110
0001110100000010
0001110100000010
0000111001010000
0010000011100000
0010001100110010
0010001001101100
0001000101101000
0000110110001010
0000110011000100
0000100000100000
0000010100001000
0000011101011010
0001100001011110
0001101010110000
0001010010000000
0000110011000100
0000110110001010
1111110101001010
1110011000010110