1110100111111100
0000000111011000
0000011001111010
0000101001001100
0000110011000000
1111111111001100
1111101110010010
1111100001001101
1111010010011110
1111011111100100
1111111000101000
0000101101000000
0001100110010000
0010010111010110
0010011100010000
0010000100010000
0010010000010000
0010010101001010
0001111100000100
0001101001000000
0001011010110100
0001010100110011
0000110001010110
0000110100101000
0000101011111010
1111100111001100
1111000110011110
1101111101011000
1110101101011000
1111100101000000
1111010111111010
1110110101100100
1110100110101110
0000010001011010
0000100000001000
0000101010011110
0001000100100110
0000001110001010
0000010001011010
1111111110011000
1111101110000010
1111101000100110
1111111100101110
0000100110001000
0001101011010000
0010000101111100
0010000101111100
0001110111110001
0010011100010000
0010011000011100
0001111000010100
0001010110100100
0001001011001000
0000111010110100
0000011101011010
0000101011000000
0000101101001100
0000000011010010
1110101101110010
1110011010001100
1111000101110000
0000001111110010
0000010001111110
1111011101101100
1110100100011010
0000010101100100
0000100110110010
0000101101110100
0001001000110000
0000010111001010
0000001110000000
0000001000000110
1111111101010100
1111111100001110
0000000001000100
0000110110111110
0001101010101100
0010000101101000
0001111011111100
0001110010110000
0010011100010000
0010011001100100
0001101010001010
0001010001111010
0000100001111100
0000011101101000
0001000011111000
0001000011111000
0000111001001000
0000001110100100
1110100010010000
1110100100111100
1111000011001000
0000000010001010
0000100011000010
0000001110000000
1110101100000110
0000101001011110
0000110010110110
0001100100001000
0001111000000100
0000101101001110
0000110111001100
0000101000001110
0000000010110100
0000001010010010
0000101000110110
0001100101111110
0010010010010010
0010010111010000
0010000101110010
0010001001100010
0010011100010000
0010011001001000
0001111000101100
0001000110110010
0000101101110110
0000111110000100
0001010101110010
0001001011110010
0001000001110100
0000000101010100
1110011001011010
1110100101010000
1111010111001010
0000110001100110
0001000011000100
0000010110001010
1111010100100100
0001000110000100
0001000011111110
0001110110011010
0010000011101110
0001111100101110
0001010110001100
0000111000110000
0000110111010110
0001011000010001
0010000110100010
0010011100010000
0010010010011100
0010000001101000
0010001111101000
0010011100010000
0010010101111100
0010011000000010
0001011011000110
0000001110101110
1111110010000000
0000101000101000
0001000110110010
0001001111001100
0000110111010110
1111100110110011
1110100100111010
1101110101111110
1110100100001110
1111010111011000
0000110000010110
0000101100001010
0000101111000100
0010000011101110
0001111100100110
0001010110101000
0000001101000011
1111111111100110
0000000101111100
0001111010001110
0001111110111110
0001011110100010
0000110011110100
0001001100010110
0001011110100010
0001101000110011
0010000100100010
0010011100010000
0001101100000000
0001110110010010
0001101110011000
0000000010110010
1111110001011000
1111100100101110
1111111011101010
0000010110100100
0000010101110000
1111000110101010
1110010111001101
1101110111100010
1110110101010000
1111101011000010
0000110001011100
0010001001010000
0000101111110110
0010011000010110
0010011100010000
0000011101010010
0000000010111100
1111000110011000
1111011111110010
0001100000101100
0001101000011111
0000100101000110
1111111010001000
0001001001010000
0001010100111101
0001010011111110
0001011111101100
0001100011100111
0000011011010110
0001001000010000
0000110110101100
1111011010111000
1111001101001110
1111001110001101
1110110111101110
1111001110001101
1111000001100000
1110001100110000
1101110011011000
1110001101110000
1110010011100110
1110111001101100
1111100101101000
0000010111011100
1111001110111010
1111101001101100
0000101000001100
0001010100110011
0001000010111110
0000010110010100
1111001110111010
1111110010100110
1111001110111010
0000000100011110
0000011111010000
0001001011111010
0001010100110011
0010011100010000
0010001010011010
0010001010011010
0010011100010000
0010010011010100
0010000001011110
0001100110101100
0001100110101100
0001010100110011
0001000010111110
0001100110101100
0000011111010000
1111110010100110
1111110010100110
1110000111011110
1111000101111110
0000000100011110
1111001110111010
1111010111110100
1110110011100010
0000001001111110
0000100100100100
0000011101111001
0000101011001110
0000010111010010
1111010100110010
1111011011011100
1111011011011100
1111101111011000
0000010000101000
0000111000100010
0001010011001000
0010010101100110
0010011100010000
0010001000010100
0010001110111100
0010001110111100
0010000001101010
0001100000011010
0001010011001000
0001000101110100
0000101011001110
0000111000100010
0000010111010010
0000010111010010
1110111010001100
1101110111101100
1110011111100110
1110011111100110
1110111010001100
1110110011100010
1110011001001110
0000011000101010
0000011100110010
0001010010010000
0001100110110010
0001011010011110
0000011000101010
0000011000101010
0000000000000000
0000010000011100
0001101111000010
0010011100010000
0010011100010000
0001010110010110
0001011110100100
0001111111011110
0010001011110100
0001101010111010
0000111001100100
0000011000101010
0000000100001000
0000111001100100
0001001110001000
0000110101011110
0000101001001000
1111010010110010
1110010101000110
1110000100101010
1110101001101010
1111011011000000
0000011000101010
1111110011101010
1101100011110000
1101100011110000
1101100011110000
1101100011110000
1101100011110000
1101100011110000
1101100011110000
1101100011110000
1101100101010010
1101100101111010
1110111110000010
0000101101101010
0001101001111100
0010001111011000
0010011011000100
0010010110000100
0001111000101010
0000110100100110
1111110000100010
1110101010011011
1110010111100010
1110001010000000
1110000000101110
1101100011110000
1101100011110000
1101100011110000
1101100011110000
1101100011110000
1101100011110000
1101100011110000
1101100011110000
1101100011110000
1101100011110000
1101100011110000
1101100011110000
1101100011110000
1101100011110000
1101100011110000
1101100011110000
1101100011110000
1101100011110000
1101100100110100
1101100101000000
1110011011001110
0001011110100000
0010001000110110
0001101010011110
0001100001101000
0000111001010000
0000011111100000
1111111101011110
1111000000011110
1110000010110000
1101110110100100
1101110000110000
1101101110001110
1101100011110000
1101100011110000
1101100011110000
1101100011110000
1101100011110000
1101100011110000
1101100011110000
1101100011110000
1101100011110000
1101100011110000
1101100011110000
1101100011110000
1101100011110000
1101100011110000
1101100011110000
1101100011110000
1101100011110000
1101100011110000
1101101110001010
1101110010010100
1110100000101100
1110111010110110
1110110011000010
1110110110100100
1110110001011110
1110100100111110
1110011110010110
1110100000010010
1110001111000110
1101110100000100
1101100111111010
1101101010010110
1101100111011000
1101100011110000
1101100011110000
1101100011110000
1101100011110000
1101100011110000
1101100011110000
1101100011110000
1101100011110000
1101100011110000
1101100011110000
1101100011110000
1101100011110000
1101100011110000
1101100011110000
1101100011110000
1101100011110000
1101100011110000
1101100011110000
1101101000001110
0010011100010000
0010011100010000
0010011100010000
1101110101100110
1110001011111100
1101100011110000
1101100011110000
1110011001010100
0010011100010000
0010011100010000
0010011100010000
1110100010010000
1110000011000000
1110111101000010
1101100011110000
1101100011110000
1101100011110000
1101100011110000
1101100011110000
1101100011110000
1101100011110000
1101100011110000
1101100011110000
1101100011110000
0001101100000110
0001101101000000
0001101101110000
0001110000000110
0001110010111100
0001110101000010
0001111000111100
0001111100110010
0010000001011110
0001011011100110
1101100011110000
1101100011110000
1101100011110000
1101100011110000
1101100011110000
1101100011110000
1101100011110000
1101100011110000
1101100011110000
1101100011110000
1111100010110111
1111111000101010
1110100001001110
1111100010111100
0001110101110000
0010000010001000
0010011100010000
0010011100010000
0000010110110010
0000101010010100
0001000001000110
0000110111010110
0000110111010110
0001100001101010
0010000010001110
0010011100010000
0010010010100000
0001111000011100
0001010111111000
0000111101110110
0000111101110110
0000101101100100
0000000011010000
1111110010111110
1111111001100000
1111111001100000
0000101101100100
0000110000110100
0000100000100100
0000100111000100
0000100011110100
0000110100000101
0000110100000101
0000001101000010
0000000000000000
1111111100110000
1111101100011110
1111110110010000
1110110001111000
1101111010100010
0000100001101010
0001001010100010
0001100010100100
0000101101101100
0000011111010000
0001000011010100
0010001101110100
0010011100010000
0010011001110110
0010010010101000
0001110101110010
0001101001110010
0001001000001000
0001000101101110
1111110001100100
0000010101101000
1111111011001100
0000011000000010
0001000000111010
0001000000111010
0000110010011110
0000100100000100
0000100110011110
0000110100111000
0000100100000100
0000010000110100
1111111000110010
1111101010011000
1111100101100100
0000000010011010
1111101100110010
1110000111110100
0000110100000101
0001110100011101
0001111101111100
0000110100000101
0000100001001010
0000101100100000
0010000011101000
0010011100010000
0001111101111100
0001111100000100
0001110000101011
0001011000000100
0001010110001100
0000111001110000
0000011001100100
0000101010101000
0000110101111110
0001000001010110
0001110010100110
0001010100010010
0000100011000010
0001011011110110
0001011111101010
0001011001111110
0000000010110110
0000011101010110
0000101100100000
0000011111010000
0000010101110010
0000100100111100
1111011100111110
1110010011000111
0010011100010000
1101100011110000
1101100011110000
0010011100010000
1110000011000000
1101100011110000
1101100011110000
1110001000001111
1101100011110000
0001110010011010
0010011100010000
0000110101000000
0001000010111110
0001011110111000
0001011100000011
0010000000010110
0010000101111100
0001101111100101
0000101111011100
0000111010100110
0000110111110100
0000101111011100
0000011001001000
0000001101111100
0000110111110100
0010000011001000
0000110111110100
0000110101000000
0000001101111100
0000010011100010
1111111101001110
1111010000100100
1110110001111000
1111101100011110
0000000010110010
1111111101001110
1111101111010000
1111011110100010
1111110111101000
1111011110100010
1111001101110010