1111111001110110
0001001001001010
0010010101010010
0010011100010000
0001101110001010
0000111001000110
0000100010000010
1111001100110100
1110100100000100
1110110110010100
1110110101110000
1111011101111110
1111101101100000
1111110000101110
0000011010000000
0001010110100100
0001101100100010
0001010000001000
0001001110000000
0000111011110010
0000110110111100
0000101101110110
0001010011111000
0010000100001000
0001110111010000
0000100100101110
0000110010000111
0000000010111100
0000001011000000
0000110100001111
0001000001001000
0000111000000000
1111100010001100
0000011100110101
0001100001100110
0001111001001010
0010011100010000
0001011110001110
0001010011101010
1111101000111100
1111011001000100
1111010000111000
1110110110011100
1111111010101111
1111110101011101
1111001111111100
0000010101001010
0000010100101100
0000111110100000
0001011101110000
0001011110001110
0000100111111010
0000111001101011
0000111000101110
1111110010100010
0001000011110010
0001001010000010
0001000100110000
0000100110011110
1111111000010100
1111101110101100
1111011100011100
0000001001001000
0000100000101100
1111101001110000
0000101000010000
0001011001010000
0001110100010000
0010011100010000
0001101111010000
0001101100101111
1111011100010000
1111011010010000
1111011010110000
1110100011010000
1111111000010000
1111111110010000
1111010111010001
0000001110010000
0000011010010000
0000010111001111
0010000100010000
0010010101110000
0001001010110000
0000111101110000
0001011000101111
0000011011110000
0000000110010000
1111111110110000
0001001100010000
0001000011110000
0000100011010000
1111111101010000
0000001011110000
0000010100110000
0001001101110000
1111110100010000
0000111101110100
0001101000000110
0001101010001010
0010011000000100
0001101011101110
0001010001001000
1111000110111000
1111000100110010
1111011011110000
1110001000110010
1111000101010100
1111101011111010
1110111100011100
1111001101101010
1111110101110101
1111101011111010
0001010100010000
0010011100010000
0001111010111000
0001101110010110
0000111100110010
0000111010001001
0001001000010000
0000000001110011
1111001010100010
0000001111111010
0000010011000010
0000010011000010
0000101011000010
0000010010100010
0000100110111000
0000000101111100
0001100010000010
0010001110001000
0010011100010000
0010010101011110
0001111001001110
0001001000101000
1111101101101000
1110110010111000
1111011001110110
1110110001101110
1110011100110100
1111100111111110
1111100110110110
1111011110011000
1111001010000010
1111101001101100
0000011111011000
0001111011011110
0010001011111000
0001110101110100
0001110001111000
0001010111010100
0001000111100000
0000111001010110
1111011000001010
1111011100101100
0000101100111100
0001001010010100
0000111110011100
0000110001011100
0001010010110010
0000010001011010
0001111000111100
0001111010111000
0010011100010000
0001001001000010
0000110010010100
1111011100101100
1111001001010110
1110110000001100
1110100000001110
1110100111000000
1110110010100110
1110110001101000
1110111111101010
1111000100000000
1111001110001101
1111100110011000
1111110011011100
0000111100111100
0001111111101110
0010001010110110
0001011100011010
0001010101101000
0001100000110000
0001011110110100
0000010001111010
1111000100100000
1111101100001010
0000111101111010
0001011001100000
0001001010111110
0000111101011100
1111110100011110
0010011100010000
0010001010001010
0000101011010110
0000001110000010
1110110001000110
1110011011010000
1110101010110110
1110101000011000
1110001100010010
1110101011011110
1110111111011100
1110101001101000
1110111011000100
1111000111100100
1111000000000100
1111011101011000
1111000110010101
1111110011001110
0001010000110010
0001100100001000
0001001001111010
0000110100101110
0001011010110000
0000111001000100
1111010011011010
1110110001000110
1110100000111000
1111011111010000
0000001010111010
0000010000100010
0000001111111010
0000110001101110
0010000110111100
0001111000110000
0001111111110110
0001011100010110
1111110001110010
1111111000111010
0000001110001110
1111001110010010
1111011100100000
1111101010101100
0000000111000110
1111101010101100
0000000111000110
0000011100011010
0001101010100010
0001101010100010
0001001110001000
0000111111111001
0000010101010100
0001001110001000
0001111000110000
0001001110001000
0010011100010000
0010010101001010
0000111000110100
0001101010100010
0001100011011100
0000111000110100
0001101010100010
0001111111110110
0001110001101000
1111101000010100
0001000111000010
0010001001010100
0010011100010000
0001011001111110
1111111011010000
0000000100110000
1110111000111110
1110001001101000
1110011100100100
1110101111100000
1110111000111110
1111010101011000
1111101000010100
1111000010011100
0001101100111001
0001110110011000
0001000111000010
0000100001001010
0000110100000101
0000001110001110
0000010111101100
0001010000100000
0001111111110110
0010001001010100
0000100001001010
0000010111101100
0000000100110000
0000000100110000
0000100001001010
0000111101100100
0000110100000101
1111100110010110
0000100111101010
0001011010111100
0010000000010000
0010011100010000
0001110010010010
0001101000111100
1111011000010110
1111010011101100
1111010011101100
1110101110011000
1111111101101010
1111110100010110
1111001010011000
0000010000010100
0000011001101010
0001001000010010
0001111011100110
0001111011100110
0000100111101010
0000110101101000
0000110000111110
0000110101101000
1111110100010110
0001010001101000
0001101000111100
0000111110111110
0000011110010100
0000011110010100
1111100110010110
0000111110111110
0001011111101000
1101100011110000
1101100011110000
1101100011110000
1101100011110000
1101100011110000
1101100111011110
1101100110110110
1101101100000000
1101110110101100
1101101010111110
1110000100111011
0001110010000100
0010010100001110
0010010100000000
0001100010011010
0000111001101010
0000011100001110
0000000010000100
1111101111111100
1111100001100010
1111000001110110
1110010100110000
1101110000100000
1101100111101010
1101101000100000
1101101000111010
1101100011110000
1101100011110000
1101100011110000
1101100011110000
1101100011110000
1101100011110000
1101100011110000
1101100011110000
1101100011110000
1101100011110000
1101100011110000
1101100011110000
1110000011010000
1101101001100000
1110000001100010
1111011110100100
0000000110001000
1111111101111010
0001001000001000
0010000111100110
0010001110001000
0001100000111011
0001000010011000
0000010111001111
1111111010010000
1111100010001110
1111010001011000
1110101101101100
1110001000100110
1101110000010010
1101101011100110
1101101011100110
1101101100010000
1101100011110000
1101100011110000
1101100011110000
1101100011110000
1101100011110000
1101100011110000
1101100011110000
1101100011110000
1101100011110000
1101100011110000
1101100011110000
1101100011110000
1110110010101000
1101101101001000
1101110111000000
0000101101010100
0001011110110010
0000110110001010
1110001010100010
1110010011101010
1110010010111000
1110100100110110
1110100011010010
1110101001100010
1110010110100010
1110010001000100
1110011011110001
1110000101111000
1101111101011110
1110010001000100
1110000110001000
1101110101011100
1101111000100100
1101100011110000
1101100011110000
1101100011110000
1101100011110000
1101100011110000
1101100011110000
1101100011110000
1101100011110000
1101100011110000
1101100011110000
1101100011110000
1101100011110000
0010011100010000
0010011100010000
0010011100010000
0010011100010000
0010011100010000
0010011100010000
0010011100010000
1110011101110010
1101111010000100
1101111010000100
1101111010000100
1101110101100110
1101101000001110
1101101000001110
1110010000011011
1110110100000110
1110010100110110
1110011101110010
1110001011111100
1101101100101100
1111100000110000
1101100011110000
1101100011110000
1101100011110000
1101100011110000
1101100011110000
1101100011110000
1101100011110000
0000100000101010
0000101001001100
0000101101000010
0000110101101000
0000111101110110
0001000111111100
0001010001000001
0001011110000100
0001100101000000
0000111101101110
0000000011111000
0000000101110010
0000000111000000
0000000111001000
0000001010011000
0000000111110000
0000001000001010
0000001001010010
0000000001101110
0000001010110100
1110100100010110
0001001001100010
1111110011001100
1111110100011001
0001000000001010
0001011010111100
0001100010001000
0010011100010000
1110100110110011
1111010110100010
1111111111011100
0000000111011000
0000011110001000
0000100001100010
0000101000010110
0000110001011100
0001001010011100
0001010001010000
0001011100101000
0001101111111100
0001110111111000
0010011100010000
0010011000110110
0010011100010000
0010000011010000
0001101101101010
0001101110110010
0001110101101000
0010011100010000
0010001110101000
0001011101110000
0001001101110110
0000111101111011
0001001110111110
0001100101101110
0001101011011000
0001101010010000
0001100100100011
0001001011100100
0000010111010010
1110001010010110
1110110110100110
1110111011010010
1111001011010010
1111100111100010
1111100000000000
1111110010110100
1111110100101110
0000100110100110
0000101111000100
0000111011010100
0001100000111011
0010011100010000
0010010101101010
0001111011010100
0001110100101110
0001110100101110
0001101100010000
0001011111111111
0010000011110010
0010001011010100
0001110011110010
0001011010011000
0001100000111011
0001011010011000
0001101011010100
0001101011010100
0001101111000100
0010000101101010
0001100001111010
0001010000000000
1111110000111100
1110111011101010
1111010010100110
1111000110001100
1111000110001100
1111001001000100
1111011101001000
1111110010001010
0000000101010000
0000101110010101
0000010101100000
0010000111001110
0010001110111000
0010011011010010
0010000101010100
0010000111001110
0010010011101010
0010011100010000
0010001010000110
0001110110111110
0001100110101110
0001110001010000
0001011110001000
0001101010100100
0001101001100110
0001101110011000
0001010011101000
0001101010100100
0001110101000100
0001111100101110
0001011110001000
0000101011011110
1111101110010100
0001111011110110
1101100011110000
1101100011110000
0010011100010000
1101100011110000
1101100011110000
1101100011110000
1111000110101110
1101100011110000
1111100100110101
0000010100010111
0000000110110010
0001000111010110
0000010111110010
0000010000111110
0001000011111100
0001011011101110
0000101111100100
0001110000000110
0001001110001000
0001111010010010
0001010100111010
0000101000101111
0010010101011110
0010011100010000
0010000001000100
0001000011111100
0000000000000000
0000011110100100
0000011110100100
0000100101011000
0001001010101110
0000010000111110
1111111100100110
0000011011001011
0000011011001011
0000100001111110
1111110101110101
1110111111011110
1111100001011100
1110001100100000