1110011111011110
1111111010111011
0000001100010010
0000110010011000
0000111010011100
0000110011010000
0000000000011100
1111110101110110
1111110100001010
1111100001100000
1111110000010110
1111110000110000
1111011101101100
1111100111000010
0000000000110110
0000100011100100
0001001101100000
0010000111000100
0010011100010000
0010001110101100
0001110111110110
0010000011101100
0010010000110100
0010010010111100
0010001010000010
0001101111011000
0001101010101110
0001101000001010
0001111010110100
0010000100111110
0001100011000110
0001010011110110
1110011110011010
1111110100000110
1111111011000110
0000101000100101
0000110101010100
0000101001011010
1111110111011000
1111111010010000
1111101111001100
1111101000101000
1111100111011010
1111110101110000
1111100111110100
1111101110011000
0000001100010100
0000101101111100
0001101011110110
0010010001100110
0010011100010000
0001101011000010
0001101000100100
0001101111111110
0010001100101010
0010000110111100
0001110101101100
0001011100101011
0001011101111010
0001011001110100
0001101111100100
0001111000100011
0001010010000010
0001000101010100
1110011011001110
1111111010111011
1111111110101110
0000100011001010
0001000111100100
0001001010000110
0000101011101000
0000101111110110
0000100101010000
0000001000111010
0000010000111100
0000010011011110
0000010110111000
0000111010011100
0001101010010010
0010001100100110
0010011100010000
0010000000101110
0001110001111010
0001001100001110
0001110100111000
0010001100100110
0010001101110110
0010000100111110
0001101010010010
0001001100001110
0001011111101100
0001011110110110
0001100010101010
0001110011001100
0001011000100000
0001001110110000
1110011101100110
1111111010000110
1111110011110000
0000010011110110
0000110101001110
0000111010101100
0001011001100001
0001010101101110
0000110011111011
0000111011100010
0001000001000010
0001011000010000
0010001001101010
0010011000000010
0010011100010000
0001111101110110
0001100101110010
0001100111011110
0001000100110110
0000101111101110
0001011010110010
0001111111100010
0001111101011100
0001110010111000
0001000110111100
0000111111110010
0001000011100100
0001000001011110
0001001110111110
0001011111011100
0001001100110110
0001000010101110
1110111101110010
1111111110001000
1111110010011110
0000100000101010
0000011101110110
0000010010001100
0000011110110010
0000010101011110
0000000101001000
0000001111110110
0001000100100100
0010000100000000
0010011100010000
0010010010011110
0001011001100100
0001000000110110
0001011010100000
0001011110001110
0000111100101000
0000001010010000
0000111011010000
0001011100010110
0001101000111100
0001011000101000
0000011111101110
0000000010110100
0000010010001100
0000010010001100
0000010111110010
0000100101010100
0000010101111010
0000111110000010
1111101100010110
0000100101100110
0000000111001111
0000010101101110
1111111010110100
1110101110010000
1110101111101000
1110110001101100
1110001110100010
1110000001011010
0000110000100111
0010010111011010
0010011100010000
0001010001110000
0000001111100010
0000001100000100
0000111000111010
0001010010011100
0001000010100100
0000010101101110
0000010000111010
0001011000101010
0001001010001010
1111101100010110
1101111101010010
1101101100000010
1110000010000110
1110000111101000
1110000110010000
1101111100100110
1110011001100100
1111010110111110
0001001100100010
0010000110111010
0001001101111100
0001101110101100
0000010111110110
1111011101011110
1111001101000110
1111000110000001
1110011010100100
1110010011011100
1111110111110100
0010011011100010
0010011100010000
0001110001100010
0000110100010100
0000100000011000
0001010101110010
0001101011110110
0001010111111010
0000110000000100
0000101011000100
0001001000010000
0000111000100110
1111000011110110
1110101110100001
1110111100101110
1110101111111011
1101101010001010
1110110111000010
1111001100011010
1111010110010110
1111011011010110
1111000001100000
0000000101001110
0000011010000010
0001000011101110
0001001000111010
0000111110100000
0000101001101010
0000001111101000
0000010100110110
0000000101001110
0000001111101000
0000010100110110
1111100101111110
0000000101001110
0000011111010000
0000110100000101
0001010011010110
0010001100101000
0010011100010000
0010011100010000
0010000111011010
0010000111011010
0010010111000010
0010011100010000
0010010001110110
0001111101000000
0001110111110001
0001110111110001
0010000010001110
0010000111011010
0001110111110001
0001011101110000
1110011000110100
1111110111001010
0000000010111100
0001000011110100
0001000011110100
0000111000000000
0000000010111100
1111100101011110
1111110111001010
1111011001101100
1111010011110011
1111111101000100
1111001101111001
1111000010000110
0000000010111100
0000001000110110
0000111000000000
0010001010100100
0010011100010000
0010010000011110
0001100111001100
0001111000110111
0010010000011110
0010010110010110
0001111110110010
0001011011011010
0001101101000110
0001011011011010
0001110010111110
0010000100101010
0001101101000110
0001001111100110
1110110100011010
1111011001010110
1111110000111000
0000100011010010
0000011001001100
0000011001001100
0000101101011000
0000001000011010
1111111110010100
0000001000011010
0000011100100100
0010001011011100
0010011100010000
0001011111110010
0001001011100110
0000010010011110
0001000100111000
0001001110111110
0000101010000000
1111100110110100
0000010010011110
0001100011001000
0010000001011000
0001110000100100
0000010010011110
0000101010000000
0000110100000101
0000011100100100
0000001000011010
0000001011110000
0000011111111100
0001011100011010
1101100011110000
1101100011110000
1101100011110000
1101100011110000
1101100011110000
1101100011110000
1101100011110000
1101100011110000
1101101000001010
1101101010001010
1110111111000100
0001001101000100
0001100001100110
0001111001101000
0010010101011010
0010001111000010
0001101111101100
0001100101010101
0000001100111010
1111010111010100
1111000000100110
1110101001001110
1110000100001010
1101111000010000
1101110101011010
1101110011110110
1101110000000110
1101100011110000
1101100011110000
1101100011110000
1101100011110000
1101100011110000
1101100011110000
1101100011110000
1101100011110000
1101100011110000
1101100011110000
1101100011110000
1101100011110000
1101100011110000
1101100011110000
1101100101110110
1101100110010000
1110110110010000
0000101101111000
0001010110100100
0001101101111100
0001011111101010
0001111110110100
0010010000001100
0001110011010100
1111000111100110
1110010000000000
1110000001010010
1101110110111100
1101101100100010
1101101100110100
1101101110110000
1101101101101100
1101101010110000
1101100011110000
1101100011110000
1101100011110000
1101100011110000
1101100011110000
1101100011110000
1101100011110000
1101100011110000
1101100011110000
1101100011110000
1101100011110000
1101100011110000
1101100011110000
1101100011110000
1101110001010010
1101111000100100
1110110001010110
1111100000001001
1111011110111000
1111100101001001
1111011000111100
1111000100101000
1111000001100000
1111000011011000
1110100110010100
1110010011001100
1101111011111000
1101101110100010
1101111001101000
1110100010110000
1111000111110000
1110111101010100
1110101111010000
1101100011110000
1101100011110000
1101100011110000
1101100011110000
1101100011110000
1101100011110000
1101100011110000
1101100011110000
1101100011110000
1101100011110000
1101100011110000
1101100011110000
1101100011110000
1101100011110000
1110000011000000
0010011100010000
0010011100010000
0010011100010000
1101100011110000
1101110101100110
1101111110100010
1110001011111100
1101111010000100
0010011100010000
0010011100010000
1111101001101100
1110001011111100
1110000111011110
1111110111000100
0000111110100000
1110111101000010
1110010100110110
1101111110100010
1101100011110000
1101100011110000
1101100011110000
1101100011110000
1101100011110000
1101100011110000
0010010011011000
0010010100010110
0010010010110010
0010010011110010
0010010011111110
0010010100110110
0010010110110000
0010011011010110
0010011100010000
0001101000100110
0001100110100000
0001100111000000
0001100101001011
0001100100101010
0001100100000101
0001100010000100
0001011110000100
0001010011111110
0000100100010110
1111000001101000
0000001010011010
0000100001000110
1111000001100010
0000011101110000
0000011111100110
0000110001010100
0001010011000100
0010011100010000
1111010000001010
0000000011001100
1111111100110100
1111111100110100
1111010000001010
1111110000000101
1111101001101100
0000001001100100
0001101001001110
0010011100010000
0010010101111000
0010001001001000
0001001111101110
0000111100100110
0001010110000110
0001001111101110
0000001111111011
0000000011001100
1111100011010100
0000001111111011
0000101111110110
0000101001011110
0000001001100100
0000000011001100
0000101111110110
0000101111110110
1111110000000101
0001000010111110
0001001001010110
0000101001011110
0000000011001100
1110000011101000
0000001001110000
0001001110001000
0001010111111000
0001001011101100
0000101110011000
0000101011111100
0000101001100000
0001000100011000
0001101101111000
0010011001110100
0010010100111100
0010011100010000
0010000001011010
0001110111100111
0001110111100111
0001110111100111
0001001011101100
0000101110011000
0000100100101000
0000100010001100
0001100001101010
0001000110110100
0000111010100110
0000111010100110
0001100100000101
0001100110100010
0001010101011011
0001010000100011
0001011010010110
0001001001010000
0000110101101110
1111110110010000
1111110111111100
0000110101001010
0000111011100110
0000100001110100
1111110111111100
1111110100101110
1111111110011000
0000001110011111
0001100101011110
0010011100010000
0001111100000001
0010010101110100
0010010101110100
0001101011111100
0010000010011110
0001101111001010
0001000101010000
0000101011100000
0000100001110100
0000101000010001
0001010010001010
0001001011101110
0000100101000100
0000110101001010
0001011000100101
0001011011110100
0001011000100101
0000110101001010
0001001000100000
0000111110110100
0000010001101110
1111010001010010
0000001000110100
1101100011110000
1101100011110000
0010011100010000
1101100011110000
1101100011110000
1101100011110000
1101111101110010
1101100011110000
0000001111011110
0000001111011110
0000010111111100
0000110110111010
0000110100000101
0001001101011010
0001100011111011
0010010011110100
0001100110110000
1111101101101100
0000101011101000
0010000010111010
0010000000000110
0001011011100000
0000110100000101
0000000001011010
0000011101100100
0000100011001100
0000000111000010
1111111110100110
1111101000000100
1111100101010000
0000100011001100
0001010000001111
0010010001000000
0010001000100010
0010011100010000
0010010001000000
0000110110111010
0000101011101000
1111111110100110
1111011100110100