1110110001010110
1111011011100100
0000001011101010
0000001111100000
0000110101110110
0000111111100101
0001000101110010
0000101101100110
0000100000111010
0000011111101110
0000001100110110
0000010000111110
0000101010111100
0001000000001100
0001011111001010
0010001010010000
0010001011101110
0001110000100100
0001010001111000
0001100010001000
0001111010000010
0001111110011100
0001111100011000
0001101000010100
0001010011111100
0001001111100010
0001001110000100
0001000010110110
0001101110110100
0001110111111110
0010001011001000
0010011100010000
1110110110011110
1111101010001100
0000010100000000
0000100000000010
0001001010001000
0001000011100010
0001010000011110
0001000010101000
0001001010011100
0001000100101110
0000111100010100
0000111001000000
0001011111001100
0001100111010100
0010001101100000
0010000011111000
0010000001110010
0001100011101110
0001010100000100
0001101011001110
0001110000111100
0010001101100000
0001110101110000
0001100000101100
0000111001100110
0000110101011000
0001010001111110
0001001111010000
0001011010000110
0001111100011000
0010000010011000
0010011100010000
1111000001100010
1111111001101100
0000100101011110
0000110010000111
0001011011000010
0001010100001110
0001110001000110
0001011110010010
0001101001010100
0001100001100000
0001100111101100
0010000010111100
0010001000110010
0010010001100010
0001010011010000
0001001111101010
0001110001110000
0001011011101100
0001000011010110
0001000100111110
0001101110110100
0010011100010000
0010000111011110
0001001111000010
0000110011110000
0000110000100000
0001010100110110
0001010110011110
0001101000101001
0010010001100010
0010010001100010
0010001110111100
1111110000010100
0000111000001000
0001101010001100
0001100111101010
0000111011001010
0000010011101110
0000010100101110
0000111101101100
0001111101011010
0010011000001110
0001111110111010
0001110011010010
0001000000001110
0001001001010100
0000101001111110
0001010100011100
0001110000010000
0001111100111010
0001101110110000
0001001101011000
0001010101111110
0001010011111100
0001000111110100
0000000011100001
1111101101010010
1111000011110100
0000010000001100
0000111110001100
0001111101111010
0001110111010110
0001110000110000
0010011100010000
0000000100111010
0000111111100101
0010011100010000
0001111001000010
0001100011100000
1110111111110000
1111000110010000
0000101001011100
0001000000111010
0001010111000110
0001001010000100
0000000010010010
1111110110100010
0000001000001010
1111010111001110
0000001011011010
0000101101010110
0001000110001000
0000110100100010
0000001010110000
1111101010110100
1111110100100110
0000010111001010
1111101000110110
1110010110000000
1101111110100000
1110100101101010
0000001101011000
0000010100100100
0000000101100010
0000010101110110
0001100000001110
0000011011000000
0001100110010000
0010011100010000
0001001011001110
0000100100000000
1110010000110000
1111011010000100
0000001110110010
0000100010000110
0000101010011100
0001000010001110
0000010010101010
1111010110110110
1111101000110110
1111011100101000
1111010111100000
0000001100001110
0000010101001110
0000001100111000
0000000011110110
1111011000110010
1111101000001110
1111110111000000
1111001111110010
1110010111110110
1101110000101000
1110110110000100
1111101101010110
1111101110000000
1111101111010010
1111110000100100
0000100001011100
0000000111011100
0000111011111101
0001011100010110
1111101001101100
1110101011100010
0000100110111100
0000100001101100
0001001110010110
0001110011111110
0001100010011110
0010011100010000
0001111010001000
0000010101011100
0000101010011110
1111111100000100
1111011001111100
0000011011100100
1111110010011100
1110110000110010
1110010110100010
1110011101100010
1110101011100010
0000100100010100
0000101001100110
0000011001110100
1111111001011100
0000011111111100
0000110010010110
0001001011101110
0000101011010110
1111011111001100
1111010000010010
1110010010000010
1111000110001000
1111101110101000
0000001011100100
0000101000100000
0001010001000001
0000111001111000
0000010111001010
1111111010001110
0000000000000000
0000000101110010
0000000000000000
0000001011100100
0000100010101110
0001000101011100
0001101000001010
0001111001100010
0001111001100010
0001010110110100
0001010001000001
0001100010011000
0001110011110000
0001101000001010
0001100010011000
0000111111101010
0000111111101010
0000110100000101
0001000101011100
0001010110110100
0001011100100110
0001111111010100
0010011100010000
1110101110001010
1111010000111000
0000001100011010
0000000111011100
0000100000010000
0001000010111110
0000111110000000
0000100101001100
0000000111011100
0000001100011010
0000001100011010
0000011011010010
0000100000010000
0000100101001100
0001010110110100
0001101111100101
0010001101011000
0001110100100100
0001010001110110
0001100101101100
0001010110110100
0001110100100100
0001111001100010
0001101010101010
0001001100111000
0001001100111000
0001000111111100
0000111110000000
0001110100100100
0001101111100101
0001111110100000
0010011100010000
1111010101101100
0000001101000010
0000111101110110
0001000001000110
0001010111111000
0001000001000110
0000110100000101
0001010100101000
0001110001111100
0010001000101110
0001110001111100
0001111000011100
0001000100011000
0000110111010110
0000111010100110
0001010100101000
0001010111111000
0001100100111010
0001010100101000
0000110100000101
0001000100011000
0001010100101000
0001001010111000
0000100111000100
0000011101010100
1111111100110000
0001001010111000
0001010001011000
0010010101110000
0010011100010000
0001010111111000
0010010010100000
1101100011110000
1101100011110000
1101100011110000
1101100011110000
1101100011110000
1101100011110000
1101100011110000
1101100111110110
1101101000100000
1101101001001100
1111100001010010
0000100011010000
0001001100111100
0010000001100000
0010010010100000
0010000000100110
0000110011010100
0000001111100010
1111101111010110
1111011110110100
1111010100001010
1110101100100000
1110000001001110
1101110001110100
1101101010010100
1101101000010010
1101101000111110
1101100011110000
1101100011110000
1101100011110000
1101100011110000
1101100011110000
1101100011110000
1101100011110000
1101100011110000
1101100011110000
1101100011110000
1101100011110000
1101100011110000
1101100011110000
1101100101001010
1101100101001110
1101100101010000
1110100110110011
0000011011110010
0001011011000000
0001110110011010
0010001000011110
0000011100110101
1110010100010000
1110000110010110
1101111110001110
1101111001011100
1101111001100010
1101110100000010
1101101101010010
1101101000110110
1101100111001110
1101100110001110
1101100101100100
1101100011110000
1101100011110000
1101100011110000
1101100011110000
1101100011110000
1101100011110000
1101100011110000
1101100011110000
1101100011110000
1101100011110000
1101100011110000
1101100011110000
1101100011110000
1101101011100100
1101110001110100
1101111011001100
1110001111100000
0000000001111110
0000000001111110
1111100101011100
1111011000011010
1111001010100110
1110111001011010
1110100111111110
1110000001111100
1101101110101100
1101110100101010
1101111110110100
1110000001011100
1110011011011110
1110011001011000
1101111001101000
1101110001010010
1101100011110000
1101100011110000
1101100011110000
1101100011110000
1101100011110000
1101100011110000
1101100011110000
1101100011110000
1101100011110000
1101100011110000
1101100011110000
1101100011110000
1101100011110000
1101110101100110
1101101100101100
0010011100010000
0010011100010000
0010011100010000
1101110001001010
1110010000011011
1110000111011110
0010011100010000
0010011100010000
1110001011111100
1110000111011110
1101101100101100
0000011111010000
1110101111101010
1110001011111100
1110001011111100
1101111110100010
1110000111011110
1101111010000100
1101100011110000
1101100011110000
1101100011110000
1101100011110000
1101100011110000
1101100011110000
0010011100010000
0010011100010000
0010011100010000
0010011100010000
0010011100010000
0010011100010000
0010011100010000
0010011100010000
0010011100010000
0001011100001010
1111111100011010
1111111001100100
1111110100010110
1111101110111010
1111100110111101
1111011100101010
1111001011111000
1110110101101010
1110101010010110
1110101000011110
1110101000100000
0001000000010110
1110101011010111
1111111001101100
0000001110000100
0000011000011010
0001000011100010
0010011100010000
1111100011100110
0001000111000010
0001010101001110
0001001110001000
0001011100010110
0001000111000010
0000111111111001
0001001110001000
0000101010101000
0010000110111100
0010011100010000
0010010101001010
0010001110000010
0010000110111100
0010001110000010
0010010101001010
0010011100010000
0010001110000010
0001011100010110
0000101010101000
1111000111001100
1111000111001100
1110110001111000
1111000000000111
1111101010101100
1111000000000111
0000111111111001
0001001110001000
0000111111111001
1111000000000111
1111000000000111
1110011100100100
0000100110010100
0001011000011011
0010000111101000
0010001101100000
0001010010100100
0001000011110100
0001001111100110
0001110010111110
0010000100101010
0001101101000110
0010000100101010
0001111000110111
0001100001010010
0001100001010010
0010000001101110
0001111110110010
0010011100010000
0001101101000110
0000110101000100
1111110100001110
1111010110101110
1110110000011010
1111101110010100
1111011111100100
1111110111001010
1111011100101000
0001100100001111
0001111011110100
0001010101100000
1111011111100100
1111110001010000
1111011001101100
1111111110110000
0000110000110000
0001101010010000
0001110100010000
0000110101101111
0000101001010000
0001001110110000
0010001101010000
0010011001110000
0010000000110000
0010001101010000
0010010010010000
0001111011110000
0001101010010000
0010001000010000
0010011100010000
0010011001110000
0001011101110000
0000111010110000
0000010111110000
1111010001110000
1111110100110000
0000000001010000
1111101000010000
1111110111010000
0000010111110000
0001001110110000
0001000111010000
0000110011010000
1111100011010000
1111110010010000
1111011110010000
0000110001100100
1101100011110000
1101100011110000
0010011100010000
1101100011110000
1101100011110000
1101100011110000
1101111101110010
1101100011110000
1110101100010110
1110111000111110
1111010101011000
0000110111010000
0000001110001110
0001110110011000
0010011100010000
0010010101111100
0000001110001110
0000000100110000
0000010001011000
0001011101001000
0001110110011000
0000100001001010
1111011110110110
1111010101011000
0000000100110000
0000000111111010
0001100011011100
0000101010101000
0000010100100010
0000000111111010
1110110010101010
1111111000000110
1111111000000110
1111101011011110
1111110001110010
1111100010000000
1111111011010000
0000100100010100
1110101111100000
1110011100100100