1111111001111000
0000110101010110
0010011100010000
0010011011010100
0000100010011110
1111101110100010
1111011111011100
1111010110000000
1110110010001000
1110101100011100
1110111001101010
1111010110111100
0000000011010100
0000100010011110
0001111011001110
0001111010010000
0010000001110100
0001000000101010
0000110111001110
0001010000101101
0001111100001010
0010000010110000
0010000110100010
0001101010001110
0001100110011100
0001111110111110
0010010001111000
0010001010010100
0001111100001010
0000101010000000
1111010001010010
1110000101110000
1111110011110010
0000111001000100
0010011100010000
0010010010110000
0000110000111010
0000000111011110
1111110111001010
1111101110010110
1111101111000010
1111011111011010
1111100111100010
1111111110101010
0000001110010010
0001001000000000
0001110110111000
0001110010001000
0001111100010100
0001011000010100
0001100111111100
0001100011111000
0001101111011010
0001010001100010
0000110110010110
0000101100001010
0001001111011110
0001011101110000
0001101101011000
0001110010001000
0001101011010110
0000010000111110
1111000110111100
1110001011110111
1111111011011110
0001011010100010
0010011100010000
0010000111111110
0001011111011100
0000111001101011
1111110000010010
0000000000010110
0000000011001010
1111111100001010
0000001011100010
0000001101101000
0000110001010010
0001110111001100
0010000100011110
0001110101110100
0001011001110110
0001110101000110
0010000101111000
0001111000100110
0000110010101100
0000010001001000
0000001101101000
0000001100001110
0000101000111001
0001001101111100
0001101101011010
0001110011000000
0001011000011011
0000011100111111
1111010001100001
1110000111011010
0000011011101010
0001111011010100
0010010101011010
0010011100010000
0001101111100010
0000110011010000
0000100001110110
0000100001010000
0000010010010100
0000100110001110
0000110010000000
0001100110110100
0001111100100100
0001110011010000
0001001001000000
0000111000110110
0001001110100110
0001101100011010
0001111111101001
0001010111111010
0000011100010010
0000001101010110
1111111010101111
1111111111000100
0000000111110001
0001001011100000
0001101000101100
0001101110010010
0001001001101000
0000001101111101
1111100011001000
1110000000111100
0000001011110000
0001100100101000
0010010001010110
0010011100010000
0000111010110010
0000011111010000
0000010010101000
0000001010100110
0000011000011000
0000100111010010
0001001111011010
0000110111111010
0000100011010000
0000000000111000
0000000001011100
1111111100010010
0000001010000001
0000111110110010
0001010000000000
0000110111010110
1111110001011000
1111100001111010
1111011001010010
1111010100001000
1111110100110100
0000011100011000
0000100111010010
0000010000111010
1111110111001000
1111001001010000
1110010010110010
1101100100111010
0000010100010111
0001011111000110
0010011001011010
0010011100010000
0000110101110010
0000101111100100
0000100011101010
0000101101010010
0000011011001011
0000100000010010
0000001110101110
1111100101011010
1111011111001010
1111010011110110
1111001010110010
1111010001000000
1111110000001010
0000010100111100
0000110000101100
0000010101100000
1111010111110100
1111000011011100
1111000010110110
1110110011000000
1111010100011010
0000000010010000
1111110101010000
1111010010001010
1110110101010010
1110000101001010
1101110001111010
1101101010100010
0000100101110000
0001011001010111
0010011100010000
0010011000010010
0001010000001000
0000101101101100
0000011100011110
0000100110011010
0000110100010100
0000011111000111
1111100010111000
1111011100111010
1110110010100010
1110111111110010
1111000011000110
1111010000010110
1111010010010100
1111110011011010
0000010100100010
1111111010000010
1110110001001110
1110101010100110
1110010111011010
1110010001011100
1111000100011010
1111011100111010
1111001001101110
1110001000110100
1101110001101010
1101101011101100
1101110110010010
1101101011101100
0000010100110110
0001011101110000
0001011101110000
0001101000001010
0000110100000101
0000000000000000
0000000000000000
1111000001100000
1110010111110110
1110010111110110
1110010111110110
1110101100101010
1111110101100110
0000101001101010
0001011101110000
0001111101000000
0010000111011010
0000111110100000
0000011111010000
0000111110100000
0000111110100000
0001011101110000
0010011100010000
0010010001110110
0000111110100000
0001011101110000
0010010001110110
0010010001110110
0010011100010000
0010000111011010
1111101011001010
1111101011001010
0000000000000000
0001011011111001
0010011100010000
0010001001111000
0000101101111110
0000001001001100
1111110110110100
1111101101101000
1111100100011100
1111101101101000
1111101101101000
1111110110110100
0000100100110000
0000110111001010
0001011011111001
0010001001111000
0010010011000100
0001010010101110
0001001001100010
0001011011111001
0001101110010010
0010011100010000
0010011100010000
0001101110010010
0010000000101100
0010000000101100
0010001001111000
0010001001111000
0010001001111000
1111110110110100
1110110110011110
1110010001101110
0000000011011010
0001100101111010
0010011000110110
0010011100010000
0000110010111100
0000011110100100
0000010111110010
0000001101100101
0000011011001011
0000011110100100
0001001110001000
0000110110010110
0000010100010111
0000000011011010
1111110101110101
0000000110110010
0000000011011010
0001011011101110
0001101001010100
0000011110100100
0000001010001011
1111101000001110
1111101011101001
1111100001011100
0000001101100101
0000100001111110
0000101000101111
0000100101011000
0000000110110010
1111001001101010
1110000010010100
1101101010100010
1101100011110000
1101100011110000
1101100011110000
1101100011110000
1101100100011100
1101100100011010
1101110000011100
1101111110101010
1110000101110010
1101111101110000
1110011001101010
0001001101110100
0010010110011000
0010011000001010
0001101111000100
0000011100000101
1111111110011100
0000001000010010
0000000101110011
1111110110001010
1111100000101000
1110101111011101
1101111010001110
1101101101001110
1101101000100110
1101100110000110
1101100011110000
1101100011110000
1101100011110000
1101100011110000
1101100011110000
1101100011110000
1101100011110000
1101100011110000
1101100011110000
1101100011110000
1101100011110000
1101100101001100
1101100101001110
0010000010100000
0010011100010000
0000100100110010
0000110011000110
1111100101111110
0001010001101100
0010010100100100
0010010010011110
0001110010101110
0000111110101010
0000001010010110
0000001000010100
1111111011000000
1111100001010110
1111010000011100
1110101010001000
1101111000011110
1101101111001110
1101101010101110
1101100111000100
1101100011110000
1101100011110000
1101100011110000
1101100011110000
1101100011110000
1101100011110000
1101100011110000
1101100011110000
1101100011110000
1101100011110000
1101100011110000
1101101000111100
1101101110001010
1110110010111010
0001010001010000
0001000001101000
0000101111011000
1111111110011100
1110010101110000
1110001011000010
1110000110100100
1101111100110000
1101111001001010
1101110110100000
1101111001001010
1101111101111010
1101111101100010
1101111101111010
1101111011100100
1101111000100100
1110010010000110
1110001000001100
1110001000001100
1101100011110000
1101100011110000
1101100011110000
1101100011110000
1101100011110000
1101100011110000
1101100011110000
1101100011110000
1101100011110000
1101100011110000
1101100011110000
1101111110100010
0010011100010000
0010011100010000
0010011100010000
1110101011001101
0000111010000010
0010011100010000
0010011100010000
1110000011000000
1101111010000100
1101111010000100
1110010100110110
1111000101111110
1111010011010110
0000101100101010
1110011001010100
1110001011111100
0000000000000000
0000011010110010
1110101011001101
0000011010110010
1111001010011100
1101100011110000
1101100011110000
1101100011110000
1101100011110000
1101100011110000
1101100011110000
1101100011110000
0000000100101010
0000000101001010
0000000110001000
0000000101100110
0000000101110000
0000001000100100
0000001100001110
0000010011001000
0000010111000101
0000010011000100
0000101101001100
0000101110110110
0000101100110100
0000101100001000
0000100111111110
0000100011000100
0000010111100100
0000000000000100
1111011010011110
1111000010111110
1111100000110000
1111100110010000
1111011101110010
0000000101010000
0001011010101000
0010000010111000
0010010010001010
0010011100010000
1110110001100010
1111100110100010
1111101110110010
1111011011100010
1111101001010010
1111110110011000
0000000100110100
0000000010000100
0000010011010010
0000100010011010
0000110011101000
0001100000011000
0001111011001110
0010011100010000
0010000010000110
0010000101100010
0001011110010100
0001101010000000
0001111011111010
0001111001001010
0001111001110110
0010001001101010
0010000000000010
0001110011101000
0001011010110110
0001010001001110
0001010001111010
0001010010100110
0001001110011110
0000111011111000
0001000100110110
0000100011110010
1110110011001110
1111011110101000
1111011100101000
1111010001111100
1111000111010000
1111010111111100
1111011111111100
1111001101010000
1111100100101000
0000001001010110
0000111100000110
0001100111100000
0010011100010000
0010010001100100
0001101110001100
0001110010110110
0001100011100000
0001011100110100
0001010110110100
0001010010110100
0001001100001000
0001001111011110
0001001010001000
0001001110110010
0000111001011100
0001001110001000
0001000110110010
0000111110110010
0001000000110010
0000101111011010
0000110001011010
0000001110000010
1111111000111101
0000010100100100
0000010101110010
1111110101111000
1111101111001000
1111101100101010
1111111000010100
0000101000001110
0000110010000010
0000111110111100
0001101001111010
0010011010011010
0010011100010000
0001100001111100
0010000010011110
0001111101100100
0001001100011100
0001011000000110
0001100011110001
0001010111100000
0001010000101101
0001010010100100
0001001011110100
0001001110010010
0000111000110010
0001001011110100
0001000110111010
0000110101000110
0001000101101100
0001000110010100
0000110000001100
0000001000111010
0010011100010000
1101100011110000
1101100011110000
0010011100010000
1111100000110000
1101100011110000
1101100011110000
1111110000011000
1101100011110000
0000011110001100
0001001010110110
0001001101011110
0001001010110110
0010011100010000
0010010100011000
0001011111110101
0000110101110110
0001010000000101
0000011000111100
0001000000010110
0000111000011110
0000110011001110
0000110000100110
0001000010111110
0000111101101110
0000001110011100
0000110000100110
0000011000111100
0000101011010110
0000110101110110
0000100011011100
0000101011010110
0000001011110100
1111111110101100
0000010011101100
0000000011111100
0000000011111100
1111101110111100
1111110100001100
1111011001111100
1110101010101010