1111101101111000
0000111101001010
0000110111011110
0000011011110000
1110011000011010
1110010110001000
1110001111010110
1110010011111001
1110010011010100
1101101011001000
1101111001010000
1110000011011100
1110001011011001
1110011001100010
1110010111010010
1110010101100100
1110011010101011
1110010011111001
1111110000001010
1111110100001000
1111010001000000
1111000100100100
1110111001010000
1110110110011010
1111000111111111
1111110101010000
1111111110010100
0000101100001010
0001100011000100
0010011001011010
0010011100010000
0010000110110000
1111100101011000
0000010110000001
0000101111101010
0000011010000111
1110101010011100
1101101110100000
1101101000111000
1101110100101010
1101110110001100
1101100100110010
1101100111010110
1110000001011110
1110001111110100
1110010000110110
1110001001101010
1110001111010010
1110101110100010
1111011111101110
1111111011011000
1111111001010110
1111110001101010
1111100010110100
1111001010001110
1111101110000100
1111110100101110
0000001000101110
0000100011111000
0001100001110110
0010000001101000
0010011100010000
0010001010010100
0010010111101000
1111010010010000
0000011010011000
0001011100110101
0001001011110000
1110110001001110
1111001011000010
1110011111011001
1110001111000010
1110010010110110
1110001111011010
1110010111011000
1110011011001100
1110101001010000
1110111101011000
1111011111100010
1111110010001010
0000001001010100
0001000011011010
0001010101010000
0001100100011100
0001000100001010
0000011110111100
0000110010101100
0001001010101000
0001100110010110
0001110000001101
0010000100010110
0001111100101110
0001111110010000
0010001001101010
0010011100010000
0010001111010110
1111000001101010
0001000100100100
0001111011011001
0001011011000000
1111101100000100
1111110011001000
1110101111011000
1110110111101100
1110101110111111
1110110110000010
1110010110111001
1110111101111100
1110110000001110
1111100000110110
0000000111111010
0000010001011110
0001001111110010
0010001101010010
0010011100010000
0010001110100010
0001111100010000
0001101100011110
0010001001100100
0010010100010110
0010000001101010
0001011010001100
0001011101100000
0001010100110010
0001111011000000
0010010101100110
0010010011000110
0001011101111010
1111001001011111
0001101100100010
0010011000100110
0001010010110110
0000010011011010
0000000101110010
1110111001110000
1111010111101000
1111010000010010
1110101101001010
1111011101111010
1111100110110110
0000001011100010
0001000100101100
0001000100101100
0001101001011000
0001111110111000
0001111111111100
0001011010101110
0010001011011110
0010011100010000
0010010011010110
0001000101110000
0000100010000110
0000000001100100
1111111101011000
0000000010101000
0000010001010100
0001001011100000
0010000001100000
0001111011110000
0000110001010010
1111001011010110
0001110101111010
0010011100010000
0001000010011010
0000010111011110
1111111011011010
1111011001101010
0000000011011100
0000100010111010
0000001010111000
0000111001010000
0000101100000011
1111110011011010
1111110110010010
1111110100100100
1110101010101111
1111000110110000
1110110110110000
1111101001000110
0000000100100110
0000100000000100
1111011101101010
1111000100011110
1110111011111010
1110010010001000
1110100000011010
1110010100111110
1110101000011100
1111010101101010
1111111011011010
0000000001101110
1111001111111100
1111111000111000
0001011110000000
0010001110000000
0001101111100000
0001010011101000
1111110100010110
0001100111110000
0010011100010000
0010010110011010
0000000011010000
1111010011010000
1110111011111100
1111010111001010
1111000111100110
1110110110000110
1110100110100010
1110100010101000
1110011000010000
1110010010011100
1110010100011000
1111000000011110
1111000001110001
1101110110100100
1101101001100110
1101111011000110
1101101000111100
1110000000111100
1110010011101111
1110101111100111
1111010010101000
1110110010001100
1110001010101010
0000001011011100
0001100110111010
0001100110111010
1111110100100100
1111011101101100
1111101100111100
1111011101101100
1111011101101100
1111001110011110
1110101111111110
1111000110110110
1111101100111100
1111110100100100
1111011101101100
1111000110110110
1110001001111000
1111001110011110
1111101100111100
0000010011000100
0000010011000100
1111101100111100
1111100101010100
1111110100100100
1111101100111100
1110110111100110
0000011010101100
0000110001100010
0001100110111010
0001111101110000
0010011100010000
0010010100101000
0010010100101000
0000111000100010
0010000001101010
0001111011000000
0000111111001010
0000100100100100
0000001001111110
0000000011010100
0000010111010010
1111111100101100
1111010100110010
1110100110010000
1111000000110110
1111010100110010
0000001001111110
0000011101111001
0000101011001110
1111001110001000
1111110110000010
0001100111000100
0001101101101110
0000011101111001
0000111000100010
0000110001111000
0000101011001110
0000111111001010
0001010011001000
0001011001110000
0001100111000100
0001101101101110
0010001110111100
0001111011000000
0010011100010000
1111011111001110
0000001001101010
0000111011110011
0000101100010111
1110010010000010
1110010101111010
1110010101111010
1110011001110000
1101101011011110
1110001010010110
1110010010000010
1110001110001100
1110011101101000
1110111100100000
1111000100001101
1110111100100000
1110111100100000
1111110110010110
0000011100111100
0000110100000101
0000011100111100
1111110010100000
1111111010001110
0000001001101010
1111111110000100
0000100100101010
0001000111011000
0010000001010000
0010011000011010
0010000001010000
0010001000111110
0010011100010000
1101100011110000
1101100011110000
1101100011110000
1101100011110000
1101100011110000
1101100011110000
1101100011110000
1101100011110000
1101100011110000
1101100011110000
1101100011110000
1110001110001010
1110010001011000
1110101110111100
0000010110111010
0010000011111000
0010001010111000
0001000101110110
0000010111000100
1111101111010010
1111001011000100
1110100100011010
1110000000010111
1101111011001000
1110000110110110
1110000100000100
1101111110001110
1101110001011010
1101101011011000
1101101001111100
1101101000110010
1101100011110000
1101100011110000
1101100011110000
1101100011110000
1101100011110000
1101100011110000
1101100011110000
1101100011110000
1101100011110000
1101100011110000
1101100011110000
1101100011110000
1101100011110000
1110000001101110
1110000111010000
1110100101011110
0000011100100000
0001110011010111
0010000100011110
0000100101000100
1111100110100000
1110111111011000
1110101100010110
1110010010110010
1101111001011100
1101111100000100
1110001000110111
1110000011011110
1101111101001000
1101111010110000
1101110101011110
1101110110010000
1101110001100000
1101100011110000
1101100011110000
1101100011110000
1101100011110000
1101100011110000
1101100011110000
1101100011110000
1101100011110000
1101100011110000
1101100011110000
1101100011110000
1101100011110000
1101100011110000
1101101110010000
1101111001000010
1110001010110100
1110101000100000
1110011000000110
1110000101000100
1101111111000110
1101101110001010
1101100111011000
1101101000011100
1101101010100000
1101110111100010
1110010000100010
1110000111001010
1110011000111000
1110100011010010
1110110011011100
1111011110001000
1111100001110011
1111100101111100
1101100011110000
1101100011110000
1101100011110000
1101100011110000
1101100011110000
1101100011110000
1101100011110000
1101100011110000
1101100011110000
1101100011110000
1101100011110000
1101100011110000
1101100011110000
0001010000010110
0000001000111100
0001000010111110
0000111110100000
1101111110100010
1110010100110110
1111001010011100
1111111011100010
1111101001101100
1110111000100100
1110111101000010
1111001010011100
1110101011001101
1111001110111010
1110100110101110
1110010100110110
1110011101110010
1110000111011110
1101111110100010
1101110101100110
1101100011110000
1101100011110000
1110101011010010
1110100110110110
1110100001111010
1110011101000100
1110011111010010
1110011111001010
1110010110010010
1110010111000110
1110101010110110
1111100110110100
0000011010011100
0000011000100010
0000011111110100
0000100011000110
0000101100001101
0000101100001100
0000110111011100
0001001001100110
0001011000011000
0000000001011100
1111000101101010
0001000000010110
1101110100011010
1110000010000100
1110000001011100
1101111111100110
1110000010101100
1101101010010000
0001010000001111
0001111010011110
0000110110111010
0010011100010000
0010011100010000
0010000010111010
0010001011010110
0001100001001000
0001111010011110
0001111010011110
0001111010011110
0010000010111010
0001100001001000
0000101110011100
0010000010111010
0010000010111010
0010010011110100
0010000010111010
0010000010111010
0001000111110010
0001100001001000
0010001011010110
0001110010000010
0010000010111010
0000011101100100
0001100001001000
0001111010011110
0001110010000010
0001111010011110
0001111010011110
0001111010011110
0001011000101100
0001100011011100
0010011100010000
0001000111000010
0001011101110000
0001000111000010
0001011101110000
0001110100011101
0001001100101110
0001000001010110
0000011001100100
0001011101110000
0001010010011000
0001010010011000
0001011000000100
0001111111110110
0001100011011100
0001011000000100
0001011000000100
0000110101111110
1111100110011100
0001011000000100
1111111101001010
0000111011101001
0001011000000100
1111110001110010
1111001010000010
0001001100101110
0001101110110010
0000100100111100
1111110111011110
0001000001010110
0000001110001110
0001101111100101
0010011100010000
0000011010110010
0000011111010000
0000001000111100
0000000100011110
0000000000000000
1111100101001110
0001000111011100
0000010001110110
0000010001110110
0000000100011110
0000010110010100
0000010001110110
0001011001010010
0001111000100010
0001000010111110
0000100011101110
0000001101011010
0000111010000010
0000101100101010
1111101110001010
0000010110010100
1111000001100000
1111110111000100
0000000100011110
0000011010110010
0000010001110110
0000001101011010
1110100110101110
0000000000000000
1110111101000010
1110000000010010
0010011100010000
1101100011110000
1101100011110000
1101100011110000
1101100011110000
0000111110100000
1101100011110000
0010011100010000
1110100001110010
1110100110100010
1111110000100000
1111110111101010
0001011001011110
1111110010111000
1111111110110100
1111111110110100
0000100010100110
0000100010100110
0000110101101100
1111111010000010
0000001010110000
0000011001000011
0000010110101010
0000010100010010
0001001000110000
0000111111001110
0001000110011000
0000101110100010
0000001000010110
0000111111001110
0000001010110000
0010011100010000
0010011001111000
1111111100011010
1111000101100100
1111110101010000
1111101110000110
1110110000000110
1110101101101100
1110001001111010